seqnum;now;rtptime;deadline
1;4494908000;4422222222;4622222222
2;4494936000;4422222222;4622222222
3;4494938000;4422222222;4622222222
4;4494946000;4422222222;4622222222
5;4494948000;4422222222;4622222222
6;4494958000;4422222222;4622222222
7;4494961000;4422222222;4622222222
8;4495065000;4422222222;4622222222
9;4495271000;4422222222;4622222222
10;4544525000;4422222222;4622222222
11;4544591000;4454022222;4654022222
12;4544594000;4454022222;4654022222
13;4544595000;4454022222;4654022222
14;4544607000;4454022222;4654022222
15;4544618000;4454022222;4654022222
16;4544620000;4454022222;4654022222
17;4544622000;4454022222;4654022222
18;4544623000;4454022222;4654022222
19;4544641000;4454022222;4654022222
20;4544658000;4454022222;4654022222
21;4576221000;4454022222;4654022222
24;4577729000;4495711111;4695711111
25;4577734000;4495711111;4695711111
26;4577784000;4495711111;4695711111
29;4578248000;4495711111;4695711111
30;4578264000;4495711111;4695711111
31;4578295000;4495711111;4695711111
32;4617927000;4495711111;4695711111
33;4619067000;4537333333;4737333333
34;4619228000;4537333333;4737333333
35;4619233000;4537333333;4737333333
36;4619421000;4537333333;4737333333
37;4619650000;4537333333;4737333333
38;4619674000;4537333333;4737333333
42;4620059000;4537333333;4737333333
43;4659572000;4537333333;4737333333
44;4660758000;4578988888;4778988888
45;4660890000;4578988888;4778988888
46;4660894000;4578988888;4778988888
47;4661103000;4578988888;4778988888
48;4661395000;4578988888;4778988888
49;4661405000;4578988888;4778988888
50;4661588000;4578988888;4778988888
51;4661618000;4578988888;4778988888
52;4661795000;4578988888;4778988888
53;4661876000;4578988888;4778988888
54;4701186000;4578988888;4778988888
55;4702394000;4620700000;4820700000
56;4702561000;4620700000;4820700000
57;4702565000;4620700000;4820700000
58;4702762000;4620700000;4820700000
59;4702991000;4620700000;4820700000
60;4703028000;4620700000;4820700000
61;4703205000;4620700000;4820700000
62;4703209000;4620700000;4820700000
63;4703407000;4620700000;4820700000
64;4703410000;4620700000;4820700000
65;4742908000;4620700000;4820700000
66;4744056000;4662300000;4862300000
67;4744213000;4662300000;4862300000
68;4744219000;4662300000;4862300000
69;4744422000;4662300000;4862300000
70;4744633000;4662300000;4862300000
71;4744678000;4662300000;4862300000
72;4744849000;4662300000;4862300000
73;4744856000;4662300000;4862300000
74;4745070000;4662300000;4862300000
75;4745084000;4662300000;4862300000
76;4784461000;4662300000;4862300000
77;4785698000;4703988888;4903988888
78;4785887000;4703988888;4903988888
79;4785891000;4703988888;4903988888
80;4786085000;4703988888;4903988888
81;4786317000;4703988888;4903988888
82;4786341000;4703988888;4903988888
83;4786484000;4703988888;4903988888
84;4786501000;4703988888;4903988888
85;4786686000;4703988888;4903988888
86;4786931000;4703988888;4903988888
87;4827377000;4703988888;4903988888
88;4827436000;4745633333;4945633333
89;4827604000;4745633333;4945633333
90;4827851000;4745633333;4945633333
91;4827864000;4745633333;4945633333
92;4828075000;4745633333;4945633333
93;4828078000;4745633333;4945633333
94;4828161000;4745633333;4945633333
95;4828320000;4745633333;4945633333
96;4828434000;4745633333;4945633333
97;4828449000;4745633333;4945633333
98;4867812000;4745633333;4945633333
99;4869049000;4787311111;4987311111
100;4869238000;4787311111;4987311111
101;4869240000;4787311111;4987311111
102;4869488000;4787311111;4987311111
103;4869657000;4787311111;4987311111
104;4869660000;4787311111;4987311111
105;4869911000;4787311111;4987311111
106;4869929000;4787311111;4987311111
107;4870044000;4787311111;4987311111
108;4870118000;4787311111;4987311111
109;4909482000;4787311111;4987311111
110;4910711000;4828933333;5028933333
111;4910893000;4828933333;5028933333
112;4910905000;4828933333;5028933333
113;4911127000;4828933333;5028933333
114;4911307000;4828933333;5028933333
115;4911310000;4828933333;5028933333
116;4911523000;4828933333;5028933333
117;4911526000;4828933333;5028933333
118;4911757000;4828933333;5028933333
119;4911760000;4828933333;5028933333
120;4951091000;4828933333;5028933333
121;4952372000;4870622222;5070622222
122;4952563000;4870622222;5070622222
123;4952566000;4870622222;5070622222
124;4952825000;4870622222;5070622222
125;4952987000;4870622222;5070622222
126;4953026000;4870622222;5070622222
127;4953185000;4870622222;5070622222
128;4953201000;4870622222;5070622222
129;4953411000;4870622222;5070622222
130;4953414000;4870622222;5070622222
131;4992796000;4870622222;5070622222
132;4994048000;4912288888;5112288888
133;4994241000;4912288888;5112288888
134;4994243000;4912288888;5112288888
135;4994506000;4912288888;5112288888
136;4994757000;4912288888;5112288888
137;4994759000;4912288888;5112288888
138;4994871000;4912288888;5112288888
139;4994887000;4912288888;5112288888
140;4995067000;4912288888;5112288888
141;4995070000;4912288888;5112288888
142;5034462000;4912288888;5112288888
143;5035715000;4953922222;5153922222
144;5035906000;4953922222;5153922222
145;5035908000;4953922222;5153922222
146;5036138000;4953922222;5153922222
147;5036321000;4953922222;5153922222
148;5036323000;4953922222;5153922222
149;5036575000;4953922222;5153922222
150;5036579000;4953922222;5153922222
151;5036726000;4953922222;5153922222
152;5036743000;4953922222;5153922222
153;5076095000;4953922222;5153922222
154;5077379000;4995633333;5195633333
155;5077558000;4995633333;5195633333
156;5077782000;4995633333;5195633333
157;5077785000;4995633333;5195633333
158;5078023000;4995633333;5195633333
159;5078036000;4995633333;5195633333
160;5078187000;4995633333;5195633333
161;5078202000;4995633333;5195633333
162;5078410000;4995633333;5195633333
163;5078423000;4995633333;5195633333
164;5117787000;4995633333;5195633333
165;5119053000;5037300000;5237300000
166;5119232000;5037300000;5237300000
167;5119244000;5037300000;5237300000
168;5119463000;5037300000;5237300000
169;5119636000;5037300000;5237300000
170;5119648000;5037300000;5237300000
171;5119855000;5037300000;5237300000
172;5119858000;5037300000;5237300000
173;5120084000;5037300000;5237300000
174;5120097000;5037300000;5237300000
175;5159455000;5037300000;5237300000
176;5160673000;5078966666;5278966666
177;5160861000;5078966666;5278966666
178;5161104000;5078966666;5278966666
179;5161116000;5078966666;5278966666
180;5161297000;5078966666;5278966666
181;5161342000;5078966666;5278966666
182;5161508000;5078966666;5278966666
183;5161547000;5078966666;5278966666
184;5161806000;5078966666;5278966666
185;5161809000;5078966666;5278966666
186;5201141000;5078966666;5278966666
187;5202358000;5120611111;5320611111
188;5202554000;5120611111;5320611111
189;5202557000;5120611111;5320611111
190;5202770000;5120611111;5320611111
192;5203215000;5120611111;5320611111
193;5203219000;5120611111;5320611111
196;5203393000;5120611111;5320611111
197;5242785000;5120611111;5320611111
198;5244041000;5162266666;5362266666
199;5244228000;5162266666;5362266666
200;5244241000;5162266666;5362266666
201;5244425000;5162266666;5362266666
202;5244676000;5162266666;5362266666
203;5244686000;5162266666;5362266666
204;5244857000;5162266666;5362266666
205;5244860000;5162266666;5362266666
206;5245072000;5162266666;5362266666
207;5245075000;5162266666;5362266666
208;5284442000;5162266666;5362266666
209;5285729000;5203922222;5403922222
210;5285889000;5203922222;5403922222
211;5286138000;5203922222;5403922222
212;5286140000;5203922222;5403922222
213;5286313000;5203922222;5403922222
214;5286455000;5203922222;5403922222
215;5286574000;5203922222;5403922222
216;5286632000;5203922222;5403922222
217;5286719000;5203922222;5403922222
218;5286962000;5203922222;5403922222
219;5326063000;5203922222;5403922222
220;5327354000;5245644444;5445644444
221;5327573000;5245644444;5445644444
222;5327576000;5245644444;5445644444
223;5327797000;5245644444;5445644444
224;5328018000;5245644444;5445644444
227;5328244000;5245644444;5445644444
228;5328247000;5245644444;5445644444
229;5328422000;5245644444;5445644444
230;5367809000;5245644444;5445644444
231;5369038000;5287288888;5487288888
232;5369238000;5287288888;5487288888
233;5369241000;5287288888;5487288888
234;5369467000;5287288888;5487288888
235;5369677000;5287288888;5487288888
236;5369679000;5287288888;5487288888
237;5369862000;5287288888;5487288888
238;5369864000;5287288888;5487288888
239;5370034000;5287288888;5487288888
240;5370230000;5287288888;5487288888
241;5409443000;5287288888;5487288888
242;5410703000;5328944444;5528944444
243;5410892000;5328944444;5528944444
244;5410894000;5328944444;5528944444
245;5411142000;5328944444;5528944444
246;5411358000;5328944444;5528944444
247;5411360000;5328944444;5528944444
248;5411577000;5328944444;5528944444
249;5411581000;5328944444;5528944444
250;5411745000;5328944444;5528944444
251;5411761000;5328944444;5528944444
252;5451060000;5328944444;5528944444
253;5452384000;5370633333;5570633333
254;5452558000;5370633333;5570633333
255;5452801000;5370633333;5570633333
256;5452803000;5370633333;5570633333
257;5453049000;5370633333;5570633333
258;5453076000;5370633333;5570633333
259;5453153000;5370633333;5570633333
260;5453249000;5370633333;5570633333
261;5453387000;5370633333;5570633333
262;5453389000;5370633333;5570633333
263;5492795000;5370633333;5570633333
264;5494019000;5412300000;5612300000
265;5494209000;5412300000;5612300000
266;5494210000;5412300000;5612300000
267;5494453000;5412300000;5612300000
268;5494667000;5412300000;5612300000
269;5494669000;5412300000;5612300000
270;5494841000;5412300000;5612300000
271;5494867000;5412300000;5612300000
272;5495042000;5412300000;5612300000
273;5495068000;5412300000;5612300000
274;5534463000;5412300000;5612300000
275;5535706000;5453911111;5653911111
276;5535900000;5453911111;5653911111
277;5535902000;5453911111;5653911111
278;5536127000;5453911111;5653911111
279;5536334000;5453911111;5653911111
280;5536335000;5453911111;5653911111
281;5536526000;5453911111;5653911111
282;5536660000;5453911111;5653911111
283;5536726000;5453911111;5653911111
284;5536966000;5453911111;5653911111
285;5576051000;5453911111;5653911111
286;5577412000;5495644444;5695644444
287;5577566000;5495644444;5695644444
288;5577568000;5495644444;5695644444
289;5577733000;5495644444;5695644444
290;5577958000;5495644444;5695644444
291;5577999000;5495644444;5695644444
292;5578167000;5495644444;5695644444
293;5578182000;5495644444;5695644444
294;5578350000;5495644444;5695644444
295;5578464000;5495644444;5695644444
296;5617784000;5495644444;5695644444
297;5619075000;5537266666;5737266666
298;5619196000;5537266666;5737266666
299;5619465000;5537266666;5737266666
300;5619467000;5537266666;5737266666
301;5619711000;5537266666;5737266666
302;5619712000;5537266666;5737266666
303;5619865000;5537266666;5737266666
304;5619867000;5537266666;5737266666
305;5620055000;5537266666;5737266666
306;5620057000;5537266666;5737266666
307;5659442000;5537266666;5737266666
308;5660705000;5578944444;5778944444
309;5660907000;5578944444;5778944444
310;5660909000;5578944444;5778944444
311;5661138000;5578944444;5778944444
312;5661307000;5578944444;5778944444
313;5661311000;5578944444;5778944444
314;5661581000;5578944444;5778944444
315;5661584000;5578944444;5778944444
316;5661765000;5578944444;5778944444
317;5661800000;5578944444;5778944444
318;5701119000;5578944444;5778944444
319;5702360000;5620611111;5820611111
320;5702560000;5620611111;5820611111
323;5702796000;5620611111;5820611111
324;5702977000;5620611111;5820611111
325;5702993000;5620611111;5820611111
326;5703237000;5620611111;5820611111
327;5703322000;5620611111;5820611111
328;5703337000;5620611111;5820611111
329;5742703000;5620611111;5820611111
330;5744043000;5662277777;5862277777
331;5744197000;5662277777;5862277777
332;5744499000;5662277777;5862277777
333;5744525000;5662277777;5862277777
334;5744667000;5662277777;5862277777
335;5744670000;5662277777;5862277777
336;5744861000;5662277777;5862277777
337;5744864000;5662277777;5862277777
338;5745090000;5662277777;5862277777
339;5745093000;5662277777;5862277777
340;5784435000;5662277777;5862277777
341;5785716000;5703933333;5903933333
342;5785908000;5703933333;5903933333
343;5785910000;5703933333;5903933333
344;5786142000;5703933333;5903933333
345;5786314000;5703933333;5903933333
346;5786333000;5703933333;5903933333
347;5786533000;5703933333;5903933333
348;5786680000;5703933333;5903933333
349;5786683000;5703933333;5903933333
350;5786980000;5703933333;5903933333
351;5826092000;5703933333;5903933333
352;5827381000;5745622222;5945622222
353;5827572000;5745622222;5945622222
354;5827574000;5745622222;5945622222
355;5827792000;5745622222;5945622222
356;5827993000;5745622222;5945622222
357;5827996000;5745622222;5945622222
358;5828250000;5745622222;5945622222
359;5828269000;5745622222;5945622222
360;5828431000;5745622222;5945622222
361;5828434000;5745622222;5945622222
362;5867746000;5745622222;5945622222
363;5869040000;5787277777;5987277777
364;5869197000;5787277777;5987277777
365;5869450000;5787277777;5987277777
366;5869453000;5787277777;5987277777
367;5869620000;5787277777;5987277777
368;5869622000;5787277777;5987277777
369;5869798000;5787277777;5987277777
370;5869814000;5787277777;5987277777
371;5870001000;5787277777;5987277777
372;5870216000;5787277777;5987277777
373;5909435000;5787277777;5987277777
374;5910684000;5828933333;6028933333
375;5910881000;5828933333;6028933333
376;5910884000;5828933333;6028933333
377;5911147000;5828933333;6028933333
378;5911337000;5828933333;6028933333
379;5911340000;5828933333;6028933333
380;5911509000;5828933333;6028933333
381;5911597000;5828933333;6028933333
382;5911709000;5828933333;6028933333
383;5911711000;5828933333;6028933333
384;5951092000;5828933333;6028933333
385;5952393000;5870611111;6070611111
386;5952583000;5870611111;6070611111
387;5952585000;5870611111;6070611111
388;5952818000;5870611111;6070611111
392;5953245000;5870611111;6070611111
393;5953275000;5870611111;6070611111
394;5953276000;5870611111;6070611111
395;5992789000;5870611111;6070611111
396;5994068000;5912288888;6112288888
397;5994223000;5912288888;6112288888
398;5994464000;5912288888;6112288888
399;5994476000;5912288888;6112288888
400;5994653000;5912288888;6112288888
401;5994658000;5912288888;6112288888
404;5995080000;5912288888;6112288888
405;5995118000;5912288888;6112288888
406;6034472000;5912288888;6112288888
407;6035780000;5953922222;6153922222
408;6035917000;5953922222;6153922222
409;6035920000;5953922222;6153922222
410;6036136000;5953922222;6153922222
411;6036298000;5953922222;6153922222
412;6036303000;5953922222;6153922222
413;6036551000;5953922222;6153922222
414;6036589000;5953922222;6153922222
415;6036690000;5953922222;6153922222
416;6036961000;5953922222;6153922222
417;6076144000;5953922222;6153922222
418;6077422000;5995633333;6195633333
419;6077589000;5995633333;6195633333
420;6077592000;5995633333;6195633333
421;6077868000;5995633333;6195633333
422;6077871000;5995633333;6195633333
423;6078023000;5995633333;6195633333
424;6078341000;5995633333;6195633333
425;6078430000;5995633333;6195633333
426;6078432000;5995633333;6195633333
427;6078434000;5995633333;6195633333
428;6120397000;5995633333;6195633333
429;6120444000;6037288888;6237288888
430;6120446000;6037288888;6237288888
431;6120459000;6037288888;6237288888
432;6120460000;6037288888;6237288888
433;6120469000;6037288888;6237288888
434;6120471000;6037288888;6237288888
435;6120472000;6037288888;6237288888
436;6120474000;6037288888;6237288888
437;6120486000;6037288888;6237288888
438;6120494000;6037288888;6237288888
439;6159504000;6037288888;6237288888
440;6160738000;6078966666;6278966666
441;6160896000;6078966666;6278966666
442;6160899000;6078966666;6278966666
443;6161154000;6078966666;6278966666
444;6161319000;6078966666;6278966666
445;6161322000;6078966666;6278966666
446;6161556000;6078966666;6278966666
447;6161559000;6078966666;6278966666
448;6161769000;6078966666;6278966666
449;6161772000;6078966666;6278966666
450;6201149000;6078966666;6278966666
451;6202457000;6120600000;6320600000
452;6202571000;6120600000;6320600000
453;6202824000;6120600000;6320600000
454;6202826000;6120600000;6320600000
455;6203042000;6120600000;6320600000
456;6203044000;6120600000;6320600000
457;6203192000;6120600000;6320600000
458;6203287000;6120600000;6320600000
459;6203444000;6120600000;6320600000
460;6203446000;6120600000;6320600000
461;6242808000;6120600000;6320600000
462;6244062000;6162266666;6362266666
463;6244239000;6162266666;6362266666
464;6244242000;6162266666;6362266666
465;6244480000;6162266666;6362266666
466;6244662000;6162266666;6362266666
467;6244664000;6162266666;6362266666
468;6244877000;6162266666;6362266666
469;6244903000;6162266666;6362266666
470;6245053000;6162266666;6362266666
471;6245072000;6162266666;6362266666
472;6284396000;6162266666;6362266666
473;6285704000;6203922222;6403922222
474;6285883000;6203922222;6403922222
475;6286048000;6203922222;6403922222
476;6286148000;6203922222;6403922222
478;6286377000;6203922222;6403922222
479;6286524000;6203922222;6403922222
480;6286572000;6203922222;6403922222
481;6286730000;6203922222;6403922222
482;6286733000;6203922222;6403922222
483;6326083000;6203922222;6403922222
484;6327371000;6245633333;6445633333
485;6327574000;6245633333;6445633333
488;6327799000;6245633333;6445633333
489;6328035000;6245633333;6445633333
490;6328037000;6245633333;6445633333
491;6328252000;6245633333;6445633333
492;6328281000;6245633333;6445633333
493;6328405000;6245633333;6445633333
494;6367802000;6245633333;6445633333
495;6369094000;6287288888;6487288888
498;6369376000;6287288888;6487288888
499;6369473000;6287288888;6487288888
500;6369688000;6287288888;6487288888
501;6369690000;6287288888;6487288888
502;6369861000;6287288888;6487288888
503;6369887000;6287288888;6487288888
504;6370067000;6287288888;6487288888
505;6409451000;6287288888;6487288888
506;6410703000;6328944444;6528944444
507;6410899000;6328944444;6528944444
508;6410900000;6328944444;6528944444
509;6411136000;6328944444;6528944444
510;6411366000;6328944444;6528944444
511;6411368000;6328944444;6528944444
512;6411524000;6328944444;6528944444
513;6411613000;6328944444;6528944444
514;6411775000;6328944444;6528944444
515;6411777000;6328944444;6528944444
516;6451029000;6328944444;6528944444
517;6452411000;6370633333;6570633333
518;6452567000;6370633333;6570633333
519;6452569000;6370633333;6570633333
520;6452801000;6370633333;6570633333
521;6453033000;6370633333;6570633333
522;6453034000;6370633333;6570633333
523;6453188000;6370633333;6570633333
524;6453190000;6370633333;6570633333
525;6453387000;6370633333;6570633333
526;6453389000;6370633333;6570633333
527;6492795000;6370633333;6570633333
528;6494041000;6412288888;6612288888
529;6494219000;6412288888;6612288888
530;6494221000;6412288888;6612288888
531;6494432000;6412288888;6612288888
532;6494685000;6412288888;6612288888
533;6494688000;6412288888;6612288888
534;6494842000;6412288888;6612288888
535;6494963000;6412288888;6612288888
536;6495055000;6412288888;6612288888
537;6495069000;6412288888;6612288888
538;6534448000;6412288888;6612288888
539;6535716000;6453922222;6653922222
540;6535907000;6453922222;6653922222
541;6535909000;6453922222;6653922222
542;6536159000;6453922222;6653922222
543;6536315000;6453922222;6653922222
544;6536355000;6453922222;6653922222
545;6536542000;6453922222;6653922222
548;6536747000;6453922222;6653922222
549;6576092000;6453922222;6653922222
550;6577375000;6495633333;6695633333
551;6577576000;6495633333;6695633333
552;6577579000;6495633333;6695633333
553;6577831000;6495633333;6695633333
554;6578010000;6495633333;6695633333
555;6578043000;6495633333;6695633333
556;6578197000;6495633333;6695633333
557;6578213000;6495633333;6695633333
558;6578429000;6495633333;6695633333
559;6578431000;6495633333;6695633333
560;6617808000;6495633333;6695633333
561;6619049000;6537277777;6737277777
562;6619240000;6537277777;6737277777
563;6619242000;6537277777;6737277777
564;6619508000;6537277777;6737277777
565;6619708000;6537277777;6737277777
566;6619711000;6537277777;6737277777
567;6619863000;6537277777;6737277777
568;6619865000;6537277777;6737277777
569;6620090000;6537277777;6737277777
570;6620092000;6537277777;6737277777
571;6659450000;6537277777;6737277777
572;6660719000;6578944444;6778944444
573;6660910000;6578944444;6778944444
574;6660912000;6578944444;6778944444
575;6661141000;6578944444;6778944444
576;6661322000;6578944444;6778944444
577;6661324000;6578944444;6778944444
578;6661546000;6578944444;6778944444
579;6661551000;6578944444;6778944444
580;6661703000;6578944444;6778944444
581;6661961000;6578944444;6778944444
582;6701100000;6578944444;6778944444
583;6702360000;6620644444;6820644444
584;6702537000;6620644444;6820644444
585;6702540000;6620644444;6820644444
586;6702810000;6620644444;6820644444
587;6703059000;6620644444;6820644444
588;6703061000;6620644444;6820644444
589;6703217000;6620644444;6820644444
590;6703339000;6620644444;6820644444
591;6703409000;6620644444;6820644444
592;6703414000;6620644444;6820644444
593;6742818000;6620644444;6820644444
594;6744025000;6662288888;6862288888
595;6744216000;6662288888;6862288888
596;6744218000;6662288888;6862288888
597;6744463000;6662288888;6862288888
598;6744643000;6662288888;6862288888
599;6744647000;6662288888;6862288888
600;6744888000;6662288888;6862288888
601;6745026000;6662288888;6862288888
602;6745029000;6662288888;6862288888
603;6745230000;6662288888;6862288888
604;6784450000;6662288888;6862288888
605;6785715000;6703933333;6903933333
608;6786058000;6703933333;6903933333
609;6786160000;6703933333;6903933333
610;6786356000;6703933333;6903933333
611;6786358000;6703933333;6903933333
612;6786566000;6703933333;6903933333
613;6786592000;6703933333;6903933333
614;6786748000;6703933333;6903933333
615;6826049000;6703933333;6903933333
620;6827658000;6745644444;6945644444
621;6827792000;6745644444;6945644444
622;6827814000;6745644444;6945644444
623;6828021000;6745644444;6945644444
624;6828023000;6745644444;6945644444
625;6828188000;6745644444;6945644444
626;6867809000;6745644444;6945644444
627;6869042000;6787288888;6987288888
628;6869238000;6787288888;6987288888
629;6869240000;6787288888;6987288888
630;6869457000;6787288888;6987288888
631;6869682000;6787288888;6987288888
632;6869684000;6787288888;6987288888
633;6869944000;6787288888;6987288888
634;6869965000;6787288888;6987288888
635;6870103000;6787288888;6987288888
636;6870141000;6787288888;6987288888
637;6909419000;6787288888;6987288888
638;6910703000;6828933333;7028933333
639;6910879000;6828933333;7028933333
640;6911100000;6828933333;7028933333
641;6911118000;6828933333;7028933333
642;6911331000;6828933333;7028933333
643;6911333000;6828933333;7028933333
644;6911519000;6828933333;7028933333
645;6911643000;6828933333;7028933333
646;6911709000;6828933333;7028933333
647;6911907000;6828933333;7028933333
648;6951031000;6828933333;7028933333
649;6952408000;6870622222;7070622222
650;6952563000;6870622222;7070622222
651;6952565000;6870622222;7070622222
652;6952800000;6870622222;7070622222
653;6953023000;6870622222;7070622222
654;6953025000;6870622222;7070622222
655;6953197000;6870622222;7070622222
656;6953223000;6870622222;7070622222
657;6953396000;6870622222;7070622222
658;6953398000;6870622222;7070622222
659;6992717000;6870622222;7070622222
660;6994063000;6912288888;7112288888
661;6994220000;6912288888;7112288888
662;6994222000;6912288888;7112288888
663;6994399000;6912288888;7112288888
664;6994620000;6912288888;7112288888
665;6994648000;6912288888;7112288888
666;6994849000;6912288888;7112288888
667;6994851000;6912288888;7112288888
668;6995063000;6912288888;7112288888
669;6995065000;6912288888;7112288888
670;7034464000;6912288888;7112288888
671;7035707000;6953922222;7153922222
672;7035907000;6953922222;7153922222
673;7035910000;6953922222;7153922222
674;7036162000;6953922222;7153922222
675;7036322000;6953922222;7153922222
676;7036334000;6953922222;7153922222
677;7036578000;6953922222;7153922222
678;7036581000;6953922222;7153922222
679;7036748000;6953922222;7153922222
680;7036751000;6953922222;7153922222
681;7076097000;6953922222;7153922222
682;7077384000;6995633333;7195633333
683;7077574000;6995633333;7195633333
684;7077577000;6995633333;7195633333
685;7077805000;6995633333;7195633333
686;7077994000;6995633333;7195633333
687;7077997000;6995633333;7195633333
688;7078201000;6995633333;7195633333
689;7078268000;6995633333;7195633333
690;7078403000;6995633333;7195633333
691;7078407000;6995633333;7195633333
692;7117851000;6995633333;7195633333
693;7119079000;7037311111;7237311111
694;7119239000;7037311111;7237311111
695;7119241000;7037311111;7237311111
696;7119482000;7037311111;7237311111
697;7119667000;7037311111;7237311111
698;7119670000;7037311111;7237311111
699;7119867000;7037311111;7237311111
700;7120067000;7037311111;7237311111
701;7120071000;7037311111;7237311111
702;7120267000;7037311111;7237311111
703;7159470000;7037311111;7237311111
704;7160692000;7078966666;7278966666
705;7160887000;7078966666;7278966666
706;7160889000;7078966666;7278966666
707;7161151000;7078966666;7278966666
708;7161358000;7078966666;7278966666
709;7161364000;7078966666;7278966666
710;7161505000;7078966666;7278966666
711;7161508000;7078966666;7278966666
712;7161711000;7078966666;7278966666
713;7161714000;7078966666;7278966666
714;7201141000;7078966666;7278966666
715;7202359000;7120611111;7320611111
716;7202562000;7120611111;7320611111
717;7202564000;7120611111;7320611111
718;7202803000;7120611111;7320611111
719;7202980000;7120611111;7320611111
720;7203001000;7120611111;7320611111
721;7203166000;7120611111;7320611111
722;7203183000;7120611111;7320611111
723;7203414000;7120611111;7320611111
724;7203428000;7120611111;7320611111
725;7242786000;7120611111;7320611111
726;7244073000;7162277777;7362277777
727;7244261000;7162277777;7362277777
728;7244264000;7162277777;7362277777
729;7244482000;7162277777;7362277777
730;7244670000;7162277777;7362277777
731;7244701000;7162277777;7362277777
732;7244862000;7162277777;7362277777
733;7244884000;7162277777;7362277777
736;7284452000;7162277777;7362277777
737;7285714000;7203955555;7403955555
738;7285905000;7203955555;7403955555
739;7285908000;7203955555;7403955555
740;7286138000;7203955555;7403955555
741;7286325000;7203955555;7403955555
742;7286335000;7203955555;7403955555
743;7286533000;7203955555;7403955555
744;7286670000;7203955555;7403955555
745;7286689000;7203955555;7403955555
746;7286957000;7203955555;7403955555
747;7326117000;7203955555;7403955555
748;7327375000;7245644444;7445644444
749;7327574000;7245644444;7445644444
750;7327576000;7245644444;7445644444
751;7327801000;7245644444;7445644444
752;7328005000;7245644444;7445644444
753;7328007000;7245644444;7445644444
754;7328225000;7245644444;7445644444
755;7328227000;7245644444;7445644444
758;7367805000;7245644444;7445644444
759;7369038000;7287300000;7487300000
760;7369239000;7287300000;7487300000
761;7369242000;7287300000;7487300000
762;7369446000;7287300000;7487300000
764;7369909000;7287300000;7487300000
765;7369912000;7287300000;7487300000
766;7369914000;7287300000;7487300000
767;7369959000;7287300000;7487300000
768;7370081000;7287300000;7487300000
769;7409462000;7287300000;7487300000
770;7410704000;7328944444;7528944444
771;7410905000;7328944444;7528944444
772;7410907000;7328944444;7528944444
773;7411133000;7328944444;7528944444
774;7411350000;7328944444;7528944444
775;7411352000;7328944444;7528944444
776;7411529000;7328944444;7528944444
777;7411661000;7328944444;7528944444
778;7411681000;7328944444;7528944444
779;7411947000;7328944444;7528944444
780;7451078000;7328944444;7528944444
781;7452379000;7370644444;7570644444
782;7452547000;7370644444;7570644444
783;7452802000;7370644444;7570644444
784;7452828000;7370644444;7570644444
785;7452830000;7370644444;7570644444
786;7453018000;7370644444;7570644444
787;7453178000;7370644444;7570644444
788;7453263000;7370644444;7570644444
789;7453377000;7370644444;7570644444
790;7453594000;7370644444;7570644444
791;7492806000;7370644444;7570644444
792;7494037000;7412300000;7612300000
793;7494231000;7412300000;7612300000
794;7494232000;7412300000;7612300000
795;7494459000;7412300000;7612300000
796;7494676000;7412300000;7612300000
797;7494678000;7412300000;7612300000
798;7494870000;7412300000;7612300000
799;7494887000;7412300000;7612300000
800;7495124000;7412300000;7612300000
801;7495126000;7412300000;7612300000
802;7534411000;7412300000;7612300000
803;7535669000;7453933333;7653933333
804;7535863000;7453933333;7653933333
805;7535865000;7453933333;7653933333
806;7536083000;7453933333;7653933333
807;7536330000;7453933333;7653933333
808;7536332000;7453933333;7653933333
809;7536534000;7453933333;7653933333
810;7536549000;7453933333;7653933333
811;7536715000;7453933333;7653933333
812;7536731000;7453933333;7653933333
813;7576032000;7453933333;7653933333
814;7577368000;7495644444;7695644444
815;7577565000;7495644444;7695644444
816;7577567000;7495644444;7695644444
817;7577789000;7495644444;7695644444
818;7578017000;7495644444;7695644444
819;7578019000;7495644444;7695644444
820;7578239000;7495644444;7695644444
821;7578241000;7495644444;7695644444
822;7578393000;7495644444;7695644444
823;7578395000;7495644444;7695644444
824;7617805000;7495644444;7695644444
825;7619038000;7537288888;7737288888
826;7619231000;7537288888;7737288888
827;7619232000;7537288888;7737288888
828;7619470000;7537288888;7737288888
829;7619678000;7537288888;7737288888
830;7619680000;7537288888;7737288888
831;7619889000;7537288888;7737288888
832;7619917000;7537288888;7737288888
833;7620060000;7537288888;7737288888
834;7620226000;7537288888;7737288888
835;7659369000;7537288888;7737288888
836;7660719000;7578966666;7778966666
837;7660905000;7578966666;7778966666
838;7660908000;7578966666;7778966666
839;7661162000;7578966666;7778966666
840;7661329000;7578966666;7778966666
841;7661332000;7578966666;7778966666
842;7661492000;7578966666;7778966666
843;7661504000;7578966666;7778966666
844;7661756000;7578966666;7778966666
845;7661759000;7578966666;7778966666
846;7701107000;7578966666;7778966666
847;7702359000;7620633333;7820633333
848;7702556000;7620633333;7820633333
849;7702558000;7620633333;7820633333
850;7702796000;7620633333;7820633333
851;7702976000;7620633333;7820633333
852;7702979000;7620633333;7820633333
853;7703206000;7620633333;7820633333
854;7703209000;7620633333;7820633333
855;7703350000;7620633333;7820633333
856;7703592000;7620633333;7820633333
857;7742788000;7620633333;7820633333
859;7744384000;7662300000;7862300000
860;7744389000;7662300000;7862300000
861;7744401000;7662300000;7862300000
862;7744429000;7662300000;7862300000
863;7744757000;7662300000;7862300000
864;7744759000;7662300000;7862300000
865;7744869000;7662300000;7862300000
866;7744949000;7662300000;7862300000
867;7745038000;7662300000;7862300000
868;7784474000;7662300000;7862300000
871;7786050000;7703944444;7903944444
872;7786053000;7703944444;7903944444
873;7786109000;7703944444;7903944444
874;7786326000;7703944444;7903944444
875;7786328000;7703944444;7903944444
876;7786642000;7703944444;7903944444
877;7786645000;7703944444;7903944444
878;7786743000;7703944444;7903944444
879;7826119000;7703944444;7903944444
880;7827381000;7745633333;7945633333
881;7827571000;7745633333;7945633333
882;7827573000;7745633333;7945633333
883;7827807000;7745633333;7945633333
884;7827980000;7745633333;7945633333
885;7827994000;7745633333;7945633333
886;7828175000;7745633333;7945633333
887;7828178000;7745633333;7945633333
888;7828371000;7745633333;7945633333
889;7828615000;7745633333;7945633333
890;7867695000;7745633333;7945633333
891;7869048000;7787288888;7987288888
892;7869239000;7787288888;7987288888
893;7869242000;7787288888;7987288888
894;7869466000;7787288888;7987288888
895;7869660000;7787288888;7987288888
896;7869774000;7787288888;7987288888
897;7869873000;7787288888;7987288888
898;7869884000;7787288888;7987288888
899;7870039000;7787288888;7987288888
900;7870281000;7787288888;7987288888
901;7909464000;7787288888;7987288888
902;7910717000;7828955555;8028955555
903;7910907000;7828955555;8028955555
904;7910909000;7828955555;8028955555
905;7911162000;7828955555;8028955555
906;7911344000;7828955555;8028955555
907;7911346000;7828955555;8028955555
908;7911524000;7828955555;8028955555
909;7911527000;7828955555;8028955555
910;7911743000;7828955555;8028955555
911;7911745000;7828955555;8028955555
912;7951129000;7828955555;8028955555
913;7952357000;7870633333;8070633333
914;7952538000;7870633333;8070633333
915;7952540000;7870633333;8070633333
916;7952773000;7870633333;8070633333
917;7952954000;7870633333;8070633333
918;7952957000;7870633333;8070633333
919;7953149000;7870633333;8070633333
920;7953161000;7870633333;8070633333
921;7953366000;7870633333;8070633333
922;7953566000;7870633333;8070633333
923;7992790000;7870633333;8070633333
924;7994062000;7912300000;8112300000
925;7994238000;7912300000;8112300000
926;7994251000;7912300000;8112300000
927;7994441000;7912300000;8112300000
928;7994659000;7912300000;8112300000
929;7994828000;7912300000;8112300000
930;7994841000;7912300000;8112300000
931;7994847000;7912300000;8112300000
932;7995099000;7912300000;8112300000
933;7995102000;7912300000;8112300000
934;8034474000;7912300000;8112300000
935;8035717000;7953944444;8153944444
936;8035910000;7953944444;8153944444
937;8035912000;7953944444;8153944444
938;8036141000;7953944444;8153944444
939;8036304000;7953944444;8153944444
940;8036309000;7953944444;8153944444
941;8036529000;7953944444;8153944444
943;8036738000;7953944444;8153944444
944;8036741000;7953944444;8153944444
945;8076121000;7953944444;8153944444
946;8077398000;7995655555;8195655555
947;8077565000;7995655555;8195655555
948;8077811000;7995655555;8195655555
949;8077814000;7995655555;8195655555
950;8077992000;7995655555;8195655555
951;8077995000;7995655555;8195655555
952;8078264000;7995655555;8195655555
953;8078283000;7995655555;8195655555
954;8078431000;7995655555;8195655555
957;8159478000;8037311111;8237311111
959;8159506000;8037311111;8237311111
960;8159507000;8037311111;8237311111
963;8159522000;8037311111;8237311111
964;8159523000;8037311111;8237311111
965;8159525000;8037311111;8237311111
966;8159535000;8037311111;8237311111
967;8159652000;8037311111;8237311111
968;8160716000;8078977777;8278977777
969;8160906000;8078977777;8278977777
970;8160909000;8078977777;8278977777
971;8161139000;8078977777;8278977777
972;8161321000;8078977777;8278977777
973;8161324000;8078977777;8278977777
974;8161546000;8078977777;8278977777
975;8161549000;8078977777;8278977777
976;8161699000;8078977777;8278977777
977;8161953000;8078977777;8278977777
978;8201152000;8078977777;8278977777
979;8202392000;8120622222;8320622222
980;8202560000;8120622222;8320622222
981;8202562000;8120622222;8320622222
982;8202775000;8120622222;8320622222
989;8242785000;8120622222;8320622222
990;8244048000;8162288888;8362288888
991;8244238000;8162288888;8362288888
992;8244240000;8162288888;8362288888
993;8244489000;8162288888;8362288888
994;8244664000;8162288888;8362288888
995;8244697000;8162288888;8362288888
996;8244869000;8162288888;8362288888
997;8244882000;8162288888;8362288888
998;8245141000;8162288888;8362288888
999;8245144000;8162288888;8362288888
1000;8284448000;8162288888;8362288888
1001;8285726000;8203944444;8403944444
1002;8285916000;8203944444;8403944444
1003;8285919000;8203944444;8403944444
1004;8286148000;8203944444;8403944444
1005;8286318000;8203944444;8403944444
1006;8286336000;8203944444;8403944444
1007;8286575000;8203944444;8403944444
1008;8286721000;8203944444;8403944444
1009;8286723000;8203944444;8403944444
1010;8286916000;8203944444;8403944444
1011;8326106000;8203944444;8403944444
1012;8327373000;8245655555;8445655555
1013;8327576000;8245655555;8445655555
1014;8327578000;8245655555;8445655555
1015;8327801000;8245655555;8445655555
1016;8327989000;8245655555;8445655555
1017;8327994000;8245655555;8445655555
1018;8328202000;8245655555;8445655555
1019;8328228000;8245655555;8445655555
1020;8328389000;8245655555;8445655555
1021;8328391000;8245655555;8445655555
1022;8367809000;8245655555;8445655555
1023;8369032000;8287311111;8487311111
1024;8369219000;8287311111;8487311111
1025;8369221000;8287311111;8487311111
1026;8369443000;8287311111;8487311111
1027;8369679000;8287311111;8487311111
1028;8369681000;8287311111;8487311111
1029;8369862000;8287311111;8487311111
1030;8369864000;8287311111;8487311111
1031;8370051000;8287311111;8487311111
1032;8370280000;8287311111;8487311111
1033;8409473000;8287311111;8487311111
1034;8410704000;8328966666;8528966666
1035;8410907000;8328966666;8528966666
1036;8410909000;8328966666;8528966666
1037;8411128000;8328966666;8528966666
1038;8411345000;8328966666;8528966666
1039;8411347000;8328966666;8528966666
1040;8411544000;8328966666;8528966666
1041;8411546000;8328966666;8528966666
1042;8411722000;8328966666;8528966666
1043;8411734000;8328966666;8528966666
1044;8451129000;8328966666;8528966666
1045;8452346000;8370644444;8570644444
1046;8452545000;8370644444;8570644444
1047;8452547000;8370644444;8570644444
1048;8452778000;8370644444;8570644444
1049;8452997000;8370644444;8570644444
1050;8453023000;8370644444;8570644444
1051;8453169000;8370644444;8570644444
1052;8453185000;8370644444;8570644444
1053;8453341000;8370644444;8570644444
1054;8453595000;8370644444;8570644444
1055;8492794000;8370644444;8570644444
1056;8494012000;8412277777;8612277777
1057;8494188000;8412277777;8612277777
1058;8494406000;8412277777;8612277777
1059;8494424000;8412277777;8612277777
1060;8494655000;8412277777;8612277777
1061;8494657000;8412277777;8612277777
1062;8494864000;8412277777;8612277777
1063;8494889000;8412277777;8612277777
1064;8495058000;8412277777;8612277777
1065;8495077000;8412277777;8612277777
1066;8534362000;8412277777;8612277777
1067;8535744000;8453911111;8653911111
1068;8535898000;8453911111;8653911111
1069;8535900000;8453911111;8653911111
1070;8536137000;8453911111;8653911111
1071;8536370000;8453911111;8653911111
1074;8536566000;8453911111;8653911111
1075;8536569000;8453911111;8653911111
1076;8536748000;8453911111;8653911111
1077;8576073000;8453911111;8653911111
1078;8577371000;8495644444;8695644444
1079;8577565000;8495644444;8695644444
1080;8577567000;8495644444;8695644444
1081;8577793000;8495644444;8695644444
1082;8578010000;8495644444;8695644444
1083;8578017000;8495644444;8695644444
1084;8578210000;8495644444;8695644444
1085;8578211000;8495644444;8695644444
1086;8578433000;8495644444;8695644444
1087;8578580000;8495644444;8695644444
1088;8617806000;8495644444;8695644444
1089;8619039000;8537277777;8737277777
1090;8619234000;8537277777;8737277777
1091;8619236000;8537277777;8737277777
1092;8619473000;8537277777;8737277777
1093;8619611000;8537277777;8737277777
1094;8619682000;8537277777;8737277777
1095;8619876000;8537277777;8737277777
1096;8619903000;8537277777;8737277777
1097;8620069000;8537277777;8737277777
1098;8620074000;8537277777;8737277777
1099;8659420000;8537277777;8737277777
1100;8660713000;8578944444;8778944444
1101;8660896000;8578944444;8778944444
1102;8660908000;8578944444;8778944444
1103;8661168000;8578944444;8778944444
1104;8661318000;8578944444;8778944444
1105;8661330000;8578944444;8778944444
1106;8661533000;8578944444;8778944444
1107;8661679000;8578944444;8778944444
1108;8661689000;8578944444;8778944444
1109;8662044000;8578944444;8778944444
1110;8701095000;8578944444;8778944444
1111;8702374000;8620622222;8820622222
1112;8702560000;8620622222;8820622222
1113;8702803000;8620622222;8820622222
1114;8702806000;8620622222;8820622222
1115;8702975000;8620622222;8820622222
1116;8702978000;8620622222;8820622222
1117;8703200000;8620622222;8820622222
1118;8703268000;8620622222;8820622222
1119;8703387000;8620622222;8820622222
1120;8703390000;8620622222;8820622222
1121;8742797000;8620622222;8820622222
1122;8744048000;8662288888;8862288888
1123;8744238000;8662288888;8862288888
1124;8744241000;8662288888;8862288888
1125;8744507000;8662288888;8862288888
1126;8744718000;8662288888;8862288888
1127;8744783000;8662288888;8862288888
1128;8744879000;8662288888;8862288888
1129;8744997000;8662288888;8862288888
1130;8745000000;8662288888;8862288888
1131;8745283000;8662288888;8862288888
1132;8784449000;8662288888;8862288888
1133;8785706000;8703933333;8903933333
1134;8785899000;8703933333;8903933333
1135;8785901000;8703933333;8903933333
1136;8786137000;8703933333;8903933333
1137;8786346000;8703933333;8903933333
1138;8786348000;8703933333;8903933333
1139;8786564000;8703933333;8903933333
1140;8786592000;8703933333;8903933333
1141;8786737000;8703933333;8903933333
1142;8786750000;8703933333;8903933333
1143;8826020000;8703933333;8903933333
1144;8827389000;8745622222;8945622222
1145;8827551000;8745622222;8945622222
1146;8827761000;8745622222;8945622222
1147;8827777000;8745622222;8945622222
1148;8827975000;8745622222;8945622222
1149;8827977000;8745622222;8945622222
1150;8828229000;8745622222;8945622222
1151;8828231000;8745622222;8945622222
1152;8828382000;8745622222;8945622222
1153;8828384000;8745622222;8945622222
1154;8867784000;8745622222;8945622222
1155;8869014000;8787277777;8987277777
1156;8869208000;8787277777;8987277777
1157;8869210000;8787277777;8987277777
1158;8869447000;8787277777;8987277777
1159;8869666000;8787277777;8987277777
1160;8869688000;8787277777;8987277777
1161;8869864000;8787277777;8987277777
1162;8869889000;8787277777;8987277777
1163;8870057000;8787277777;8987277777
1164;8870066000;8787277777;8987277777
1165;8909365000;8787277777;8987277777
1166;8910700000;8828922222;9028922222
1167;8910856000;8828922222;9028922222
1168;8911080000;8828922222;9028922222
1169;8911097000;8828922222;9028922222
1170;8911320000;8828922222;9028922222
1171;8911322000;8828922222;9028922222
1172;8911505000;8828922222;9028922222
1173;8911641000;8828922222;9028922222
1174;8911679000;8828922222;9028922222
1175;8911892000;8828922222;9028922222
1176;8951021000;8828922222;9028922222
1177;8952421000;8870611111;9070611111
1178;8952577000;8870611111;9070611111
1179;8952578000;8870611111;9070611111
1180;8952816000;8870611111;9070611111
1181;8953038000;8870611111;9070611111
1182;8953040000;8870611111;9070611111
1183;8953207000;8870611111;9070611111
1184;8953220000;8870611111;9070611111
1185;8953401000;8870611111;9070611111
1186;8953403000;8870611111;9070611111
1187;8992785000;8870611111;9070611111
1188;8994026000;8912288888;9112288888
1189;8994218000;8912288888;9112288888
1190;8994220000;8912288888;9112288888
1191;8994470000;8912288888;9112288888
1192;8994649000;8912288888;9112288888
1193;8994652000;8912288888;9112288888
1194;8994895000;8912288888;9112288888
1195;8995008000;8912288888;9112288888
1196;8995011000;8912288888;9112288888
1197;8995255000;8912288888;9112288888
1198;9034461000;8912288888;9112288888
1199;9035715000;8953911111;9153911111
1200;9035894000;8953911111;9153911111
1201;9035896000;8953911111;9153911111
1202;9036155000;8953911111;9153911111
1203;9036327000;8953911111;9153911111
1204;9036330000;8953911111;9153911111
1205;9036570000;8953911111;9153911111
1206;9036573000;8953911111;9153911111
1207;9036744000;8953911111;9153911111
1208;9036747000;8953911111;9153911111
1209;9076066000;8953911111;9153911111
1210;9077379000;8995633333;9195633333
1211;9077563000;8995633333;9195633333
1212;9077575000;8995633333;9195633333
1213;9077765000;8995633333;9195633333
1214;9077984000;8995633333;9195633333
1215;9077996000;8995633333;9195633333
1216;9078204000;8995633333;9195633333
1217;9078332000;8995633333;9195633333
1218;9078455000;8995633333;9195633333
1219;9078467000;8995633333;9195633333
1220;9117808000;8995633333;9195633333
1221;9119049000;9037300000;9237300000
1222;9119241000;9037300000;9237300000
1223;9119243000;9037300000;9237300000
1224;9119473000;9037300000;9237300000
1225;9119664000;9037300000;9237300000
1226;9119669000;9037300000;9237300000
1227;9119871000;9037300000;9237300000
1228;9119999000;9037300000;9237300000
1229;9120084000;9037300000;9237300000
1230;9120089000;9037300000;9237300000
1231;9159459000;9037300000;9237300000
1232;9160715000;9078966666;9278966666
1233;9160905000;9078966666;9278966666
1234;9160907000;9078966666;9278966666
1235;9161138000;9078966666;9278966666
1236;9161305000;9078966666;9278966666
1237;9161323000;9078966666;9278966666
1238;9161571000;9078966666;9278966666
1239;9161574000;9078966666;9278966666
1240;9161766000;9078966666;9278966666
1241;9161895000;9078966666;9278966666
1242;9201126000;9078966666;9278966666
1243;9202358000;9120611111;9320611111
1244;9202555000;9120611111;9320611111
1245;9202558000;9120611111;9320611111
1246;9202819000;9120611111;9320611111
1247;9202998000;9120611111;9320611111
1248;9203133000;9120611111;9320611111
1249;9203216000;9120611111;9320611111
1250;9203285000;9120611111;9320611111
1251;9203354000;9120611111;9320611111
1252;9203557000;9120611111;9320611111
1253;9242714000;9120611111;9320611111
1254;9244067000;9162266666;9362266666
1255;9244251000;9162266666;9362266666
1256;9244253000;9162266666;9362266666
1257;9244503000;9162266666;9362266666
1258;9244683000;9162266666;9362266666
1259;9244686000;9162266666;9362266666
1260;9244875000;9162266666;9362266666
1261;9244952000;9162266666;9362266666
1262;9245045000;9162266666;9362266666
1263;9245070000;9162266666;9362266666
1264;9284370000;9162266666;9362266666
1265;9285721000;9203933333;9403933333
1266;9285875000;9203933333;9403933333
1267;9286179000;9203933333;9403933333
1268;9286199000;9203933333;9403933333
1269;9286366000;9203933333;9403933333
1270;9286369000;9203933333;9403933333
1271;9286599000;9203933333;9403933333
1272;9286625000;9203933333;9403933333
1273;9286747000;9203933333;9403933333
1274;9286792000;9203933333;9403933333
1275;9326094000;9203933333;9403933333
1276;9327382000;9245644444;9445644444
1277;9327586000;9245644444;9445644444
1278;9327588000;9245644444;9445644444
1279;9327815000;9245644444;9445644444
1280;9327984000;9245644444;9445644444
1281;9328054000;9245644444;9445644444
1282;9328206000;9245644444;9445644444
1283;9328208000;9245644444;9445644444
1284;9328362000;9245644444;9445644444
1285;9328583000;9245644444;9445644444
1286;9367815000;9245644444;9445644444
1287;9369050000;9287300000;9487300000
1288;9369252000;9287300000;9487300000
1289;9369254000;9287300000;9487300000
1290;9369478000;9287300000;9487300000
1291;9369680000;9287300000;9487300000
1292;9369682000;9287300000;9487300000
1293;9369872000;9287300000;9487300000
1294;9369874000;9287300000;9487300000
1295;9370066000;9287300000;9487300000
1296;9370068000;9287300000;9487300000
1297;9409445000;9287300000;9487300000
1298;9410721000;9328955555;9528955555
1299;9410907000;9328955555;9528955555
1300;9410910000;9328955555;9528955555
1301;9411128000;9328955555;9528955555
1302;9411362000;9328955555;9528955555
1303;9411364000;9328955555;9528955555
1304;9411549000;9328955555;9528955555
1305;9411672000;9328955555;9528955555
1306;9411687000;9328955555;9528955555
1307;9411933000;9328955555;9528955555
1308;9451116000;9328955555;9528955555
1309;9452383000;9370644444;9570644444
1310;9452579000;9370644444;9570644444
1311;9452580000;9370644444;9570644444
1312;9452816000;9370644444;9570644444
1313;9453033000;9370644444;9570644444
1314;9453035000;9370644444;9570644444
1315;9453206000;9370644444;9570644444
1316;9453233000;9370644444;9570644444
1317;9453415000;9370644444;9570644444
1318;9453431000;9370644444;9570644444
1319;9492797000;9370644444;9570644444
1320;9494041000;9412311111;9612311111
1321;9494223000;9412311111;9612311111
1322;9494225000;9412311111;9612311111
1323;9494452000;9412311111;9612311111
1325;9494691000;9412311111;9612311111
1326;9494860000;9412311111;9612311111
1327;9494982000;9412311111;9612311111
1328;9495040000;9412311111;9612311111
1329;9495298000;9412311111;9612311111
1330;9534452000;9412311111;9612311111
1331;9535744000;9453944444;9653944444
1332;9535899000;9453944444;9653944444
1336;9536123000;9453944444;9653944444
1337;9536353000;9453944444;9653944444
1338;9536355000;9453944444;9653944444
1339;9536549000;9453944444;9653944444
1340;9536667000;9453944444;9653944444
1341;9576035000;9453944444;9653944444
1346;9577790000;9495633333;9695633333
1347;9577792000;9495633333;9695633333
1348;9578019000;9495633333;9695633333
1349;9578021000;9495633333;9695633333
1350;9578186000;9495633333;9695633333
1351;9578313000;9495633333;9695633333
1352;9617806000;9495633333;9695633333
1353;9619022000;9537277777;9737277777
1354;9619230000;9537277777;9737277777
1355;9619232000;9537277777;9737277777
1356;9619450000;9537277777;9737277777
1357;9619680000;9537277777;9737277777
1358;9619682000;9537277777;9737277777
1359;9619890000;9537277777;9737277777
1360;9619919000;9537277777;9737277777
1361;9620099000;9537277777;9737277777
1362;9620283000;9537277777;9737277777
1363;9659434000;9537277777;9737277777
1364;9660711000;9578944444;9778944444
1365;9660893000;9578944444;9778944444
1366;9660906000;9578944444;9778944444
1367;9661088000;9578944444;9778944444
1368;9661319000;9578944444;9778944444
1369;9661324000;9578944444;9778944444
1373;9661654000;9578944444;9778944444
1374;9701106000;9578944444;9778944444
1375;9702381000;9620633333;9820633333
1376;9702570000;9620633333;9820633333
1377;9702573000;9620633333;9820633333
1378;9702805000;9620633333;9820633333
1380;9703243000;9620633333;9820633333
1383;9703313000;9620633333;9820633333
1384;9703354000;9620633333;9820633333
1385;9742812000;9620633333;9820633333
1386;9744047000;9662288888;9862288888
1387;9744239000;9662288888;9862288888
1388;9744241000;9662288888;9862288888
1389;9744410000;9662288888;9862288888
1390;9744695000;9662288888;9862288888
1393;9744940000;9662288888;9862288888
1394;9744955000;9662288888;9862288888
1395;9745146000;9662288888;9862288888
1396;9784447000;9662288888;9862288888
1397;9785708000;9703944444;9903944444
1398;9785908000;9703944444;9903944444
1399;9785911000;9703944444;9903944444
1400;9786161000;9703944444;9903944444
1401;9786338000;9703944444;9903944444
1402;9786342000;9703944444;9903944444
1403;9786571000;9703944444;9903944444
1404;9786683000;9703944444;9903944444
1405;9786686000;9703944444;9903944444
1406;9786964000;9703944444;9903944444
1407;9826118000;9703944444;9903944444
1408;9827398000;9745633333;9945633333
1409;9827561000;9745633333;9945633333
1410;9827799000;9745633333;9945633333
1411;9827801000;9745633333;9945633333
1412;9827996000;9745633333;9945633333
1413;9827998000;9745633333;9945633333
1414;9828214000;9745633333;9945633333
1415;9828284000;9745633333;9945633333
1416;9828399000;9745633333;9945633333
1417;9828402000;9745633333;9945633333
1418;9867737000;9745633333;9945633333
1419;9869018000;9787288888;9987288888
1420;9869215000;9787288888;9987288888
1421;9869217000;9787288888;9987288888
1422;9869445000;9787288888;9987288888
1426;9869840000;9787288888;9987288888
1427;9869879000;9787288888;9987288888
1428;9869929000;9787288888;9987288888
1429;9909467000;9787288888;9987288888
1430;9910714000;9828933333;10028933333
1431;9910904000;9828933333;10028933333
1432;9910906000;9828933333;10028933333
1433;9911137000;9828933333;10028933333
1434;9911306000;9828933333;10028933333
1435;9911344000;9828933333;10028933333
1439;9911786000;9828933333;10028933333
1440;9951108000;9828933333;10028933333
1441;9952383000;9870622222;10070622222
1442;9952572000;9870622222;10070622222
1443;9952575000;9870622222;10070622222
1444;9952839000;9870622222;10070622222
1445;9953061000;9870622222;10070622222
1446;9953064000;9870622222;10070622222
1447;9953193000;9870622222;10070622222
1448;9953196000;9870622222;10070622222
1449;9953428000;9870622222;10070622222
1450;9953431000;9870622222;10070622222
1451;9992797000;9870622222;10070622222
1452;9994048000;9912288888;10112288888
1453;9994238000;9912288888;10112288888
1454;9994241000;9912288888;10112288888
1455;9994486000;9912288888;10112288888
1456;9994662000;9912288888;10112288888
1457;9994665000;9912288888;10112288888
1458;9994910000;9912288888;10112288888
1459;9995048000;9912288888;10112288888
1460;9995051000;9912288888;10112288888
1461;9995289000;9912288888;10112288888
1462;10034447000;9912288888;10112288888
1463;10035715000;9953922222;10153922222
1464;10035905000;9953922222;10153922222
1465;10035908000;9953922222;10153922222
1466;10036138000;9953922222;10153922222
1467;10036313000;9953922222;10153922222
1468;10036317000;9953922222;10153922222
1469;10036531000;9953922222;10153922222
1470;10036534000;9953922222;10153922222
1471;10036736000;9953922222;10153922222
1472;10036739000;9953922222;10153922222
1473;10076092000;9953922222;10153922222
1474;10077379000;9995633333;10195633333
1475;10077559000;9995633333;10195633333
1476;10077793000;9995633333;10195633333
1477;10077805000;9995633333;10195633333
1478;10078007000;9995633333;10195633333
1479;10078010000;9995633333;10195633333
1480;10078231000;9995633333;10195633333
1481;10078233000;9995633333;10195633333
1482;10078411000;9995633333;10195633333
1483;10078414000;9995633333;10195633333
1484;10117794000;9995633333;10195633333
1485;10119048000;10037300000;10237300000
1486;10119238000;10037300000;10237300000
1487;10119240000;10037300000;10237300000
1488;10119471000;10037300000;10237300000
1489;10119652000;10037300000;10237300000
1490;10119655000;10037300000;10237300000
1491;10119907000;10037300000;10237300000
1492;10119943000;10037300000;10237300000
1493;10120073000;10037300000;10237300000
1494;10120076000;10037300000;10237300000
1495;10159474000;10037300000;10237300000
1496;10160691000;10078977777;10278977777
1497;10160883000;10078977777;10278977777
1498;10160885000;10078977777;10278977777
1499;10161113000;10078977777;10278977777
1501;10161464000;10078977777;10278977777
1502;10161470000;10078977777;10278977777
1503;10161529000;10078977777;10278977777
1504;10161556000;10078977777;10278977777
1505;10161708000;10078977777;10278977777
1506;10201140000;10078977777;10278977777
1507;10202357000;10120611111;10320611111
1508;10202560000;10120611111;10320611111
1509;10202563000;10120611111;10320611111
1510;10202788000;10120611111;10320611111
1511;10202990000;10120611111;10320611111
1512;10203003000;10120611111;10320611111
1513;10203184000;10120611111;10320611111
1514;10203302000;10120611111;10320611111
1515;10203367000;10120611111;10320611111
1516;10203560000;10120611111;10320611111
1517;10242708000;10120611111;10320611111
1518;10244097000;10162277777;10362277777
1519;10244237000;10162277777;10362277777
1520;10244240000;10162277777;10362277777
1521;10244484000;10162277777;10362277777
1522;10244745000;10162277777;10362277777
1523;10244747000;10162277777;10362277777
1524;10244875000;10162277777;10362277777
1525;10244954000;10162277777;10362277777
1526;10245084000;10162277777;10362277777
1527;10245256000;10162277777;10362277777
1528;10284374000;10162277777;10362277777
1529;10285703000;10203933333;10403933333
1530;10285863000;10203933333;10403933333
1531;10286128000;10203933333;10403933333
1532;10286154000;10203933333;10403933333
1533;10286355000;10203933333;10403933333
1534;10286357000;10203933333;10403933333
1535;10286542000;10203933333;10403933333
1536;10286609000;10203933333;10403933333
1537;10286666000;10203933333;10403933333
1538;10286776000;10203933333;10403933333
1539;10326058000;10203933333;10403933333
1540;10327355000;10245655555;10445655555
1541;10327560000;10245655555;10445655555
1542;10327562000;10245655555;10445655555
1543;10327781000;10245655555;10445655555
1544;10328021000;10245655555;10445655555
1545;10328023000;10245655555;10445655555
1546;10328245000;10245655555;10445655555
1547;10328266000;10245655555;10445655555
1548;10328379000;10245655555;10445655555
1549;10328381000;10245655555;10445655555
1550;10367810000;10245655555;10445655555
1551;10369027000;10287300000;10487300000
1554;10369454000;10287300000;10487300000
1555;10369470000;10287300000;10487300000
1556;10369686000;10287300000;10487300000
1557;10369688000;10287300000;10487300000
1558;10369846000;10287300000;10487300000
1559;10369847000;10287300000;10487300000
1560;10370057000;10287300000;10487300000
1561;10409458000;10287300000;10487300000
1562;10410708000;10328955555;10528955555
1563;10410888000;10328955555;10528955555
1564;10410890000;10328955555;10528955555
1565;10411126000;10328955555;10528955555
1566;10411344000;10328955555;10528955555
1567;10411346000;10328955555;10528955555
1568;10411569000;10328955555;10528955555
1569;10411595000;10328955555;10528955555
1570;10411744000;10328955555;10528955555
1571;10411756000;10328955555;10528955555
1572;10451117000;10328955555;10528955555
1573;10452370000;10370644444;10570644444
1574;10452567000;10370644444;10570644444
1575;10452569000;10370644444;10570644444
1576;10452792000;10370644444;10570644444
1577;10453008000;10370644444;10570644444
1578;10453011000;10370644444;10570644444
1579;10453202000;10370644444;10570644444
1580;10453229000;10370644444;10570644444
1581;10453365000;10370644444;10570644444
1582;10453578000;10370644444;10570644444
1583;10492793000;10370644444;10570644444
1584;10494028000;10412300000;10612300000
1585;10494211000;10412300000;10612300000
1586;10494448000;10412300000;10612300000
1587;10494463000;10412300000;10612300000
1588;10494680000;10412300000;10612300000
1589;10494682000;10412300000;10612300000
1590;10494868000;10412300000;10612300000
1591;10494894000;10412300000;10612300000
1592;10495068000;10412300000;10612300000
1593;10495085000;10412300000;10612300000
1594;10534459000;10412300000;10612300000
1595;10535718000;10453933333;10653933333
1596;10535905000;10453933333;10653933333
1597;10535908000;10453933333;10653933333
1598;10536136000;10453933333;10653933333
1599;10536324000;10453933333;10653933333
1600;10536327000;10453933333;10653933333
1601;10536533000;10453933333;10653933333
1602;10536678000;10453933333;10653933333
1603;10536691000;10453933333;10653933333
1604;10536933000;10453933333;10653933333
1605;10576107000;10453933333;10653933333
1606;10577392000;10495655555;10695655555
1607;10577573000;10495655555;10695655555
1608;10577576000;10495655555;10695655555
1609;10577825000;10495655555;10695655555
1610;10578007000;10495655555;10695655555
1611;10578013000;10495655555;10695655555
1612;10578194000;10495655555;10695655555
1613;10578197000;10495655555;10695655555
1614;10578423000;10495655555;10695655555
1615;10578426000;10495655555;10695655555
1616;10617823000;10495655555;10695655555
1617;10619041000;10537288888;10737288888
1618;10619230000;10537288888;10737288888
1619;10619242000;10537288888;10737288888
1620;10619439000;10537288888;10737288888
1621;10619652000;10537288888;10737288888
1622;10619688000;10537288888;10737288888
1623;10619849000;10537288888;10737288888
1625;10620076000;10537288888;10737288888
1626;10620080000;10537288888;10737288888
1627;10659462000;10537288888;10737288888
1628;10660716000;10578955555;10778955555
1629;10660908000;10578955555;10778955555
1630;10660910000;10578955555;10778955555
1631;10661142000;10578955555;10778955555
1632;10661324000;10578955555;10778955555
1633;10661326000;10578955555;10778955555
1634;10661548000;10578955555;10778955555
1635;10661551000;10578955555;10778955555
1636;10661700000;10578955555;10778955555
1637;10661934000;10578955555;10778955555
1638;10701104000;10578955555;10778955555
1639;10702377000;10620644444;10820644444
1640;10702558000;10620644444;10820644444
1641;10702571000;10620644444;10820644444
1642;10702754000;10620644444;10820644444
1643;10703026000;10620644444;10820644444
1644;10703029000;10620644444;10820644444
1645;10703192000;10620644444;10820644444
1646;10703195000;10620644444;10820644444
1647;10703421000;10620644444;10820644444
1648;10703423000;10620644444;10820644444
1649;10742818000;10620644444;10820644444
1650;10744048000;10662311111;10862311111
1651;10744242000;10662311111;10862311111
1652;10744245000;10662311111;10862311111
1653;10744473000;10662311111;10862311111
1654;10744660000;10662311111;10862311111
1655;10744663000;10662311111;10862311111
1656;10744900000;10662311111;10862311111
1657;10744924000;10662311111;10862311111
1658;10745071000;10662311111;10862311111
1659;10745074000;10662311111;10862311111
1660;10784455000;10662311111;10862311111
1661;10785704000;10703955555;10903955555
1662;10785898000;10703955555;10903955555
1663;10785900000;10703955555;10903955555
1664;10786137000;10703955555;10903955555
1665;10786378000;10703955555;10903955555
1666;10786380000;10703955555;10903955555
1667;10786559000;10703955555;10903955555
1668;10786564000;10703955555;10903955555
1669;10786722000;10703955555;10903955555
1670;10786902000;10703955555;10903955555
1671;10826063000;10703955555;10903955555
1672;10827361000;10745644444;10945644444
1673;10827553000;10745644444;10945644444
1674;10827760000;10745644444;10945644444
1675;10827786000;10745644444;10945644444
1676;10828059000;10745644444;10945644444
1677;10828061000;10745644444;10945644444
1678;10828180000;10745644444;10945644444
1679;10828182000;10745644444;10945644444
1680;10828397000;10745644444;10945644444
1681;10828399000;10745644444;10945644444
1682;10867805000;10745644444;10945644444
1683;10869013000;10787300000;10987300000
1684;10869208000;10787300000;10987300000
1685;10869210000;10787300000;10987300000
1686;10869442000;10787300000;10987300000
1687;10869597000;10787300000;10987300000
1688;10869599000;10787300000;10987300000
1689;10869828000;10787300000;10987300000
1690;10869914000;10787300000;10987300000
1691;10870057000;10787300000;10987300000
1692;10870073000;10787300000;10987300000
1693;10909449000;10787300000;10987300000
1694;10910671000;10828944444;11028944444
1695;10910853000;10828944444;11028944444
1696;10911112000;10828944444;11028944444
1697;10911114000;10828944444;11028944444
1698;10911393000;10828944444;11028944444
1699;10911395000;10828944444;11028944444
1700;10911498000;10828944444;11028944444
1701;10911573000;10828944444;11028944444
1702;10911694000;10828944444;11028944444
1703;10911703000;10828944444;11028944444
1704;10951070000;10828944444;11028944444
1705;10952367000;10870622222;11070622222
1706;10952564000;10870622222;11070622222
1707;10952566000;10870622222;11070622222
1708;10952815000;10870622222;11070622222
1709;10953054000;10870622222;11070622222
1710;10953056000;10870622222;11070622222
1711;10953183000;10870622222;11070622222
1712;10953185000;10870622222;11070622222
1713;10953385000;10870622222;11070622222
1714;10953422000;10870622222;11070622222
1715;10992745000;10870622222;11070622222
1716;10994087000;10912311111;11112311111
1717;10994230000;10912311111;11112311111
1718;10994232000;10912311111;11112311111
1719;10994466000;10912311111;11112311111
1720;10994686000;10912311111;11112311111
1721;10994688000;10912311111;11112311111
1722;10994858000;10912311111;11112311111
1723;10994884000;10912311111;11112311111
1724;10995049000;10912311111;11112311111
1725;10995226000;10912311111;11112311111
1726;11034483000;10912311111;11112311111
1727;11035712000;10953933333;11153933333
1728;11035886000;10953933333;11153933333
1729;11036147000;10953933333;11153933333
1730;11036149000;10953933333;11153933333
1731;11036353000;10953933333;11153933333
1732;11036385000;10953933333;11153933333
1733;11036526000;10953933333;11153933333
1734;11036529000;10953933333;11153933333
1735;11036751000;10953933333;11153933333
1736;11036754000;10953933333;11153933333
1737;11076107000;10953933333;11153933333
1738;11077380000;10995644444;11195644444
1739;11077571000;10995644444;11195644444
1740;11077574000;10995644444;11195644444
1741;11077821000;10995644444;11195644444
1742;11077988000;10995644444;11195644444
1743;11077991000;10995644444;11195644444
1746;11078432000;10995644444;11195644444
1747;11078435000;10995644444;11195644444
1748;11117802000;10995644444;11195644444
1749;11119047000;11037311111;11237311111
1750;11119236000;11037311111;11237311111
1751;11119238000;11037311111;11237311111
1752;11119470000;11037311111;11237311111
1753;11119655000;11037311111;11237311111
1754;11119658000;11037311111;11237311111
1755;11119886000;11037311111;11237311111
1758;11120093000;11037311111;11237311111
1759;11159489000;11037311111;11237311111
1760;11160714000;11078977777;11278977777
1761;11160906000;11078977777;11278977777
1762;11160908000;11078977777;11278977777
1763;11161107000;11078977777;11278977777
1764;11161321000;11078977777;11278977777
1765;11161507000;11078977777;11278977777
1766;11161514000;11078977777;11278977777
1767;11161516000;11078977777;11278977777
1768;11161763000;11078977777;11278977777
1769;11161766000;11078977777;11278977777
1770;11201152000;11078977777;11278977777
1771;11202393000;11120633333;11320633333
1772;11202562000;11120633333;11320633333
1773;11202807000;11120633333;11320633333
1774;11202809000;11120633333;11320633333
1775;11202989000;11120633333;11320633333
1776;11202992000;11120633333;11320633333
1777;11203215000;11120633333;11320633333
1778;11203219000;11120633333;11320633333
1779;11203367000;11120633333;11320633333
1780;11203633000;11120633333;11320633333
1781;11242803000;11120633333;11320633333
1782;11244045000;11162288888;11362288888
1783;11244228000;11162288888;11362288888
1784;11244240000;11162288888;11362288888
1785;11244423000;11162288888;11362288888
1786;11244649000;11162288888;11362288888
1787;11244654000;11162288888;11362288888
1788;11244882000;11162288888;11362288888
1789;11244913000;11162288888;11362288888
1790;11245125000;11162288888;11362288888
1791;11245128000;11162288888;11362288888
1792;11284465000;11162288888;11362288888
1793;11285691000;11203944444;11403944444
1794;11285841000;11203944444;11403944444
1795;11286130000;11203944444;11403944444
1796;11286133000;11203944444;11403944444
1797;11286298000;11203944444;11403944444
1798;11286301000;11203944444;11403944444
1799;11286543000;11203944444;11403944444
1800;11286553000;11203944444;11403944444
1801;11286773000;11203944444;11403944444
1802;11286777000;11203944444;11403944444
1803;11326106000;11203944444;11403944444
1804;11327350000;11245655555;11445655555
1807;11327684000;11245655555;11445655555
1810;11327972000;11245655555;11445655555
1811;11327974000;11245655555;11445655555
1812;11328183000;11245655555;11445655555
1813;11328186000;11245655555;11445655555
1814;11367820000;11245655555;11445655555
1815;11369037000;11287311111;11487311111
1816;11369238000;11287311111;11487311111
1817;11369240000;11287311111;11487311111
1818;11369463000;11287311111;11487311111
1819;11369667000;11287311111;11487311111
1820;11369669000;11287311111;11487311111
1821;11369857000;11287311111;11487311111
1822;11369964000;11287311111;11487311111
1823;11370010000;11287311111;11487311111
1824;11370281000;11287311111;11487311111
1825;11409440000;11287311111;11487311111
1826;11410706000;11328966666;11528966666
1827;11410899000;11328966666;11528966666
1828;11410901000;11328966666;11528966666
1829;11411155000;11328966666;11528966666
1830;11411414000;11328966666;11528966666
1831;11411416000;11328966666;11528966666
1832;11411640000;11328966666;11528966666
1833;11411678000;11328966666;11528966666
1834;11411679000;11328966666;11528966666
1835;11411928000;11328966666;11528966666
1836;11451129000;11328966666;11528966666
1837;11452370000;11370655555;11570655555
1838;11452564000;11370655555;11570655555
1839;11452566000;11370655555;11570655555
1840;11452799000;11370655555;11570655555
1841;11453034000;11370655555;11570655555
1844;11453258000;11370655555;11570655555
1845;11453283000;11370655555;11570655555
1846;11453407000;11370655555;11570655555
1847;11492817000;11370655555;11570655555
1848;11494037000;11412288888;11612288888
1849;11494231000;11412288888;11612288888
1850;11494233000;11412288888;11612288888
1851;11494459000;11412288888;11612288888
1852;11494677000;11412288888;11612288888
1853;11494679000;11412288888;11612288888
1854;11494887000;11412288888;11612288888
1855;11494893000;11412288888;11612288888
1856;11495079000;11412288888;11612288888
1857;11495082000;11412288888;11612288888
1858;11534415000;11412288888;11612288888
1859;11535743000;11453911111;11653911111
1860;11535896000;11453911111;11653911111
1861;11535898000;11453911111;11653911111
1862;11536135000;11453911111;11653911111
1863;11536367000;11453911111;11653911111
1864;11536369000;11453911111;11653911111
1865;11536517000;11453911111;11653911111
1866;11536532000;11453911111;11653911111
1867;11536722000;11453911111;11653911111
1868;11536723000;11453911111;11653911111
1869;11576072000;11453911111;11653911111
1870;11577370000;11495622222;11695622222
1871;11577565000;11495622222;11695622222
1872;11577567000;11495622222;11695622222
1873;11577793000;11495622222;11695622222
1874;11578010000;11495622222;11695622222
1875;11578012000;11495622222;11695622222
1876;11578196000;11495622222;11695622222
1877;11578322000;11495622222;11695622222
1878;11578380000;11495622222;11695622222
1879;11578577000;11495622222;11695622222
1880;11617706000;11495622222;11695622222
1881;11619079000;11537266666;11737266666
1882;11619233000;11537266666;11737266666
1883;11619235000;11537266666;11737266666
1884;11619476000;11537266666;11737266666
1885;11619698000;11537266666;11737266666
1886;11619700000;11537266666;11737266666
1887;11619872000;11537266666;11737266666
1888;11619920000;11537266666;11737266666
1889;11620084000;11537266666;11737266666
1890;11620123000;11537266666;11737266666
1891;11659398000;11537266666;11737266666
1892;11660728000;11578933333;11778933333
1893;11660888000;11578933333;11778933333
1894;11661161000;11578933333;11778933333
1895;11661163000;11578933333;11778933333
1896;11661165000;11578933333;11778933333
1897;11661364000;11578933333;11778933333
1898;11661526000;11578933333;11778933333
1899;11661529000;11578933333;11778933333
1900;11661756000;11578933333;11778933333
1901;11661759000;11578933333;11778933333
1902;11701107000;11578933333;11778933333
1903;11702347000;11620622222;11820622222
1904;11702555000;11620622222;11820622222
1905;11702557000;11620622222;11820622222
1906;11702797000;11620622222;11820622222
1907;11702977000;11620622222;11820622222
1908;11702980000;11620622222;11820622222
1909;11703223000;11620622222;11820622222
1910;11703275000;11620622222;11820622222
1911;11703363000;11620622222;11820622222
1912;11703629000;11620622222;11820622222
1913;11742780000;11620622222;11820622222
1914;11744025000;11662277777;11862277777
1915;11744215000;11662277777;11862277777
1916;11744234000;11662277777;11862277777
1917;11744436000;11662277777;11862277777
1918;11744631000;11662277777;11862277777
1919;11744634000;11662277777;11862277777
1920;11744860000;11662277777;11862277777
1921;11744873000;11662277777;11862277777
1922;11745073000;11662277777;11862277777
1923;11745076000;11662277777;11862277777
1924;11784433000;11662277777;11862277777
1925;11785725000;11703922222;11903922222
1926;11785909000;11703922222;11903922222
1927;11785921000;11703922222;11903922222
1928;11786109000;11703922222;11903922222
1929;11786328000;11703922222;11903922222
1930;11786331000;11703922222;11903922222
1931;11786577000;11703922222;11903922222
1932;11786707000;11703922222;11903922222
1933;11786710000;11703922222;11903922222
1934;11786995000;11703922222;11903922222
1935;11826096000;11703922222;11903922222
1936;11827394000;11745622222;11945622222
1937;11827586000;11745622222;11945622222
1938;11827589000;11745622222;11945622222
1939;11827820000;11745622222;11945622222
1940;11828002000;11745622222;11945622222
1941;11828004000;11745622222;11945622222
1942;11828252000;11745622222;11945622222
1945;11828417000;11745622222;11945622222
1946;11867732000;11745622222;11945622222
1947;11869062000;11787288888;11987288888
1948;11869223000;11787288888;11987288888
1949;11869453000;11787288888;11987288888
1950;11869456000;11787288888;11987288888
1951;11869609000;11787288888;11987288888
1952;11869671000;11787288888;11987288888
1953;11869858000;11787288888;11987288888
1954;11869861000;11787288888;11987288888
1955;11870082000;11787288888;11987288888
1956;11870094000;11787288888;11987288888
1957;11909444000;11787288888;11987288888
1958;11910720000;11828933333;12028933333
1959;11910913000;11828933333;12028933333
1962;11911156000;11828933333;12028933333
1963;11911325000;11828933333;12028933333
1964;11911338000;11828933333;12028933333
1965;11911598000;11828933333;12028933333
1966;11911609000;11828933333;12028933333
1967;11911733000;11828933333;12028933333
1968;11951094000;11828933333;12028933333
1969;11952380000;11870611111;12070611111
1970;11952578000;11870611111;12070611111
1971;11952580000;11870611111;12070611111
1972;11952818000;11870611111;12070611111
1973;11952989000;11870611111;12070611111
1974;11952992000;11870611111;12070611111
1975;11953238000;11870611111;12070611111
1976;11953359000;11870611111;12070611111
1977;11953362000;11870611111;12070611111
1978;11953608000;11870611111;12070611111
1979;11992716000;11870611111;12070611111
1980;11994057000;11912277777;12112277777
1981;11994220000;11912277777;12112277777
1982;11994466000;11912277777;12112277777
1983;11994469000;11912277777;12112277777
1984;11994657000;11912277777;12112277777
1985;11994671000;11912277777;12112277777
1986;11994846000;11912277777;12112277777
1987;11994859000;11912277777;12112277777
1990;12034451000;11912277777;12112277777
1991;12035714000;11953911111;12153911111
1992;12035903000;11953911111;12153911111
1993;12035906000;11953911111;12153911111
1994;12036136000;11953911111;12153911111
1995;12036318000;11953911111;12153911111
1996;12036320000;11953911111;12153911111
1997;12036571000;11953911111;12153911111
1998;12036574000;11953911111;12153911111
1999;12036699000;11953911111;12153911111
2000;12036935000;11953911111;12153911111
2001;12076082000;11953911111;12153911111
2002;12077378000;11995622222;12195622222
2003;12077557000;11995622222;12195622222
2004;12077786000;11995622222;12195622222
2005;12077788000;11995622222;12195622222
2006;12078017000;11995622222;12195622222
2007;12078020000;11995622222;12195622222
2008;12078189000;11995622222;12195622222
2009;12078192000;11995622222;12195622222
2010;12078347000;11995622222;12195622222
2011;12078609000;11995622222;12195622222
2012;12117803000;11995622222;12195622222
2013;12119058000;12037288888;12237288888
2014;12119240000;12037288888;12237288888
2015;12119242000;12037288888;12237288888
2016;12119532000;12037288888;12237288888
2017;12119657000;12037288888;12237288888
2018;12119660000;12037288888;12237288888
2019;12119871000;12037288888;12237288888
2020;12119949000;12037288888;12237288888
2021;12120068000;12037288888;12237288888
2022;12120087000;12037288888;12237288888
2023;12159465000;12037288888;12237288888
2024;12160730000;12078955555;12278955555
2025;12160887000;12078955555;12278955555
2026;12161119000;12078955555;12278955555
2027;12161131000;12078955555;12278955555
2028;12161309000;12078955555;12278955555
2029;12161312000;12078955555;12278955555
2030;12161539000;12078955555;12278955555
2031;12161680000;12078955555;12278955555
2032;12161683000;12078955555;12278955555
2033;12161965000;12078955555;12278955555
2034;12201129000;12078955555;12278955555
2035;12202384000;12120600000;12320600000
2036;12202577000;12120600000;12320600000
2037;12202580000;12120600000;12320600000
2038;12202809000;12120600000;12320600000
2039;12202977000;12120600000;12320600000
2040;12203007000;12120600000;12320600000
2041;12203177000;12120600000;12320600000
2042;12203189000;12120600000;12320600000
2043;12203406000;12120600000;12320600000
2044;12203418000;12120600000;12320600000
2045;12242759000;12120600000;12320600000
2046;12244047000;12162266666;12362266666
2047;12244238000;12162266666;12362266666
2048;12244241000;12162266666;12362266666
2049;12244472000;12162266666;12362266666
2050;12244659000;12162266666;12362266666
2051;12244675000;12162266666;12362266666
2052;12244870000;12162266666;12362266666
2053;12245004000;12162266666;12362266666
2054;12245081000;12162266666;12362266666
2055;12245084000;12162266666;12362266666
2056;12284418000;12162266666;12362266666
2057;12285683000;12203922222;12403922222
2058;12285864000;12203922222;12403922222
2059;12286108000;12203922222;12403922222
2060;12286111000;12203922222;12403922222
2061;12286335000;12203922222;12403922222
2062;12286338000;12203922222;12403922222
2063;12286523000;12203922222;12403922222
2064;12286583000;12203922222;12403922222
2065;12286774000;12203922222;12403922222
2066;12286786000;12203922222;12403922222
2067;12326084000;12203922222;12403922222
2068;12327347000;12245622222;12445622222
2069;12327555000;12245622222;12445622222
2070;12327558000;12245622222;12445622222
2071;12327770000;12245622222;12445622222
2072;12327985000;12245622222;12445622222
2073;12327987000;12245622222;12445622222
2074;12328191000;12245622222;12445622222
2075;12328206000;12245622222;12445622222
2076;12328360000;12245622222;12445622222
2077;12328605000;12245622222;12445622222
2078;12367776000;12245622222;12445622222
2079;12369044000;12287277777;12487277777
2080;12369251000;12287277777;12487277777
2081;12369253000;12287277777;12487277777
2082;12369473000;12287277777;12487277777
2083;12369691000;12287277777;12487277777
2084;12369693000;12287277777;12487277777
2085;12369876000;12287277777;12487277777
2086;12369893000;12287277777;12487277777
2087;12370078000;12287277777;12487277777
2088;12370315000;12287277777;12487277777
2089;12409439000;12287277777;12487277777
2090;12410690000;12328944444;12528944444
2091;12410884000;12328944444;12528944444
2092;12410887000;12328944444;12528944444
2093;12411090000;12328944444;12528944444
2094;12411337000;12328944444;12528944444
2095;12411340000;12328944444;12528944444
2096;12411531000;12328944444;12528944444
2097;12411647000;12328944444;12528944444
2098;12411657000;12328944444;12528944444
2099;12411891000;12328944444;12528944444
2100;12451031000;12328944444;12528944444
2104;12452715000;12370622222;12570622222
2105;12452718000;12370622222;12570622222
2106;12452815000;12370622222;12570622222
2107;12453037000;12370622222;12570622222
2108;12453039000;12370622222;12570622222
2109;12453212000;12370622222;12570622222
2110;12453244000;12370622222;12570622222
2111;12492764000;12370622222;12570622222
2112;12494079000;12412311111;12612311111
2113;12494234000;12412311111;12612311111
2114;12494236000;12412311111;12612311111
2115;12494479000;12412311111;12612311111
2116;12494714000;12412311111;12612311111
2117;12494716000;12412311111;12612311111
2118;12494829000;12412311111;12612311111
2119;12494854000;12412311111;12612311111
2120;12495056000;12412311111;12612311111
2121;12495092000;12412311111;12612311111
2122;12534460000;12412311111;12612311111
2123;12535743000;12453944444;12653944444
2124;12535863000;12453944444;12653944444
2125;12536139000;12453944444;12653944444
2126;12536140000;12453944444;12653944444
2127;12536384000;12453944444;12653944444
2128;12536400000;12453944444;12653944444
2129;12536548000;12453944444;12653944444
2130;12536550000;12453944444;12653944444
2131;12536735000;12453944444;12653944444
2132;12536737000;12453944444;12653944444
2133;12576106000;12453944444;12653944444
2134;12577376000;12495655555;12695655555
2135;12577564000;12495655555;12695655555
2136;12577566000;12495655555;12695655555
2137;12577795000;12495655555;12695655555
2138;12578012000;12495655555;12695655555
2139;12578014000;12495655555;12695655555
2140;12578223000;12495655555;12695655555
2141;12578248000;12495655555;12695655555
2142;12578418000;12495655555;12695655555
2143;12578433000;12495655555;12695655555
2144;12617781000;12495655555;12695655555
2145;12619076000;12537288888;12737288888
2146;12619230000;12537288888;12737288888
2147;12619231000;12537288888;12737288888
2148;12619469000;12537288888;12737288888
2149;12619695000;12537288888;12737288888
2150;12619697000;12537288888;12737288888
2151;12619868000;12537288888;12737288888
2152;12619894000;12537288888;12737288888
2153;12620062000;12537288888;12737288888
2154;12620064000;12537288888;12737288888
2155;12659463000;12537288888;12737288888
2156;12660691000;12578966666;12778966666
2157;12660872000;12578966666;12778966666
2158;12660884000;12578966666;12778966666
2159;12661063000;12578966666;12778966666
2160;12661293000;12578966666;12778966666
2161;12661297000;12578966666;12778966666
2162;12661547000;12578966666;12778966666
2163;12661564000;12578966666;12778966666
2164;12661732000;12578966666;12778966666
2165;12661735000;12578966666;12778966666
2166;12701142000;12578966666;12778966666
2167;12702359000;12620655555;12820655555
2168;12702557000;12620655555;12820655555
2169;12702560000;12620655555;12820655555
2170;12702819000;12620655555;12820655555
2171;12703083000;12620655555;12820655555
2172;12703086000;12620655555;12820655555
2173;12703203000;12620655555;12820655555
2174;12703283000;12620655555;12820655555
2175;12703360000;12620655555;12820655555
2176;12703574000;12620655555;12820655555
2177;12742831000;12620655555;12820655555
2178;12744061000;12662311111;12862311111
2179;12744250000;12662311111;12862311111
2180;12744253000;12662311111;12862311111
2181;12744484000;12662311111;12862311111
2182;12744671000;12662311111;12862311111
2183;12744674000;12662311111;12862311111
2184;12744871000;12662311111;12862311111
2185;12744898000;12662311111;12862311111
2186;12745029000;12662311111;12862311111
2187;12745279000;12662311111;12862311111
2188;12784470000;12662311111;12862311111
2189;12785739000;12703977777;12903977777
2190;12785934000;12703977777;12903977777
2191;12785936000;12703977777;12903977777
2192;12786165000;12703977777;12903977777
2193;12786345000;12703977777;12903977777
2194;12786348000;12703977777;12903977777
2195;12786620000;12703977777;12903977777
2196;12786639000;12703977777;12903977777
2197;12786787000;12703977777;12903977777
2198;12786791000;12703977777;12903977777
2199;12826101000;12703977777;12903977777
2200;12827382000;12745677777;12945677777
2201;12827573000;12745677777;12945677777
2202;12827575000;12745677777;12945677777
2203;12827807000;12745677777;12945677777
2204;12827990000;12745677777;12945677777
2205;12827996000;12745677777;12945677777
2206;12828200000;12745677777;12945677777
2207;12828259000;12745677777;12945677777
2209;12828421000;12745677777;12945677777
2210;12867829000;12745677777;12945677777
2211;12869028000;12787322222;12987322222
2212;12869220000;12787322222;12987322222
2213;12869496000;12787322222;12987322222
2214;12869498000;12787322222;12987322222
2215;12869500000;12787322222;12987322222
2216;12869728000;12787322222;12987322222
2219;12869993000;12787322222;12987322222
2220;12870075000;12787322222;12987322222
2221;12909501000;12787322222;12987322222
2222;12910715000;12828955555;13028955555
2223;12910906000;12828955555;13028955555
2224;12910908000;12828955555;13028955555
2225;12911138000;12828955555;13028955555
2226;12911320000;12828955555;13028955555
2227;12911323000;12828955555;13028955555
2228;12911585000;12828955555;13028955555
2229;12911592000;12828955555;13028955555
2230;12911746000;12828955555;13028955555
2231;12911748000;12828955555;13028955555
2232;12951114000;12828955555;13028955555
2233;12952380000;12870644444;13070644444
2234;12952571000;12870644444;13070644444
2235;12952574000;12870644444;13070644444
2236;12952805000;12870644444;13070644444
2237;12952987000;12870644444;13070644444
2238;12952990000;12870644444;13070644444
2239;12953219000;12870644444;13070644444
2240;12953232000;12870644444;13070644444
2241;12953365000;12870644444;13070644444
2242;12953612000;12870644444;13070644444
2243;12992819000;12870644444;13070644444
2244;12994057000;12912311111;13112311111
2245;12994238000;12912311111;13112311111
2246;12994240000;12912311111;13112311111
2247;12994493000;12912311111;13112311111
2248;12994674000;12912311111;13112311111
2249;12994676000;12912311111;13112311111
2250;12994855000;12912311111;13112311111
2251;12994858000;12912311111;13112311111
2252;12995087000;12912311111;13112311111
2253;12995090000;12912311111;13112311111
2254;13034467000;12912311111;13112311111
2255;13035696000;12953944444;13153944444
2256;13035882000;12953944444;13153944444
2257;13035895000;12953944444;13153944444
2258;13036084000;12953944444;13153944444
2259;13036304000;12953944444;13153944444
2260;13036307000;12953944444;13153944444
2261;13036572000;12953944444;13153944444
2262;13036575000;12953944444;13153944444
2263;13036739000;12953944444;13153944444
2264;13036742000;12953944444;13153944444
2265;13076119000;12953944444;13153944444
2266;13077382000;12995655555;13195655555
2267;13077574000;12995655555;13195655555
2268;13077576000;12995655555;13195655555
2269;13077807000;12995655555;13195655555
2270;13077989000;12995655555;13195655555
2271;13077992000;12995655555;13195655555
2272;13078229000;12995655555;13195655555
2273;13078232000;12995655555;13195655555
2274;13078341000;12995655555;13195655555
2275;13078564000;12995655555;13195655555
2276;13117829000;12995655555;13195655555
2277;13119057000;13037322222;13237322222
2278;13119220000;13037322222;13237322222
2279;13119375000;13037322222;13237322222
2280;13119480000;13037322222;13237322222
2281;13119646000;13037322222;13237322222
2282;13119702000;13037322222;13237322222
2283;13119859000;13037322222;13237322222
2284;13119862000;13037322222;13237322222
2285;13120064000;13037322222;13237322222
2286;13120267000;13037322222;13237322222
2287;13159481000;13037322222;13237322222
2288;13160691000;13078988888;13278988888
2289;13160883000;13078988888;13278988888
2290;13160885000;13078988888;13278988888
2291;13161149000;13078988888;13278988888
2292;13161405000;13078988888;13278988888
2293;13161418000;13078988888;13278988888
2294;13161528000;13078988888;13278988888
2295;13161531000;13078988888;13278988888
2296;13161717000;13078988888;13278988888
2297;13161720000;13078988888;13278988888
2298;13201147000;13078988888;13278988888
2299;13202357000;13120633333;13320633333
2300;13202554000;13120633333;13320633333
2301;13202557000;13120633333;13320633333
2302;13202790000;13120633333;13320633333
2303;13202976000;13120633333;13320633333
2304;13202987000;13120633333;13320633333
2305;13203176000;13120633333;13320633333
2306;13203315000;13120633333;13320633333
2307;13203336000;13120633333;13320633333
2308;13203588000;13120633333;13320633333
2309;13242793000;13120633333;13320633333
2310;13244048000;13162300000;13362300000
2311;13244239000;13162300000;13362300000
2312;13244242000;13162300000;13362300000
2313;13244473000;13162300000;13362300000
2314;13244668000;13162300000;13362300000
2315;13244671000;13162300000;13362300000
2316;13244866000;13162300000;13362300000
2317;13245002000;13162300000;13362300000
2318;13245089000;13162300000;13362300000
2319;13245092000;13162300000;13362300000
2320;13284453000;13162300000;13362300000
2321;13285706000;13203955555;13403955555
2322;13285888000;13203955555;13403955555
2323;13286162000;13203955555;13403955555
2324;13286164000;13203955555;13403955555
2325;13286166000;13203955555;13403955555
2326;13286372000;13203955555;13403955555
2327;13286527000;13203955555;13403955555
2328;13286540000;13203955555;13403955555
2329;13286734000;13203955555;13403955555
2330;13286737000;13203955555;13403955555
2331;13326127000;13203955555;13403955555
2334;13327710000;13245655555;13445655555
2335;13327714000;13245655555;13445655555
2336;13327781000;13245655555;13445655555
2337;13328013000;13245655555;13445655555
2338;13328015000;13245655555;13445655555
2339;13328233000;13245655555;13445655555
2340;13328235000;13245655555;13445655555
2341;13328398000;13245655555;13445655555
2342;13367784000;13245655555;13445655555
2343;13369019000;13287311111;13487311111
2344;13369230000;13287311111;13487311111
2345;13369242000;13287311111;13487311111
2346;13369451000;13287311111;13487311111
2347;13369625000;13287311111;13487311111
2348;13369731000;13287311111;13487311111
2349;13369855000;13287311111;13487311111
2350;13369857000;13287311111;13487311111
2351;13370066000;13287311111;13487311111
2352;13370093000;13287311111;13487311111
2353;13409472000;13287311111;13487311111
2354;13410703000;13328966666;13528966666
2355;13410897000;13328966666;13528966666
2356;13410900000;13328966666;13528966666
2357;13411142000;13328966666;13528966666
2358;13411332000;13328966666;13528966666
2359;13411376000;13328966666;13528966666
2360;13411492000;13328966666;13528966666
2361;13411574000;13328966666;13528966666
2362;13411680000;13328966666;13528966666
2363;13411922000;13328966666;13528966666
2364;13451128000;13328966666;13528966666
2367;13452709000;13370655555;13570655555
2369;13452808000;13370655555;13570655555
2370;13453017000;13370655555;13570655555
2371;13453035000;13370655555;13570655555
2372;13453146000;13370655555;13570655555
2373;13453184000;13370655555;13570655555
2374;13453364000;13370655555;13570655555
2375;13492817000;13370655555;13570655555
2376;13494044000;13412300000;13612300000
2377;13494233000;13412300000;13612300000
2378;13494234000;13412300000;13612300000
2379;13494460000;13412300000;13612300000
2381;13494669000;13412300000;13612300000
2382;13494859000;13412300000;13612300000
2383;13494974000;13412300000;13612300000
2384;13495055000;13412300000;13612300000
2385;13495299000;13412300000;13612300000
2386;13534442000;13412300000;13612300000
2387;13535744000;13453933333;13653933333
2388;13535897000;13453933333;13653933333
2389;13535898000;13453933333;13653933333
2390;13536118000;13453933333;13653933333
2391;13536315000;13453933333;13653933333
2392;13536330000;13453933333;13653933333
2393;13536612000;13453933333;13653933333
2394;13536614000;13453933333;13653933333
2395;13536722000;13453933333;13653933333
2396;13536723000;13453933333;13653933333
2397;13576095000;13453933333;13653933333
2398;13577369000;13495644444;13695644444
2399;13577562000;13495644444;13695644444
2400;13577564000;13495644444;13695644444
2401;13577790000;13495644444;13695644444
2402;13578007000;13495644444;13695644444
2403;13578009000;13495644444;13695644444
2404;13578202000;13495644444;13695644444
2405;13578229000;13495644444;13695644444
2406;13578389000;13495644444;13695644444
2407;13578390000;13495644444;13695644444
2408;13617798000;13495644444;13695644444
2409;13619075000;13537288888;13737288888
2410;13619231000;13537288888;13737288888
2411;13619233000;13537288888;13737288888
2412;13619471000;13537288888;13737288888
2413;13619640000;13537288888;13737288888
2414;13619646000;13537288888;13737288888
2415;13619868000;13537288888;13737288888
2416;13619870000;13537288888;13737288888
2417;13620055000;13537288888;13737288888
2418;13620057000;13537288888;13737288888
2419;13659444000;13537288888;13737288888
2420;13660710000;13578966666;13778966666
2421;13660910000;13578966666;13778966666
2422;13660912000;13578966666;13778966666
2423;13661143000;13578966666;13778966666
2424;13661387000;13578966666;13778966666
2425;13661389000;13578966666;13778966666
2426;13661551000;13578966666;13778966666
2427;13661680000;13578966666;13778966666
2428;13661699000;13578966666;13778966666
2429;13661956000;13578966666;13778966666
2430;13701142000;13578966666;13778966666
2431;13702380000;13620644444;13820644444
2432;13702572000;13620644444;13820644444
2437;13702804000;13620644444;13820644444
2438;13703045000;13620644444;13820644444
2439;13703063000;13620644444;13820644444
2440;13703191000;13620644444;13820644444
2441;13742824000;13620644444;13820644444
2442;13744047000;13662300000;13862300000
2443;13744238000;13662300000;13862300000
2444;13744240000;13662300000;13862300000
2445;13744371000;13662300000;13862300000
2447;13744669000;13662300000;13862300000
2449;13744940000;13662300000;13862300000
2450;13745052000;13662300000;13862300000
2451;13745143000;13662300000;13862300000
2452;13784457000;13662300000;13862300000
2453;13785713000;13703955555;13903955555
2454;13785904000;13703955555;13903955555
2455;13785906000;13703955555;13903955555
2456;13786162000;13703955555;13903955555
2457;13786323000;13703955555;13903955555
2458;13786376000;13703955555;13903955555
2459;13786540000;13703955555;13903955555
2460;13786680000;13703955555;13903955555
2461;13786683000;13703955555;13903955555
2462;13786960000;13703955555;13903955555
2463;13826108000;13703955555;13903955555
2464;13827374000;13745644444;13945644444
2465;13827559000;13745644444;13945644444
2466;13827803000;13745644444;13945644444
2467;13827806000;13745644444;13945644444
2468;13828000000;13745644444;13945644444
2469;13828018000;13745644444;13945644444
2470;13828243000;13745644444;13945644444
2471;13828331000;13745644444;13945644444
2472;13828339000;13745644444;13945644444
2473;13828585000;13745644444;13945644444
2474;13867819000;13745644444;13945644444
2475;13869022000;13787288888;13987288888
2476;13869215000;13787288888;13987288888
2477;13869218000;13787288888;13987288888
2478;13869484000;13787288888;13987288888
2479;13869659000;13787288888;13987288888
2480;13869662000;13787288888;13987288888
2481;13869876000;13787288888;13987288888
2482;13869879000;13787288888;13987288888
2483;13870064000;13787288888;13987288888
2484;13870067000;13787288888;13987288888
2485;13909463000;13787288888;13987288888
2486;13910689000;13828944444;14028944444
2487;13910880000;13828944444;14028944444
2488;13910883000;13828944444;14028944444
2489;13911113000;13828944444;14028944444
2490;13911309000;13828944444;14028944444
2491;13911312000;13828944444;14028944444
2492;13911562000;13828944444;14028944444
2493;13911572000;13828944444;14028944444
2494;13911713000;13828944444;14028944444
2495;13911718000;13828944444;14028944444
2496;13951118000;13828944444;14028944444
2497;13952396000;13870622222;14070622222
2498;13952587000;13870622222;14070622222
2499;13952590000;13870622222;14070622222
2500;13952836000;13870622222;14070622222
2501;13952993000;13870622222;14070622222
2502;13953127000;13870622222;14070622222
2503;13953237000;13870622222;14070622222
2504;13953360000;13870622222;14070622222
2505;13953375000;13870622222;14070622222
2506;13953632000;13870622222;14070622222
2507;13992797000;13870622222;14070622222
2508;13994058000;13912311111;14112311111
2509;13994210000;13912311111;14112311111
2510;13994503000;13912311111;14112311111
2511;13994505000;13912311111;14112311111
2512;13994683000;13912311111;14112311111
2513;13994693000;13912311111;14112311111
2514;13994875000;13912311111;14112311111
2515;13995011000;13912311111;14112311111
2516;13995127000;13912311111;14112311111
2517;13995266000;13912311111;14112311111
2518;14034485000;13912311111;14112311111
2519;14035716000;13953944444;14153944444
2520;14035907000;13953944444;14153944444
2521;14035909000;13953944444;14153944444
2522;14036140000;13953944444;14153944444
2526;14036569000;13953944444;14153944444
2527;14036614000;13953944444;14153944444
2528;14036616000;13953944444;14153944444
2529;14076121000;13953944444;14153944444
2530;14077380000;13995655555;14195655555
2531;14077570000;13995655555;14195655555
2532;14077573000;13995655555;14195655555
2533;14077805000;13995655555;14195655555
2534;14077973000;13995655555;14195655555
2535;14078012000;13995655555;14195655555
2536;14078226000;13995655555;14195655555
2537;14078229000;13995655555;14195655555
2538;14078380000;13995655555;14195655555
2539;14078604000;13995655555;14195655555
2540;14117830000;13995655555;14195655555
2541;14119049000;14037311111;14237311111
2542;14119239000;14037311111;14237311111
2543;14119242000;14037311111;14237311111
2544;14119469000;14037311111;14237311111
2545;14119653000;14037311111;14237311111
2546;14119663000;14037311111;14237311111
2547;14119928000;14037311111;14237311111
2548;14119931000;14037311111;14237311111
2549;14120074000;14037311111;14237311111
2550;14120079000;14037311111;14237311111
2551;14159463000;14037311111;14237311111
2552;14160707000;14078977777;14278977777
2553;14160888000;14078977777;14278977777
2554;14161135000;14078977777;14278977777
2555;14161138000;14078977777;14278977777
2556;14161317000;14078977777;14278977777
2559;14161608000;14078977777;14278977777
2560;14161611000;14078977777;14278977777
2561;14161762000;14078977777;14278977777
2562;14201112000;14078977777;14278977777
2563;14202379000;14120633333;14320633333
2564;14202558000;14120633333;14320633333
2565;14202784000;14120633333;14320633333
2566;14202787000;14120633333;14320633333
2567;14203057000;14120633333;14320633333
2568;14203059000;14120633333;14320633333
2569;14203180000;14120633333;14320633333
2570;14203182000;14120633333;14320633333
2571;14203395000;14120633333;14320633333
2572;14203397000;14120633333;14320633333
2573;14242794000;14120633333;14320633333
2574;14244038000;14162288888;14362288888
2575;14244240000;14162288888;14362288888
2576;14244242000;14162288888;14362288888
2577;14244476000;14162288888;14362288888
2578;14244664000;14162288888;14362288888
2579;14244705000;14162288888;14362288888
2580;14244869000;14162288888;14362288888
2581;14244954000;14162288888;14362288888
2582;14245052000;14162288888;14362288888
2583;14245053000;14162288888;14362288888
2584;14284434000;14162288888;14362288888
2587;14286052000;14203933333;14403933333
2588;14286058000;14203933333;14403933333
2589;14286110000;14203933333;14403933333
2590;14286354000;14203933333;14403933333
2591;14286356000;14203933333;14403933333
2592;14286561000;14203933333;14403933333
2593;14286562000;14203933333;14403933333
2594;14286748000;14203933333;14403933333
2595;14326020000;14203933333;14403933333
2596;14327385000;14245655555;14445655555
2597;14327539000;14245655555;14445655555
2598;14327771000;14245655555;14445655555
2599;14327797000;14245655555;14445655555
2600;14327996000;14245655555;14445655555
2601;14327998000;14245655555;14445655555
2602;14328182000;14245655555;14445655555
2603;14328184000;14245655555;14445655555
2604;14328395000;14245655555;14445655555
2605;14328397000;14245655555;14445655555
2606;14367818000;14245655555;14445655555
2607;14369037000;14287311111;14487311111
2608;14369230000;14287311111;14487311111
2609;14369232000;14287311111;14487311111
2610;14369444000;14287311111;14487311111
2611;14369677000;14287311111;14487311111
2612;14369679000;14287311111;14487311111
2615;14370059000;14287311111;14487311111
2616;14370087000;14287311111;14487311111
2617;14409481000;14287311111;14487311111
2618;14410703000;14328966666;14528966666
2619;14410890000;14328966666;14528966666
2620;14410892000;14328966666;14528966666
2621;14411149000;14328966666;14528966666
2622;14411384000;14328966666;14528966666
2623;14411386000;14328966666;14528966666
2624;14411519000;14328966666;14528966666
2625;14411533000;14328966666;14528966666
2626;14411720000;14328966666;14528966666
2627;14411757000;14328966666;14528966666
2628;14451051000;14328966666;14528966666
2629;14452366000;14370644444;14570644444
2630;14452536000;14370644444;14570644444
2631;14452794000;14370644444;14570644444
2632;14452796000;14370644444;14570644444
2633;14453015000;14370644444;14570644444
2634;14453021000;14370644444;14570644444
2637;14453403000;14370644444;14570644444
2638;14453427000;14370644444;14570644444
2639;14492819000;14370644444;14570644444
2640;14494036000;14412277777;14612277777
2641;14494231000;14412277777;14612277777
2642;14494232000;14412277777;14612277777
2643;14494452000;14412277777;14612277777
2644;14494668000;14412277777;14612277777
2645;14494680000;14412277777;14612277777
2646;14494846000;14412277777;14612277777
2647;14494850000;14412277777;14612277777
2650;14534436000;14412277777;14612277777
2651;14535717000;14453911111;14653911111
2652;14535907000;14453911111;14653911111
2653;14535910000;14453911111;14653911111
2654;14536141000;14453911111;14653911111
2655;14536322000;14453911111;14653911111
2656;14536324000;14453911111;14653911111
2657;14536546000;14453911111;14653911111
2658;14536549000;14453911111;14653911111
2659;14536700000;14453911111;14653911111
2660;14536953000;14453911111;14653911111
2661;14576074000;14453911111;14653911111
2662;14577373000;14495633333;14695633333
2663;14577562000;14495633333;14695633333
2664;14577574000;14495633333;14695633333
2665;14577771000;14495633333;14695633333
2666;14577980000;14495633333;14695633333
2667;14577984000;14495633333;14695633333
2668;14578228000;14495633333;14695633333
2669;14578230000;14495633333;14695633333
2670;14578428000;14495633333;14695633333
2671;14578430000;14495633333;14695633333
2672;14617808000;14495633333;14695633333
2673;14619063000;14537266666;14737266666
2674;14619226000;14537266666;14737266666
2675;14619470000;14537266666;14737266666
2676;14619472000;14537266666;14737266666
2677;14619644000;14537266666;14737266666
2678;14619648000;14537266666;14737266666
2679;14619902000;14537266666;14737266666
2680;14619931000;14537266666;14737266666
2681;14620097000;14537266666;14737266666
2682;14620110000;14537266666;14737266666
2683;14659458000;14537266666;14737266666
2684;14660689000;14578933333;14778933333
2685;14660880000;14578933333;14778933333
2686;14660882000;14578933333;14778933333
2687;14661112000;14578933333;14778933333
2688;14661295000;14578933333;14778933333
2689;14661298000;14578933333;14778933333
2690;14661532000;14578933333;14778933333
2691;14661535000;14578933333;14778933333
2692;14661647000;14578933333;14778933333
2693;14661852000;14578933333;14778933333
2694;14701090000;14578933333;14778933333
2695;14702397000;14620611111;14820611111
2696;14702581000;14620611111;14820611111
2697;14702584000;14620611111;14820611111
2698;14702766000;14620611111;14820611111
2699;14702990000;14620611111;14820611111
2700;14702994000;14620611111;14820611111
2701;14703244000;14620611111;14820611111
2702;14703259000;14620611111;14820611111
2703;14703419000;14620611111;14820611111
2704;14703451000;14620611111;14820611111
2705;14742786000;14620611111;14820611111
2706;14744074000;14662288888;14862288888
2707;14744232000;14662288888;14862288888
2708;14744478000;14662288888;14862288888
2709;14744481000;14662288888;14862288888
2711;14744945000;14662288888;14862288888
2713;14744955000;14662288888;14862288888
2714;14744992000;14662288888;14862288888
2715;14745064000;14662288888;14862288888
2716;14784450000;14662288888;14862288888
2717;14785704000;14703944444;14903944444
2718;14785897000;14703944444;14903944444
2719;14785899000;14703944444;14903944444
2720;14786125000;14703944444;14903944444
2721;14786312000;14703944444;14903944444
2722;14786337000;14703944444;14903944444
2723;14786593000;14703944444;14903944444
2724;14786595000;14703944444;14903944444
2725;14786751000;14703944444;14903944444
2726;14786759000;14703944444;14903944444
2727;14826070000;14703944444;14903944444
2728;14827366000;14745622222;14945622222
2729;14827564000;14745622222;14945622222
2730;14827566000;14745622222;14945622222
2731;14827787000;14745622222;14945622222
2733;14828013000;14745622222;14945622222
2734;14828179000;14745622222;14945622222
2735;14828181000;14745622222;14945622222
2736;14828399000;14745622222;14945622222
2737;14828411000;14745622222;14945622222
2738;14867791000;14745622222;14945622222
2739;14869036000;14787277777;14987277777
2740;14869230000;14787277777;14987277777
2741;14869232000;14787277777;14987277777
2742;14869470000;14787277777;14987277777
2743;14869691000;14787277777;14987277777
2744;14869693000;14787277777;14987277777
2745;14869865000;14787277777;14987277777
2746;14869890000;14787277777;14987277777
2747;14870064000;14787277777;14987277777
2748;14870065000;14787277777;14987277777
2749;14909433000;14787277777;14987277777
2750;14910707000;14828922222;15028922222
2751;14910895000;14828922222;15028922222
2752;14910908000;14828922222;15028922222
2753;14911091000;14828922222;15028922222
2754;14911353000;14828922222;15028922222
2755;14911363000;14828922222;15028922222
2756;14911534000;14828922222;15028922222
2757;14911658000;14828922222;15028922222
2758;14911747000;14828922222;15028922222
2759;14911964000;14828922222;15028922222
2760;14951081000;14828922222;15028922222
2761;14952381000;14870611111;15070611111
2762;14952573000;14870611111;15070611111
2763;14952575000;14870611111;15070611111
2764;14952825000;14870611111;15070611111
2765;14952995000;14870611111;15070611111
2766;14952998000;14870611111;15070611111
2767;14953241000;14870611111;15070611111
2768;14953356000;14870611111;15070611111
2769;14953358000;14870611111;15070611111
2770;14953604000;14870611111;15070611111
2771;14992717000;14870611111;15070611111
2772;14994026000;14912277777;15112277777
2773;14994217000;14912277777;15112277777
2774;14994467000;14912277777;15112277777
2775;14994469000;14912277777;15112277777
2776;14994647000;14912277777;15112277777
2777;14994697000;14912277777;15112277777
2778;14994865000;14912277777;15112277777
2779;14994868000;14912277777;15112277777
2780;14995033000;14912277777;15112277777
2783;15076100000;14953922222;15153922222
2786;15076128000;14953922222;15153922222
2787;15076135000;14953922222;15153922222
2788;15076137000;14953922222;15153922222
2789;15076138000;14953922222;15153922222
2790;15076154000;14953922222;15153922222
2791;15076155000;14953922222;15153922222
2792;15076157000;14953922222;15153922222
2793;15076288000;14953922222;15153922222
2794;15077379000;14995622222;15195622222
2795;15077571000;14995622222;15195622222
2796;15077573000;14995622222;15195622222
2797;15077806000;14995622222;15195622222
2798;15077987000;14995622222;15195622222
2799;15077990000;14995622222;15195622222
2800;15078216000;14995622222;15195622222
2801;15078227000;14995622222;15195622222
2802;15078370000;14995622222;15195622222
2803;15078597000;14995622222;15195622222
2804;15117814000;14995622222;15195622222
2805;15119051000;15037300000;15237300000
2806;15119242000;15037300000;15237300000
2807;15119244000;15037300000;15237300000
2808;15119474000;15037300000;15237300000
2809;15119668000;15037300000;15237300000
2810;15119697000;15037300000;15237300000
2811;15119876000;15037300000;15237300000
2812;15120003000;15037300000;15237300000
2813;15120114000;15037300000;15237300000
2814;15120257000;15037300000;15237300000
2815;15159475000;15037300000;15237300000
2816;15160717000;15078966666;15278966666
2817;15160907000;15078966666;15278966666
2818;15160909000;15078966666;15278966666
2819;15161140000;15078966666;15278966666
2820;15161321000;15078966666;15278966666
2821;15161324000;15078966666;15278966666
2822;15161595000;15078966666;15278966666
2823;15161614000;15078966666;15278966666
2824;15161738000;15078966666;15278966666
2825;15161881000;15078966666;15278966666
2826;15201143000;15078966666;15278966666
2827;15202372000;15120611111;15320611111
2828;15202530000;15120611111;15320611111
2829;15202805000;15120611111;15320611111
2830;15202807000;15120611111;15320611111
2831;15202809000;15120611111;15320611111
2832;15202984000;15120611111;15320611111
2833;15203200000;15120611111;15320611111
2834;15203226000;15120611111;15320611111
2835;15203418000;15120611111;15320611111
2836;15203421000;15120611111;15320611111
2837;15242791000;15120611111;15320611111
2838;15244059000;15162266666;15362266666
2839;15244230000;15162266666;15362266666
2840;15244485000;15162266666;15362266666
2841;15244488000;15162266666;15362266666
2842;15244715000;15162266666;15362266666
2843;15244727000;15162266666;15362266666
2844;15244863000;15162266666;15362266666
2845;15244868000;15162266666;15362266666
2846;15245098000;15162266666;15362266666
2847;15245101000;15162266666;15362266666
2848;15284440000;15162266666;15362266666
2849;15285730000;15203933333;15403933333
2850;15285918000;15203933333;15403933333
2851;15285920000;15203933333;15403933333
2852;15286150000;15203933333;15403933333
2853;15286338000;15203933333;15403933333
2854;15286341000;15203933333;15403933333
2855;15286534000;15203933333;15403933333
2856;15286539000;15203933333;15403933333
2857;15286764000;15203933333;15403933333
2858;15286766000;15203933333;15403933333
2859;15326094000;15203933333;15403933333
2860;15327349000;15245644444;15445644444
2861;15327535000;15245644444;15445644444
2862;15327795000;15245644444;15445644444
2863;15327807000;15245644444;15445644444
2864;15328019000;15245644444;15445644444
2865;15328021000;15245644444;15445644444
2866;15328193000;15245644444;15445644444
2867;15328340000;15245644444;15445644444
2868;15328363000;15245644444;15445644444
2869;15328623000;15245644444;15445644444
2870;15367785000;15245644444;15445644444
2871;15369042000;15287300000;15487300000
2872;15369239000;15287300000;15487300000
2873;15369242000;15287300000;15487300000
2874;15369469000;15287300000;15487300000
2875;15369670000;15287300000;15487300000
2876;15369685000;15287300000;15487300000
2877;15369822000;15287300000;15487300000
2878;15369910000;15287300000;15487300000
2879;15370015000;15287300000;15487300000
2880;15370310000;15287300000;15487300000
2881;15409461000;15287300000;15487300000
2882;15410703000;15328933333;15528933333
2883;15410897000;15328933333;15528933333
2884;15410899000;15328933333;15528933333
2885;15411126000;15328933333;15528933333
2886;15411333000;15328933333;15528933333
2887;15411335000;15328933333;15528933333
2888;15411542000;15328933333;15528933333
2889;15411544000;15328933333;15528933333
2890;15411724000;15328933333;15528933333
2891;15411726000;15328933333;15528933333
2892;15451088000;15328933333;15528933333
2893;15452371000;15370633333;15570633333
2894;15452563000;15370633333;15570633333
2895;15452575000;15370633333;15570633333
2896;15452760000;15370633333;15570633333
2897;15452978000;15370633333;15570633333
2898;15452980000;15370633333;15570633333
2899;15453210000;15370633333;15570633333
2900;15453226000;15370633333;15570633333
2901;15453360000;15370633333;15570633333
2902;15453602000;15370633333;15570633333
2903;15492804000;15370633333;15570633333
2904;15494037000;15412277777;15612277777
2905;15494232000;15412277777;15612277777
2906;15494233000;15412277777;15612277777
2907;15494472000;15412277777;15612277777
2908;15494677000;15412277777;15612277777
2909;15494679000;15412277777;15612277777
2910;15494858000;15412277777;15612277777
2911;15494967000;15412277777;15612277777
2912;15495032000;15412277777;15612277777
2913;15495238000;15412277777;15612277777
2914;15534362000;15412277777;15612277777
2915;15535744000;15453911111;15653911111
2916;15535895000;15453911111;15653911111
2917;15535897000;15453911111;15653911111
2918;15536133000;15453911111;15653911111
2919;15536417000;15453911111;15653911111
2920;15536429000;15453911111;15653911111
2921;15536586000;15453911111;15653911111
2922;15536609000;15453911111;15653911111
2923;15536699000;15453911111;15653911111
2924;15536706000;15453911111;15653911111
2925;15576035000;15453911111;15653911111
2926;15577368000;15495611111;15695611111
2927;15577563000;15495611111;15695611111
2928;15577565000;15495611111;15695611111
2929;15577813000;15495611111;15695611111
2930;15578051000;15495611111;15695611111
2931;15578053000;15495611111;15695611111
2932;15578182000;15495611111;15695611111
2933;15578184000;15495611111;15695611111
2934;15578398000;15495611111;15695611111
2935;15578424000;15495611111;15695611111
2936;15617772000;15495611111;15695611111
2937;15619038000;15537255555;15737255555
2938;15619232000;15537255555;15737255555
2939;15619234000;15537255555;15737255555
2940;15619467000;15537255555;15737255555
2941;15619689000;15537255555;15737255555
2942;15619691000;15537255555;15737255555
2943;15619862000;15537255555;15737255555
2944;15619888000;15537255555;15737255555
2945;15620064000;15537255555;15737255555
2946;15620066000;15537255555;15737255555
2947;15659411000;15537255555;15737255555
2948;15660717000;15578922222;15778922222
2949;15660894000;15578922222;15778922222
2950;15660906000;15578922222;15778922222
2951;15661090000;15578922222;15778922222
2952;15661351000;15578922222;15778922222
2953;15661354000;15578922222;15778922222
2954;15661533000;15578922222;15778922222
2955;15661673000;15578922222;15778922222
2956;15661676000;15578922222;15778922222
2957;15661957000;15578922222;15778922222
2958;15701096000;15578922222;15778922222
2959;15702356000;15620611111;15820611111
2960;15702553000;15620611111;15820611111
2961;15702555000;15620611111;15820611111
2962;15702799000;15620611111;15820611111
2963;15702987000;15620611111;15820611111
2964;15703020000;15620611111;15820611111
2965;15703181000;15620611111;15820611111
2966;15703248000;15620611111;15820611111
2967;15703360000;15620611111;15820611111
2968;15703363000;15620611111;15820611111
2969;15742772000;15620611111;15820611111
2970;15744035000;15662266666;15862266666
2971;15744226000;15662266666;15862266666
2972;15744229000;15662266666;15862266666
2973;15744475000;15662266666;15862266666
2974;15744654000;15662266666;15862266666
2975;15744657000;15662266666;15862266666
2976;15744901000;15662266666;15862266666
2977;15745045000;15662266666;15862266666
2978;15745048000;15662266666;15862266666
2979;15745242000;15662266666;15862266666
2980;15784440000;15662266666;15862266666
2981;15785714000;15703922222;15903922222
2982;15785909000;15703922222;15903922222
2985;15786138000;15703922222;15903922222
2986;15786331000;15703922222;15903922222
2987;15786352000;15703922222;15903922222
2988;15786578000;15703922222;15903922222
2989;15786581000;15703922222;15903922222
2990;15786760000;15703922222;15903922222
2991;15826100000;15703922222;15903922222
2992;15827395000;15745611111;15945611111
2993;15827571000;15745611111;15945611111
2994;15827781000;15745611111;15945611111
2995;15827785000;15745611111;15945611111
2996;15828027000;15745611111;15945611111
2997;15828029000;15745611111;15945611111
2998;15828213000;15745611111;15945611111
2999;15828283000;15745611111;15945611111
3000;15828398000;15745611111;15945611111
3001;15828401000;15745611111;15945611111
3002;15867783000;15745611111;15945611111
3003;15869057000;15787266666;15987266666
3004;15869236000;15787266666;15987266666
3005;15869239000;15787266666;15987266666
3006;15869498000;15787266666;15987266666
3007;15869670000;15787266666;15987266666
3008;15869686000;15787266666;15987266666
3009;15869887000;15787266666;15987266666
3010;15869912000;15787266666;15987266666
3011;15870094000;15787266666;15987266666
3012;15870246000;15787266666;15987266666
3013;15909370000;15787266666;15987266666
3014;15910720000;15828911111;16028911111
3015;15910904000;15828911111;16028911111
3016;15910907000;15828911111;16028911111
3017;15911164000;15828911111;16028911111
3018;15911326000;15828911111;16028911111
3019;15911379000;15828911111;16028911111
3020;15911551000;15828911111;16028911111
3021;15911554000;15828911111;16028911111
3022;15911771000;15828911111;16028911111
3023;15911773000;15828911111;16028911111
3024;15951083000;15828911111;16028911111
3027;15952691000;15870600000;16070600000
3028;15952695000;15870600000;16070600000
3029;15952748000;15870600000;16070600000
3030;15952974000;15870600000;16070600000
3031;15952977000;15870600000;16070600000
3032;15953178000;15870600000;16070600000
3033;15953321000;15870600000;16070600000
3034;15953329000;15870600000;16070600000
3035;15992747000;15870600000;16070600000
3036;15994050000;15912266666;16112266666
3037;15994239000;15912266666;16112266666
3038;15994242000;15912266666;16112266666
3039;15994495000;15912266666;16112266666
3040;15994674000;15912266666;16112266666
3041;15994677000;15912266666;16112266666
3042;15994857000;15912266666;16112266666
3043;15994860000;15912266666;16112266666
3044;15995090000;15912266666;16112266666
3045;15995093000;15912266666;16112266666
3046;16034442000;15912266666;16112266666
3047;16035712000;15953911111;16153911111
3048;16035894000;15953911111;16153911111
3049;16035906000;15953911111;16153911111
3050;16036090000;15953911111;16153911111
3051;16036339000;15953911111;16153911111
3052;16036359000;15953911111;16153911111
3053;16036509000;15953911111;16153911111
3054;16036529000;15953911111;16153911111
3055;16036704000;15953911111;16153911111
3056;16036947000;15953911111;16153911111
3057;16076085000;15953911111;16153911111
3058;16077380000;15995611111;16195611111
3059;16077573000;15995611111;16195611111
3060;16077576000;15995611111;16195611111
3061;16077805000;15995611111;16195611111
3062;16077993000;15995611111;16195611111
3063;16078003000;15995611111;16195611111
3064;16078198000;15995611111;16195611111
3065;16078229000;15995611111;16195611111
3066;16078391000;15995611111;16195611111
3067;16078598000;15995611111;16195611111
3068;16117785000;15995611111;16195611111
3069;16119047000;16037277777;16237277777
3070;16119236000;16037277777;16237277777
3071;16119239000;16037277777;16237277777
3072;16119471000;16037277777;16237277777
3073;16119653000;16037277777;16237277777
3074;16119657000;16037277777;16237277777
3075;16119883000;16037277777;16237277777
3076;16119898000;16037277777;16237277777
3077;16120029000;16037277777;16237277777
3078;16120282000;16037277777;16237277777
3079;16159446000;16037277777;16237277777
3080;16160713000;16078944444;16278944444
3081;16160909000;16078944444;16278944444
3084;16161158000;16078944444;16278944444
3087;16161568000;16078944444;16278944444
3088;16161609000;16078944444;16278944444
3089;16161610000;16078944444;16278944444
3090;16201121000;16078944444;16278944444
3091;16202380000;16120600000;16320600000
3092;16202571000;16120600000;16320600000
3093;16202573000;16120600000;16320600000
3094;16202805000;16120600000;16320600000
3095;16202988000;16120600000;16320600000
3098;16203259000;16120600000;16320600000
3099;16203262000;16120600000;16320600000
3100;16203409000;16120600000;16320600000
3101;16242740000;16120600000;16320600000
3102;16244040000;16162255555;16362255555
3103;16244239000;16162255555;16362255555
3104;16244242000;16162255555;16362255555
3105;16244503000;16162255555;16362255555
3106;16244672000;16162255555;16362255555
3107;16244705000;16162255555;16362255555
3108;16244858000;16162255555;16362255555
3109;16244992000;16162255555;16362255555
3110;16245121000;16162255555;16362255555
3111;16245133000;16162255555;16362255555
3112;16284429000;16162255555;16362255555
3113;16285725000;16203911111;16403911111
3114;16285887000;16203911111;16403911111
3115;16286130000;16203911111;16403911111
3116;16286133000;16203911111;16403911111
3117;16286393000;16203911111;16403911111
3118;16286405000;16203911111;16403911111
3119;16286570000;16203911111;16403911111
3120;16286576000;16203911111;16403911111
3121;16286790000;16203911111;16403911111
3122;16286815000;16203911111;16403911111
3123;16326070000;16203911111;16403911111
3124;16327371000;16245622222;16445622222
3125;16327574000;16245622222;16445622222
3126;16327576000;16245622222;16445622222
3127;16327806000;16245622222;16445622222
3128;16327982000;16245622222;16445622222
3129;16328025000;16245622222;16445622222
3130;16328214000;16245622222;16445622222
3131;16328218000;16245622222;16445622222
3132;16328433000;16245622222;16445622222
3133;16328577000;16245622222;16445622222
3134;16367766000;16245622222;16445622222
3135;16369012000;16287277777;16487277777
3136;16369219000;16287277777;16487277777
3137;16369221000;16287277777;16487277777
3138;16369452000;16287277777;16487277777
3139;16369654000;16287277777;16487277777
3142;16369863000;16287277777;16487277777
3143;16369866000;16287277777;16487277777
3144;16370039000;16287277777;16487277777
3145;16409440000;16287277777;16487277777
3146;16410702000;16328922222;16528922222
3147;16410898000;16328922222;16528922222
3148;16410900000;16328922222;16528922222
3149;16411132000;16328922222;16528922222
3150;16411326000;16328922222;16528922222
3151;16411328000;16328922222;16528922222
3152;16411509000;16328922222;16528922222
3153;16411529000;16328922222;16528922222
3154;16411721000;16328922222;16528922222
3155;16411723000;16328922222;16528922222
3156;16451073000;16328922222;16528922222
3157;16452366000;16370611111;16570611111
3158;16452559000;16370611111;16570611111
3159;16452571000;16370611111;16570611111
3160;16452784000;16370611111;16570611111
3161;16453019000;16370611111;16570611111
3162;16453021000;16370611111;16570611111
3163;16453189000;16370611111;16570611111
3166;16453441000;16370611111;16570611111
3167;16492788000;16370611111;16570611111
3168;16494036000;16412277777;16612277777
3169;16494230000;16412277777;16612277777
3170;16494231000;16412277777;16612277777
3171;16494458000;16412277777;16612277777
3172;16494675000;16412277777;16612277777
3173;16494701000;16412277777;16612277777
3174;16494862000;16412277777;16612277777
3175;16494931000;16412277777;16612277777
3176;16495041000;16412277777;16612277777
3177;16495043000;16412277777;16612277777
3178;16534439000;16412277777;16612277777
3179;16535704000;16453922222;16653922222
3180;16535897000;16453922222;16653922222
3181;16535899000;16453922222;16653922222
3182;16536117000;16453922222;16653922222
3183;16536269000;16453922222;16653922222
3184;16536281000;16453922222;16653922222
3185;16536523000;16453922222;16653922222
3186;16536604000;16453922222;16653922222
3187;16536687000;16453922222;16653922222
3188;16536818000;16453922222;16653922222
3189;16576006000;16453922222;16653922222
3190;16577389000;16495633333;16695633333
3191;16577537000;16495633333;16695633333
3192;16577805000;16495633333;16695633333
3193;16577806000;16495633333;16695633333
3194;16578050000;16495633333;16695633333
3195;16578051000;16495633333;16695633333
3196;16578183000;16495633333;16695633333
3197;16578330000;16495633333;16695633333
3198;16578397000;16495633333;16695633333
3199;16578624000;16495633333;16695633333
3200;16617731000;16495633333;16695633333
3201;16619072000;16537266666;16737266666
3202;16619230000;16537266666;16737266666
3203;16619232000;16537266666;16737266666
3204;16619470000;16537266666;16737266666
3205;16619694000;16537266666;16737266666
3206;16619696000;16537266666;16737266666
3207;16619868000;16537266666;16737266666
3208;16619894000;16537266666;16737266666
3209;16620065000;16537266666;16737266666
3210;16620067000;16537266666;16737266666
3211;16659366000;16537266666;16737266666
3212;16660710000;16578944444;16778944444
3213;16660851000;16578944444;16778944444
3214;16661101000;16578944444;16778944444
3215;16661104000;16578944444;16778944444
3216;16661321000;16578944444;16778944444
3217;16661325000;16578944444;16778944444
3218;16661547000;16578944444;16778944444
3219;16661589000;16578944444;16778944444
3220;16661693000;16578944444;16778944444
3221;16661712000;16578944444;16778944444
3222;16701084000;16578944444;16778944444
3223;16702356000;16620622222;16820622222
3224;16702553000;16620622222;16820622222
3225;16702555000;16620622222;16820622222
3226;16702800000;16620622222;16820622222
3227;16702996000;16620622222;16820622222
3228;16703005000;16620622222;16820622222
3229;16703167000;16620622222;16820622222
3230;16703170000;16620622222;16820622222
3231;16703397000;16620622222;16820622222
3232;16703400000;16620622222;16820622222
3233;16742775000;16620622222;16820622222
3234;16744051000;16662277777;16862277777
3235;16744231000;16662277777;16862277777
3236;16744485000;16662277777;16862277777
3237;16744487000;16662277777;16862277777
3238;16744713000;16662277777;16862277777
3239;16744715000;16662277777;16862277777
3240;16744892000;16662277777;16862277777
3241;16744952000;16662277777;16862277777
3242;16745068000;16662277777;16862277777
3243;16745118000;16662277777;16862277777
3244;16784436000;16662277777;16862277777
3245;16785726000;16703944444;16903944444
3246;16785916000;16703944444;16903944444
3247;16785919000;16703944444;16903944444
3248;16786152000;16703944444;16903944444
3249;16786333000;16703944444;16903944444
3250;16786336000;16703944444;16903944444
3251;16786559000;16703944444;16903944444
3252;16786575000;16703944444;16903944444
3253;16786788000;16703944444;16903944444
3254;16786958000;16703944444;16903944444
3255;16826101000;16703944444;16903944444
3256;16827383000;16745622222;16945622222
3257;16827574000;16745622222;16945622222
3258;16827586000;16745622222;16945622222
3259;16827770000;16745622222;16945622222
3260;16827991000;16745622222;16945622222
3261;16827996000;16745622222;16945622222
3262;16828201000;16745622222;16945622222
3263;16828204000;16745622222;16945622222
3264;16828385000;16745622222;16945622222
3265;16828627000;16745622222;16945622222
3266;16867796000;16745622222;16945622222
3267;16869073000;16787288888;16987288888
3268;16869232000;16787288888;16987288888
3269;16869482000;16787288888;16987288888
3270;16869485000;16787288888;16987288888
3271;16869663000;16787288888;16987288888
3272;16869667000;16787288888;16987288888
3273;16869919000;16787288888;16987288888
3274;16869949000;16787288888;16987288888
3275;16870108000;16787288888;16987288888
3276;16870111000;16787288888;16987288888
3277;16909461000;16787288888;16987288888
3278;16910750000;16828933333;17028933333
3279;16910909000;16828933333;17028933333
3280;16911185000;16828933333;17028933333
3281;16911188000;16828933333;17028933333
3282;16911189000;16828933333;17028933333
3283;16911470000;16828933333;17028933333
3284;16911593000;16828933333;17028933333
3285;16911596000;16828933333;17028933333
3286;16911753000;16828933333;17028933333
3287;16911979000;16828933333;17028933333
3288;16951107000;16828933333;17028933333
3289;16952391000;16870633333;17070633333
3290;16952586000;16870633333;17070633333
3291;16952588000;16870633333;17070633333
3292;16952826000;16870633333;17070633333
3293;16953002000;16870633333;17070633333
3294;16953005000;16870633333;17070633333
3295;16953271000;16870633333;17070633333
3296;16953290000;16870633333;17070633333
3297;16953439000;16870633333;17070633333
3298;16953442000;16870633333;17070633333
3299;16992756000;16870633333;17070633333
3300;16994025000;16912288888;17112288888
3301;16994216000;16912288888;17112288888
3302;16994218000;16912288888;17112288888
3303;16994448000;16912288888;17112288888
3304;16994618000;16912288888;17112288888
3305;16994705000;16912288888;17112288888
3306;16994854000;16912288888;17112288888
3307;16994857000;16912288888;17112288888
3308;16995048000;16912288888;17112288888
3309;16995050000;16912288888;17112288888
3310;17034464000;16912288888;17112288888
3311;17035690000;16953911111;17153911111
3312;17035881000;16953911111;17153911111
3313;17035883000;16953911111;17153911111
3314;17036114000;16953911111;17153911111
3315;17036294000;16953911111;17153911111
3316;17036297000;16953911111;17153911111
3317;17036545000;16953911111;17153911111
3318;17036548000;16953911111;17153911111
3319;17036672000;16953911111;17153911111
3320;17036936000;16953911111;17153911111
3321;17076067000;16953911111;17153911111
3322;17077358000;16995622222;17195622222
3323;17077535000;16995622222;17195622222
3324;17077538000;16995622222;17195622222
3325;17077732000;16995622222;17195622222
3326;17077993000;16995622222;17195622222
3327;17077996000;16995622222;17195622222
3328;17078178000;16995622222;17195622222
3329;17078319000;16995622222;17195622222
3330;17078339000;16995622222;17195622222
3331;17078549000;16995622222;17195622222
3332;17117720000;16995622222;17195622222
3333;17119029000;17037288888;17237288888
3334;17119214000;17037288888;17237288888
3335;17119217000;17037288888;17237288888
3336;17119467000;17037288888;17237288888
3337;17119647000;17037288888;17237288888
3338;17119650000;17037288888;17237288888
3339;17119892000;17037288888;17237288888
3340;17120009000;17037288888;17237288888
3341;17120012000;17037288888;17237288888
3342;17120212000;17037288888;17237288888
3343;17159463000;17037288888;17237288888
3344;17160707000;17078955555;17278955555
3345;17160863000;17078955555;17278955555
3346;17161119000;17078955555;17278955555
3347;17161122000;17078955555;17278955555
3348;17161344000;17078955555;17278955555
3349;17161347000;17078955555;17278955555
3350;17161527000;17078955555;17278955555
3351;17161596000;17078955555;17278955555
3352;17161723000;17078955555;17278955555
3353;17161725000;17078955555;17278955555
3354;17201115000;17078955555;17278955555
3355;17202357000;17120611111;17320611111
3356;17202555000;17120611111;17320611111
3357;17202557000;17120611111;17320611111
3358;17202778000;17120611111;17320611111
3359;17202966000;17120611111;17320611111
3360;17202976000;17120611111;17320611111
3361;17203179000;17120611111;17320611111
3362;17203319000;17120611111;17320611111
3363;17203339000;17120611111;17320611111
3364;17203591000;17120611111;17320611111
3365;17242785000;17120611111;17320611111
3366;17244026000;17162266666;17362266666
3367;17244219000;17162266666;17362266666
3368;17244222000;17162266666;17362266666
3369;17244483000;17162266666;17362266666
3370;17244651000;17162266666;17362266666
3371;17244784000;17162266666;17362266666
3372;17244787000;17162266666;17362266666
3373;17244811000;17162266666;17362266666
3374;17245078000;17162266666;17362266666
3375;17245081000;17162266666;17362266666
3376;17284442000;17162266666;17362266666
3377;17285690000;17203922222;17403922222
3378;17285879000;17203922222;17403922222
3379;17285882000;17203922222;17403922222
3380;17286114000;17203922222;17403922222
3381;17286301000;17203922222;17403922222
3382;17286304000;17203922222;17403922222
3383;17286507000;17203922222;17403922222
3384;17286598000;17203922222;17403922222
3385;17286713000;17203922222;17403922222
3386;17286716000;17203922222;17403922222
3387;17326071000;17203922222;17403922222
3388;17327336000;17245633333;17445633333
3389;17327529000;17245633333;17445633333
3390;17327767000;17245633333;17445633333
3391;17327770000;17245633333;17445633333
3392;17327993000;17245633333;17445633333
3393;17327995000;17245633333;17445633333
3394;17328161000;17245633333;17445633333
3395;17328187000;17245633333;17445633333
3396;17328341000;17245633333;17445633333
3397;17328575000;17245633333;17445633333
3398;17367796000;17245633333;17445633333
3399;17369026000;17287277777;17487277777
3400;17369194000;17287277777;17487277777
3401;17369409000;17287277777;17487277777
3402;17369412000;17287277777;17487277777
3403;17369654000;17287277777;17487277777
3404;17369656000;17287277777;17487277777
3405;17369802000;17287277777;17487277777
3406;17369904000;17287277777;17487277777
3407;17370016000;17287277777;17487277777
3408;17370029000;17287277777;17487277777
3409;17409439000;17287277777;17487277777
3410;17410696000;17328933333;17528933333
3411;17410885000;17328933333;17528933333
3412;17410888000;17328933333;17528933333
3413;17411136000;17328933333;17528933333
3414;17411412000;17328933333;17528933333
3415;17411414000;17328933333;17528933333
3416;17411563000;17328933333;17528933333
3417;17411600000;17328933333;17528933333
3418;17411705000;17328933333;17528933333
3419;17411996000;17328933333;17528933333
3420;17451093000;17328933333;17528933333
3421;17452365000;17370633333;17570633333
3422;17452561000;17370633333;17570633333
3423;17452564000;17370633333;17570633333
3424;17452782000;17370633333;17570633333
3425;17453006000;17370633333;17570633333
3426;17453018000;17370633333;17570633333
3427;17453163000;17370633333;17570633333
3428;17453196000;17370633333;17570633333
3429;17453403000;17370633333;17570633333
3430;17453404000;17370633333;17570633333
3431;17492764000;17370633333;17570633333
3432;17494036000;17412288888;17612288888
3433;17494233000;17412288888;17612288888
3434;17494235000;17412288888;17612288888
3435;17494473000;17412288888;17612288888
3436;17494697000;17412288888;17612288888
3437;17494699000;17412288888;17612288888
3438;17494870000;17412288888;17612288888
3439;17494895000;17412288888;17612288888
3440;17495055000;17412288888;17612288888
3441;17495056000;17412288888;17612288888
3442;17534451000;17412288888;17612288888
3443;17535693000;17453933333;17653933333
3444;17535905000;17453933333;17653933333
3445;17535907000;17453933333;17653933333
3446;17536144000;17453933333;17653933333
3447;17536327000;17453933333;17653933333
3448;17536332000;17453933333;17653933333
3449;17536546000;17453933333;17653933333
3450;17536572000;17453933333;17653933333
3451;17536722000;17453933333;17653933333
3452;17536724000;17453933333;17653933333
3453;17576065000;17453933333;17653933333
3454;17577411000;17495633333;17695633333
3455;17577552000;17495633333;17695633333
3456;17577803000;17495633333;17695633333
3457;17577817000;17495633333;17695633333
3458;17578023000;17495633333;17695633333
3459;17578096000;17495633333;17695633333
3460;17578122000;17495633333;17695633333
3461;17578138000;17495633333;17695633333
3462;17578365000;17495633333;17695633333
3465;17659460000;17537277777;17737277777
3468;17659488000;17537277777;17737277777
3469;17659496000;17537277777;17737277777
3470;17659497000;17537277777;17737277777
3471;17659498000;17537277777;17737277777
3472;17659499000;17537277777;17737277777
3473;17659508000;17537277777;17737277777
3474;17659509000;17537277777;17737277777
3475;17659664000;17537277777;17737277777
3476;17660715000;17578944444;17778944444
3477;17660906000;17578944444;17778944444
3478;17660908000;17578944444;17778944444
3479;17661037000;17578944444;17778944444
3480;17661319000;17578944444;17778944444
3481;17661322000;17578944444;17778944444
3482;17661521000;17578944444;17778944444
3483;17661523000;17578944444;17778944444
3484;17661761000;17578944444;17778944444
3485;17661764000;17578944444;17778944444
3486;17701104000;17578944444;17778944444
3487;17702382000;17620622222;17820622222
3488;17702574000;17620622222;17820622222
3489;17702576000;17620622222;17820622222
3490;17702827000;17620622222;17820622222
3491;17703012000;17620622222;17820622222
3492;17703044000;17620622222;17820622222
3493;17703195000;17620622222;17820622222
3494;17703198000;17620622222;17820622222
3495;17703423000;17620622222;17820622222
3496;17703425000;17620622222;17820622222
3497;17742798000;17620622222;17820622222
3498;17744047000;17662288888;17862288888
3499;17744244000;17662288888;17862288888
3500;17744246000;17662288888;17862288888
3501;17744496000;17662288888;17862288888
3502;17744661000;17662288888;17862288888
3503;17744678000;17662288888;17862288888
3508;17784467000;17662288888;17862288888
3509;17785713000;17703944444;17903944444
3510;17785904000;17703944444;17903944444
3511;17785907000;17703944444;17903944444
3512;17786136000;17703944444;17903944444
3513;17786317000;17703944444;17903944444
3514;17786320000;17703944444;17903944444
3515;17786570000;17703944444;17903944444
3516;17786574000;17703944444;17903944444
3517;17786722000;17703944444;17903944444
3518;17786739000;17703944444;17903944444
3519;17826101000;17703944444;17903944444
3520;17827383000;17745622222;17945622222
3521;17827564000;17745622222;17945622222
3522;17827576000;17745622222;17945622222
3523;17827793000;17745622222;17945622222
3524;17827979000;17745622222;17945622222
3525;17828000000;17745622222;17945622222
3526;17828214000;17745622222;17945622222
3527;17828272000;17745622222;17945622222
3528;17828389000;17745622222;17945622222
3529;17828419000;17745622222;17945622222
3530;17867782000;17745622222;17945622222
3531;17869046000;17787277777;17987277777
3532;17869238000;17787277777;17987277777
3533;17869241000;17787277777;17987277777
3534;17869471000;17787277777;17987277777
3535;17869640000;17787277777;17987277777
3536;17869652000;17787277777;17987277777
3537;17869881000;17787277777;17987277777
3538;17869885000;17787277777;17987277777
3539;17870094000;17787277777;17987277777
3540;17870097000;17787277777;17987277777
3541;17909433000;17787277777;17987277777
3542;17910704000;17828944444;18028944444
3543;17910891000;17828944444;18028944444
3544;17910903000;17828944444;18028944444
3545;17911088000;17828944444;18028944444
3546;17911349000;17828944444;18028944444
3547;17911366000;17828944444;18028944444
3548;17911531000;17828944444;18028944444
3549;17911677000;17828944444;18028944444
3550;17911680000;17828944444;18028944444
3551;17911957000;17828944444;18028944444
3552;17951118000;17828944444;18028944444
3553;17952357000;17870622222;18070622222
3554;17952553000;17870622222;18070622222
3555;17952556000;17870622222;18070622222
3556;17952769000;17870622222;18070622222
3557;17952976000;17870622222;18070622222
3558;17952981000;17870622222;18070622222
3559;17953178000;17870622222;18070622222
3560;17953181000;17870622222;18070622222
3561;17953404000;17870622222;18070622222
3562;17953407000;17870622222;18070622222
3563;17992775000;17870622222;18070622222
3564;17994016000;17912288888;18112288888
3565;17994194000;17912288888;18112288888
3566;17994427000;17912288888;18112288888
3567;17994429000;17912288888;18112288888
3568;17994682000;17912288888;18112288888
3569;17994684000;17912288888;18112288888
3570;17994825000;17912288888;18112288888
3571;17994841000;17912288888;18112288888
3572;17995056000;17912288888;18112288888
3573;17995069000;17912288888;18112288888
3574;18034445000;17912288888;18112288888
3575;18035717000;17953922222;18153922222
3576;18035892000;17953922222;18153922222
3577;18035904000;17953922222;18153922222
3578;18036090000;17953922222;18153922222
3579;18036351000;17953922222;18153922222
3580;18036361000;17953922222;18153922222
3581;18036533000;17953922222;18153922222
3582;18036643000;17953922222;18153922222
3583;18036858000;17953922222;18153922222
3584;18036860000;17953922222;18153922222
3585;18076097000;17953922222;18153922222
3586;18077380000;17995644444;18195644444
3587;18077572000;17995644444;18195644444
3588;18077574000;17995644444;18195644444
3589;18077837000;17995644444;18195644444
3590;18078039000;17995644444;18195644444
3591;18078068000;17995644444;18195644444
3592;18078186000;17995644444;18195644444
3593;18078189000;17995644444;18195644444
3594;18078418000;17995644444;18195644444
3595;18078727000;17995644444;18195644444
3596;18117818000;17995644444;18195644444
3597;18119047000;18037300000;18237300000
3598;18119240000;18037300000;18237300000
3599;18119242000;18037300000;18237300000
3600;18119472000;18037300000;18237300000
3601;18119662000;18037300000;18237300000
3602;18119665000;18037300000;18237300000
3603;18119906000;18037300000;18237300000
3604;18120027000;18037300000;18237300000
3605;18120030000;18037300000;18237300000
3606;18120275000;18037300000;18237300000
3607;18159455000;18037300000;18237300000
3608;18160698000;18078966666;18278966666
3609;18160883000;18078966666;18278966666
3610;18161135000;18078966666;18278966666
3611;18161138000;18078966666;18278966666
3612;18161364000;18078966666;18278966666
3613;18161377000;18078966666;18278966666
3614;18161522000;18078966666;18278966666
3618;18201093000;18078966666;18278966666
3619;18202370000;18120611111;18320611111
3620;18202572000;18120611111;18320611111
3621;18202574000;18120611111;18320611111
3622;18202799000;18120611111;18320611111
3623;18202978000;18120611111;18320611111
3626;18203211000;18120611111;18320611111
3627;18203234000;18120611111;18320611111
3628;18203395000;18120611111;18320611111
3629;18242773000;18120611111;18320611111
3630;18244035000;18162277777;18362277777
3631;18244236000;18162277777;18362277777
3632;18244238000;18162277777;18362277777
3633;18244486000;18162277777;18362277777
3634;18244720000;18162277777;18362277777
3635;18244722000;18162277777;18362277777
3636;18244865000;18162277777;18362277777
3637;18244989000;18162277777;18362277777
3638;18245051000;18162277777;18362277777
3639;18245265000;18162277777;18362277777
3640;18284432000;18162277777;18362277777
3641;18285709000;18203933333;18403933333
3642;18285862000;18203933333;18403933333
3643;18286127000;18203933333;18403933333
3644;18286153000;18203933333;18403933333
3645;18286283000;18203933333;18403933333
3646;18286354000;18203933333;18403933333
3647;18286518000;18203933333;18403933333
3648;18286602000;18203933333;18403933333
3649;18286787000;18203933333;18403933333
3650;18286789000;18203933333;18403933333
3651;18326094000;18203933333;18403933333
3652;18327377000;18245633333;18445633333
3653;18327575000;18245633333;18445633333
3654;18327577000;18245633333;18445633333
3655;18327807000;18245633333;18445633333
3656;18328024000;18245633333;18445633333
3657;18328026000;18245633333;18445633333
3658;18328208000;18245633333;18445633333
3659;18328226000;18245633333;18445633333
3660;18328414000;18245633333;18445633333
3661;18328495000;18245633333;18445633333
3662;18367777000;18245633333;18445633333
3663;18368987000;18287288888;18487288888
3664;18369216000;18287288888;18487288888
3665;18369217000;18287288888;18487288888
3666;18369468000;18287288888;18487288888
3667;18369694000;18287288888;18487288888
3668;18369696000;18287288888;18487288888
3669;18369851000;18287288888;18487288888
3670;18369853000;18287288888;18487288888
3671;18370061000;18287288888;18487288888
3672;18370063000;18287288888;18487288888
3673;18409450000;18287288888;18487288888
3674;18410681000;18328944444;18528944444
3675;18410872000;18328944444;18528944444
3676;18410873000;18328944444;18528944444
3677;18411101000;18328944444;18528944444
3678;18411311000;18328944444;18528944444
3679;18411312000;18328944444;18528944444
3680;18411504000;18328944444;18528944444
3681;18411506000;18328944444;18528944444
3684;18451096000;18328944444;18528944444
3685;18452365000;18370633333;18570633333
3686;18452563000;18370633333;18570633333
3687;18452572000;18370633333;18570633333
3688;18452814000;18370633333;18570633333
3689;18453051000;18370633333;18570633333
3690;18453053000;18370633333;18570633333
3691;18453218000;18370633333;18570633333
3692;18453230000;18370633333;18570633333
3693;18453396000;18370633333;18570633333
3694;18453398000;18370633333;18570633333
3695;18492764000;18370633333;18570633333
3696;18494032000;18412277777;18612277777
3697;18494228000;18412277777;18612277777
3698;18494230000;18412277777;18612277777
3699;18494457000;18412277777;18612277777
3700;18494748000;18412277777;18612277777
3701;18494760000;18412277777;18612277777
3702;18494862000;18412277777;18612277777
3706;18534431000;18412277777;18612277777
3707;18535707000;18453911111;18653911111
3708;18535894000;18453911111;18653911111
3709;18535906000;18453911111;18653911111
3710;18536123000;18453911111;18653911111
3711;18536308000;18453911111;18653911111
3712;18536320000;18453911111;18653911111
3713;18536555000;18453911111;18653911111
3714;18536558000;18453911111;18653911111
3715;18536732000;18453911111;18653911111
3716;18536745000;18453911111;18653911111
3717;18576065000;18453911111;18653911111
3720;18577715000;18495622222;18695622222
3721;18577719000;18495622222;18695622222
3722;18577745000;18495622222;18695622222
3723;18577993000;18495622222;18695622222
3724;18577996000;18495622222;18695622222
3725;18578200000;18495622222;18695622222
3726;18578336000;18495622222;18695622222
3727;18578441000;18495622222;18695622222
3728;18617797000;18495622222;18695622222
3729;18619047000;18537266666;18737266666
3730;18619235000;18537266666;18737266666
3731;18619237000;18537266666;18737266666
3734;18619650000;18537266666;18737266666
3735;18619666000;18537266666;18737266666
3736;18619914000;18537266666;18737266666
3737;18619933000;18537266666;18737266666
3738;18620078000;18537266666;18737266666
3739;18659441000;18537266666;18737266666
3740;18660706000;18578933333;18778933333
3741;18660907000;18578933333;18778933333
3742;18660909000;18578933333;18778933333
3743;18661162000;18578933333;18778933333
3744;18661333000;18578933333;18778933333
3745;18661336000;18578933333;18778933333
3746;18661576000;18578933333;18778933333
3747;18661579000;18578933333;18778933333
3748;18661794000;18578933333;18778933333
3749;18661857000;18578933333;18778933333
3750;18701090000;18578933333;18778933333
3751;18702386000;18620622222;18820622222
3752;18702573000;18620622222;18820622222
3753;18702575000;18620622222;18820622222
3758;18703036000;18620622222;18820622222
3759;18703063000;18620622222;18820622222
3760;18703192000;18620622222;18820622222
3761;18742804000;18620622222;18820622222
3762;18744061000;18662277777;18862277777
3763;18744219000;18662277777;18862277777
3764;18744464000;18662277777;18862277777
3765;18744467000;18662277777;18862277777
3766;18744649000;18662277777;18862277777
3767;18744652000;18662277777;18862277777
3768;18744841000;18662277777;18862277777
3769;18744848000;18662277777;18862277777
3770;18745015000;18662277777;18862277777
3771;18745135000;18662277777;18862277777
3772;18784437000;18662277777;18862277777
3773;18785704000;18703922222;18903922222
3774;18785897000;18703922222;18903922222
3775;18785899000;18703922222;18903922222
3776;18786125000;18703922222;18903922222
3777;18786403000;18703922222;18903922222
3778;18786415000;18703922222;18903922222
3779;18786535000;18703922222;18903922222
3780;18786552000;18703922222;18903922222
3781;18786703000;18703922222;18903922222
3782;18786953000;18703922222;18903922222
3783;18826021000;18703922222;18903922222
3784;18827421000;18745611111;18945611111
3785;18827575000;18745611111;18945611111
3786;18827576000;18745611111;18945611111
3787;18827812000;18745611111;18945611111
3788;18828044000;18745611111;18945611111
3789;18828046000;18745611111;18945611111
3790;18828196000;18745611111;18945611111
3791;18828198000;18745611111;18945611111
3792;18828406000;18745611111;18945611111
3793;18828432000;18745611111;18945611111
3794;18867772000;18745611111;18945611111
3795;18869054000;18787277777;18987277777
3796;18869242000;18787277777;18987277777
3797;18869244000;18787277777;18987277777
3798;18869474000;18787277777;18987277777
3799;18869681000;18787277777;18987277777
3800;18869683000;18787277777;18987277777
3801;18869870000;18787277777;18987277777
3802;18869872000;18787277777;18987277777
3803;18870062000;18787277777;18987277777
3804;18870063000;18787277777;18987277777
3805;18909429000;18787277777;18987277777
3806;18910712000;18828955555;19028955555
3807;18910910000;18828955555;19028955555
3808;18910911000;18828955555;19028955555
3809;18911131000;18828955555;19028955555
3810;18911358000;18828955555;19028955555
3811;18911360000;18828955555;19028955555
3812;18911552000;18828955555;19028955555
3813;18911678000;18828955555;19028955555
3814;18911695000;18828955555;19028955555
3815;18911960000;18828955555;19028955555
3816;18951039000;18828955555;19028955555
3817;18952420000;18870633333;19070633333
3818;18952576000;18870633333;19070633333
3819;18952577000;18870633333;19070633333
3820;18952815000;18870633333;19070633333
3821;18953033000;18870633333;19070633333
3822;18953035000;18870633333;19070633333
3823;18953205000;18870633333;19070633333
3824;18953231000;18870633333;19070633333
3825;18953377000;18870633333;19070633333
3826;18953590000;18870633333;19070633333
3827;18992756000;18870633333;19070633333
3828;18994088000;18912311111;19112311111
3829;18994261000;18912311111;19112311111
3830;18994263000;18912311111;19112311111
3831;18994454000;18912311111;19112311111
3832;18994697000;18912311111;19112311111
3833;18994698000;18912311111;19112311111
3834;18994868000;18912311111;19112311111
3835;18994985000;18912311111;19112311111
3836;18995095000;18912311111;19112311111
3837;18995097000;18912311111;19112311111
3838;19034469000;18912311111;19112311111
3839;19035727000;18953944444;19153944444
3843;19036089000;18953944444;19153944444
3844;19036120000;18953944444;19153944444
3845;19036331000;18953944444;19153944444
3846;19036371000;18953944444;19153944444
3847;19036558000;18953944444;19153944444
3848;19036694000;18953944444;19153944444
3849;19076122000;18953944444;19153944444
3850;19077394000;18995644444;19195644444
3851;19077584000;18995644444;19195644444
3852;19077586000;18995644444;19195644444
3853;19077814000;18995644444;19195644444
3854;19078001000;18995644444;19195644444
3855;19078011000;18995644444;19195644444
3856;19078215000;18995644444;19195644444
3857;19078355000;18995644444;19195644444
3858;19078376000;18995644444;19195644444
3859;19078613000;18995644444;19195644444
3860;19117801000;18995644444;19195644444
3861;19119060000;19037300000;19237300000
3862;19119250000;19037300000;19237300000
3863;19119253000;19037300000;19237300000
3864;19119484000;19037300000;19237300000
3865;19119679000;19037300000;19237300000
3866;19119688000;19037300000;19237300000
3867;19119878000;19037300000;19237300000
3868;19120005000;19037300000;19237300000
3869;19120117000;19037300000;19237300000
3870;19120259000;19037300000;19237300000
3871;19159453000;19037300000;19237300000
3872;19160719000;19078966666;19278966666
3875;19161160000;19078966666;19278966666
3876;19161163000;19078966666;19278966666
3877;19161335000;19078966666;19278966666
3878;19161356000;19078966666;19278966666
3879;19161608000;19078966666;19278966666
3880;19161611000;19078966666;19278966666
3881;19161751000;19078966666;19278966666
3882;19201151000;19078966666;19278966666
3883;19202417000;19120611111;19320611111
3884;19202607000;19120611111;19320611111
3885;19202610000;19120611111;19320611111
3886;19202837000;19120611111;19320611111
3887;19203019000;19120611111;19320611111
3888;19203066000;19120611111;19320611111
3889;19203233000;19120611111;19320611111
3890;19203235000;19120611111;19320611111
3891;19203392000;19120611111;19320611111
3892;19203571000;19120611111;19320611111
3893;19242785000;19120611111;19320611111
3894;19244083000;19162277777;19362277777
3895;19244272000;19162277777;19362277777
3896;19244274000;19162277777;19362277777
3897;19244507000;19162277777;19362277777
3898;19244692000;19162277777;19362277777
3899;19244697000;19162277777;19362277777
3900;19244890000;19162277777;19362277777
3901;19244892000;19162277777;19362277777
3902;19245055000;19162277777;19362277777
3903;19245258000;19162277777;19362277777
3904;19284421000;19162277777;19362277777
3905;19285729000;19203922222;19403922222
3906;19285894000;19203922222;19403922222
3907;19286167000;19203922222;19403922222
3908;19286170000;19203922222;19403922222
3909;19286348000;19203922222;19403922222
3910;19286354000;19203922222;19403922222
3911;19286494000;19203922222;19403922222
3912;19286632000;19203922222;19403922222
3913;19286724000;19203922222;19403922222
3914;19286990000;19203922222;19403922222
3915;19326079000;19203922222;19403922222
3916;19327382000;19245644444;19445644444
3917;19327572000;19245644444;19445644444
3918;19327575000;19245644444;19445644444
3919;19327779000;19245644444;19445644444
3920;19328005000;19245644444;19445644444
3921;19328073000;19245644444;19445644444
3922;19328266000;19245644444;19445644444
3923;19328268000;19245644444;19445644444
3924;19328381000;19245644444;19445644444
3925;19328423000;19245644444;19445644444
3926;19367817000;19245644444;19445644444
3927;19369014000;19287300000;19487300000
3928;19369192000;19287300000;19487300000
3929;19369385000;19287300000;19487300000
3930;19369388000;19287300000;19487300000
3931;19369742000;19287300000;19487300000
3932;19369744000;19287300000;19487300000
3933;19369840000;19287300000;19487300000
3934;19369844000;19287300000;19487300000
3935;19370081000;19287300000;19487300000
3936;19370095000;19287300000;19487300000
3937;19409444000;19287300000;19487300000
3938;19410730000;19328955555;19528955555
3939;19410895000;19328955555;19528955555
3940;19411167000;19328955555;19528955555
3941;19411170000;19328955555;19528955555
3942;19411364000;19328955555;19528955555
3945;19411628000;19328955555;19528955555
3946;19411631000;19328955555;19528955555
3947;19411742000;19328955555;19528955555
3948;19451131000;19328955555;19528955555
3949;19452392000;19370655555;19570655555
3950;19452582000;19370655555;19570655555
3951;19452585000;19370655555;19570655555
3952;19452824000;19370655555;19570655555
3953;19452975000;19370655555;19570655555
3954;19453028000;19370655555;19570655555
3955;19453197000;19370655555;19570655555
3956;19453212000;19370655555;19570655555
3957;19453425000;19370655555;19570655555
3958;19453440000;19370655555;19570655555
3959;19492829000;19370655555;19570655555
3960;19494063000;19412288888;19612288888
3961;19494248000;19412288888;19612288888
3962;19494250000;19412288888;19612288888
3963;19494472000;19412288888;19612288888
3964;19494642000;19412288888;19612288888
3965;19494770000;19412288888;19612288888
3966;19494864000;19412288888;19612288888
3967;19494870000;19412288888;19612288888
3968;19495094000;19412288888;19612288888
3969;19495106000;19412288888;19612288888
3970;19534464000;19412288888;19612288888
3971;19535726000;19453933333;19653933333
3972;19535917000;19453933333;19653933333
3973;19535919000;19453933333;19653933333
3974;19536160000;19453933333;19653933333
3975;19536348000;19453933333;19653933333
3976;19536564000;19453933333;19653933333
3977;19536567000;19453933333;19653933333
3978;19536572000;19453933333;19653933333
3979;19536769000;19453933333;19653933333
3980;19536784000;19453933333;19653933333
3981;19576094000;19453933333;19653933333
3982;19577383000;19495644444;19695644444
3983;19577585000;19495644444;19695644444
3984;19577587000;19495644444;19695644444
3985;19577803000;19495644444;19695644444
3986;19577989000;19495644444;19695644444
3987;19577991000;19495644444;19695644444
3988;19578303000;19495644444;19695644444
3989;19578305000;19495644444;19695644444
3990;19578417000;19495644444;19695644444
3991;19578420000;19495644444;19695644444
3992;19617755000;19495644444;19695644444
3993;19619050000;19537277777;19737277777
3994;19619207000;19537277777;19737277777
3995;19619463000;19537277777;19737277777
3996;19619465000;19537277777;19737277777
3997;19619691000;19537277777;19737277777
3998;19619693000;19537277777;19737277777
3999;19619857000;19537277777;19737277777
4000;19619908000;19537277777;19737277777
4001;19620076000;19537277777;19737277777
4002;19620086000;19537277777;19737277777
4003;19659439000;19537277777;19737277777
4004;19660716000;19578955555;19778955555
4005;19660917000;19578955555;19778955555
4006;19660920000;19578955555;19778955555
4007;19661136000;19578955555;19778955555
4008;19661381000;19578955555;19778955555
4009;19661394000;19578955555;19778955555
4010;19661527000;19578955555;19778955555
4011;19661559000;19578955555;19778955555
4012;19661712000;19578955555;19778955555
4013;19661949000;19578955555;19778955555
4014;19701117000;19578955555;19778955555
4015;19702379000;19620633333;19820633333
4016;19702573000;19620633333;19820633333
4019;19702797000;19620633333;19820633333
4020;19703021000;19620633333;19820633333
4021;19703024000;19620633333;19820633333
4022;19703191000;19620633333;19820633333
4023;19703343000;19620633333;19820633333
4024;19703378000;19620633333;19820633333
4025;19742813000;19620633333;19820633333
4028;19744336000;19662288888;19862288888
4029;19744474000;19662288888;19862288888
4030;19744476000;19662288888;19862288888
4033;19744787000;19662288888;19862288888
4034;19744891000;19662288888;19862288888
4035;19744908000;19662288888;19862288888
4036;19784448000;19662288888;19862288888
4037;19785713000;19703944444;19903944444
4038;19785908000;19703944444;19903944444
4039;19785910000;19703944444;19903944444
4040;19786142000;19703944444;19903944444
4041;19786313000;19703944444;19903944444
4042;19786315000;19703944444;19903944444
4043;19786595000;19703944444;19903944444
4044;19786618000;19703944444;19903944444
4045;19786724000;19703944444;19903944444
4046;19786726000;19703944444;19903944444
4047;19826090000;19703944444;19903944444
4048;19827422000;19745633333;19945633333
4049;19827574000;19745633333;19945633333
4050;19827576000;19745633333;19945633333
4051;19827816000;19745633333;19945633333
4052;19827993000;19745633333;19945633333
4053;19827998000;19745633333;19945633333
4054;19828174000;19745633333;19945633333
4055;19828233000;19745633333;19945633333
4056;19828392000;19745633333;19945633333
4057;19828393000;19745633333;19945633333
4058;19867738000;19745633333;19945633333
4059;19869049000;19787288888;19987288888
4060;19869207000;19787288888;19987288888
4061;19869470000;19787288888;19987288888
4062;19869472000;19787288888;19987288888
4063;19869668000;19787288888;19987288888
4064;19869670000;19787288888;19987288888
4065;19869846000;19787288888;19987288888
4066;19869886000;19787288888;19987288888
4067;19870044000;19787288888;19987288888
4068;19870251000;19787288888;19987288888
4069;19909464000;19787288888;19987288888
4070;19910727000;19828944444;20028944444
4071;19910917000;19828944444;20028944444
4072;19910920000;19828944444;20028944444
4073;19911140000;19828944444;20028944444
4074;19911309000;19828944444;20028944444
4075;19911338000;19828944444;20028944444
4076;19911535000;19828944444;20028944444
4077;19911620000;19828944444;20028944444
4078;19911734000;19828944444;20028944444
4079;19911738000;19828944444;20028944444
4080;19951118000;19828944444;20028944444
4081;19952392000;19870644444;20070644444
4082;19952586000;19870644444;20070644444
4083;19952588000;19870644444;20070644444
4084;19952812000;19870644444;20070644444
4085;19952974000;19870644444;20070644444
4086;19953132000;19870644444;20070644444
4087;19953156000;19870644444;20070644444
4088;19953235000;19870644444;20070644444
4089;19953398000;19870644444;20070644444
4090;19953403000;19870644444;20070644444
4091;19992818000;19870644444;20070644444
4092;19994059000;19912288888;20112288888
4093;19994250000;19912288888;20112288888
4094;19994252000;19912288888;20112288888
4095;19994483000;19912288888;20112288888
4096;19994642000;19912288888;20112288888
4097;19994729000;19912288888;20112288888
4098;19994859000;19912288888;20112288888
4099;19994864000;19912288888;20112288888
4100;19995027000;19912288888;20112288888
4101;19995252000;19912288888;20112288888
4102;20034460000;19912288888;20112288888
4103;20035727000;19953922222;20153922222
4104;20035917000;19953922222;20153922222
4105;20035919000;19953922222;20153922222
4106;20036192000;19953922222;20153922222
4107;20036350000;19953922222;20153922222
4108;20036486000;19953922222;20153922222
4109;20036497000;19953922222;20153922222
4110;20036503000;19953922222;20153922222
4111;20036759000;19953922222;20153922222
4112;20036772000;19953922222;20153922222
4113;20076095000;19953922222;20153922222
4114;20077390000;19995655555;20195655555
4115;20077582000;19995655555;20195655555
4116;20077585000;19995655555;20195655555
4117;20077810000;19995655555;20195655555
4118;20077978000;19995655555;20195655555
4119;20078025000;19995655555;20195655555
4120;20078198000;19995655555;20195655555
4121;20078204000;19995655555;20195655555
4122;20078423000;19995655555;20195655555
4123;20078438000;19995655555;20195655555
4124;20117814000;19995655555;20195655555
4125;20119058000;20037300000;20237300000
4126;20119248000;20037300000;20237300000
4127;20119251000;20037300000;20237300000
4128;20119478000;20037300000;20237300000
4129;20119648000;20037300000;20237300000
4130;20119663000;20037300000;20237300000
4131;20119883000;20037300000;20237300000
4132;20119963000;20037300000;20237300000
4133;20120071000;20037300000;20237300000
4134;20120075000;20037300000;20237300000
4135;20159462000;20037300000;20237300000
4136;20160722000;20078977777;20278977777
4137;20160922000;20078977777;20278977777
4138;20160924000;20078977777;20278977777
4139;20161144000;20078977777;20278977777
4140;20161316000;20078977777;20278977777
4141;20161318000;20078977777;20278977777
4142;20161632000;20078977777;20278977777
4143;20161634000;20078977777;20278977777
4144;20161747000;20078977777;20278977777
4145;20161750000;20078977777;20278977777
4146;20201141000;20078977777;20278977777
4147;20202382000;20120633333;20320633333
4148;20202584000;20120633333;20320633333
4149;20202586000;20120633333;20320633333
4150;20202804000;20120633333;20320633333
4151;20202978000;20120633333;20320633333
4152;20202980000;20120633333;20320633333
4153;20203224000;20120633333;20320633333
4154;20203265000;20120633333;20320633333
4155;20203363000;20120633333;20320633333
4156;20203614000;20120633333;20320633333
4157;20242795000;20120633333;20320633333
4158;20244052000;20162300000;20362300000
4159;20244253000;20162300000;20362300000
4160;20244255000;20162300000;20362300000
4163;20244724000;20162300000;20362300000
4164;20244802000;20162300000;20362300000
4165;20244840000;20162300000;20362300000
4166;20244852000;20162300000;20362300000
4167;20245050000;20162300000;20362300000
4168;20284391000;20162300000;20362300000
4169;20285699000;20203955555;20403955555
4170;20285908000;20203955555;20403955555
4171;20285910000;20203955555;20403955555
4172;20286146000;20203955555;20403955555
4173;20286335000;20203955555;20403955555
4174;20286338000;20203955555;20403955555
4175;20286558000;20203955555;20403955555
4176;20286680000;20203955555;20403955555
4177;20286726000;20203955555;20403955555
4178;20286966000;20203955555;20403955555
4179;20326117000;20203955555;20403955555
4180;20327389000;20245655555;20445655555
4181;20327577000;20245655555;20445655555
4182;20327579000;20245655555;20445655555
4183;20327804000;20245655555;20445655555
4184;20327988000;20245655555;20445655555
4185;20327990000;20245655555;20445655555
4186;20328293000;20245655555;20445655555
4189;20328475000;20245655555;20445655555
4190;20367768000;20245655555;20445655555
4191;20369048000;20287300000;20487300000
4192;20369207000;20287300000;20487300000
4193;20369452000;20287300000;20487300000
4194;20369455000;20287300000;20487300000
4195;20369654000;20287300000;20487300000
4196;20369702000;20287300000;20487300000
4197;20369860000;20287300000;20487300000
4198;20369903000;20287300000;20487300000
4199;20370057000;20287300000;20487300000
4200;20370060000;20287300000;20487300000
4201;20409472000;20287300000;20487300000
4202;20410716000;20328955555;20528955555
4203;20410903000;20328955555;20528955555
4204;20410905000;20328955555;20528955555
4205;20411134000;20328955555;20528955555
4206;20411335000;20328955555;20528955555
4207;20411360000;20328955555;20528955555
4208;20411529000;20328955555;20528955555
4211;20411811000;20328955555;20528955555
4212;20451117000;20328955555;20528955555
4213;20452384000;20370644444;20570644444
4214;20452580000;20370644444;20570644444
4215;20452582000;20370644444;20570644444
4216;20452808000;20370644444;20570644444
4217;20452982000;20370644444;20570644444
4218;20452988000;20370644444;20570644444
4219;20453177000;20370644444;20570644444
4220;20453222000;20370644444;20570644444
4221;20453396000;20370644444;20570644444
4222;20453399000;20370644444;20570644444
4223;20492769000;20370644444;20570644444
4224;20494100000;20412300000;20612300000
4227;20494401000;20412300000;20612300000
4228;20494456000;20412300000;20612300000
4229;20494671000;20412300000;20612300000
4230;20494673000;20412300000;20612300000
4231;20494846000;20412300000;20612300000
4232;20494889000;20412300000;20612300000
4233;20495075000;20412300000;20612300000
4234;20534460000;20412300000;20612300000
4235;20535726000;20453933333;20653933333
4238;20536035000;20453933333;20653933333
4239;20536173000;20453933333;20653933333
4240;20536322000;20453933333;20653933333
4241;20536351000;20453933333;20653933333
4242;20536508000;20453933333;20653933333
4243;20536649000;20453933333;20653933333
4244;20536760000;20453933333;20653933333
4245;20576093000;20453933333;20653933333
4246;20577391000;20495655555;20695655555
4247;20577583000;20495655555;20695655555
4248;20577585000;20495655555;20695655555
4249;20577812000;20495655555;20695655555
4250;20578032000;20495655555;20695655555
4251;20578044000;20495655555;20695655555
4252;20578199000;20495655555;20695655555
4253;20578205000;20495655555;20695655555
4254;20578428000;20495655555;20695655555
4255;20578441000;20495655555;20695655555
4256;20617814000;20495655555;20695655555
4257;20619050000;20537288888;20737288888
4258;20619241000;20537288888;20737288888
4259;20619243000;20537288888;20737288888
4260;20619469000;20537288888;20737288888
4261;20619641000;20537288888;20737288888
4262;20619643000;20537288888;20737288888
4263;20619904000;20537288888;20737288888
4264;20619931000;20537288888;20737288888
4265;20620061000;20537288888;20737288888
4266;20620065000;20537288888;20737288888
4267;20659411000;20537288888;20737288888
4268;20660767000;20578955555;20778955555
4269;20660909000;20578955555;20778955555
4270;20660910000;20578955555;20778955555
4271;20661138000;20578955555;20778955555
4272;20661309000;20578955555;20778955555
4273;20661312000;20578955555;20778955555
4274;20661584000;20578955555;20778955555
4275;20661593000;20578955555;20778955555
4276;20661717000;20578955555;20778955555
4277;20661720000;20578955555;20778955555
4278;20701130000;20578955555;20778955555
4279;20702394000;20620644444;20820644444
4280;20702586000;20620644444;20820644444
4281;20702589000;20620644444;20820644444
4282;20702809000;20620644444;20820644444
4283;20702977000;20620644444;20820644444
4284;20703005000;20620644444;20820644444
4285;20703202000;20620644444;20820644444
4286;20703217000;20620644444;20820644444
4287;20703381000;20620644444;20820644444
4288;20703629000;20620644444;20820644444
4289;20742740000;20620644444;20820644444
4290;20744035000;20662322222;20862322222
4291;20744214000;20662322222;20862322222
4292;20744472000;20662322222;20862322222
4293;20744475000;20662322222;20862322222
4294;20744653000;20662322222;20862322222
4295;20744829000;20662322222;20862322222
4296;20744844000;20662322222;20862322222
4297;20744991000;20662322222;20862322222
4298;20745096000;20662322222;20862322222
4299;20745100000;20662322222;20862322222
4300;20784481000;20662322222;20862322222
4301;20785716000;20703977777;20903977777
4302;20785909000;20703977777;20903977777
4303;20785911000;20703977777;20903977777
4304;20786155000;20703977777;20903977777
4305;20786319000;20703977777;20903977777
4306;20786321000;20703977777;20903977777
4307;20786516000;20703977777;20903977777
4308;20786662000;20703977777;20903977777
4309;20786765000;20703977777;20903977777
4310;20786768000;20703977777;20903977777
4311;20826139000;20703977777;20903977777
4312;20827381000;20745644444;20945644444
4313;20827577000;20745644444;20945644444
4314;20827579000;20745644444;20945644444
4315;20827804000;20745644444;20945644444
4317;20828056000;20745644444;20945644444
4318;20828094000;20745644444;20945644444
4319;20828204000;20745644444;20945644444
4320;20828231000;20745644444;20945644444
4321;20828406000;20745644444;20945644444
4322;20867819000;20745644444;20945644444
4323;20869060000;20787300000;20987300000
4324;20869261000;20787300000;20987300000
4325;20869264000;20787300000;20987300000
4326;20869497000;20787300000;20987300000
4327;20869661000;20787300000;20987300000
4328;20869708000;20787300000;20987300000
4329;20869868000;20787300000;20987300000
4330;20869948000;20787300000;20987300000
4331;20870081000;20787300000;20987300000
4332;20870086000;20787300000;20987300000
4333;20909474000;20787300000;20987300000
4334;20910692000;20828955555;21028955555
4335;20910882000;20828955555;21028955555
4336;20910885000;20828955555;21028955555
4337;20911112000;20828955555;21028955555
4338;20911287000;20828955555;21028955555
4339;20911299000;20828955555;21028955555
4340;20911540000;20828955555;21028955555
4341;20911682000;20828955555;21028955555
4342;20911686000;20828955555;21028955555
4343;20911926000;20828955555;21028955555
4344;20951131000;20828955555;21028955555
4345;20952383000;20870633333;21070633333
4346;20952577000;20870633333;21070633333
4347;20952579000;20870633333;21070633333
4348;20952808000;20870633333;21070633333
4349;20952980000;20870633333;21070633333
4350;20952982000;20870633333;21070633333
4351;20953301000;20870633333;21070633333
4352;20953303000;20870633333;21070633333
4353;20953413000;20870633333;21070633333
4354;20953416000;20870633333;21070633333
4355;20992738000;20870633333;21070633333
4356;20994048000;20912322222;21112322222
4357;20994207000;20912322222;21112322222
4358;20994477000;20912322222;21112322222
4359;20994480000;20912322222;21112322222
4360;20994667000;20912322222;21112322222
4361;20994671000;20912322222;21112322222
4362;20994841000;20912322222;21112322222
4363;20994883000;20912322222;21112322222
4364;20995060000;20912322222;21112322222
4365;20995061000;20912322222;21112322222
4366;21034434000;20912322222;21112322222
4367;21035722000;20953933333;21153933333
4368;21035878000;20953933333;21153933333
4369;21036136000;20953933333;21153933333
4370;21036139000;20953933333;21153933333
4371;21036320000;20953933333;21153933333
4374;21036539000;20953933333;21153933333
4375;21036541000;20953933333;21153933333
4376;21036698000;20953933333;21153933333
4377;21076094000;20953933333;21153933333
4378;21077393000;20995644444;21195644444
4379;21077584000;20995644444;21195644444
4380;21077587000;20995644444;21195644444
4381;21077807000;20995644444;21195644444
4382;21077975000;20995644444;21195644444
4383;21078005000;20995644444;21195644444
4384;21078199000;20995644444;21195644444
4385;21078205000;20995644444;21195644444
4386;21078429000;20995644444;21195644444
4387;21078442000;20995644444;21195644444
4388;21117794000;20995644444;21195644444
4389;21119060000;21037311111;21237311111
4390;21119252000;21037311111;21237311111
4391;21119254000;21037311111;21237311111
4392;21119480000;21037311111;21237311111
4393;21119671000;21037311111;21237311111
4398;21120071000;21037311111;21237311111
4399;21159492000;21037311111;21237311111
4400;21160724000;21078977777;21278977777
4401;21160915000;21078977777;21278977777
4402;21160917000;21078977777;21278977777
4403;21161147000;21078977777;21278977777
4404;21161363000;21078977777;21278977777
4405;21161375000;21078977777;21278977777
4406;21161584000;21078977777;21278977777
4407;21161602000;21078977777;21278977777
4408;21161728000;21078977777;21278977777
4409;21161732000;21078977777;21278977777
4410;21201153000;21078977777;21278977777
4411;21202392000;21120633333;21320633333
4412;21202584000;21120633333;21320633333
4413;21202586000;21120633333;21320633333
4414;21202821000;21120633333;21320633333
4415;21202979000;21120633333;21320633333
4416;21202989000;21120633333;21320633333
4417;21203200000;21120633333;21320633333
4418;21203215000;21120633333;21320633333
4419;21203428000;21120633333;21320633333
4420;21203442000;21120633333;21320633333
4421;21242789000;21120633333;21320633333
4422;21244083000;21162288888;21362288888
4423;21244238000;21162288888;21362288888
4424;21244250000;21162288888;21362288888
4425;21244486000;21162288888;21362288888
4426;21244671000;21162288888;21362288888
4427;21244683000;21162288888;21362288888
4428;21244860000;21162288888;21362288888
4429;21244939000;21162288888;21362288888
4430;21245030000;21162288888;21362288888
4431;21245252000;21162288888;21362288888
4432;21284379000;21162288888;21362288888
4433;21285665000;21203944444;21403944444
4434;21285883000;21203944444;21403944444
4435;21285886000;21203944444;21403944444
4436;21286125000;21203944444;21403944444
4437;21286316000;21203944444;21403944444
4438;21286408000;21203944444;21403944444
4439;21286483000;21203944444;21403944444
4440;21286488000;21203944444;21403944444
4441;21286724000;21203944444;21403944444
4442;21286736000;21203944444;21403944444
4443;21326106000;21203944444;21403944444
4444;21327385000;21245666666;21445666666
4445;21327588000;21245666666;21445666666
4446;21327590000;21245666666;21445666666
4447;21327813000;21245666666;21445666666
4448;21328002000;21245666666;21445666666
4449;21328006000;21245666666;21445666666
4450;21328198000;21245666666;21445666666
4451;21328228000;21245666666;21445666666
4452;21328413000;21245666666;21445666666
4455;21409499000;21287333333;21487333333
4458;21409544000;21287333333;21487333333
4459;21409553000;21287333333;21487333333
4460;21409555000;21287333333;21487333333
4461;21409563000;21287333333;21487333333
4462;21409564000;21287333333;21487333333
4463;21409572000;21287333333;21487333333
4464;21409573000;21287333333;21487333333
4465;21409709000;21287333333;21487333333
4466;21410717000;21328966666;21528966666
4467;21410900000;21328966666;21528966666
4468;21410912000;21328966666;21528966666
4469;21411136000;21328966666;21528966666
4470;21411299000;21328966666;21528966666
4471;21411444000;21328966666;21528966666
4472;21411544000;21328966666;21528966666
4473;21411776000;21328966666;21528966666
4475;21451071000;21328966666;21528966666
4476;21451193000;21328966666;21528966666
4477;21452393000;21370644444;21570644444
4478;21452584000;21370644444;21570644444
4479;21452586000;21370644444;21570644444
4480;21452807000;21370644444;21570644444
4481;21452976000;21370644444;21570644444
4482;21453025000;21370644444;21570644444
4483;21453189000;21370644444;21570644444
4484;21453269000;21370644444;21570644444
4485;21453361000;21370644444;21570644444
4486;21453627000;21370644444;21570644444
4487;21492739000;21370644444;21570644444
4488;21494027000;21412277777;21612277777
4489;21494205000;21412277777;21612277777
4490;21494462000;21412277777;21612277777
4491;21494465000;21412277777;21612277777
4492;21494642000;21412277777;21612277777
4493;21494786000;21412277777;21612277777
4494;21494872000;21412277777;21612277777
4495;21494917000;21412277777;21612277777
4496;21495062000;21412277777;21612277777
4497;21495065000;21412277777;21612277777
4498;21534439000;21412277777;21612277777
4499;21535716000;21453922222;21653922222
4500;21535911000;21453922222;21653922222
4501;21535912000;21453922222;21653922222
4502;21536125000;21453922222;21653922222
4505;21536565000;21453922222;21653922222
4506;21536645000;21453922222;21653922222
4507;21536711000;21453922222;21653922222
4508;21536724000;21453922222;21653922222
4509;21576065000;21453922222;21653922222
4510;21577380000;21495622222;21695622222
4511;21577576000;21495622222;21695622222
4512;21577577000;21495622222;21695622222
4513;21577816000;21495622222;21695622222
4514;21578002000;21495622222;21695622222
4515;21578006000;21495622222;21695622222
4516;21578206000;21495622222;21695622222
4517;21578356000;21495622222;21695622222
4518;21578381000;21495622222;21695622222
4519;21578625000;21495622222;21695622222
4520;21617784000;21495622222;21695622222
4521;21619050000;21537266666;21737266666
4522;21619242000;21537266666;21737266666
4523;21619244000;21537266666;21737266666
4524;21619474000;21537266666;21737266666
4525;21619656000;21537266666;21737266666
4526;21619658000;21537266666;21737266666
4527;21620013000;21537266666;21737266666
4528;21620017000;21537266666;21737266666
4529;21620018000;21537266666;21737266666
4530;21620253000;21537266666;21737266666
4531;21659369000;21537266666;21737266666
4532;21660758000;21578933333;21778933333
4533;21660912000;21578933333;21778933333
4534;21660920000;21578933333;21778933333
4535;21661150000;21578933333;21778933333
4536;21661339000;21578933333;21778933333
4537;21661390000;21578933333;21778933333
4538;21661546000;21578933333;21778933333
4539;21661609000;21578933333;21778933333
4540;21661744000;21578933333;21778933333
4541;21661747000;21578933333;21778933333
4542;21701093000;21578933333;21778933333
4543;21702358000;21620622222;21820622222
4544;21702559000;21620622222;21820622222
4545;21702561000;21620622222;21820622222
4546;21702780000;21620622222;21820622222
4547;21702948000;21620622222;21820622222
4548;21702962000;21620622222;21820622222
4549;21703183000;21620622222;21820622222
4550;21703269000;21620622222;21820622222
4551;21703379000;21620622222;21820622222
4552;21703383000;21620622222;21820622222
4553;21742797000;21620622222;21820622222
4554;21744026000;21662288888;21862288888
4555;21744216000;21662288888;21862288888
4556;21744219000;21662288888;21862288888
4557;21744445000;21662288888;21862288888
4558;21744615000;21662288888;21862288888
4559;21744630000;21662288888;21862288888
4560;21744860000;21662288888;21862288888
4561;21744915000;21662288888;21862288888
4562;21745036000;21662288888;21862288888
4563;21745040000;21662288888;21862288888
4564;21784475000;21662288888;21862288888
4565;21785716000;21703933333;21903933333
4566;21785917000;21703933333;21903933333
4567;21785919000;21703933333;21903933333
4568;21786160000;21703933333;21903933333
4569;21786436000;21703933333;21903933333
4570;21786438000;21703933333;21903933333
4571;21786547000;21703933333;21903933333
4572;21786689000;21703933333;21903933333
4573;21786700000;21703933333;21903933333
4574;21786952000;21703933333;21903933333
4575;21826107000;21703933333;21903933333
4576;21827392000;21745633333;21945633333
4577;21827584000;21745633333;21945633333
4578;21827587000;21745633333;21945633333
4579;21827828000;21745633333;21945633333
4580;21828012000;21745633333;21945633333
4581;21828172000;21745633333;21945633333
4582;21828182000;21745633333;21945633333
4583;21828331000;21745633333;21945633333
4586;21867792000;21745633333;21945633333
4587;21869057000;21787300000;21987300000
4588;21869247000;21787300000;21987300000
4589;21869250000;21787300000;21987300000
4590;21869476000;21787300000;21987300000
4591;21869635000;21787300000;21987300000
4592;21869637000;21787300000;21987300000
4593;21869854000;21787300000;21987300000
4594;21869929000;21787300000;21987300000
4595;21870025000;21787300000;21987300000
4596;21870249000;21787300000;21987300000
4597;21909485000;21787300000;21987300000
4598;21910726000;21828922222;22028922222
4599;21910916000;21828922222;22028922222
4600;21910919000;21828922222;22028922222
4601;21911141000;21828922222;22028922222
4602;21911309000;21828922222;22028922222
4603;21911354000;21828922222;22028922222
4604;21911535000;21828922222;22028922222
4605;21911619000;21828922222;22028922222
4606;21911734000;21828922222;22028922222
4607;21911738000;21828922222;22028922222
4608;21951082000;21828922222;22028922222
4609;21952392000;21870611111;22070611111
4610;21952583000;21870611111;22070611111
4611;21952585000;21870611111;22070611111
4612;21952807000;21870611111;22070611111
4613;21952976000;21870611111;22070611111
4614;21953113000;21870611111;22070611111
4615;21953212000;21870611111;22070611111
4616;21953257000;21870611111;22070611111
4617;21953398000;21870611111;22070611111
4618;21953411000;21870611111;22070611111
4619;21992770000;21870611111;22070611111
4620;21994047000;21912277777;22112277777
4621;21994239000;21912277777;22112277777
4622;21994242000;21912277777;22112277777
4623;21994477000;21912277777;22112277777
4624;21994637000;21912277777;22112277777
4625;21994652000;21912277777;22112277777
4626;21994871000;21912277777;22112277777
4627;21994906000;21912277777;22112277777
4628;21995064000;21912277777;22112277777
4629;21995070000;21912277777;22112277777
4630;22034453000;21912277777;22112277777
4631;22035717000;21953911111;22153911111
4632;22035907000;21953911111;22153911111
4633;22035910000;21953911111;22153911111
4634;22036142000;21953911111;22153911111
4635;22036333000;21953911111;22153911111
4636;22036537000;21953911111;22153911111
4637;22036542000;21953911111;22153911111
4638;22036544000;21953911111;22153911111
4639;22036738000;21953911111;22153911111
4640;22036751000;21953911111;22153911111
4641;22076069000;21953911111;22153911111
4642;22077380000;21995611111;22195611111
4643;22077571000;21995611111;22195611111
4644;22077574000;21995611111;22195611111
4645;22077799000;21995611111;22195611111
4646;22077967000;21995611111;22195611111
4647;22077977000;21995611111;22195611111
4648;22078187000;21995611111;22195611111
4649;22078202000;21995611111;22195611111
4650;22078416000;21995611111;22195611111
4651;22078429000;21995611111;22195611111
4652;22117785000;21995611111;22195611111
4653;22119047000;22037277777;22237277777
4654;22119236000;22037277777;22237277777
4655;22119239000;22037277777;22237277777
4656;22119456000;22037277777;22237277777
4657;22119632000;22037277777;22237277777
4658;22119758000;22037277777;22237277777
4659;22119854000;22037277777;22237277777
4660;22119861000;22037277777;22237277777
4661;22120082000;22037277777;22237277777
4662;22120095000;22037277777;22237277777
4663;22159451000;22037277777;22237277777
4664;22160690000;22078944444;22278944444
4665;22160894000;22078944444;22278944444
4668;22161115000;22078944444;22278944444
4669;22161317000;22078944444;22278944444
4670;22161450000;22078944444;22278944444
4671;22161465000;22078944444;22278944444
4672;22161619000;22078944444;22278944444
4673;22161720000;22078944444;22278944444
4674;22201125000;22078944444;22278944444
4675;22202369000;22120588888;22320588888
4676;22202560000;22120588888;22320588888
4677;22202562000;22120588888;22320588888
4678;22202784000;22120588888;22320588888
4679;22202952000;22120588888;22320588888
4680;22202982000;22120588888;22320588888
4681;22203177000;22120588888;22320588888
4682;22203183000;22120588888;22320588888
4683;22203404000;22120588888;22320588888
4684;22203417000;22120588888;22320588888
4685;22242750000;22120588888;22320588888
4686;22244027000;22162255555;22362255555
4687;22244217000;22162255555;22362255555
4688;22244219000;22162255555;22362255555
4689;22244445000;22162255555;22362255555
4690;22244616000;22162255555;22362255555
4691;22244631000;22162255555;22362255555
4692;22244860000;22162255555;22362255555
4693;22244934000;22162255555;22362255555
4694;22245040000;22162255555;22362255555
4695;22245044000;22162255555;22362255555
4696;22284414000;22162255555;22362255555
4699;22286015000;22203900000;22403900000
4700;22286039000;22203900000;22403900000
4701;22286083000;22203900000;22403900000
4702;22286278000;22203900000;22403900000
4703;22286308000;22203900000;22403900000
4704;22286493000;22203900000;22403900000
4705;22286586000;22203900000;22403900000
4706;22286690000;22203900000;22403900000
4707;22326005000;22203900000;22403900000
4708;22327354000;22245600000;22445600000
4709;22327555000;22245600000;22445600000
4710;22327558000;22245600000;22445600000
4711;22327773000;22245600000;22445600000
4712;22327976000;22245600000;22445600000
4713;22327979000;22245600000;22445600000
4714;22328162000;22245600000;22445600000
4715;22328205000;22245600000;22445600000
4716;22328374000;22245600000;22445600000
4717;22328378000;22245600000;22445600000
4718;22367761000;22245600000;22445600000
4719;22369012000;22287255555;22487255555
4720;22369212000;22287255555;22487255555
4721;22369215000;22287255555;22487255555
4722;22369436000;22287255555;22487255555
4723;22369635000;22287255555;22487255555
4724;22369637000;22287255555;22487255555
4725;22369922000;22287255555;22487255555
4726;22369924000;22287255555;22487255555
4727;22370031000;22287255555;22487255555
4728;22370070000;22287255555;22487255555
4729;22409416000;22287255555;22487255555
4730;22410679000;22328900000;22528900000
4731;22410872000;22328900000;22528900000
4732;22410875000;22328900000;22528900000
4733;22411105000;22328900000;22528900000
4734;22411298000;22328900000;22528900000
4735;22411302000;22328900000;22528900000
4736;22411495000;22328900000;22528900000
4737;22411554000;22328900000;22528900000
4738;22411701000;22328900000;22528900000
4739;22411704000;22328900000;22528900000
4740;22451061000;22328900000;22528900000
4741;22452347000;22370588888;22570588888
4742;22452545000;22370588888;22570588888
4743;22452547000;22370588888;22570588888
4744;22452773000;22370588888;22570588888
4745;22452975000;22370588888;22570588888
4746;22452977000;22370588888;22570588888
4747;22453289000;22370588888;22570588888
4748;22453301000;22370588888;22570588888
4749;22453316000;22370588888;22570588888
4750;22453555000;22370588888;22570588888
4751;22492736000;22370588888;22570588888
4752;22494053000;22412266666;22612266666
4753;22494204000;22412266666;22612266666
4754;22494206000;22412266666;22612266666
4755;22494453000;22412266666;22612266666
4756;22494624000;22412266666;22612266666
4757;22494650000;22412266666;22612266666
4758;22494812000;22412266666;22612266666
4759;22494853000;22412266666;22612266666
4760;22495006000;22412266666;22612266666
4761;22495215000;22412266666;22612266666
4762;22534428000;22412266666;22612266666
4763;22535680000;22453911111;22653911111
4764;22535874000;22453911111;22653911111
4765;22535876000;22453911111;22653911111
4766;22536104000;22453911111;22653911111
4767;22536275000;22453911111;22653911111
4768;22536277000;22453911111;22653911111
4771;22536729000;22453911111;22653911111
4772;22536733000;22453911111;22653911111
4773;22576072000;22453911111;22653911111
4774;22577345000;22495622222;22695622222
4775;22577547000;22495622222;22695622222
4776;22577548000;22495622222;22695622222
4777;22577770000;22495622222;22695622222
4778;22577941000;22495622222;22695622222
4779;22577943000;22495622222;22695622222
4780;22578180000;22495622222;22695622222
4781;22578318000;22495622222;22695622222
4782;22578325000;22495622222;22695622222
4783;22578553000;22495622222;22695622222
4784;22617710000;22495622222;22695622222
4785;22619031000;22537255555;22737255555
4786;22619203000;22537255555;22737255555
4787;22619205000;22537255555;22737255555
4788;22619409000;22537255555;22737255555
4789;22619622000;22537255555;22737255555
4790;22619667000;22537255555;22737255555
4791;22619821000;22537255555;22737255555
4792;22619955000;22537255555;22737255555
4793;22620014000;22537255555;22737255555
4794;22620216000;22537255555;22737255555
4795;22659343000;22537255555;22737255555
4796;22660701000;22578933333;22778933333
4797;22660875000;22578933333;22778933333
4798;22660877000;22578933333;22778933333
4799;22661100000;22578933333;22778933333
4800;22661319000;22578933333;22778933333
4801;22661324000;22578933333;22778933333
4802;22661539000;22578933333;22778933333
4803;22661665000;22578933333;22778933333
4804;22661667000;22578933333;22778933333
4805;22661909000;22578933333;22778933333
4806;22701093000;22578933333;22778933333
4807;22702357000;22620622222;22820622222
4808;22702553000;22620622222;22820622222
4809;22702556000;22620622222;22820622222
4810;22702776000;22620622222;22820622222
4811;22702934000;22620622222;22820622222
4812;22702942000;22620622222;22820622222
4813;22703157000;22620622222;22820622222
4814;22703251000;22620622222;22820622222
4815;22703367000;22620622222;22820622222
4816;22703537000;22620622222;22820622222
4817;22742798000;22620622222;22820622222
4818;22744025000;22662288888;22862288888
4819;22744215000;22662288888;22862288888
4820;22744217000;22662288888;22862288888
4821;22744457000;22662288888;22862288888
4822;22744647000;22662288888;22862288888
4823;22744689000;22662288888;22862288888
4824;22744829000;22662288888;22862288888
4825;22744834000;22662288888;22862288888
4826;22745056000;22662288888;22862288888
4827;22745069000;22662288888;22862288888
4828;22784449000;22662288888;22862288888
4829;22785679000;22703933333;22903933333
4830;22785874000;22703933333;22903933333
4831;22785876000;22703933333;22903933333
4832;22786112000;22703933333;22903933333
4833;22786282000;22703933333;22903933333
4834;22786284000;22703933333;22903933333
4835;22786583000;22703933333;22903933333
4836;22786584000;22703933333;22903933333
4837;22786695000;22703933333;22903933333
4838;22786697000;22703933333;22903933333
4839;22826094000;22703933333;22903933333
4840;22827345000;22745622222;22945622222
4841;22827519000;22745622222;22945622222
4844;22827908000;22745622222;22945622222
4845;22827948000;22745622222;22945622222
4846;22827953000;22745622222;22945622222
4847;22828188000;22745622222;22945622222
4848;22828200000;22745622222;22945622222
4849;22828325000;22745622222;22945622222
4850;22867794000;22745622222;22945622222
4851;22869012000;22787277777;22987277777
4852;22869208000;22787277777;22987277777
4853;22869210000;22787277777;22987277777
4854;22869436000;22787277777;22987277777
4855;22869609000;22787277777;22987277777
4856;22869611000;22787277777;22987277777
4857;22869906000;22787277777;22987277777
4858;22869919000;22787277777;22987277777
4859;22870033000;22787277777;22987277777
4860;22870073000;22787277777;22987277777
4861;22909439000;22787277777;22987277777
4862;22910690000;22828911111;23028911111
4863;22910883000;22828911111;23028911111
4864;22910885000;22828911111;23028911111
4865;22911106000;22828911111;23028911111
4866;22911275000;22828911111;23028911111
4867;22911343000;22828911111;23028911111
4868;22911475000;22828911111;23028911111
4869;22911605000;22828911111;23028911111
4870;22911710000;22828911111;23028911111
4871;22911714000;22828911111;23028911111
4872;22951070000;22828911111;23028911111
4873;22952353000;22870600000;23070600000
4874;22952550000;22870600000;23070600000
4875;22952552000;22870600000;23070600000
4876;22952772000;22870600000;23070600000
4877;22952938000;22870600000;23070600000
4878;22953059000;22870600000;23070600000
4879;22953202000;22870600000;23070600000
4880;22953249000;22870600000;23070600000
4883;22992759000;22870600000;23070600000
4884;22994021000;22912266666;23112266666
4885;22994211000;22912266666;23112266666
4886;22994214000;22912266666;23112266666
4887;22994435000;22912266666;23112266666
4888;22994606000;22912266666;23112266666
4889;22994652000;22912266666;23112266666
4890;22994826000;22912266666;23112266666
4891;22994832000;22912266666;23112266666
4892;22995056000;22912266666;23112266666
4893;22995070000;22912266666;23112266666
4894;23034440000;22912266666;23112266666
4895;23035691000;22953911111;23153911111
4896;23035871000;22953911111;23153911111
4897;23035873000;22953911111;23153911111
4898;23036103000;22953911111;23153911111
4899;23036269000;22953911111;23153911111
4900;23036318000;22953911111;23153911111
4901;23036495000;22953911111;23153911111
4902;23036510000;22953911111;23153911111
4903;23036720000;22953911111;23153911111
4904;23036735000;22953911111;23153911111
4905;23076084000;22953911111;23153911111
4906;23077355000;22995622222;23195622222
4907;23077553000;22995622222;23195622222
4908;23077555000;22995622222;23195622222
4909;23077776000;22995622222;23195622222
4910;23077951000;22995622222;23195622222
4911;23078095000;22995622222;23195622222
4912;23078184000;22995622222;23195622222
4913;23078214000;22995622222;23195622222
4914;23078362000;22995622222;23195622222
4915;23078366000;22995622222;23195622222
4916;23117779000;22995622222;23195622222
4917;23119022000;23037277777;23237277777
4918;23119212000;23037277777;23237277777
4919;23119214000;23037277777;23237277777
4920;23119447000;23037277777;23237277777
4921;23119621000;23037277777;23237277777
4922;23119650000;23037277777;23237277777
4925;23119961000;23037277777;23237277777
4926;23120062000;23037277777;23237277777
4927;23159457000;23037277777;23237277777
4928;23160689000;23078955555;23278955555
4929;23160872000;23078955555;23278955555
4930;23160874000;23078955555;23278955555
4931;23161105000;23078955555;23278955555
4932;23161273000;23078955555;23278955555
4933;23161303000;23078955555;23278955555
4934;23161489000;23078955555;23278955555
4935;23161574000;23078955555;23278955555
4936;23161742000;23078955555;23278955555
4937;23161821000;23078955555;23278955555
4938;23201046000;23078955555;23278955555
4939;23202331000;23120600000;23320600000
4940;23202555000;23120600000;23320600000
4941;23202558000;23120600000;23320600000
4942;23202791000;23120600000;23320600000
4943;23202982000;23120600000;23320600000
4944;23203112000;23120600000;23320600000
4945;23203130000;23120600000;23320600000
4946;23203133000;23120600000;23320600000
4947;23203390000;23120600000;23320600000
4948;23203413000;23120600000;23320600000
4949;23242775000;23120600000;23320600000
4950;23244026000;23162266666;23362266666
4951;23244213000;23162266666;23362266666
4952;23244215000;23162266666;23362266666
4953;23244457000;23162266666;23362266666
4954;23244641000;23162266666;23362266666
4955;23244843000;23162266666;23362266666
4956;23244852000;23162266666;23362266666
4957;23244855000;23162266666;23362266666
4958;23245080000;23162266666;23362266666
4961;23326077000;23203911111;23403911111
4964;23326105000;23203911111;23403911111
4965;23326112000;23203911111;23403911111
4966;23326114000;23203911111;23403911111
4967;23326130000;23203911111;23403911111
4968;23326131000;23203911111;23403911111
4969;23326139000;23203911111;23403911111
4970;23326141000;23203911111;23403911111
4971;23326277000;23203911111;23403911111
4972;23327347000;23245622222;23445622222
4973;23327534000;23245622222;23445622222
4974;23327537000;23245622222;23445622222
4975;23327739000;23245622222;23445622222
4976;23327919000;23245622222;23445622222
4977;23327984000;23245622222;23445622222
4978;23328173000;23245622222;23445622222
4979;23328211000;23245622222;23445622222
4980;23328388000;23245622222;23445622222
4981;23328392000;23245622222;23445622222
4982;23367782000;23245622222;23445622222
4983;23369014000;23287277777;23487277777
4984;23369215000;23287277777;23487277777
4985;23369218000;23287277777;23487277777
4986;23369450000;23287277777;23487277777
4987;23369612000;23287277777;23487277777
4988;23369762000;23287277777;23487277777
4989;23369859000;23287277777;23487277777
4990;23369994000;23287277777;23487277777
4991;23370009000;23287277777;23487277777
4992;23370208000;23287277777;23487277777
4993;23409377000;23287277777;23487277777
4994;23410664000;23328933333;23528933333
4995;23410865000;23328933333;23528933333
4996;23410867000;23328933333;23528933333
4997;23411115000;23328933333;23528933333
4998;23411291000;23328933333;23528933333
4999;23411296000;23328933333;23528933333
5000;23411474000;23328933333;23528933333
5001;23411535000;23328933333;23528933333
5002;23411676000;23328933333;23528933333
5003;23411890000;23328933333;23528933333
5004;23451060000;23328933333;23528933333
5005;23452344000;23370633333;23570633333
5006;23452546000;23370633333;23570633333
5007;23452548000;23370633333;23570633333
5008;23452788000;23370633333;23570633333
5009;23452960000;23370633333;23570633333
5010;23452965000;23370633333;23570633333
5011;23453161000;23370633333;23570633333
5012;23453272000;23370633333;23570633333
5013;23453382000;23370633333;23570633333
5014;23453385000;23370633333;23570633333
5015;23492792000;23370633333;23570633333
5016;23494012000;23412277777;23612277777
5017;23494206000;23412277777;23612277777
5018;23494207000;23412277777;23612277777
5019;23494446000;23412277777;23612277777
5020;23494618000;23412277777;23612277777
5021;23494620000;23412277777;23612277777
5022;23494811000;23412277777;23612277777
5023;23494851000;23412277777;23612277777
5024;23495016000;23412277777;23612277777
5025;23495216000;23412277777;23612277777
5026;23534450000;23412277777;23612277777
5027;23535679000;23453911111;23653911111
5028;23535865000;23453911111;23653911111
5029;23535867000;23453911111;23653911111
5030;23536100000;23453911111;23653911111
5031;23536273000;23453911111;23653911111
5032;23536275000;23453911111;23653911111
5035;23536751000;23453911111;23653911111
5036;23536765000;23453911111;23653911111
5037;23576074000;23453911111;23653911111
5038;23577345000;23495622222;23695622222
5041;23577661000;23495622222;23695622222
5042;23577777000;23495622222;23695622222
5043;23577962000;23495622222;23695622222
5044;23577964000;23495622222;23695622222
5045;23578185000;23495622222;23695622222
5046;23578230000;23495622222;23695622222
5047;23578325000;23495622222;23695622222
5048;23617734000;23495622222;23695622222
5049;23619041000;23537255555;23737255555
5050;23619197000;23537255555;23737255555
5051;23619442000;23537255555;23737255555
5052;23619445000;23537255555;23737255555
5053;23619643000;23537255555;23737255555
5054;23619731000;23537255555;23737255555
5055;23619870000;23537255555;23737255555
5059;23659392000;23537255555;23737255555
5060;23660686000;23578944444;23778944444
5061;23660866000;23578944444;23778944444
5062;23661111000;23578944444;23778944444
5063;23661113000;23578944444;23778944444
5064;23661304000;23578944444;23778944444
5065;23661350000;23578944444;23778944444
5066;23661546000;23578944444;23778944444
5067;23661694000;23578944444;23778944444
5068;23661711000;23578944444;23778944444
5069;23661909000;23578944444;23778944444
5070;23701105000;23578944444;23778944444
5071;23702381000;23620633333;23820633333
5072;23702572000;23620633333;23820633333
5073;23702575000;23620633333;23820633333
5074;23702795000;23620633333;23820633333
5075;23702963000;23620633333;23820633333
5076;23703104000;23620633333;23820633333
5077;23703202000;23620633333;23820633333
5078;23703364000;23620633333;23820633333
5079;23703369000;23620633333;23820633333
5080;23703587000;23620633333;23820633333
5081;23742784000;23620633333;23820633333
5082;23744058000;23662288888;23862288888
5083;23744239000;23662288888;23862288888
5084;23744241000;23662288888;23862288888
5085;23744481000;23662288888;23862288888
5086;23744664000;23662288888;23862288888
5087;23744824000;23662288888;23862288888
5088;23744828000;23662288888;23862288888
5089;23744831000;23662288888;23862288888
5090;23745079000;23662288888;23862288888
5091;23745093000;23662288888;23862288888
5092;23784461000;23662288888;23862288888
5093;23785689000;23703944444;23903944444
5094;23785872000;23703944444;23903944444
5095;23785875000;23703944444;23903944444
5096;23786120000;23703944444;23903944444
5097;23786276000;23703944444;23903944444
5098;23786305000;23703944444;23903944444
5099;23786484000;23703944444;23903944444
5100;23786490000;23703944444;23903944444
5101;23786721000;23703944444;23903944444
5102;23786736000;23703944444;23903944444
5103;23826118000;23703944444;23903944444
5104;23827360000;23745622222;23945622222
5105;23827557000;23745622222;23945622222
5106;23827559000;23745622222;23945622222
5109;23827994000;23745622222;23945622222
5110;23828000000;23745622222;23945622222
5111;23828162000;23745622222;23945622222
5115;23909462000;23787277777;23987277777
5118;23909490000;23787277777;23987277777
5119;23909497000;23787277777;23987277777
5120;23909498000;23787277777;23987277777
5121;23909500000;23787277777;23987277777
5122;23909501000;23787277777;23987277777
5123;23909521000;23787277777;23987277777
5124;23909522000;23787277777;23987277777
5125;23909668000;23787277777;23987277777
5126;23910716000;23828966666;24028966666
5127;23910904000;23828966666;24028966666
5128;23910906000;23828966666;24028966666
5129;23911132000;23828966666;24028966666
5130;23911300000;23828966666;24028966666
5131;23911329000;23828966666;24028966666
5132;23911523000;23828966666;24028966666
5133;23911606000;23828966666;24028966666
5134;23911722000;23828966666;24028966666
5135;23911726000;23828966666;24028966666
5136;23951119000;23828966666;24028966666
5137;23952382000;23870622222;24070622222
5138;23952572000;23870622222;24070622222
5139;23952574000;23870622222;24070622222
5140;23952815000;23870622222;24070622222
5141;23953002000;23870622222;24070622222
5142;23953147000;23870622222;24070622222
5143;23953151000;23870622222;24070622222
5144;23953153000;23870622222;24070622222
5145;23953413000;23870622222;24070622222
5146;23953426000;23870622222;24070622222
5147;23992782000;23870622222;24070622222
5148;23994023000;23912288888;24112288888
5149;23994214000;23912288888;24112288888
5150;23994217000;23912288888;24112288888
5151;23994457000;23912288888;24112288888
5152;23994640000;23912288888;24112288888
5153;23994800000;23912288888;24112288888
5154;23994807000;23912288888;24112288888
5155;23994810000;23912288888;24112288888
5156;23995056000;23912288888;24112288888
5157;23995069000;23912288888;24112288888
5158;24034463000;23912288888;24112288888
5159;24035719000;23953922222;24153922222
5160;24035906000;23953922222;24153922222
5161;24035909000;23953922222;24153922222
5162;24036138000;23953922222;24153922222
5163;24036354000;23953922222;24153922222
5164;24036366000;23953922222;24153922222
5165;24036523000;23953922222;24153922222
5168;24036756000;23953922222;24153922222
5169;24076099000;23953922222;24153922222
5170;24077380000;23995644444;24195644444
5171;24077570000;23995644444;24195644444
5172;24077573000;23995644444;24195644444
5173;24077794000;23995644444;24195644444
5174;24077965000;23995644444;24195644444
5175;24078113000;23995644444;24195644444
5176;24078215000;23995644444;24195644444
5177;24078220000;23995644444;24195644444
5178;24078387000;23995644444;24195644444
5179;24078391000;23995644444;24195644444
5180;24117738000;23995644444;24195644444
5181;24119003000;24037300000;24237300000
5182;24119196000;24037300000;24237300000
5183;24119469000;24037300000;24237300000
5184;24119471000;24037300000;24237300000
5185;24119758000;24037300000;24237300000
5186;24119760000;24037300000;24237300000
5187;24119865000;24037300000;24237300000
5188;24119869000;24037300000;24237300000
5189;24120079000;24037300000;24237300000
5190;24120092000;24037300000;24237300000
5191;24159460000;24037300000;24237300000
5192;24160703000;24078966666;24278966666
5193;24160904000;24078966666;24278966666
5194;24160907000;24078966666;24278966666
5195;24161127000;24078966666;24278966666
5196;24161300000;24078966666;24278966666
5197;24161303000;24078966666;24278966666
5198;24161580000;24078966666;24278966666
5199;24161599000;24078966666;24278966666
5200;24161699000;24078966666;24278966666
5201;24161705000;24078966666;24278966666
5202;24201077000;24078966666;24278966666
5203;24202375000;24120611111;24320611111
5204;24202538000;24120611111;24320611111
5205;24202773000;24120611111;24320611111
5206;24202776000;24120611111;24320611111
5207;24202961000;24120611111;24320611111
5208;24202999000;24120611111;24320611111
5209;24203164000;24120611111;24320611111
5210;24203208000;24120611111;24320611111
5211;24203396000;24120611111;24320611111
5212;24203415000;24120611111;24320611111
5213;24242705000;24120611111;24320611111
5214;24244016000;24162277777;24362277777
5215;24244196000;24162277777;24362277777
5216;24244455000;24162277777;24362277777
5217;24244457000;24162277777;24362277777
5218;24244682000;24162277777;24362277777
5219;24244684000;24162277777;24362277777
5220;24244845000;24162277777;24362277777
5221;24244967000;24162277777;24362277777
5222;24245087000;24162277777;24362277777
5223;24245090000;24162277777;24362277777
5224;24284440000;24162277777;24362277777
5225;24285679000;24203933333;24403933333
5226;24285867000;24203933333;24403933333
5227;24285869000;24203933333;24403933333
5228;24286106000;24203933333;24403933333
5229;24286311000;24203933333;24403933333
5230;24286313000;24203933333;24403933333
5231;24286526000;24203933333;24403933333
5232;24286663000;24203933333;24403933333
5233;24286672000;24203933333;24403933333
5234;24286881000;24203933333;24403933333
5235;24326021000;24203933333;24403933333
5236;24327364000;24245644444;24445644444
5237;24327546000;24245644444;24445644444
5238;24327548000;24245644444;24445644444
5239;24327779000;24245644444;24445644444
5240;24327969000;24245644444;24445644444
5241;24327981000;24245644444;24445644444
5242;24328142000;24245644444;24445644444
5243;24328237000;24245644444;24445644444
5244;24328339000;24245644444;24445644444
5245;24328547000;24245644444;24445644444
5246;24367807000;24245644444;24445644444
5247;24369047000;24287288888;24487288888
5248;24369241000;24287288888;24487288888
5249;24369243000;24287288888;24487288888
5250;24369484000;24287288888;24487288888
5251;24369670000;24287288888;24487288888
5252;24369672000;24287288888;24487288888
5253;24369847000;24287288888;24487288888
5254;24369985000;24287288888;24487288888
5255;24370086000;24287288888;24487288888
5256;24370089000;24287288888;24487288888
5257;24409432000;24287288888;24487288888
5258;24410713000;24328955555;24528955555
5259;24410900000;24328955555;24528955555
5260;24410902000;24328955555;24528955555
5261;24411149000;24328955555;24528955555
5262;24411319000;24328955555;24528955555
5263;24411347000;24328955555;24528955555
5264;24411502000;24328955555;24528955555
5265;24411557000;24328955555;24528955555
5266;24411710000;24328955555;24528955555
5267;24411919000;24328955555;24528955555
5268;24451117000;24328955555;24528955555
5269;24452382000;24370644444;24570644444
5270;24452575000;24370644444;24570644444
5271;24452577000;24370644444;24570644444
5272;24452810000;24370644444;24570644444
5273;24452965000;24370644444;24570644444
5280;24534462000;24412300000;24612300000
5283;24534490000;24412300000;24612300000
5284;24534497000;24412300000;24612300000
5285;24534520000;24412300000;24612300000
5286;24534530000;24412300000;24612300000
5287;24534538000;24412300000;24612300000
5288;24534539000;24412300000;24612300000
5289;24534541000;24412300000;24612300000
5290;24534673000;24412300000;24612300000
5291;24535716000;24453922222;24653922222
5292;24535906000;24453922222;24653922222
5293;24535908000;24453922222;24653922222
5294;24536135000;24453922222;24653922222
5295;24536353000;24453922222;24653922222
5296;24536365000;24453922222;24653922222
5297;24536523000;24453922222;24653922222
5298;24536605000;24453922222;24653922222
5299;24536718000;24453922222;24653922222
5300;24536730000;24453922222;24653922222
5301;24576017000;24453922222;24653922222
5304;24577652000;24495633333;24695633333
5305;24577804000;24495633333;24695633333
5306;24577806000;24495633333;24695633333
5307;24577965000;24495633333;24695633333
5308;24578048000;24495633333;24695633333
5309;24578165000;24495633333;24695633333
5310;24578195000;24495633333;24695633333
5311;24578351000;24495633333;24695633333
5312;24617807000;24495633333;24695633333
5313;24619048000;24537277777;24737277777
5314;24619238000;24537277777;24737277777
5315;24619241000;24537277777;24737277777
5316;24619472000;24537277777;24737277777
5317;24619640000;24537277777;24737277777
5318;24619783000;24537277777;24737277777
5319;24619938000;24537277777;24737277777
5320;24619941000;24537277777;24737277777
5321;24620060000;24537277777;24737277777
5322;24620064000;24537277777;24737277777
5323;24659438000;24537277777;24737277777
5324;24660713000;24578944444;24778944444
5325;24660902000;24578944444;24778944444
5326;24660905000;24578944444;24778944444
5327;24661097000;24578944444;24778944444
5328;24661423000;24578944444;24778944444
5329;24661425000;24578944444;24778944444
5330;24661533000;24578944444;24778944444
5331;24661633000;24578944444;24778944444
5332;24661733000;24578944444;24778944444
5333;24661736000;24578944444;24778944444
5334;24701103000;24578944444;24778944444
5335;24702380000;24620622222;24820622222
5336;24702572000;24620622222;24820622222
5337;24702574000;24620622222;24820622222
5338;24702816000;24620622222;24820622222
5339;24703008000;24620622222;24820622222
5340;24703091000;24620622222;24820622222
5341;24703141000;24620622222;24820622222
5342;24703152000;24620622222;24820622222
5343;24703413000;24620622222;24820622222
5344;24703426000;24620622222;24820622222
5345;24742789000;24620622222;24820622222
5346;24744023000;24662288888;24862288888
5347;24744212000;24662288888;24862288888
5348;24744215000;24662288888;24862288888
5351;24744685000;24662288888;24862288888
5352;24744688000;24662288888;24862288888
5355;24744959000;24662288888;24862288888
5356;24784481000;24662288888;24862288888
5357;24785717000;24703933333;24903933333
5358;24785905000;24703933333;24903933333
5359;24785908000;24703933333;24903933333
5360;24786141000;24703933333;24903933333
5361;24786302000;24703933333;24903933333
5362;24786438000;24703933333;24903933333
5363;24786544000;24703933333;24903933333
5364;24786687000;24703933333;24903933333
5365;24786703000;24703933333;24903933333
5366;24786908000;24703933333;24903933333
5367;24826094000;24703933333;24903933333
5368;24827369000;24745633333;24945633333
5369;24827570000;24745633333;24945633333
5370;24827572000;24745633333;24945633333
5371;24827789000;24745633333;24945633333
5372;24827973000;24745633333;24945633333
5373;24827975000;24745633333;24945633333
5374;24828171000;24745633333;24945633333
5375;24828308000;24745633333;24945633333
5376;24828412000;24745633333;24945633333
5377;24828416000;24745633333;24945633333
5378;24867796000;24745633333;24945633333
5379;24869037000;24787288888;24987288888
5380;24869230000;24787288888;24987288888
5381;24869232000;24787288888;24987288888
5382;24869458000;24787288888;24987288888
5383;24869658000;24787288888;24987288888
5384;24869661000;24787288888;24987288888
5385;24869855000;24787288888;24987288888
5386;24869878000;24787288888;24987288888
5387;24870057000;24787288888;24987288888
5388;24870060000;24787288888;24987288888
5389;24909451000;24787288888;24987288888
5390;24910693000;24828933333;25028933333
5391;24910887000;24828933333;25028933333
5392;24910889000;24828933333;25028933333
5393;24911120000;24828933333;25028933333
5394;24911324000;24828933333;25028933333
5395;24911326000;24828933333;25028933333
5396;24911588000;24828933333;25028933333
5397;24911590000;24828933333;25028933333
5398;24911724000;24828933333;25028933333
5399;24911727000;24828933333;25028933333
5400;24951083000;24828933333;25028933333
5401;24952369000;24870622222;25070622222
5402;24952563000;24870622222;25070622222
5403;24952565000;24870622222;25070622222
5404;24952788000;24870622222;25070622222
5405;24953008000;24870622222;25070622222
5406;24953011000;24870622222;25070622222
5407;24953169000;24870622222;25070622222
5408;24953171000;24870622222;25070622222
5409;24953388000;24870622222;25070622222
5410;24953391000;24870622222;25070622222
5411;24992731000;24870622222;25070622222
5412;24994039000;24912288888;25112288888
5413;24994198000;24912288888;25112288888
5414;24994450000;24912288888;25112288888
5415;24994452000;24912288888;25112288888
5416;24994646000;24912288888;25112288888
5417;24994785000;24912288888;25112288888
5418;24994816000;24912288888;25112288888
5419;24994934000;24912288888;25112288888
5420;24995054000;24912288888;25112288888
5421;24995057000;24912288888;25112288888
5422;25034431000;24912288888;25112288888
5423;25035704000;24953933333;25153933333
5424;25035894000;24953933333;25153933333
5425;25035897000;24953933333;25153933333
5426;25036136000;24953933333;25153933333
5427;25036413000;24953933333;25153933333
5428;25036415000;24953933333;25153933333
5429;25036528000;24953933333;25153933333
5430;25036534000;24953933333;25153933333
5431;25036690000;24953933333;25153933333
5432;25036896000;24953933333;25153933333
5433;25076045000;24953933333;25153933333
5434;25077373000;24995633333;25195633333
5435;25077536000;24995633333;25195633333
5436;25077787000;24995633333;25195633333
5437;25077790000;24995633333;25195633333
5438;25077972000;24995633333;25195633333
5439;25078021000;24995633333;25195633333
5440;25078169000;24995633333;25195633333
5441;25078236000;24995633333;25195633333
5442;25078348000;24995633333;25195633333
5443;25078480000;24995633333;25195633333
5444;25117734000;24995633333;25195633333
5445;25119010000;25037300000;25237300000
5446;25119188000;25037300000;25237300000
5447;25119395000;25037300000;25237300000
5448;25119397000;25037300000;25237300000
5449;25119761000;25037300000;25237300000
5450;25119763000;25037300000;25237300000
5451;25119873000;25037300000;25237300000
5452;25120018000;25037300000;25237300000
5453;25120020000;25037300000;25237300000
5454;25120282000;25037300000;25237300000
5455;25159422000;25037300000;25237300000
5456;25160717000;25078977777;25278977777
5457;25160907000;25078977777;25278977777
5458;25160910000;25078977777;25278977777
5459;25161135000;25078977777;25278977777
5460;25161321000;25078977777;25278977777
5461;25161335000;25078977777;25278977777
5462;25161524000;25078977777;25278977777
5463;25161609000;25078977777;25278977777
5464;25161724000;25078977777;25278977777
5465;25161728000;25078977777;25278977777
5466;25201089000;25078977777;25278977777
5467;25202374000;25120622222;25320622222
5468;25202532000;25120622222;25320622222
5469;25202790000;25120622222;25320622222
5470;25202792000;25120622222;25320622222
5471;25202964000;25120622222;25320622222
5472;25203123000;25120622222;25320622222
5473;25203211000;25120622222;25320622222
5474;25203258000;25120622222;25320622222
5475;25203396000;25120622222;25320622222
5476;25203400000;25120622222;25320622222
5477;25242797000;25120622222;25320622222
5478;25244047000;25162277777;25362277777
5479;25244236000;25162277777;25362277777
5480;25244238000;25162277777;25362277777
5481;25244461000;25162277777;25362277777
5482;25244637000;25162277777;25362277777
5483;25244685000;25162277777;25362277777
5484;25244844000;25162277777;25362277777
5485;25244926000;25162277777;25362277777
5486;25245055000;25162277777;25362277777
5487;25245059000;25162277777;25362277777
5488;25284452000;25162277777;25362277777
5489;25285713000;25203933333;25403933333
5490;25285906000;25203933333;25403933333
5491;25285908000;25203933333;25403933333
5492;25286143000;25203933333;25403933333
5493;25286298000;25203933333;25403933333
5494;25286327000;25203933333;25403933333
5495;25286521000;25203933333;25403933333
5496;25286603000;25203933333;25403933333
5497;25286721000;25203933333;25403933333
5498;25286725000;25203933333;25403933333
5499;25326110000;25203933333;25403933333
