seqnum;now;rtptime;deadline;packet_len;payload_len
0;9648038000;9555888888;9755888888;1398;1386
1;9648140000;9555888888;9755888888;1400;1388
2;9648155000;9555888888;9755888888;1398;1386
3;9648412000;9555888888;9755888888;1400;1388
4;9648420000;9555888888;9755888888;1400;1388
5;9648643000;9555888888;9755888888;1398;1386
6;9648655000;9555888888;9755888888;1400;1388
7;9648892000;9555888888;9755888888;1398;1386
8;9648904000;9555888888;9755888888;1400;1388
9;9649141000;9555888888;9755888888;1400;1388
10;9649149000;9555888888;9755888888;982;970
11;9689652000;9587655555;9787655555;1398;1386
12;9689679000;9587655555;9787655555;1400;1388
13;9689861000;9587655555;9787655555;1398;1386
14;9689866000;9587655555;9787655555;1400;1388
15;9690123000;9587655555;9787655555;1400;1388
16;9690131000;9587655555;9787655555;1398;1386
17;9690371000;9587655555;9787655555;1400;1388
18;9690384000;9587655555;9787655555;1398;1386
19;9690623000;9587655555;9787655555;1400;1388
20;9690637000;9587655555;9787655555;1400;1388
21;9690873000;9587655555;9787655555;982;970
22;9731353000;9629388888;9829388888;1398;1386
23;9731380000;9629388888;9829388888;1400;1388
24;9731577000;9629388888;9829388888;1398;1386
25;9731597000;9629388888;9829388888;1400;1388
26;9731833000;9629388888;9829388888;1400;1388
27;9731853000;9629388888;9829388888;1398;1386
28;9732086000;9629388888;9829388888;1400;1388
29;9732106000;9629388888;9829388888;1398;1386
30;9732336000;9629388888;9829388888;1400;1388
31;9732356000;9629388888;9829388888;1400;1388
32;9732360000;9629388888;9829388888;982;970
33;9772976000;9670988888;9870988888;1398;1386
34;9773196000;9670988888;9870988888;1400;1388
35;9773217000;9670988888;9870988888;1398;1386
36;9773446000;9670988888;9870988888;1400;1388
37;9773467000;9670988888;9870988888;1400;1388
38;9773471000;9670988888;9870988888;1398;1386
39;9773696000;9670988888;9870988888;1400;1388
40;9773717000;9670988888;9870988888;1398;1386
41;9773950000;9670988888;9870988888;1400;1388
42;9773971000;9670988888;9870988888;1400;1388
43;9774200000;9670988888;9870988888;982;970
44;9814697000;9712644444;9912644444;1398;1386
45;9814715000;9712644444;9912644444;1400;1388
46;9814892000;9712644444;9912644444;1398;1386
47;9814903000;9712644444;9912644444;1400;1388
48;9815162000;9712644444;9912644444;1400;1388
49;9815182000;9712644444;9912644444;1398;1386
50;9815413000;9712644444;9912644444;1400;1388
51;9815433000;9712644444;9912644444;1398;1386
52;9815671000;9712644444;9912644444;1400;1388
53;9815690000;9712644444;9912644444;1400;1388
54;9815695000;9712644444;9912644444;982;970
55;9856305000;9754300000;9954300000;1398;1386
56;9856533000;9754300000;9954300000;1400;1388
57;9856554000;9754300000;9954300000;1398;1386
58;9856775000;9754300000;9954300000;1400;1388
59;9856795000;9754300000;9954300000;1400;1388
60;9856800000;9754300000;9954300000;1398;1386
61;9857027000;9754300000;9954300000;1400;1388
62;9857049000;9754300000;9954300000;1398;1386
63;9857278000;9754300000;9954300000;1400;1388
64;9857290000;9754300000;9954300000;1400;1388
65;9857526000;9754300000;9954300000;982;970
66;9898016000;9795933333;9995933333;1398;1386
67;9898042000;9795933333;9995933333;1400;1388
68;9898239000;9795933333;9995933333;1398;1386
69;9898259000;9795933333;9995933333;1400;1388
70;9898491000;9795933333;9995933333;1400;1388
71;9898510000;9795933333;9995933333;1398;1386
72;9898747000;9795933333;9995933333;1400;1388
73;9898767000;9795933333;9995933333;1398;1386
74;9899000000;9795933333;9995933333;1400;1388
75;9899020000;9795933333;9995933333;1400;1388
76;9899024000;9795933333;9995933333;982;970
77;9939629000;9837633333;10037633333;1398;1386
78;9939850000;9837633333;10037633333;1400;1388
79;9939871000;9837633333;10037633333;1398;1386
80;9940103000;9837633333;10037633333;1400;1388
81;9940124000;9837633333;10037633333;1400;1388
82;9940128000;9837633333;10037633333;1398;1386
83;9940350000;9837633333;10037633333;1400;1388
84;9940371000;9837633333;10037633333;1398;1386
85;9940601000;9837633333;10037633333;1400;1388
86;9940621000;9837633333;10037633333;1400;1388
87;9940851000;9837633333;10037633333;982;970
88;9981349000;9879288888;10079288888;1398;1386
89;9981392000;9879288888;10079288888;1400;1388
90;9981579000;9879288888;10079288888;1398;1386
91;9981590000;9879288888;10079288888;1400;1388
92;9981823000;9879288888;10079288888;1400;1388
93;9981832000;9879288888;10079288888;1398;1386
94;9982073000;9879288888;10079288888;1400;1388
95;9982083000;9879288888;10079288888;1398;1386
96;9982325000;9879288888;10079288888;1400;1388
97;9982335000;9879288888;10079288888;1400;1388
98;9982344000;9879288888;10079288888;982;970
99;10022998000;9920966666;10120966666;1398;1386
100;10023017000;9920966666;10120966666;1400;1388
101;10023237000;9920966666;10120966666;1398;1386
102;10023257000;9920966666;10120966666;1400;1388
103;10023465000;9920966666;10120966666;1400;1388
104;10023476000;9920966666;10120966666;1398;1386
105;10023689000;9920966666;10120966666;1400;1388
106;10023694000;9920966666;10120966666;1398;1386
107;10023938000;9920966666;10120966666;1400;1388
108;10023944000;9920966666;10120966666;1400;1388
109;10024216000;9920966666;10120966666;982;970
110;10064659000;9962588888;10162588888;1398;1386
111;10064677000;9962588888;10162588888;1400;1388
112;10064880000;9962588888;10162588888;1398;1386
113;10064901000;9962588888;10162588888;1400;1388
114;10065131000;9962588888;10162588888;1400;1388
115;10065140000;9962588888;10162588888;1398;1386
116;10065381000;9962588888;10162588888;1400;1388
117;10065391000;9962588888;10162588888;1398;1386
118;10065632000;9962588888;10162588888;1400;1388
119;10065641000;9962588888;10162588888;1400;1388
120;10065881000;9962588888;10162588888;982;970
121;10106332000;10004288888;10204288888;1398;1386
122;10106351000;10004288888;10204288888;1400;1388
123;10106566000;10004288888;10204288888;1398;1386
124;10106576000;10004288888;10204288888;1400;1388
125;10106777000;10004288888;10204288888;1400;1388
126;10106783000;10004288888;10204288888;1398;1386
127;10107027000;10004288888;10204288888;1400;1388
128;10107033000;10004288888;10204288888;1398;1386
129;10107306000;10004288888;10204288888;1400;1388
130;10107317000;10004288888;10204288888;1400;1388
131;10107555000;10004288888;10204288888;982;970
132;10147990000;10045988888;10245988888;1398;1386
133;10148008000;10045988888;10245988888;1400;1388
134;10148251000;10045988888;10245988888;1398;1386
135;10148261000;10045988888;10245988888;1400;1388
136;10148464000;10045988888;10245988888;1400;1388
137;10148474000;10045988888;10245988888;1398;1386
138;10148714000;10045988888;10245988888;1400;1388
139;10148724000;10045988888;10245988888;1398;1386
140;10148965000;10045988888;10245988888;1400;1388
141;10148975000;10045988888;10245988888;1400;1388
142;10149214000;10045988888;10245988888;982;970
143;10189657000;10087588888;10287588888;1398;1386
144;10189674000;10087588888;10287588888;1400;1388
145;10189878000;10087588888;10287588888;1398;1386
146;10189898000;10087588888;10287588888;1400;1388
147;10190128000;10087588888;10287588888;1400;1388
148;10190138000;10087588888;10287588888;1398;1386
149;10190352000;10087588888;10287588888;1400;1388
150;10190357000;10087588888;10287588888;1398;1386
151;10190630000;10087588888;10287588888;1400;1388
152;10190639000;10087588888;10287588888;1400;1388
153;10190879000;10087588888;10287588888;982;970
154;10231328000;10129300000;10329300000;1398;1386
155;10231347000;10129300000;10329300000;1400;1388
156;10231588000;10129300000;10329300000;1398;1386
157;10231608000;10129300000;10329300000;1400;1388
158;10231796000;10129300000;10329300000;1400;1388
159;10231806000;10129300000;10329300000;1398;1386
160;10232049000;10129300000;10329300000;1400;1388
161;10232059000;10129300000;10329300000;1398;1386
162;10232297000;10129300000;10329300000;1400;1388
163;10232306000;10129300000;10329300000;1400;1388
164;10232547000;10129300000;10329300000;982;970
165;10272937000;10170944444;10370944444;1398;1386
166;10273205000;10170944444;10370944444;1400;1388
167;10273216000;10170944444;10370944444;1398;1386
168;10273230000;10170944444;10370944444;1400;1388
169;10273448000;10170944444;10370944444;1400;1388
170;10273458000;10170944444;10370944444;1398;1386
171;10273672000;10170944444;10370944444;1400;1388
172;10273699000;10170944444;10370944444;1398;1386
173;10273950000;10170944444;10370944444;1400;1388
174;10273960000;10170944444;10370944444;1400;1388
175;10274172000;10170944444;10370944444;982;970
176;10314683000;10212622222;10412622222;1398;1386
177;10314701000;10212622222;10412622222;1400;1388
178;10314939000;10212622222;10412622222;1398;1386
179;10314962000;10212622222;10412622222;1400;1388
180;10315156000;10212622222;10412622222;1400;1388
181;10315166000;10212622222;10412622222;1398;1386
182;10315406000;10212622222;10412622222;1400;1388
183;10315416000;10212622222;10412622222;1398;1386
184;10315658000;10212622222;10412622222;1400;1388
185;10315668000;10212622222;10412622222;1400;1388
186;10315679000;10212622222;10412622222;982;970
187;10356310000;10254300000;10454300000;1398;1386
188;10356328000;10254300000;10454300000;1400;1388
189;10356541000;10254300000;10454300000;1398;1386
190;10356552000;10254300000;10454300000;1400;1388
191;10356782000;10254300000;10454300000;1400;1388
192;10356792000;10254300000;10454300000;1398;1386
193;10357032000;10254300000;10454300000;1400;1388
194;10357042000;10254300000;10454300000;1398;1386
195;10357258000;10254300000;10454300000;1400;1388
196;10357263000;10254300000;10454300000;1400;1388
197;10357533000;10254300000;10454300000;982;970
198;10397961000;10295922222;10495922222;1398;1386
199;10398246000;10295922222;10495922222;1400;1388
200;10398267000;10295922222;10495922222;1398;1386
201;10398272000;10295922222;10495922222;1400;1388
202;10398471000;10295922222;10495922222;1400;1388
203;10398481000;10295922222;10495922222;1398;1386
204;10398722000;10295922222;10495922222;1400;1388
205;10398732000;10295922222;10495922222;1398;1386
206;10398972000;10295922222;10495922222;1400;1388
207;10398982000;10295922222;10495922222;1400;1388
208;10399222000;10295922222;10495922222;982;970
209;10439643000;10337600000;10537600000;1398;1386
210;10439661000;10337600000;10537600000;1400;1388
211;10439902000;10337600000;10537600000;1398;1386
212;10439913000;10337600000;10537600000;1400;1388
213;10440088000;10337600000;10537600000;1400;1388
214;10440094000;10337600000;10537600000;1398;1386
215;10440338000;10337600000;10537600000;1400;1388
216;10440343000;10337600000;10537600000;1398;1386
217;10440618000;10337600000;10537600000;1400;1388
218;10440627000;10337600000;10537600000;1400;1388
219;10440866000;10337600000;10537600000;982;970
220;10481332000;10379300000;10579300000;1398;1386
221;10481350000;10379300000;10579300000;1400;1388
222;10481582000;10379300000;10579300000;1398;1386
223;10481593000;10379300000;10579300000;1400;1388
224;10481806000;10379300000;10579300000;1400;1388
225;10481816000;10379300000;10579300000;1398;1386
226;10482056000;10379300000;10579300000;1400;1388
227;10482066000;10379300000;10579300000;1398;1386
228;10482309000;10379300000;10579300000;1400;1388
229;10482319000;10379300000;10579300000;1400;1388
230;10482530000;10379300000;10579300000;982;970
231;10522957000;10420955555;10620955555;1398;1386
232;10522968000;10420955555;10620955555;1400;1388
233;10523245000;10420955555;10620955555;1398;1386
234;10523266000;10420955555;10620955555;1400;1388
235;10523469000;10420955555;10620955555;1400;1388
236;10523479000;10420955555;10620955555;1398;1386
237;10523693000;10420955555;10620955555;1400;1388
238;10523698000;10420955555;10620955555;1398;1386
239;10523972000;10420955555;10620955555;1400;1388
240;10523982000;10420955555;10620955555;1400;1388
241;10523987000;10420955555;10620955555;982;970
242;10564670000;10462622222;10662622222;1398;1386
243;10564687000;10462622222;10662622222;1400;1388
244;10564915000;10462622222;10662622222;1398;1386
245;10564926000;10462622222;10662622222;1400;1388
246;10565142000;10462622222;10662622222;1400;1388
247;10565152000;10462622222;10662622222;1398;1386
248;10565391000;10462622222;10662622222;1400;1388
249;10565401000;10462622222;10662622222;1398;1386
250;10565644000;10462622222;10662622222;1400;1388
251;10565654000;10462622222;10662622222;1400;1388
252;10565892000;10462622222;10662622222;982;970
253;10606284000;10504322222;10704322222;1398;1386
254;10606520000;10504322222;10704322222;1400;1388
255;10606527000;10504322222;10704322222;1398;1386
256;10606531000;10504322222;10704322222;1400;1388
257;10606800000;10504322222;10704322222;1400;1388
258;10606811000;10504322222;10704322222;1398;1386
259;10607019000;10504322222;10704322222;1400;1388
260;10607024000;10504322222;10704322222;1398;1386
261;10607297000;10504322222;10704322222;1400;1388
262;10607307000;10504322222;10704322222;1400;1388
263;10607547000;10504322222;10704322222;982;970
264;10647987000;10545922222;10745922222;1398;1386
265;10648004000;10545922222;10745922222;1400;1388
266;10648213000;10545922222;10745922222;1398;1386
267;10648223000;10545922222;10745922222;1400;1388
268;10648462000;10545922222;10745922222;1400;1388
269;10648472000;10545922222;10745922222;1398;1386
270;10648714000;10545922222;10745922222;1400;1388
271;10648723000;10545922222;10745922222;1398;1386
272;10648963000;10545922222;10745922222;1400;1388
273;10648972000;10545922222;10745922222;1400;1388
274;10649186000;10545922222;10745922222;982;970
275;10689671000;10587577777;10787577777;1398;1386
276;10689689000;10587577777;10787577777;1400;1388
277;10689912000;10587577777;10787577777;1398;1386
278;10689932000;10587577777;10787577777;1400;1388
279;10690145000;10587577777;10787577777;1400;1388
280;10690156000;10587577777;10787577777;1398;1386
281;10690367000;10587577777;10787577777;1400;1388
282;10690372000;10587577777;10787577777;1398;1386
283;10690617000;10587577777;10787577777;1400;1388
284;10690622000;10587577777;10787577777;1400;1388
285;10690893000;10587577777;10787577777;982;970
286;10731327000;10629288888;10829288888;1398;1386
287;10731346000;10629288888;10829288888;1400;1388
288;10731560000;10629288888;10829288888;1398;1386
289;10731571000;10629288888;10829288888;1400;1388
290;10731795000;10629288888;10829288888;1400;1388
291;10731805000;10629288888;10829288888;1398;1386
292;10732045000;10629288888;10829288888;1400;1388
293;10732055000;10629288888;10829288888;1398;1386
294;10732296000;10629288888;10829288888;1400;1388
295;10732306000;10629288888;10829288888;1400;1388
296;10732546000;10629288888;10829288888;982;970
297;10772990000;10670911111;10870911111;1398;1386
298;10773009000;10670911111;10870911111;1400;1388
299;10773222000;10670911111;10870911111;1398;1386
300;10773252000;10670911111;10870911111;1400;1388
301;10773434000;10670911111;10870911111;1400;1388
302;10773439000;10670911111;10870911111;1398;1386
303;10773711000;10670911111;10870911111;1400;1388
304;10773721000;10670911111;10870911111;1398;1386
305;10773962000;10670911111;10870911111;1400;1388
306;10773971000;10670911111;10870911111;1400;1388
307;10774211000;10670911111;10870911111;982;970
308;10814644000;10712588888;10912588888;1398;1386
309;10814661000;10712588888;10912588888;1400;1388
310;10814889000;10712588888;10912588888;1398;1386
311;10814915000;10712588888;10912588888;1400;1388
312;10815116000;10712588888;10912588888;1400;1388
313;10815126000;10712588888;10912588888;1398;1386
314;10815367000;10712588888;10912588888;1400;1388
315;10815377000;10712588888;10912588888;1398;1386
316;10815618000;10712588888;10912588888;1400;1388
317;10815627000;10712588888;10912588888;1400;1388
318;10815840000;10712588888;10912588888;982;970
319;10856310000;10754288888;10954288888;1398;1386
320;10856321000;10754288888;10954288888;1400;1388
321;10856651000;10754288888;10954288888;1398;1386
322;10856672000;10754288888;10954288888;1400;1388
323;10856821000;10754288888;10954288888;1400;1388
324;10856841000;10754288888;10954288888;1398;1386
325;10857072000;10754288888;10954288888;1400;1388
326;10857093000;10754288888;10954288888;1398;1386
327;10857324000;10754288888;10954288888;1400;1388
328;10857344000;10754288888;10954288888;1400;1388
329;10857348000;10754288888;10954288888;982;970
330;10897995000;10795944444;10995944444;1398;1386
331;10898023000;10795944444;10995944444;1400;1388
332;10898234000;10795944444;10995944444;1398;1386
333;10898255000;10795944444;10995944444;1400;1388
334;10898465000;10795944444;10995944444;1400;1388
335;10898485000;10795944444;10995944444;1398;1386
336;10898716000;10795944444;10995944444;1400;1388
337;10898755000;10795944444;10995944444;1398;1386
338;10898968000;10795944444;10995944444;1400;1388
339;10898978000;10795944444;10995944444;1400;1388
340;10899188000;10795944444;10995944444;982;970
341;10939672000;10837588888;11037588888;1398;1386
342;10939701000;10837588888;11037588888;1400;1388
343;10939912000;10837588888;11037588888;1398;1386
344;10939932000;10837588888;11037588888;1400;1388
345;10940144000;10837588888;11037588888;1400;1388
346;10940164000;10837588888;11037588888;1398;1386
347;10940395000;10837588888;11037588888;1400;1388
348;10940416000;10837588888;11037588888;1398;1386
349;10940646000;10837588888;11037588888;1400;1388
350;10940665000;10837588888;11037588888;1400;1388
351;10940670000;10837588888;11037588888;982;970
352;10981312000;10879288888;11079288888;1398;1386
353;10981339000;10879288888;11079288888;1400;1388
354;10981560000;10879288888;11079288888;1398;1386
355;10981580000;10879288888;11079288888;1400;1388
356;10981785000;10879288888;11079288888;1400;1388
357;10981804000;10879288888;11079288888;1398;1386
358;10982008000;10879288888;11079288888;1400;1388
359;10982013000;10879288888;11079288888;1398;1386
360;10982259000;10879288888;11079288888;1400;1388
361;10982264000;10879288888;11079288888;1400;1388
362;10982535000;10879288888;11079288888;982;970
363;11022985000;10920922222;11120922222;1398;1386
364;11023014000;10920922222;11120922222;1400;1388
365;11023219000;10920922222;11120922222;1398;1386
366;11023240000;10920922222;11120922222;1400;1388
367;11023460000;10920922222;11120922222;1400;1388
368;11023480000;10920922222;11120922222;1398;1386
369;11023710000;10920922222;11120922222;1400;1388
370;11023730000;10920922222;11120922222;1398;1386
371;11023961000;10920922222;11120922222;1400;1388
372;11023980000;10920922222;11120922222;1400;1388
373;11024209000;10920922222;11120922222;982;970
374;11064662000;10962600000;11162600000;1398;1386
375;11064689000;10962600000;11162600000;1400;1388
376;11064904000;10962600000;11162600000;1398;1386
377;11064923000;10962600000;11162600000;1400;1388
378;11065138000;10962600000;11162600000;1400;1388
379;11065157000;10962600000;11162600000;1398;1386
380;11065388000;10962600000;11162600000;1400;1388
381;11065409000;10962600000;11162600000;1398;1386
382;11065640000;10962600000;11162600000;1400;1388
383;11065660000;10962600000;11162600000;1400;1388
384;11065889000;10962600000;11162600000;982;970
385;11106303000;11004288888;11204288888;1398;1386
386;11106331000;11004288888;11204288888;1400;1388
387;11106503000;11004288888;11204288888;1398;1386
388;11106534000;11004288888;11204288888;1400;1388
389;11106782000;11004288888;11204288888;1400;1388
390;11106802000;11004288888;11204288888;1398;1386
391;11107031000;11004288888;11204288888;1400;1388
392;11107052000;11004288888;11204288888;1398;1386
393;11107282000;11004288888;11204288888;1400;1388
394;11107303000;11004288888;11204288888;1400;1388
395;11107533000;11004288888;11204288888;982;970
396;11147959000;11045922222;11245922222;1398;1386
397;11148247000;11045922222;11245922222;1400;1388
398;11148269000;11045922222;11245922222;1398;1386
399;11148273000;11045922222;11245922222;1400;1388
400;11148443000;11045922222;11245922222;1400;1388
401;11148449000;11045922222;11245922222;1398;1386
402;11148723000;11045922222;11245922222;1400;1388
403;11148742000;11045922222;11245922222;1398;1386
404;11148972000;11045922222;11245922222;1400;1388
405;11148992000;11045922222;11245922222;1400;1388
406;11149222000;11045922222;11245922222;982;970
407;11189646000;11087588888;11287588888;1398;1386
408;11189675000;11087588888;11287588888;1400;1388
409;11189867000;11087588888;11287588888;1398;1386
410;11189887000;11087588888;11287588888;1400;1388
411;11190118000;11087588888;11287588888;1400;1388
412;11190139000;11087588888;11287588888;1398;1386
413;11190369000;11087588888;11287588888;1400;1388
414;11190390000;11087588888;11287588888;1398;1386
415;11190625000;11087588888;11287588888;1400;1388
416;11190646000;11087588888;11287588888;1400;1388
417;11190886000;11087588888;11287588888;982;970
418;11231347000;11129300000;11329300000;1398;1386
419;11231395000;11129300000;11329300000;1400;1388
420;11231562000;11129300000;11329300000;1398;1386
421;11231581000;11129300000;11329300000;1400;1388
422;11231812000;11129300000;11329300000;1400;1388
423;11231832000;11129300000;11329300000;1398;1386
424;11232071000;11129300000;11329300000;1400;1388
425;11232090000;11129300000;11329300000;1398;1386
426;11232322000;11129300000;11329300000;1400;1388
427;11232341000;11129300000;11329300000;1400;1388
428;11232345000;11129300000;11329300000;982;970
429;11272982000;11170955555;11370955555;1398;1386
430;11273010000;11170955555;11370955555;1400;1388
431;11273200000;11170955555;11370955555;1398;1386
432;11273221000;11170955555;11370955555;1400;1388
433;11273452000;11170955555;11370955555;1400;1388
434;11273471000;11170955555;11370955555;1398;1386
435;11273702000;11170955555;11370955555;1400;1388
436;11273722000;11170955555;11370955555;1398;1386
437;11273953000;11170955555;11370955555;1400;1388
438;11273973000;11170955555;11370955555;1400;1388
439;11274202000;11170955555;11370955555;982;970
440;11314686000;11212611111;11412611111;1398;1386
441;11314712000;11212611111;11412611111;1400;1388
442;11314903000;11212611111;11412611111;1398;1386
443;11314923000;11212611111;11412611111;1400;1388
444;11315154000;11212611111;11412611111;1400;1388
445;11315174000;11212611111;11412611111;1398;1386
446;11315409000;11212611111;11412611111;1400;1388
447;11315429000;11212611111;11412611111;1398;1386
448;11315662000;11212611111;11412611111;1400;1388
449;11315682000;11212611111;11412611111;1400;1388
450;11315686000;11212611111;11412611111;982;970
451;11356304000;11254311111;11454311111;1398;1386
452;11356332000;11254311111;11454311111;1400;1388
453;11356536000;11254311111;11454311111;1398;1386
454;11356556000;11254311111;11454311111;1400;1388
455;11356772000;11254311111;11454311111;1400;1388
456;11356793000;11254311111;11454311111;1398;1386
457;11357024000;11254311111;11454311111;1400;1388
458;11357044000;11254311111;11454311111;1398;1386
459;11357274000;11254311111;11454311111;1400;1388
460;11357295000;11254311111;11454311111;1400;1388
461;11357524000;11254311111;11454311111;982;970
462;11398005000;11295911111;11495911111;1398;1386
463;11398025000;11295911111;11495911111;1400;1388
464;11398246000;11295911111;11495911111;1398;1386
465;11398258000;11295911111;11495911111;1400;1388
466;11398472000;11295911111;11495911111;1400;1388
467;11398492000;11295911111;11495911111;1398;1386
468;11398694000;11295911111;11495911111;1400;1388
469;11398700000;11295911111;11495911111;1398;1386
470;11398972000;11295911111;11495911111;1400;1388
471;11398992000;11295911111;11495911111;1400;1388
472;11399221000;11295911111;11495911111;982;970
473;11439655000;11337588888;11537588888;1398;1386
474;11439683000;11337588888;11537588888;1400;1388
475;11439902000;11337588888;11537588888;1398;1386
476;11439921000;11337588888;11537588888;1400;1388
477;11440129000;11337588888;11537588888;1400;1388
478;11440149000;11337588888;11537588888;1398;1386
479;11440379000;11337588888;11537588888;1400;1388
480;11440399000;11337588888;11537588888;1398;1386
481;11440630000;11337588888;11537588888;1400;1388
482;11440649000;11337588888;11537588888;1400;1388
483;11440879000;11337588888;11537588888;982;970
484;11481286000;11379300000;11579300000;1398;1386
485;11481586000;11379300000;11579300000;1400;1388
486;11481608000;11379300000;11579300000;1398;1386
487;11481612000;11379300000;11579300000;1400;1388
488;11481767000;11379300000;11579300000;1400;1388
489;11481772000;11379300000;11579300000;1398;1386
490;11482017000;11379300000;11579300000;1400;1388
491;11482022000;11379300000;11579300000;1398;1386
492;11482296000;11379300000;11579300000;1400;1388
493;11482316000;11379300000;11579300000;1400;1388
494;11482535000;11379300000;11579300000;982;970
495;11522992000;11420933333;11620933333;1398;1386
496;11523019000;11420933333;11620933333;1400;1388
497;11523225000;11420933333;11620933333;1398;1386
498;11523246000;11420933333;11620933333;1400;1388
499;11523466000;11420933333;11620933333;1400;1388
500;11523486000;11420933333;11620933333;1398;1386
501;11523717000;11420933333;11620933333;1400;1388
502;11523736000;11420933333;11620933333;1398;1386
503;11523967000;11420933333;11620933333;1400;1388
504;11523986000;11420933333;11620933333;1400;1388
505;11524216000;11420933333;11620933333;982;970
506;11564640000;11462600000;11662600000;1398;1386
507;11564668000;11462600000;11662600000;1400;1388
508;11564875000;11462600000;11662600000;1398;1386
509;11564896000;11462600000;11662600000;1400;1388
510;11565116000;11462600000;11662600000;1400;1388
511;11565135000;11462600000;11662600000;1398;1386
512;11565366000;11462600000;11662600000;1400;1388
513;11565385000;11462600000;11662600000;1398;1386
514;11565617000;11462600000;11662600000;1400;1388
515;11565636000;11462600000;11662600000;1400;1388
516;11565839000;11462600000;11662600000;982;970
517;11606348000;11504300000;11704300000;1398;1386
518;11606375000;11504300000;11704300000;1400;1388
519;11606581000;11504300000;11704300000;1398;1386
520;11606606000;11504300000;11704300000;1400;1388
521;11606821000;11504300000;11704300000;1400;1388
522;11606841000;11504300000;11704300000;1398;1386
523;11607072000;11504300000;11704300000;1400;1388
524;11607092000;11504300000;11704300000;1398;1386
525;11607324000;11504300000;11704300000;1400;1388
526;11607344000;11504300000;11704300000;1400;1388
527;11607348000;11504300000;11704300000;982;970
528;11647991000;11545955555;11745955555;1398;1386
529;11648010000;11545955555;11745955555;1400;1388
530;11648213000;11545955555;11745955555;1398;1386
531;11648244000;11545955555;11745955555;1400;1388
532;11648465000;11545955555;11745955555;1400;1388
533;11648476000;11545955555;11745955555;1398;1386
534;11648689000;11545955555;11745955555;1400;1388
535;11648694000;11545955555;11745955555;1398;1386
536;11648965000;11545955555;11745955555;1400;1388
537;11648985000;11545955555;11745955555;1400;1388
538;11649214000;11545955555;11745955555;982;970
539;11689653000;11587577777;11787577777;1398;1386
540;11689682000;11587577777;11787577777;1400;1388
541;11689876000;11587577777;11787577777;1398;1386
542;11689907000;11587577777;11787577777;1400;1388
543;11690128000;11587577777;11787577777;1400;1388
544;11690148000;11587577777;11787577777;1398;1386
545;11690378000;11587577777;11787577777;1400;1388
546;11690398000;11587577777;11787577777;1398;1386
547;11690629000;11587577777;11787577777;1400;1388
548;11690649000;11587577777;11787577777;1400;1388
549;11690878000;11587577777;11787577777;982;970
550;11731318000;11629311111;11829311111;1398;1386
551;11731338000;11629311111;11829311111;1400;1388
552;11731566000;11629311111;11829311111;1398;1386
553;11731576000;11629311111;11829311111;1400;1388
554;11731782000;11629311111;11829311111;1400;1388
555;11731802000;11629311111;11829311111;1398;1386
556;11732033000;11629311111;11829311111;1400;1388
557;11732054000;11629311111;11829311111;1398;1386
558;11732284000;11629311111;11829311111;1400;1388
559;11732304000;11629311111;11829311111;1400;1388
560;11732533000;11629311111;11829311111;982;970
561;11772987000;11670933333;11870933333;1398;1386
562;11773006000;11670933333;11870933333;1400;1388
563;11773212000;11670933333;11870933333;1398;1386
564;11773232000;11670933333;11870933333;1400;1388
565;11773462000;11670933333;11870933333;1400;1388
566;11773482000;11670933333;11870933333;1398;1386
567;11773713000;11670933333;11870933333;1400;1388
568;11773733000;11670933333;11870933333;1398;1386
569;11773964000;11670933333;11870933333;1400;1388
570;11773984000;11670933333;11870933333;1400;1388
571;11774214000;11670933333;11870933333;982;970
572;11814641000;11712633333;11912633333;1398;1386
573;11814667000;11712633333;11912633333;1400;1388
574;11814873000;11712633333;11912633333;1398;1386
575;11814894000;11712633333;11912633333;1400;1388
576;11815114000;11712633333;11912633333;1400;1388
577;11815133000;11712633333;11912633333;1398;1386
578;11815364000;11712633333;11912633333;1400;1388
579;11815383000;11712633333;11912633333;1398;1386
580;11815616000;11712633333;11912633333;1400;1388
581;11815635000;11712633333;11912633333;1400;1388
582;11815864000;11712633333;11912633333;982;970
583;11856329000;11754300000;11954300000;1398;1386
584;11856356000;11754300000;11954300000;1400;1388
585;11856566000;11754300000;11954300000;1398;1386
586;11856586000;11754300000;11954300000;1400;1388
587;11856804000;11754300000;11954300000;1400;1388
588;11856824000;11754300000;11954300000;1398;1386
589;11857027000;11754300000;11954300000;1400;1388
590;11857032000;11754300000;11954300000;1398;1386
591;11857305000;11754300000;11954300000;1400;1388
592;11857324000;11754300000;11954300000;1400;1388
593;11857556000;11754300000;11954300000;982;970
594;11897970000;11795955555;11995955555;1398;1386
595;11897997000;11795955555;11995955555;1400;1388
596;11898196000;11795955555;11995955555;1398;1386
597;11898216000;11795955555;11995955555;1400;1388
598;11898447000;11795955555;11995955555;1400;1388
599;11898467000;11795955555;11995955555;1398;1386
600;11898698000;11795955555;11995955555;1400;1388
601;11898718000;11795955555;11995955555;1398;1386
602;11898951000;11795955555;11995955555;1400;1388
603;11898962000;11795955555;11995955555;1400;1388
604;11899170000;11795955555;11995955555;982;970
605;11939677000;11837600000;12037600000;1398;1386
606;11939704000;11837600000;12037600000;1400;1388
607;11939931000;11837600000;12037600000;1398;1386
608;11939951000;11837600000;12037600000;1400;1388
609;11940154000;11837600000;12037600000;1400;1388
610;11940174000;11837600000;12037600000;1398;1386
611;11940405000;11837600000;12037600000;1400;1388
612;11940424000;11837600000;12037600000;1398;1386
613;11940657000;11837600000;12037600000;1400;1388
614;11940676000;11837600000;12037600000;1400;1388
615;11940680000;11837600000;12037600000;982;970
616;11981315000;11879311111;12079311111;1398;1386
617;11981340000;11879311111;12079311111;1400;1388
618;11981555000;11879311111;12079311111;1398;1386
619;11981578000;11879311111;12079311111;1400;1388
620;11981795000;11879311111;12079311111;1400;1388
621;11981815000;11879311111;12079311111;1398;1386
622;11982044000;11879311111;12079311111;1400;1388
623;11982064000;11879311111;12079311111;1398;1386
624;11982268000;11879311111;12079311111;1400;1388
625;11982273000;11879311111;12079311111;1400;1388
626;11982545000;11879311111;12079311111;982;970
627;12022976000;11920933333;12120933333;1398;1386
628;12023001000;11920933333;12120933333;1400;1388
629;12023237000;11920933333;12120933333;1398;1386
630;12023257000;11920933333;12120933333;1400;1388
631;12023461000;11920933333;12120933333;1400;1388
632;12023481000;11920933333;12120933333;1398;1386
633;12023713000;11920933333;12120933333;1400;1388
634;12023733000;11920933333;12120933333;1398;1386
635;12023963000;11920933333;12120933333;1400;1388
636;12023983000;11920933333;12120933333;1400;1388
637;12024213000;11920933333;12120933333;982;970
638;12064643000;11962588888;12162588888;1398;1386
639;12064658000;11962588888;12162588888;1400;1388
640;12064879000;11962588888;12162588888;1398;1386
641;12064889000;11962588888;12162588888;1400;1388
642;12065127000;11962588888;12162588888;1400;1388
643;12065147000;11962588888;12162588888;1398;1386
644;12065378000;11962588888;12162588888;1400;1388
645;12065399000;11962588888;12162588888;1398;1386
646;12065629000;11962588888;12162588888;1400;1388
647;12065649000;11962588888;12162588888;1400;1388
648;12065879000;11962588888;12162588888;982;970
649;12106319000;12004288888;12204288888;1398;1386
650;12106347000;12004288888;12204288888;1400;1388
651;12106557000;12004288888;12204288888;1398;1386
652;12106578000;12004288888;12204288888;1400;1388
653;12106797000;12004288888;12204288888;1400;1388
654;12106808000;12004288888;12204288888;1398;1386
655;12107044000;12004288888;12204288888;1400;1388
656;12107064000;12004288888;12204288888;1398;1386
657;12107295000;12004288888;12204288888;1400;1388
658;12107315000;12004288888;12204288888;1400;1388
659;12107544000;12004288888;12204288888;982;970
660;12147982000;12045933333;12245933333;1398;1386
661;12148007000;12045933333;12245933333;1400;1388
662;12148223000;12045933333;12245933333;1398;1386
663;12148243000;12045933333;12245933333;1400;1388
664;12148435000;12045933333;12245933333;1400;1388
665;12148470000;12045933333;12245933333;1398;1386
666;12148714000;12045933333;12245933333;1400;1388
667;12148734000;12045933333;12245933333;1398;1386
668;12148964000;12045933333;12245933333;1400;1388
669;12148984000;12045933333;12245933333;1400;1388
670;12149214000;12045933333;12245933333;982;970
671;12189661000;12087588888;12287588888;1398;1386
672;12189678000;12087588888;12287588888;1400;1388
673;12189894000;12087588888;12287588888;1398;1386
674;12189914000;12087588888;12287588888;1400;1388
675;12190139000;12087588888;12287588888;1400;1388
676;12190159000;12087588888;12287588888;1398;1386
677;12190389000;12087588888;12287588888;1400;1388
678;12190409000;12087588888;12287588888;1398;1386
679;12190640000;12087588888;12287588888;1400;1388
680;12190659000;12087588888;12287588888;1400;1388
681;12190889000;12087588888;12287588888;982;970
682;12231324000;12129300000;12329300000;1398;1386
683;12231352000;12129300000;12329300000;1400;1388
684;12231560000;12129300000;12329300000;1398;1386
685;12231580000;12129300000;12329300000;1400;1388
686;12231794000;12129300000;12329300000;1400;1388
687;12231813000;12129300000;12329300000;1398;1386
688;12232045000;12129300000;12329300000;1400;1388
689;12232064000;12129300000;12329300000;1398;1386
690;12232295000;12129300000;12329300000;1400;1388
691;12232315000;12129300000;12329300000;1400;1388
692;12232534000;12129300000;12329300000;982;970
693;12272983000;12170944444;12370944444;1398;1386
694;12273007000;12170944444;12370944444;1400;1388
695;12273237000;12170944444;12370944444;1398;1386
696;12273256000;12170944444;12370944444;1400;1388
697;12273463000;12170944444;12370944444;1400;1388
698;12273483000;12170944444;12370944444;1398;1386
699;12273715000;12170944444;12370944444;1400;1388
700;12273735000;12170944444;12370944444;1398;1386
701;12273965000;12170944444;12370944444;1400;1388
702;12273984000;12170944444;12370944444;1400;1388
703;12274214000;12170944444;12370944444;982;970
704;12314646000;12212622222;12412622222;1398;1386
705;12314670000;12212622222;12412622222;1400;1388
706;12314900000;12212622222;12412622222;1398;1386
707;12314920000;12212622222;12412622222;1400;1388
708;12315100000;12212622222;12412622222;1400;1388
709;12315115000;12212622222;12412622222;1398;1386
710;12315378000;12212622222;12412622222;1400;1388
711;12315398000;12212622222;12412622222;1398;1386
712;12315630000;12212622222;12412622222;1400;1388
713;12315649000;12212622222;12412622222;1400;1388
714;12315879000;12212622222;12412622222;982;970
715;12356310000;12254277777;12454277777;1398;1386
716;12356335000;12254277777;12454277777;1400;1388
717;12356567000;12254277777;12454277777;1398;1386
718;12356588000;12254277777;12454277777;1400;1388
719;12356795000;12254277777;12454277777;1400;1388
720;12356815000;12254277777;12454277777;1398;1386
721;12357047000;12254277777;12454277777;1400;1388
722;12357067000;12254277777;12454277777;1398;1386
723;12357269000;12254277777;12454277777;1400;1388
724;12357274000;12254277777;12454277777;1400;1388
725;12357546000;12254277777;12454277777;982;970
726;12397982000;12295922222;12495922222;1398;1386
727;12397997000;12295922222;12495922222;1400;1388
728;12398214000;12295922222;12495922222;1398;1386
729;12398225000;12295922222;12495922222;1400;1388
730;12398463000;12295922222;12495922222;1400;1388
731;12398483000;12295922222;12495922222;1398;1386
732;12398714000;12295922222;12495922222;1400;1388
733;12398734000;12295922222;12495922222;1398;1386
734;12398964000;12295922222;12495922222;1400;1388
735;12398984000;12295922222;12495922222;1400;1388
736;12399213000;12295922222;12495922222;982;970
737;12439629000;12337588888;12537588888;1398;1386
738;12439655000;12337588888;12537588888;1400;1388
739;12439897000;12337588888;12537588888;1398;1386
740;12439917000;12337588888;12537588888;1400;1388
741;12440089000;12337588888;12537588888;1400;1388
742;12440094000;12337588888;12537588888;1398;1386
743;12440367000;12337588888;12537588888;1400;1388
744;12440387000;12337588888;12537588888;1398;1386
745;12440618000;12337588888;12537588888;1400;1388
746;12440638000;12337588888;12537588888;1400;1388
747;12440867000;12337588888;12537588888;982;970
748;12481317000;12379311111;12579311111;1398;1386
749;12481341000;12379311111;12579311111;1400;1388
750;12481557000;12379311111;12579311111;1398;1386
751;12481576000;12379311111;12579311111;1400;1388
752;12481804000;12379311111;12579311111;1400;1388
753;12481823000;12379311111;12579311111;1398;1386
754;12482027000;12379311111;12579311111;1400;1388
755;12482043000;12379311111;12579311111;1398;1386
756;12482306000;12379311111;12579311111;1400;1388
757;12482326000;12379311111;12579311111;1400;1388
758;12482528000;12379311111;12579311111;982;970
759;12522995000;12420966666;12620966666;1398;1386
760;12523018000;12420966666;12620966666;1400;1388
761;12523242000;12420966666;12620966666;1398;1386
762;12523262000;12420966666;12620966666;1400;1388
763;12523482000;12420966666;12620966666;1400;1388
764;12523502000;12420966666;12620966666;1398;1386
765;12523733000;12420966666;12620966666;1400;1388
766;12523753000;12420966666;12620966666;1398;1386
767;12523985000;12420966666;12620966666;1400;1388
768;12524005000;12420966666;12620966666;1400;1388
769;12524009000;12420966666;12620966666;982;970
770;12564630000;12462622222;12662622222;1398;1386
771;12564654000;12462622222;12662622222;1400;1388
772;12564884000;12462622222;12662622222;1398;1386
773;12564904000;12462622222;12662622222;1400;1388
774;12565118000;12462622222;12662622222;1400;1388
775;12565138000;12462622222;12662622222;1398;1386
776;12565369000;12462622222;12662622222;1400;1388
777;12565389000;12462622222;12662622222;1398;1386
778;12565620000;12462622222;12662622222;1400;1388
779;12565639000;12462622222;12662622222;1400;1388
780;12565870000;12462622222;12662622222;982;970
781;12606307000;12504311111;12704311111;1398;1386
782;12606331000;12504311111;12704311111;1400;1388
783;12606570000;12504311111;12704311111;1398;1386
784;12606590000;12504311111;12704311111;1400;1388
785;12606766000;12504311111;12704311111;1400;1388
786;12606782000;12504311111;12704311111;1398;1386
787;12607044000;12504311111;12704311111;1400;1388
788;12607064000;12504311111;12704311111;1398;1386
789;12607296000;12504311111;12704311111;1400;1388
790;12607316000;12504311111;12704311111;1400;1388
791;12607545000;12504311111;12704311111;982;970
792;12647973000;12545944444;12745944444;1398;1386
793;12647997000;12545944444;12745944444;1400;1388
794;12648241000;12545944444;12745944444;1398;1386
795;12648260000;12545944444;12745944444;1400;1388
796;12648461000;12545944444;12745944444;1400;1388
797;12648482000;12545944444;12745944444;1398;1386
798;12648712000;12545944444;12745944444;1400;1388
799;12648733000;12545944444;12745944444;1398;1386
800;12648964000;12545944444;12745944444;1400;1388
801;12648983000;12545944444;12745944444;1400;1388
802;12649213000;12545944444;12745944444;982;970
803;12689642000;12587588888;12787588888;1398;1386
804;12689668000;12587588888;12787588888;1400;1388
805;12689895000;12587588888;12787588888;1398;1386
806;12689915000;12587588888;12787588888;1400;1388
807;12690128000;12587588888;12787588888;1400;1388
808;12690148000;12587588888;12787588888;1398;1386
809;12690378000;12587588888;12787588888;1400;1388
810;12690398000;12587588888;12787588888;1398;1386
811;12690629000;12587588888;12787588888;1400;1388
812;12690649000;12587588888;12787588888;1400;1388
813;12690878000;12587588888;12787588888;982;970
814;12731331000;12629311111;12829311111;1398;1386
815;12731350000;12629311111;12829311111;1400;1388
816;12731548000;12629311111;12829311111;1398;1386
817;12731559000;12629311111;12829311111;1400;1388
818;12731797000;12629311111;12829311111;1400;1388
819;12731816000;12629311111;12829311111;1398;1386
820;12732047000;12629311111;12829311111;1400;1388
821;12732067000;12629311111;12829311111;1398;1386
822;12732298000;12629311111;12829311111;1400;1388
823;12732319000;12629311111;12829311111;1400;1388
824;12732549000;12629311111;12829311111;982;970
825;12772980000;12670933333;12870933333;1398;1386
826;12773005000;12670933333;12870933333;1400;1388
827;12773244000;12670933333;12870933333;1398;1386
828;12773263000;12670933333;12870933333;1400;1388
829;12773463000;12670933333;12870933333;1400;1388
830;12773493000;12670933333;12870933333;1398;1386
831;12773713000;12670933333;12870933333;1400;1388
832;12773733000;12670933333;12870933333;1398;1386
833;12773964000;12670933333;12870933333;1400;1388
834;12773983000;12670933333;12870933333;1400;1388
835;12774213000;12670933333;12870933333;982;970
836;12814632000;12712622222;12912622222;1398;1386
837;12814656000;12712622222;12912622222;1400;1388
838;12814890000;12712622222;12912622222;1398;1386
839;12814909000;12712622222;12912622222;1400;1388
840;12815117000;12712622222;12912622222;1400;1388
841;12815136000;12712622222;12912622222;1398;1386
842;12815366000;12712622222;12912622222;1400;1388
843;12815386000;12712622222;12912622222;1398;1386
844;12815590000;12712622222;12912622222;1400;1388
845;12815595000;12712622222;12912622222;1400;1388
846;12815866000;12712622222;12912622222;982;970
847;12856323000;12754311111;12954311111;1398;1386
848;12856350000;12754311111;12954311111;1400;1388
849;12856606000;12754311111;12954311111;1398;1386
850;12856617000;12754311111;12954311111;1400;1388
851;12856805000;12754311111;12954311111;1400;1388
852;12856825000;12754311111;12954311111;1398;1386
853;12857056000;12754311111;12954311111;1400;1388
854;12857076000;12754311111;12954311111;1398;1386
855;12857307000;12754311111;12954311111;1400;1388
856;12857327000;12754311111;12954311111;1400;1388
857;12857583000;12754311111;12954311111;982;970
858;12897959000;12795966666;12995966666;1398;1386
859;12898195000;12795966666;12995966666;1400;1388
860;12898215000;12795966666;12995966666;1398;1386
861;12898220000;12795966666;12995966666;1400;1388
862;12898445000;12795966666;12995966666;1400;1388
863;12898465000;12795966666;12995966666;1398;1386
864;12898697000;12795966666;12995966666;1400;1388
865;12898708000;12795966666;12995966666;1398;1386
866;12898946000;12795966666;12995966666;1400;1388
867;12898966000;12795966666;12995966666;1400;1388
868;12899195000;12795966666;12995966666;982;970
869;12939640000;12837611111;13037611111;1398;1386
870;12939665000;12837611111;13037611111;1400;1388
871;12939877000;12837611111;13037611111;1398;1386
872;12939897000;12837611111;13037611111;1400;1388
873;12940100000;12837611111;13037611111;1400;1388
874;12940116000;12837611111;13037611111;1398;1386
875;12940379000;12837611111;13037611111;1400;1388
876;12940399000;12837611111;13037611111;1398;1386
877;12940629000;12837611111;13037611111;1400;1388
878;12940650000;12837611111;13037611111;1400;1388
879;12940879000;12837611111;13037611111;982;970
880;12981290000;12879300000;13079300000;1398;1386
881;12981312000;12879300000;13079300000;1400;1388
882;12981531000;12879300000;13079300000;1398;1386
883;12981551000;12879300000;13079300000;1400;1388
884;12981781000;12879300000;13079300000;1400;1388
885;12981801000;12879300000;13079300000;1398;1386
886;12982004000;12879300000;13079300000;1400;1388
887;12982009000;12879300000;13079300000;1398;1386
888;12982283000;12879300000;13079300000;1400;1388
889;12982302000;12879300000;13079300000;1400;1388
890;12982505000;12879300000;13079300000;982;970
891;13022997000;12920944444;13120944444;1398;1386
892;13023019000;12920944444;13120944444;1400;1388
893;13023255000;12920944444;13120944444;1398;1386
894;13023275000;12920944444;13120944444;1400;1388
895;13023491000;12920944444;13120944444;1400;1388
896;13023510000;12920944444;13120944444;1398;1386
897;13023741000;12920944444;13120944444;1400;1388
898;13023761000;12920944444;13120944444;1398;1386
899;13023994000;12920944444;13120944444;1400;1388
900;13024013000;12920944444;13120944444;1400;1388
901;13024018000;12920944444;13120944444;982;970
902;13064622000;12962611111;13162611111;1398;1386
903;13064643000;12962611111;13162611111;1400;1388
904;13064884000;12962611111;13162611111;1398;1386
905;13064919000;12962611111;13162611111;1400;1388
906;13065117000;12962611111;13162611111;1400;1388
907;13065137000;12962611111;13162611111;1398;1386
908;13065369000;12962611111;13162611111;1400;1388
909;13065389000;12962611111;13162611111;1398;1386
910;13065619000;12962611111;13162611111;1400;1388
911;13065638000;12962611111;13162611111;1400;1388
912;13065868000;12962611111;13162611111;982;970
913;13106297000;13004300000;13204300000;1398;1386
914;13106319000;13004300000;13204300000;1400;1388
915;13106548000;13004300000;13204300000;1398;1386
916;13106583000;13004300000;13204300000;1400;1388
917;13106792000;13004300000;13204300000;1400;1388
918;13106812000;13004300000;13204300000;1398;1386
919;13107043000;13004300000;13204300000;1400;1388
920;13107063000;13004300000;13204300000;1398;1386
921;13107293000;13004300000;13204300000;1400;1388
922;13107313000;13004300000;13204300000;1400;1388
923;13107543000;13004300000;13204300000;982;970
924;13147974000;13045966666;13245966666;1398;1386
925;13147996000;13045966666;13245966666;1400;1388
926;13148240000;13045966666;13245966666;1398;1386
927;13148259000;13045966666;13245966666;1400;1388
928;13148444000;13045966666;13245966666;1400;1388
929;13148449000;13045966666;13245966666;1398;1386
930;13148723000;13045966666;13245966666;1400;1388
931;13148743000;13045966666;13245966666;1398;1386
932;13148973000;13045966666;13245966666;1400;1388
933;13148993000;13045966666;13245966666;1400;1388
934;13149222000;13045966666;13245966666;982;970
935;13189634000;13087611111;13287611111;1398;1386
936;13189656000;13087611111;13287611111;1400;1388
937;13189900000;13087611111;13287611111;1398;1386
938;13189920000;13087611111;13287611111;1400;1388
939;13190128000;13087611111;13287611111;1400;1388
940;13190148000;13087611111;13287611111;1398;1386
941;13190379000;13087611111;13287611111;1400;1388
942;13190400000;13087611111;13287611111;1398;1386
943;13190631000;13087611111;13287611111;1400;1388
944;13190649000;13087611111;13287611111;1400;1388
945;13190879000;13087611111;13287611111;982;970
946;13231312000;13129311111;13329311111;1398;1386
947;13231336000;13129311111;13329311111;1400;1388
948;13231561000;13129311111;13329311111;1398;1386
949;13231585000;13129311111;13329311111;1400;1388
950;13231795000;13129311111;13329311111;1400;1388
951;13231814000;13129311111;13329311111;1398;1386
952;13232045000;13129311111;13329311111;1400;1388
953;13232064000;13129311111;13329311111;1398;1386
954;13232296000;13129311111;13329311111;1400;1388
955;13232315000;13129311111;13329311111;1400;1388
956;13232535000;13129311111;13329311111;982;970
957;13272971000;13170955555;13370955555;1398;1386
958;13272992000;13170955555;13370955555;1400;1388
959;13273244000;13170955555;13370955555;1398;1386
960;13273268000;13170955555;13370955555;1400;1388
961;13273462000;13170955555;13370955555;1400;1388
962;13273482000;13170955555;13370955555;1398;1386
963;13273714000;13170955555;13370955555;1400;1388
964;13273733000;13170955555;13370955555;1398;1386
965;13273964000;13170955555;13370955555;1400;1388
966;13273984000;13170955555;13370955555;1400;1388
967;13274213000;13170955555;13370955555;982;970
968;13314621000;13212633333;13412633333;1398;1386
969;13314642000;13212633333;13412633333;1400;1388
970;13314884000;13212633333;13412633333;1398;1386
971;13314904000;13212633333;13412633333;1400;1388
972;13315115000;13212633333;13412633333;1400;1388
973;13315134000;13212633333;13412633333;1398;1386
974;13315365000;13212633333;13412633333;1400;1388
975;13315385000;13212633333;13412633333;1398;1386
976;13315591000;13212633333;13412633333;1400;1388
977;13315596000;13212633333;13412633333;1400;1388
978;13315866000;13212633333;13412633333;982;970
979;13356310000;13254300000;13454300000;1398;1386
980;13356332000;13254300000;13454300000;1400;1388
981;13356569000;13254300000;13454300000;1398;1386
982;13356593000;13254300000;13454300000;1400;1388
983;13356804000;13254300000;13454300000;1400;1388
984;13356824000;13254300000;13454300000;1398;1386
985;13357056000;13254300000;13454300000;1400;1388
986;13357076000;13254300000;13454300000;1398;1386
987;13357307000;13254300000;13454300000;1400;1388
988;13357327000;13254300000;13454300000;1400;1388
989;13357556000;13254300000;13454300000;982;970
990;13397968000;13295944444;13495944444;1398;1386
991;13397981000;13295944444;13495944444;1400;1388
992;13398231000;13295944444;13495944444;1398;1386
993;13398242000;13295944444;13495944444;1400;1388
994;13398436000;13295944444;13495944444;1400;1388
995;13398442000;13295944444;13495944444;1398;1386
996;13398712000;13295944444;13495944444;1400;1388
997;13398732000;13295944444;13495944444;1398;1386
998;13398962000;13295944444;13495944444;1400;1388
999;13398981000;13295944444;13495944444;1400;1388
1000;13399212000;13295944444;13495944444;982;970
1001;13439633000;13337588888;13537588888;1398;1386
1002;13439655000;13337588888;13537588888;1400;1388
1003;13439888000;13337588888;13537588888;1398;1386
1004;13439907000;13337588888;13537588888;1400;1388
1005;13440127000;13337588888;13537588888;1400;1388
1006;13440147000;13337588888;13537588888;1398;1386
1007;13440378000;13337588888;13537588888;1400;1388
1008;13440398000;13337588888;13537588888;1398;1386
1009;13440602000;13337588888;13537588888;1400;1388
1010;13440617000;13337588888;13537588888;1400;1388
1011;13440879000;13337588888;13537588888;982;970
1012;13481299000;13379311111;13579311111;1398;1386
1013;13481320000;13379311111;13579311111;1400;1388
1014;13481555000;13379311111;13579311111;1398;1386
1015;13481574000;13379311111;13579311111;1400;1388
1016;13481793000;13379311111;13579311111;1400;1388
1017;13481812000;13379311111;13579311111;1398;1386
1018;13482017000;13379311111;13579311111;1400;1388
1019;13482022000;13379311111;13579311111;1398;1386
1020;13482266000;13379311111;13579311111;1400;1388
1021;13482271000;13379311111;13579311111;1400;1388
1022;13482545000;13379311111;13579311111;982;970
1023;13522953000;13420955555;13620955555;1398;1386
1024;13522974000;13420955555;13620955555;1400;1388
1025;13523237000;13420955555;13620955555;1398;1386
1026;13523262000;13420955555;13620955555;1400;1388
1027;13523450000;13420955555;13620955555;1400;1388
1028;13523469000;13420955555;13620955555;1398;1386
1029;13523700000;13420955555;13620955555;1400;1388
1030;13523720000;13420955555;13620955555;1398;1386
1031;13523951000;13420955555;13620955555;1400;1388
1032;13523970000;13420955555;13620955555;1400;1388
1033;13524200000;13420955555;13620955555;982;970
1034;13564642000;13462611111;13662611111;1398;1386
1035;13564663000;13462611111;13662611111;1400;1388
1036;13564905000;13462611111;13662611111;1398;1386
1037;13564924000;13462611111;13662611111;1400;1388
1038;13565138000;13462611111;13662611111;1400;1388
1039;13565158000;13462611111;13662611111;1398;1386
1040;13565389000;13462611111;13662611111;1400;1388
1041;13565409000;13462611111;13662611111;1398;1386
1042;13565612000;13462611111;13662611111;1400;1388
1043;13565617000;13462611111;13662611111;1400;1388
1044;13565889000;13462611111;13662611111;982;970
1045;13606303000;13504333333;13704333333;1398;1386
1046;13606324000;13504333333;13704333333;1400;1388
1047;13606564000;13504333333;13704333333;1398;1386
1048;13606584000;13504333333;13704333333;1400;1388
1049;13606797000;13504333333;13704333333;1400;1388
1050;13606817000;13504333333;13704333333;1398;1386
1051;13607050000;13504333333;13704333333;1400;1388
1052;13607060000;13504333333;13704333333;1398;1386
1053;13607299000;13504333333;13704333333;1400;1388
1054;13607319000;13504333333;13704333333;1400;1388
1055;13607549000;13504333333;13704333333;982;970
1056;13647955000;13545933333;13745933333;1398;1386
1057;13647977000;13545933333;13745933333;1400;1388
1058;13648238000;13545933333;13745933333;1398;1386
1059;13648262000;13545933333;13745933333;1400;1388
1060;13648452000;13545933333;13745933333;1400;1388
1061;13648473000;13545933333;13745933333;1398;1386
1062;13648704000;13545933333;13745933333;1400;1388
1063;13648724000;13545933333;13745933333;1398;1386
1064;13648954000;13545933333;13745933333;1400;1388
1065;13648974000;13545933333;13745933333;1400;1388
1066;13649203000;13545933333;13745933333;982;970
1067;13689657000;13587577777;13787577777;1398;1386
1068;13689679000;13587577777;13787577777;1400;1388
1069;13689878000;13587577777;13787577777;1398;1386
1070;13689898000;13587577777;13787577777;1400;1388
1071;13690148000;13587577777;13787577777;1400;1388
1072;13690168000;13587577777;13787577777;1398;1386
1073;13690379000;13587577777;13787577777;1400;1388
1074;13690399000;13587577777;13787577777;1398;1386
1075;13690630000;13587577777;13787577777;1400;1388
1076;13690649000;13587577777;13787577777;1400;1388
1077;13690879000;13587577777;13787577777;982;970
1078;13731312000;13629311111;13829311111;1398;1386
1079;13731337000;13629311111;13829311111;1400;1388
1080;13731562000;13629311111;13829311111;1398;1386
1081;13731582000;13629311111;13829311111;1400;1388
1082;13731798000;13629311111;13829311111;1400;1388
1083;13731809000;13629311111;13829311111;1398;1386
1084;13732047000;13629311111;13829311111;1400;1388
1085;13732067000;13629311111;13829311111;1398;1386
1086;13732297000;13629311111;13829311111;1400;1388
1087;13732318000;13629311111;13829311111;1400;1388
1088;13732536000;13629311111;13829311111;982;970
1089;13772953000;13670933333;13870933333;1398;1386
1090;13773235000;13670933333;13870933333;1400;1388
1091;13773258000;13670933333;13870933333;1398;1386
1092;13773263000;13670933333;13870933333;1400;1388
1093;13773449000;13670933333;13870933333;1400;1388
1094;13773469000;13670933333;13870933333;1398;1386
1095;13773702000;13670933333;13870933333;1400;1388
1096;13773721000;13670933333;13870933333;1398;1386
1097;13773951000;13670933333;13870933333;1400;1388
1098;13773971000;13670933333;13870933333;1400;1388
1099;13774200000;13670933333;13870933333;982;970
1100;13814633000;13712600000;13912600000;1398;1386
1101;13814655000;13712600000;13912600000;1400;1388
1102;13814897000;13712600000;13912600000;1398;1386
1103;13814917000;13712600000;13912600000;1400;1388
1104;13815127000;13712600000;13912600000;1400;1388
1105;13815147000;13712600000;13912600000;1398;1386
1106;13815351000;13712600000;13912600000;1400;1388
1107;13815356000;13712600000;13912600000;1398;1386
1108;13815629000;13712600000;13912600000;1400;1388
1109;13815649000;13712600000;13912600000;1400;1388
1110;13815851000;13712600000;13912600000;982;970
1111;13856314000;13754288888;13954288888;1398;1386
1112;13856337000;13754288888;13954288888;1400;1388
1113;13856570000;13754288888;13954288888;1398;1386
1114;13856590000;13754288888;13954288888;1400;1388
1115;13856811000;13754288888;13954288888;1400;1388
1116;13856831000;13754288888;13954288888;1398;1386
1117;13857061000;13754288888;13954288888;1400;1388
1118;13857081000;13754288888;13954288888;1398;1386
1119;13857314000;13754288888;13954288888;1400;1388
1120;13857334000;13754288888;13954288888;1400;1388
1121;13857338000;13754288888;13954288888;982;970
1122;13897967000;13795933333;13995933333;1398;1386
1123;13897980000;13795933333;13995933333;1400;1388
1124;13898229000;13795933333;13995933333;1398;1386
1125;13898249000;13795933333;13995933333;1400;1388
1126;13898462000;13795933333;13995933333;1400;1388
1127;13898473000;13795933333;13995933333;1398;1386
1128;13898684000;13795933333;13995933333;1400;1388
1129;13898699000;13795933333;13995933333;1398;1386
1130;13898933000;13795933333;13995933333;1400;1388
1131;13898938000;13795933333;13995933333;1400;1388
1132;13899210000;13795933333;13995933333;982;970
1133;13939632000;13837600000;14037600000;1398;1386
1134;13939654000;13837600000;14037600000;1400;1388
1135;13939894000;13837600000;14037600000;1398;1386
1136;13939914000;13837600000;14037600000;1400;1388
1137;13940126000;13837600000;14037600000;1400;1388
1138;13940146000;13837600000;14037600000;1398;1386
1139;13940377000;13837600000;14037600000;1400;1388
1140;13940397000;13837600000;14037600000;1398;1386
1141;13940628000;13837600000;14037600000;1400;1388
1142;13940648000;13837600000;14037600000;1400;1388
1143;13940877000;13837600000;14037600000;982;970
1144;13981269000;13879288888;14079288888;1398;1386
1145;13981520000;13879288888;14079288888;1400;1388
1146;13981536000;13879288888;14079288888;1398;1386
1147;13981541000;13879288888;14079288888;1400;1388
1148;13981794000;13879288888;14079288888;1400;1388
1149;13981814000;13879288888;14079288888;1398;1386
1150;13982018000;13879288888;14079288888;1400;1388
1151;13982023000;13879288888;14079288888;1398;1386
1152;13982296000;13879288888;14079288888;1400;1388
1153;13982315000;13879288888;14079288888;1400;1388
1154;13982544000;13879288888;14079288888;982;970
1155;14022951000;13920922222;14120922222;1398;1386
1156;14022991000;13920922222;14120922222;1400;1388
1157;14023223000;13920922222;14120922222;1398;1386
1158;14023242000;13920922222;14120922222;1400;1388
1159;14023448000;13920922222;14120922222;1400;1388
1160;14023468000;13920922222;14120922222;1398;1386
1161;14023700000;13920922222;14120922222;1400;1388
1162;14023720000;13920922222;14120922222;1398;1386
1163;14023951000;13920922222;14120922222;1400;1388
1164;14023970000;13920922222;14120922222;1400;1388
1165;14024172000;13920922222;14120922222;982;970
1166;14064658000;13962588888;14162588888;1398;1386
1167;14064679000;13962588888;14162588888;1400;1388
1168;14064914000;13962588888;14162588888;1398;1386
1169;14064933000;13962588888;14162588888;1400;1388
1170;14065154000;13962588888;14162588888;1400;1388
1171;14065174000;13962588888;14162588888;1398;1386
1172;14065405000;13962588888;14162588888;1400;1388
1173;14065425000;13962588888;14162588888;1398;1386
1174;14065658000;13962588888;14162588888;1400;1388
1175;14065677000;13962588888;14162588888;1400;1388
1176;14065681000;13962588888;14162588888;982;970
1177;14106303000;14004300000;14204300000;1398;1386
1178;14106325000;14004300000;14204300000;1400;1388
1179;14106555000;14004300000;14204300000;1398;1386
1180;14106575000;14004300000;14204300000;1400;1388
1181;14106773000;14004300000;14204300000;1400;1388
1182;14106778000;14004300000;14204300000;1398;1386
1183;14107021000;14004300000;14204300000;1400;1388
1184;14107026000;14004300000;14204300000;1398;1386
1185;14107301000;14004300000;14204300000;1400;1388
1186;14107321000;14004300000;14204300000;1400;1388
1187;14107550000;14004300000;14204300000;982;970
1188;14147955000;14045944444;14245944444;1398;1386
1189;14147968000;14045944444;14245944444;1400;1388
1190;14148213000;14045944444;14245944444;1398;1386
1191;14148224000;14045944444;14245944444;1400;1388
1192;14148448000;14045944444;14245944444;1400;1388
1193;14148468000;14045944444;14245944444;1398;1386
1194;14148699000;14045944444;14245944444;1400;1388
1195;14148720000;14045944444;14245944444;1398;1386
1196;14148949000;14045944444;14245944444;1400;1388
1197;14148969000;14045944444;14245944444;1400;1388
1198;14149173000;14045944444;14245944444;982;970
1199;14189648000;14087577777;14287577777;1398;1386
1200;14189670000;14087577777;14287577777;1400;1388
1201;14189916000;14087577777;14287577777;1398;1386
1202;14189936000;14087577777;14287577777;1400;1388
1203;14190141000;14087577777;14287577777;1400;1388
1204;14190161000;14087577777;14287577777;1398;1386
1205;14190392000;14087577777;14287577777;1400;1388
1206;14190413000;14087577777;14287577777;1398;1386
1207;14190645000;14087577777;14287577777;1400;1388
1208;14190665000;14087577777;14287577777;1400;1388
1209;14190669000;14087577777;14287577777;982;970
1210;14231313000;14129322222;14329322222;1398;1386
1211;14231328000;14129322222;14329322222;1400;1388
1212;14231557000;14129322222;14329322222;1398;1386
1213;14231577000;14129322222;14329322222;1400;1388
1214;14231796000;14129322222;14329322222;1400;1388
1215;14231816000;14129322222;14329322222;1398;1386
1216;14232035000;14129322222;14329322222;1400;1388
1217;14232041000;14129322222;14329322222;1398;1386
1218;14232285000;14129322222;14329322222;1400;1388
1219;14232290000;14129322222;14329322222;1400;1388
1220;14232534000;14129322222;14329322222;982;970
1221;14272980000;14170955555;14370955555;1398;1386
1222;14273003000;14170955555;14370955555;1400;1388
1223;14273247000;14170955555;14370955555;1398;1386
1224;14273269000;14170955555;14370955555;1400;1388
1225;14273475000;14170955555;14370955555;1400;1388
1226;14273494000;14170955555;14370955555;1398;1386
1227;14273726000;14170955555;14370955555;1400;1388
1228;14273745000;14170955555;14370955555;1398;1386
1229;14273977000;14170955555;14370955555;1400;1388
1230;14273996000;14170955555;14370955555;1400;1388
1231;14274226000;14170955555;14370955555;982;970
1232;14314634000;14212644444;14412644444;1398;1386
1233;14314656000;14212644444;14412644444;1400;1388
1234;14314914000;14212644444;14412644444;1398;1386
1235;14314933000;14212644444;14412644444;1400;1388
1236;14315102000;14212644444;14412644444;1400;1388
1237;14315107000;14212644444;14412644444;1398;1386
1238;14315350000;14212644444;14412644444;1400;1388
1239;14315355000;14212644444;14412644444;1398;1386
1240;14315630000;14212644444;14412644444;1400;1388
1241;14315649000;14212644444;14412644444;1400;1388
1242;14315879000;14212644444;14412644444;982;970
1243;14356299000;14254277777;14454277777;1398;1386
1244;14356321000;14254277777;14454277777;1400;1388
1245;14356567000;14254277777;14454277777;1398;1386
1246;14356590000;14254277777;14454277777;1400;1388
1247;14356794000;14254277777;14454277777;1400;1388
1248;14356814000;14254277777;14454277777;1398;1386
1249;14357045000;14254277777;14454277777;1400;1388
1250;14357065000;14254277777;14454277777;1398;1386
1251;14357295000;14254277777;14454277777;1400;1388
1252;14357315000;14254277777;14454277777;1400;1388
1253;14357517000;14254277777;14454277777;982;970
1254;14397946000;14295922222;14495922222;1398;1386
1255;14397955000;14295922222;14495922222;1400;1388
1256;14398216000;14295922222;14495922222;1398;1386
1257;14398227000;14295922222;14495922222;1400;1388
1258;14398464000;14295922222;14495922222;1400;1388
1259;14398484000;14295922222;14495922222;1398;1386
1260;14398688000;14295922222;14495922222;1400;1388
1261;14398704000;14295922222;14495922222;1398;1386
1262;14398937000;14295922222;14495922222;1400;1388
1263;14398942000;14295922222;14495922222;1400;1388
1264;14399215000;14295922222;14495922222;982;970
1265;14439645000;14337577777;14537577777;1398;1386
1266;14439668000;14337577777;14537577777;1400;1388
1267;14439906000;14337577777;14537577777;1398;1386
1268;14439927000;14337577777;14537577777;1400;1388
1269;14440139000;14337577777;14537577777;1400;1388
1270;14440159000;14337577777;14537577777;1398;1386
1271;14440389000;14337577777;14537577777;1400;1388
1272;14440410000;14337577777;14537577777;1398;1386
1273;14440640000;14337577777;14537577777;1400;1388
1274;14440660000;14337577777;14537577777;1400;1388
1275;14440889000;14337577777;14537577777;982;970
1276;14481271000;14379322222;14579322222;1398;1386
1277;14481521000;14379322222;14579322222;1400;1388
1278;14481536000;14379322222;14579322222;1398;1386
1279;14481540000;14379322222;14579322222;1400;1388
1280;14481795000;14379322222;14579322222;1400;1388
1281;14481814000;14379322222;14579322222;1398;1386
1282;14482020000;14379322222;14579322222;1400;1388
1283;14482036000;14379322222;14579322222;1398;1386
1284;14482295000;14379322222;14579322222;1400;1388
1285;14482315000;14379322222;14579322222;1400;1388
1286;14482545000;14379322222;14579322222;982;970
1287;14522965000;14420933333;14620933333;1398;1386
1288;14522986000;14420933333;14620933333;1400;1388
1289;14523247000;14420933333;14620933333;1398;1386
1290;14523270000;14420933333;14620933333;1400;1388
1291;14523461000;14420933333;14620933333;1400;1388
1292;14523480000;14420933333;14620933333;1398;1386
1293;14523712000;14420933333;14620933333;1400;1388
1294;14523732000;14420933333;14620933333;1398;1386
1295;14523963000;14420933333;14620933333;1400;1388
1296;14523983000;14420933333;14620933333;1400;1388
1297;14524213000;14420933333;14620933333;982;970
1298;14564604000;14462600000;14662600000;1398;1386
1299;14564911000;14462600000;14662600000;1400;1388
1300;14564931000;14462600000;14662600000;1398;1386
1301;14564936000;14462600000;14662600000;1400;1388
1302;14565128000;14462600000;14662600000;1400;1388
1303;14565148000;14462600000;14662600000;1398;1386
1304;14565379000;14462600000;14662600000;1400;1388
1305;14565398000;14462600000;14662600000;1398;1386
1306;14565630000;14462600000;14662600000;1400;1388
1307;14565650000;14462600000;14662600000;1400;1388
1308;14565879000;14462600000;14662600000;982;970
1309;14606298000;14504300000;14704300000;1398;1386
1310;14606320000;14504300000;14704300000;1400;1388
1311;14606555000;14504300000;14704300000;1398;1386
1312;14606575000;14504300000;14704300000;1400;1388
1313;14606795000;14504300000;14704300000;1400;1388
1314;14606815000;14504300000;14704300000;1398;1386
1315;14607045000;14504300000;14704300000;1400;1388
1316;14607066000;14504300000;14704300000;1398;1386
1317;14607282000;14504300000;14704300000;1400;1388
1318;14607287000;14504300000;14704300000;1400;1388
1319;14607518000;14504300000;14704300000;982;970
1320;14647982000;14545933333;14745933333;1398;1386
1321;14648005000;14545933333;14745933333;1400;1388
1322;14648257000;14545933333;14745933333;1398;1386
1323;14648277000;14545933333;14745933333;1400;1388
1324;14648478000;14545933333;14745933333;1400;1388
1325;14648498000;14545933333;14745933333;1398;1386
1326;14648729000;14545933333;14745933333;1400;1388
1327;14648749000;14545933333;14745933333;1398;1386
1328;14648980000;14545933333;14745933333;1400;1388
1329;14649000000;14545933333;14745933333;1400;1388
1330;14649005000;14545933333;14745933333;982;970
1331;14689632000;14587588888;14787588888;1398;1386
1332;14689656000;14587588888;14787588888;1400;1388
1333;14689892000;14587588888;14787588888;1398;1386
1334;14689913000;14587588888;14787588888;1400;1388
1335;14690127000;14587588888;14787588888;1400;1388
1336;14690147000;14587588888;14787588888;1398;1386
1337;14690377000;14587588888;14787588888;1400;1388
1338;14690398000;14587588888;14787588888;1398;1386
1339;14690628000;14587588888;14787588888;1400;1388
1340;14690648000;14587588888;14787588888;1400;1388
1341;14690877000;14587588888;14787588888;982;970
1342;14731314000;14629300000;14829300000;1398;1386
1343;14731330000;14629300000;14829300000;1400;1388
1344;14731546000;14629300000;14829300000;1398;1386
1345;14731557000;14629300000;14829300000;1400;1388
1346;14731794000;14629300000;14829300000;1400;1388
1347;14731815000;14629300000;14829300000;1398;1386
1348;14732046000;14629300000;14829300000;1400;1388
1349;14732066000;14629300000;14829300000;1398;1386
1350;14732287000;14629300000;14829300000;1400;1388
1351;14732293000;14629300000;14829300000;1400;1388
1352;14732534000;14629300000;14829300000;982;970
1353;14772973000;14670922222;14870922222;1398;1386
1354;14772987000;14670922222;14870922222;1400;1388
1355;14773235000;14670922222;14870922222;1398;1386
1356;14773256000;14670922222;14870922222;1400;1388
1357;14773464000;14670922222;14870922222;1400;1388
1358;14773483000;14670922222;14870922222;1398;1386
1359;14773715000;14670922222;14870922222;1400;1388
1360;14773734000;14670922222;14870922222;1398;1386
1361;14773966000;14670922222;14870922222;1400;1388
1362;14773985000;14670922222;14870922222;1400;1388
1363;14774215000;14670922222;14870922222;982;970
1364;14814619000;14712611111;14912611111;1398;1386
1365;14814641000;14712611111;14912611111;1400;1388
1366;14814893000;14712611111;14912611111;1398;1386
1367;14814913000;14712611111;14912611111;1400;1388
1368;14815088000;14712611111;14912611111;1400;1388
1369;14815094000;14712611111;14912611111;1398;1386
1370;14815337000;14712611111;14912611111;1400;1388
1371;14815341000;14712611111;14912611111;1398;1386
1372;14815616000;14712611111;14912611111;1400;1388
1373;14815635000;14712611111;14912611111;1400;1388
1374;14815866000;14712611111;14912611111;982;970
1375;14856310000;14754300000;14954300000;1398;1386
1376;14856332000;14754300000;14954300000;1400;1388
1377;14856571000;14754300000;14954300000;1398;1386
1378;14856591000;14754300000;14954300000;1400;1388
1379;14856805000;14754300000;14954300000;1400;1388
1380;14856825000;14754300000;14954300000;1398;1386
1381;14857056000;14754300000;14954300000;1400;1388
1382;14857076000;14754300000;14954300000;1398;1386
1383;14857307000;14754300000;14954300000;1400;1388
1384;14857327000;14754300000;14954300000;1400;1388
1385;14857530000;14754300000;14954300000;982;970
1386;14897962000;14795955555;14995955555;1398;1386
1387;14897972000;14795955555;14995955555;1400;1388
1388;14898230000;14795955555;14995955555;1398;1386
1389;14898241000;14795955555;14995955555;1400;1388
1390;14898478000;14795955555;14995955555;1400;1388
1391;14898498000;14795955555;14995955555;1398;1386
1392;14898702000;14795955555;14995955555;1400;1388
1393;14898707000;14795955555;14995955555;1398;1386
1394;14898980000;14795955555;14995955555;1400;1388
1395;14899000000;14795955555;14995955555;1400;1388
1396;14899004000;14795955555;14995955555;982;970
1397;14939635000;14837611111;15037611111;1398;1386
1398;14939657000;14837611111;15037611111;1400;1388
1399;14939905000;14837611111;15037611111;1398;1386
1400;14939925000;14837611111;15037611111;1400;1388
1401;14940132000;14837611111;15037611111;1400;1388
1402;14940152000;14837611111;15037611111;1398;1386
1403;14940392000;14837611111;15037611111;1400;1388
1404;14940412000;14837611111;15037611111;1398;1386
1405;14940605000;14837611111;15037611111;1400;1388
1406;14940611000;14837611111;15037611111;1400;1388
1407;14940882000;14837611111;15037611111;982;970
1408;14981285000;14879300000;15079300000;1398;1386
1409;14981307000;14879300000;15079300000;1400;1388
1410;14981541000;14879300000;15079300000;1398;1386
1411;14981563000;14879300000;15079300000;1400;1388
1412;14981780000;14879300000;15079300000;1400;1388
1413;14981799000;14879300000;15079300000;1398;1386
1414;14982004000;14879300000;15079300000;1400;1388
1415;14982009000;14879300000;15079300000;1398;1386
1416;14982283000;14879300000;15079300000;1400;1388
1417;14982302000;14879300000;15079300000;1400;1388
1418;14982532000;14879300000;15079300000;982;970
