seqnum;now;rtptime;deadline;packet_len;payload_len
33;5288420000;5112088888;5312088888;10240;10228
36;5288606000;5112088888;5312088888;10240;10228
34;5288745000;5112088888;5312088888;10240;10228
35;5288766000;5112088888;5312088888;10240;10228
37;5288806000;5112088888;5312088888;10240;10228
40;5288826000;5112088888;5312088888;10240;10228
38;5288967000;5112088888;5312088888;10240;10228
39;5288977000;5112088888;5312088888;10240;10228
66;5409182000;5237044444;5437044444;10240;10228
69;5409232000;5237044444;5437044444;10240;10228
67;5409380000;5237044444;5437044444;10240;10228
68;5409390000;5237044444;5437044444;10240;10228
70;5409510000;5237044444;5437044444;10240;10228
73;5409540000;5237044444;5437044444;10240;10228
71;5409652000;5237044444;5437044444;10240;10228
74;5409663000;5237044444;5437044444;10240;10228
78;5409668000;5278744444;5478744444;10240;10228
81;5409674000;5278744444;5478744444;10240;10228
75;5409893000;5237044444;5437044444;10240;10228
76;5409918000;5237044444;5437044444;10240;10228
77;5410130000;5278744444;5478744444;10240;10228
79;5410158000;5278744444;5478744444;10240;10228
80;5410380000;5278744444;5478744444;10240;10228
72;5428361000;5237044444;5437044444;10240;10228
82;5428739000;5278744444;5478744444;10240;10228
83;5428765000;5278744444;5478744444;10240;10228
84;5428994000;5278744444;5478744444;10240;10228
99;5529959000;5362033333;5562033333;10240;10228
100;5529983000;5362033333;5562033333;10240;10228
101;5530185000;5362033333;5562033333;10240;10228
102;5530195000;5362033333;5562033333;10240;10228
114;5530199000;5403666666;5603666666;10240;10228
116;5530422000;5403666666;5603666666;10240;10228
103;5530434000;5362033333;5562033333;10240;10228
104;5530441000;5362033333;5562033333;10240;10228
119;5530446000;5403666666;5603666666;10240;10228
105;5530659000;5362033333;5562033333;10240;10228
106;5530669000;5362033333;5562033333;10240;10228
107;5530915000;5362033333;5562033333;10240;10228
108;5530926000;5362033333;5562033333;10240;10228
109;5531154000;5362033333;5562033333;10240;10228
110;5531177000;5403666666;5603666666;10240;10228
111;5531365000;5403666666;5603666666;10240;10228
112;5531373000;5403666666;5603666666;10240;10228
113;5531625000;5403666666;5603666666;10240;10228
115;5531691000;5403666666;5603666666;10240;10228
117;5531701000;5403666666;5603666666;10240;10228
118;5531874000;5403666666;5603666666;10240;10228
120;5549379000;5403666666;5603666666;10240;10228
122;5549603000;5445388888;5645388888;10240;10228
123;5555406000;5445388888;5645388888;10240;10228
124;5555421000;5445388888;5645388888;10240;10228
125;5555645000;5445388888;5645388888;10240;10228
127;5555904000;5445388888;5645388888;10240;10228
128;5555913000;5445388888;5645388888;10240;10228
129;5555917000;5445388888;5645388888;10240;10228
130;5556113000;5445388888;5645388888;10240;10228
131;5556133000;5445388888;5645388888;10240;10228
132;5589283000;5487033333;5687033333;10240;10228
133;5589293000;5487033333;5687033333;10240;10228
134;5596632000;5487033333;5687033333;10240;10228
135;5596641000;5487033333;5687033333;10240;10228
136;5596870000;5487033333;5687033333;10240;10228
121;5636816000;5445388888;5645388888;10240;10228
126;5636927000;5445388888;5645388888;10240;10228
137;5637074000;5487033333;5687033333;10240;10228
138;5637095000;5487033333;5687033333;10240;10228
139;5637333000;5487033333;5687033333;10240;10228
140;5637344000;5487033333;5687033333;10240;10228
141;5637543000;5487033333;5687033333;10240;10228
142;5637551000;5487033333;5687033333;10240;10228
143;5637823000;5528722222;5728722222;10240;10228
144;5650965000;5528722222;5728722222;10240;10228
145;5650979000;5528722222;5728722222;10240;10228
147;5651201000;5528722222;5728722222;10240;10228
148;5651454000;5528722222;5728722222;10240;10228
150;5670207000;5528722222;5728722222;10240;10228
151;5670230000;5528722222;5728722222;10240;10228
152;5670445000;5528722222;5728722222;10240;10228
153;5670456000;5528722222;5728722222;10240;10228
154;5676148000;5570400000;5770400000;10240;10228
155;5676475000;5570400000;5770400000;10240;10228
156;5676672000;5570400000;5770400000;10240;10228
157;5676681000;5570400000;5770400000;10240;10228
158;5676890000;5570400000;5770400000;10240;10228
159;5677102000;5570400000;5770400000;10240;10228
161;5710244000;5570400000;5770400000;10240;10228
162;5710253000;5570400000;5770400000;10240;10228
163;5710542000;5570400000;5770400000;10240;10228
164;5710560000;5570400000;5770400000;10240;10228
165;5717668000;5612044444;5812044444;10240;10228
166;5717678000;5612044444;5812044444;10240;10228
167;5717900000;5612044444;5812044444;10240;10228
168;5717921000;5612044444;5812044444;10240;10228
169;5718161000;5612044444;5812044444;10240;10228
170;5718171000;5612044444;5812044444;10240;10228
171;5718409000;5612044444;5812044444;10240;10228
172;5718434000;5612044444;5812044444;10240;10228
173;5718664000;5612044444;5812044444;10240;10228
174;5718674000;5612044444;5812044444;10240;10228
175;5718915000;5612044444;5812044444;10240;10228
176;5755952000;5653711111;5853711111;10240;10228
177;5758786000;5653711111;5853711111;10240;10228
178;5758867000;5653711111;5853711111;10240;10228
146;5763887000;5528722222;5728722222;10240;10228
160;5764787000;5570400000;5770400000;10240;10228
179;5764797000;5653711111;5853711111;10240;10228
180;5765047000;5653711111;5853711111;10240;10228
182;5765055000;5653711111;5853711111;10240;10228
183;5765285000;5653711111;5853711111;10240;10228
184;5765294000;5653711111;5853711111;10240;10228
185;5765550000;5653711111;5853711111;10240;10228
193;5797411000;5695388888;5895388888;10240;10228
187;5797578000;5695388888;5895388888;10240;10228
188;5797598000;5695388888;5895388888;10240;10228
189;5797832000;5695388888;5895388888;10240;10228
190;5797860000;5695388888;5895388888;10240;10228
191;5798072000;5695388888;5895388888;10240;10228
194;5798083000;5695388888;5895388888;10240;10228
195;5804764000;5695388888;5895388888;10240;10228
196;5804834000;5695388888;5895388888;10240;10228
197;5805127000;5695388888;5895388888;10240;10228
208;5839292000;5737233333;5937233333;10240;10228
199;5839301000;5737233333;5937233333;10240;10228
200;5839318000;5737233333;5937233333;10240;10228
201;5839532000;5737233333;5937233333;10240;10228
202;5839553000;5737233333;5937233333;10240;10228
203;5839795000;5737233333;5937233333;10240;10228
204;5839805000;5737233333;5937233333;10240;10228
205;5840047000;5737233333;5937233333;10240;10228
206;5840057000;5737233333;5937233333;10240;10228
207;5840296000;5737233333;5937233333;10240;10228
181;5845754000;5653711111;5853711111;10240;10228
209;5880892000;5778900000;5978900000;10240;10228
210;5880912000;5778900000;5978900000;10240;10228
211;5881153000;5778900000;5978900000;10240;10228
212;5881162000;5778900000;5978900000;10240;10228
213;5881361000;5778900000;5978900000;10240;10228
214;5881379000;5778900000;5978900000;10240;10228
215;5881665000;5778900000;5978900000;10240;10228
216;5881673000;5778900000;5978900000;10240;10228
217;5881912000;5778900000;5978900000;10240;10228
218;5885758000;5778900000;5978900000;10240;10228
219;5885942000;5778900000;5978900000;10240;10228
227;5922320000;5820488888;6020488888;10240;10228
228;5922528000;5820488888;6020488888;10240;10228
220;5922579000;5820488888;6020488888;10240;10228
229;5922729000;5820488888;6020488888;10240;10228
221;5922847000;5820488888;6020488888;10240;10228
222;5922856000;5820488888;6020488888;10240;10228
223;5922860000;5820488888;6020488888;10240;10228
224;5923097000;5820488888;6020488888;10240;10228
225;5923109000;5820488888;6020488888;10240;10228
231;5963937000;5862155555;6062155555;10240;10228
232;5964162000;5862155555;6062155555;10240;10228
233;5964312000;5862155555;6062155555;10240;10228
234;5964323000;5862155555;6062155555;10240;10228
235;5964581000;5862155555;6062155555;10240;10228
236;5964590000;5862155555;6062155555;10240;10228
237;5964821000;5862155555;6062155555;10240;10228
238;5964830000;5862155555;6062155555;10240;10228
239;5965065000;5862155555;6062155555;10240;10228
240;5965074000;5862155555;6062155555;10240;10228
241;5965323000;5862155555;6062155555;10240;10228
242;6005953000;5903755555;6103755555;10240;10228
243;6005964000;5903755555;6103755555;10240;10228
244;6006186000;5903755555;6103755555;10240;10228
245;6006200000;5903755555;6103755555;10240;10228
246;6006448000;5903755555;6103755555;10240;10228
247;6006454000;5903755555;6103755555;10240;10228
249;6006702000;5903755555;6103755555;10240;10228
250;6006711000;5903755555;6103755555;10240;10228
251;6006951000;5903755555;6103755555;10240;10228
252;6006956000;5903755555;6103755555;10240;10228
226;6013613000;5820488888;6020488888;10240;10228
230;6013621000;5820488888;6020488888;10240;10228
253;6047272000;5945500000;6145500000;10240;10228
254;6047499000;5945500000;6145500000;10240;10228
256;6047510000;5945500000;6145500000;10240;10228
257;6047660000;5945500000;6145500000;10240;10228
258;6047679000;5945500000;6145500000;10240;10228
259;6047881000;5945500000;6145500000;10240;10228
260;6047892000;5945500000;6145500000;10240;10228
261;6048129000;5945500000;6145500000;10240;10228
262;6048138000;5945500000;6145500000;10240;10228
263;6048380000;5945500000;6145500000;10240;10228
264;6088910000;5987122222;6187122222;10240;10228
265;6089146000;5987122222;6187122222;10240;10228
266;6089167000;5987122222;6187122222;10240;10228
267;6089298000;5987122222;6187122222;10240;10228
268;6089317000;5987122222;6187122222;10240;10228
269;6089524000;5987122222;6187122222;10240;10228
270;6089545000;5987122222;6187122222;10240;10228
271;6089798000;5987122222;6187122222;10240;10228
272;6089809000;5987122222;6187122222;10240;10228
273;6090049000;5987122222;6187122222;10240;10228
274;6090068000;5987122222;6187122222;10240;10228
275;6130958000;6028788888;6228788888;10240;10228
276;6130979000;6028788888;6228788888;10240;10228
277;6131196000;6028788888;6228788888;10240;10228
278;6131217000;6028788888;6228788888;10240;10228
279;6131440000;6028788888;6228788888;10240;10228
280;6131452000;6028788888;6228788888;10240;10228
281;6131666000;6028788888;6228788888;10240;10228
283;6131685000;6028788888;6228788888;10240;10228
284;6131917000;6028788888;6228788888;10240;10228
285;6131996000;6028788888;6228788888;10240;10228
286;6172273000;6070477777;6270477777;10240;10228
287;6172499000;6070477777;6270477777;10240;10228
288;6172529000;6070477777;6270477777;10240;10228
290;6172669000;6070477777;6270477777;10240;10228
291;6172680000;6070477777;6270477777;10240;10228
289;6172684000;6070477777;6270477777;10240;10228
292;6172885000;6070477777;6270477777;10240;10228
293;6172894000;6070477777;6270477777;10240;10228
294;6173118000;6070477777;6270477777;10240;10228
295;6173127000;6070477777;6270477777;10240;10228
296;6173370000;6070477777;6270477777;10240;10228
297;6213925000;6112111111;6312111111;10240;10228
298;6214127000;6112111111;6312111111;10240;10228
299;6214137000;6112111111;6312111111;10240;10228
300;6214255000;6112111111;6312111111;10240;10228
301;6214278000;6112111111;6312111111;10240;10228
302;6214501000;6112111111;6312111111;10240;10228
303;6214531000;6112111111;6312111111;10240;10228
304;6214762000;6112111111;6312111111;10240;10228
305;6214773000;6112111111;6312111111;10240;10228
306;6214970000;6112111111;6312111111;10240;10228
307;6214989000;6112111111;6312111111;10240;10228
282;6222146000;6028788888;6228788888;10240;10228
308;6255970000;6153755555;6353755555;10240;10228
309;6255990000;6153755555;6353755555;10240;10228
310;6256211000;6153755555;6353755555;10240;10228
311;6256231000;6153755555;6353755555;10240;10228
312;6256459000;6153755555;6353755555;10240;10228
313;6256470000;6153755555;6353755555;10240;10228
314;6256714000;6153755555;6353755555;10240;10228
315;6256734000;6153755555;6353755555;10240;10228
317;6256956000;6153755555;6353755555;10240;10228
318;6256977000;6153755555;6353755555;10240;10228
319;6297242000;6195511111;6395511111;10240;10228
320;6297491000;6195511111;6395511111;10240;10228
321;6297502000;6195511111;6395511111;10240;10228
323;6297636000;6195511111;6395511111;10240;10228
324;6297647000;6195511111;6395511111;10240;10228
322;6297660000;6195511111;6395511111;10240;10228
325;6297853000;6195511111;6395511111;10240;10228
326;6297861000;6195511111;6395511111;10240;10228
327;6298051000;6195511111;6395511111;10240;10228
328;6298062000;6195511111;6395511111;10240;10228
329;6298343000;6195511111;6395511111;10240;10228
330;6338923000;6237133333;6437133333;10240;10228
331;6339161000;6237133333;6437133333;10240;10228
332;6339170000;6237133333;6437133333;10240;10228
333;6339274000;6237133333;6437133333;10240;10228
334;6339283000;6237133333;6437133333;10240;10228
335;6339500000;6237133333;6437133333;10240;10228
336;6339510000;6237133333;6437133333;10240;10228
337;6339761000;6237133333;6437133333;10240;10228
338;6339772000;6237133333;6437133333;10240;10228
339;6340013000;6237133333;6437133333;10240;10228
340;6340023000;6237133333;6437133333;10240;10228
341;6380972000;6278777777;6478777777;10240;10228
342;6380993000;6278777777;6478777777;10240;10228
343;6381208000;6278777777;6478777777;10240;10228
344;6381228000;6278777777;6478777777;10240;10228
345;6381425000;6278777777;6478777777;10240;10228
346;6381430000;6278777777;6478777777;10240;10228
347;6381682000;6278777777;6478777777;10240;10228
348;6381689000;6278777777;6478777777;10240;10228
349;6381977000;6278777777;6478777777;10240;10228
350;6381987000;6278777777;6478777777;10240;10228
351;6381990000;6278777777;6478777777;10240;10228
361;6422344000;6320466666;6520466666;10240;10228
362;6422566000;6320466666;6520466666;10240;10228
352;6422602000;6320466666;6520466666;10240;10228
353;6422617000;6320466666;6520466666;10240;10228
354;6422851000;6320466666;6520466666;10240;10228
355;6422862000;6320466666;6520466666;10240;10228
356;6423095000;6320466666;6520466666;10240;10228
357;6423106000;6320466666;6520466666;10240;10228
358;6423336000;6320466666;6520466666;10240;10228
359;6423347000;6320466666;6520466666;10240;10228
360;6423595000;6320466666;6520466666;10240;10228
371;6464007000;6362133333;6562133333;10240;10228
372;6464241000;6362133333;6562133333;10240;10228
373;6464251000;6362133333;6562133333;10240;10228
363;6464256000;6362133333;6562133333;10240;10228
364;6464276000;6362133333;6562133333;10240;10228
365;6464470000;6362133333;6562133333;10240;10228
366;6464492000;6362133333;6562133333;10240;10228
367;6464720000;6362133333;6562133333;10240;10228
368;6464743000;6362133333;6562133333;10240;10228
369;6465008000;6362133333;6562133333;10240;10228
370;6465032000;6362133333;6562133333;10240;10228
375;6505590000;6403744444;6603744444;10240;10228
376;6505831000;6403744444;6603744444;10240;10228
377;6505842000;6403744444;6603744444;10240;10228
382;6506047000;6403744444;6603744444;10240;10228
383;6506057000;6403744444;6603744444;10240;10228
378;6506074000;6403744444;6603744444;10240;10228
379;6506269000;6403744444;6603744444;10240;10228
380;6506289000;6403744444;6603744444;10240;10228
384;6506293000;6403744444;6603744444;10240;10228
381;6506464000;6403744444;6603744444;10240;10228
385;6547240000;6445477777;6645477777;10240;10228
386;6547468000;6445477777;6645477777;10240;10228
387;6547478000;6445477777;6645477777;10240;10228
388;6547599000;6445477777;6645477777;10240;10228
389;6547848000;6445477777;6645477777;10240;10228
390;6547858000;6445477777;6645477777;10240;10228
391;6547862000;6445477777;6645477777;10240;10228
392;6548091000;6445477777;6645477777;10240;10228
393;6548102000;6445477777;6645477777;10240;10228
396;6588935000;6487088888;6687088888;10240;10228
399;6589147000;6487088888;6687088888;10240;10228
401;6589312000;6487088888;6687088888;10240;10228
402;6589332000;6487088888;6687088888;10240;10228
403;6589580000;6487088888;6687088888;10240;10228
404;6589590000;6487088888;6687088888;10240;10228
405;6589814000;6487088888;6687088888;10240;10228
406;6589824000;6487088888;6687088888;10240;10228
407;6630958000;6528766666;6728766666;10240;10228
408;6630969000;6528766666;6728766666;10240;10228
409;6631211000;6528766666;6728766666;10240;10228
410;6631220000;6528766666;6728766666;10240;10228
412;6631446000;6528766666;6728766666;10240;10228
413;6631456000;6528766666;6728766666;10240;10228
414;6631706000;6528766666;6728766666;10240;10228
415;6631715000;6528766666;6728766666;10240;10228
416;6631949000;6528766666;6728766666;10240;10228
417;6631967000;6528766666;6728766666;10240;10228
394;6638787000;6445477777;6645477777;10240;10228
395;6638796000;6445477777;6645477777;10240;10228
418;6672268000;6570488888;6770488888;10240;10228
419;6672496000;6570488888;6770488888;10240;10228
420;6672528000;6570488888;6770488888;10240;10228
427;6672711000;6570488888;6770488888;10240;10228
428;6672720000;6570488888;6770488888;10240;10228
421;6672725000;6570488888;6770488888;10240;10228
422;6672890000;6570488888;6770488888;10240;10228
423;6672901000;6570488888;6770488888;10240;10228
424;6673108000;6570488888;6770488888;10240;10228
425;6673131000;6570488888;6770488888;10240;10228
426;6673330000;6570488888;6770488888;10240;10228
400;6678669000;6487088888;6687088888;10240;10228
397;6679061000;6487088888;6687088888;10240;10228
398;6679338000;6487088888;6687088888;10240;10228
429;6714333000;6612155555;6812155555;10240;10228
430;6714356000;6612155555;6812155555;10240;10228
431;6714553000;6612155555;6812155555;10240;10228
432;6714571000;6612155555;6812155555;10240;10228
433;6714814000;6612155555;6812155555;10240;10228
434;6714832000;6612155555;6812155555;10240;10228
435;6715069000;6612155555;6812155555;10240;10228
436;6715088000;6612155555;6812155555;10240;10228
437;6715306000;6612155555;6812155555;10240;10228
438;6715324000;6612155555;6812155555;10240;10228
439;6715564000;6612155555;6812155555;10240;10228
440;6755598000;6653800000;6853800000;10240;10228
441;6755744000;6653800000;6853800000;10240;10228
446;6755995000;6653800000;6853800000;10240;10228
442;6756022000;6653800000;6853800000;10240;10228
443;6756041000;6653800000;6853800000;10240;10228
444;6756147000;6653800000;6853800000;10240;10228
445;6756170000;6653800000;6853800000;10240;10228
447;6756181000;6653800000;6853800000;10240;10228
448;6756186000;6653800000;6853800000;10240;10228
449;6756469000;6653800000;6853800000;10240;10228
450;6756480000;6653800000;6853800000;10240;10228
451;6797637000;6695433333;6895433333;10240;10228
452;6797661000;6695433333;6895433333;10240;10228
453;6797856000;6695433333;6895433333;10240;10228
454;6797876000;6695433333;6895433333;10240;10228
455;6798103000;6695433333;6895433333;10240;10228
456;6798122000;6695433333;6895433333;10240;10228
457;6798353000;6695433333;6895433333;10240;10228
458;6798363000;6695433333;6895433333;10240;10228
459;6798607000;6695433333;6895433333;10240;10228
460;6798625000;6695433333;6895433333;10240;10228
461;6798860000;6695433333;6895433333;10240;10228
462;6838938000;6737122222;6937122222;10240;10228
463;6839163000;6737122222;6937122222;10240;10228
464;6839183000;6737122222;6937122222;10240;10228
471;6839312000;6737122222;6937122222;10240;10228
472;6839337000;6737122222;6937122222;10240;10228
465;6839346000;6737122222;6937122222;10240;10228
466;6839545000;6737122222;6937122222;10240;10228
467;6839575000;6737122222;6937122222;10240;10228
469;6839757000;6737122222;6937122222;10240;10228
470;6839946000;6737122222;6937122222;10240;10228
473;6880682000;6778766666;6978766666;10240;10228
474;6880829000;6778766666;6978766666;10240;10228
475;6880840000;6778766666;6978766666;10240;10228
479;6881035000;6778766666;6978766666;10240;10228
480;6881049000;6778766666;6978766666;10240;10228
476;6881054000;6778766666;6978766666;10240;10228
477;6881258000;6778766666;6978766666;10240;10228
478;6881269000;6778766666;6978766666;10240;10228
481;6881273000;6778766666;6978766666;10240;10228
482;6881277000;6778766666;6978766666;10240;10228
483;6881496000;6778766666;6978766666;10240;10228
485;6922296000;6820488888;7020488888;10240;10228
486;6922468000;6820488888;7020488888;10240;10228
487;6922479000;6820488888;7020488888;10240;10228
490;6922662000;6820488888;7020488888;10240;10228
491;6922675000;6820488888;7020488888;10240;10228
488;6922679000;6820488888;7020488888;10240;10228
492;6922895000;6820488888;7020488888;10240;10228
493;6922904000;6820488888;7020488888;10240;10228
494;6923129000;6820488888;7020488888;10240;10228
468;6928578000;6737122222;6937122222;10240;10228
495;6964252000;6862100000;7062100000;10240;10228
496;6964274000;6862100000;7062100000;10240;10228
497;6964491000;6862100000;7062100000;10240;10228
498;6964502000;6862100000;7062100000;10240;10228
499;6964751000;6862100000;7062100000;10240;10228
500;6964763000;6862100000;7062100000;10240;10228
501;6964997000;6862100000;7062100000;10240;10228
502;6965008000;6862100000;7062100000;10240;10228
503;6965245000;6862100000;7062100000;10240;10228
504;6965265000;6862100000;7062100000;10240;10228
505;6965452000;6862100000;7062100000;10240;10228
506;7005639000;6903755555;7103755555;10240;10228
507;7005819000;6903755555;7103755555;10240;10228
508;7005842000;6903755555;7103755555;10240;10228
509;7006058000;6903755555;7103755555;10240;10228
510;7006251000;6903755555;7103755555;10240;10228
511;7006271000;6903755555;7103755555;10240;10228
512;7006450000;6903755555;7103755555;10240;10228
513;7006460000;6903755555;7103755555;10240;10228
514;7006632000;6903755555;7103755555;10240;10228
515;7006874000;6903755555;7103755555;10240;10228
516;7006882000;6903755555;7103755555;10240;10228
517;7047587000;6945488888;7145488888;10240;10228
518;7047606000;6945488888;7145488888;10240;10228
519;7047813000;6945488888;7145488888;10240;10228
520;7047832000;6945488888;7145488888;10240;10228
521;7048057000;6945488888;7145488888;10240;10228
522;7048077000;6945488888;7145488888;10240;10228
523;7048298000;6945488888;7145488888;10240;10228
524;7048318000;6945488888;7145488888;10240;10228
525;7048561000;6945488888;7145488888;10240;10228
526;7048566000;6945488888;7145488888;10240;10228
527;7048814000;6945488888;7145488888;10240;10228
528;7088908000;6987177777;7187177777;10240;10228
531;7089102000;6987177777;7187177777;10240;10228
532;7089126000;6987177777;7187177777;10240;10228
533;7089328000;6987177777;7187177777;10240;10228
534;7089534000;6987177777;7187177777;10240;10228
535;7089557000;6987177777;7187177777;10240;10228
536;7089721000;6987177777;7187177777;10240;10228
537;7089732000;6987177777;7187177777;10240;10228
538;7089961000;6987177777;7187177777;10240;10228
539;7130621000;7028755555;7228755555;10240;10228
540;7130829000;7028755555;7228755555;10240;10228
541;7130850000;7028755555;7228755555;10240;10228
542;7131030000;7028755555;7228755555;10240;10228
543;7131240000;7028755555;7228755555;10240;10228
544;7131257000;7028755555;7228755555;10240;10228
545;7131440000;7028755555;7228755555;10240;10228
546;7131450000;7028755555;7228755555;10240;10228
547;7131647000;7028755555;7228755555;10240;10228
548;7131657000;7028755555;7228755555;10240;10228
549;7131834000;7028755555;7228755555;10240;10228
550;7172537000;7070500000;7270500000;10240;10228
551;7172547000;7070500000;7270500000;10240;10228
552;7172818000;7070500000;7270500000;10240;10228
553;7172827000;7070500000;7270500000;10240;10228
554;7173068000;7070500000;7270500000;10240;10228
555;7173077000;7070500000;7270500000;10240;10228
556;7173316000;7070500000;7270500000;10240;10228
557;7173325000;7070500000;7270500000;10240;10228
558;7173542000;7070500000;7270500000;10240;10228
559;7173553000;7070500000;7270500000;10240;10228
560;7173823000;7070500000;7270500000;10240;10228
561;7213915000;7112111111;7312111111;10240;10228
562;7214080000;7112111111;7312111111;10240;10228
564;7214326000;7112111111;7312111111;10240;10228
565;7214345000;7112111111;7312111111;10240;10228
566;7214540000;7112111111;7312111111;10240;10228
567;7214557000;7112111111;7312111111;10240;10228
568;7214720000;7112111111;7312111111;10240;10228
569;7214729000;7112111111;7312111111;10240;10228
570;7214927000;7112111111;7312111111;10240;10228
571;7214936000;7112111111;7312111111;10240;10228
572;7255584000;7153755555;7353755555;10240;10228
573;7255789000;7153755555;7353755555;10240;10228
574;7255801000;7153755555;7353755555;10240;10228
575;7255997000;7153755555;7353755555;10240;10228
576;7256224000;7153755555;7353755555;10240;10228
577;7256244000;7153755555;7353755555;10240;10228
578;7256420000;7153755555;7353755555;10240;10228
579;7256431000;7153755555;7353755555;10240;10228
580;7256604000;7153755555;7353755555;10240;10228
581;7256817000;7153755555;7353755555;10240;10228
582;7256825000;7153755555;7353755555;10240;10228
583;7297591000;7195488888;7395488888;10240;10228
584;7297600000;7195488888;7395488888;10240;10228
585;7297840000;7195488888;7395488888;10240;10228
586;7297862000;7195488888;7395488888;10240;10228
587;7298069000;7195488888;7395488888;10240;10228
588;7298096000;7195488888;7395488888;10240;10228
589;7298325000;7195488888;7395488888;10240;10228
590;7298336000;7195488888;7395488888;10240;10228
591;7298537000;7195488888;7395488888;10240;10228
592;7298549000;7195488888;7395488888;10240;10228
593;7298854000;7195488888;7395488888;10240;10228
594;7338905000;7237133333;7437133333;10240;10228
595;7339099000;7237133333;7437133333;10240;10228
596;7339112000;7237133333;7437133333;10240;10228
597;7339303000;7237133333;7437133333;10240;10228
598;7339472000;7237133333;7437133333;10240;10228
599;7339482000;7237133333;7437133333;10240;10228
600;7339720000;7237133333;7437133333;10240;10228
601;7339740000;7237133333;7437133333;10240;10228
602;7339957000;7237133333;7437133333;10240;10228
603;7340117000;7237133333;7437133333;10240;10228
604;7340135000;7237133333;7437133333;10240;10228
605;7380917000;7278766666;7478766666;10240;10228
606;7380936000;7278766666;7478766666;10240;10228
607;7381171000;7278766666;7478766666;10240;10228
608;7381180000;7278766666;7478766666;10240;10228
609;7381437000;7278766666;7478766666;10240;10228
610;7381446000;7278766666;7478766666;10240;10228
611;7381664000;7278766666;7478766666;10240;10228
612;7381684000;7278766666;7478766666;10240;10228
613;7381908000;7278766666;7478766666;10240;10228
614;7381929000;7278766666;7478766666;10240;10228
615;7382188000;7278766666;7478766666;10240;10228
616;7422562000;7320500000;7520500000;10240;10228
619;7422580000;7320500000;7520500000;10240;10228
620;7422804000;7320500000;7520500000;10240;10228
622;7422813000;7320500000;7520500000;10240;10228
623;7423022000;7320500000;7520500000;10240;10228
624;7423032000;7320500000;7520500000;10240;10228
625;7423338000;7320500000;7520500000;10240;10228
626;7423347000;7320500000;7520500000;10240;10228
634;7463986000;7362333333;7562333333;10240;10228
635;7464204000;7362333333;7562333333;10240;10228
627;7464265000;7362333333;7562333333;10240;10228
628;7464488000;7362333333;7562333333;10240;10228
629;7464498000;7362333333;7562333333;10240;10228
630;7464503000;7362333333;7562333333;10240;10228
631;7464756000;7362333333;7562333333;10240;10228
632;7464767000;7362333333;7562333333;10240;10228
633;7465009000;7362333333;7562333333;10240;10228
639;7505611000;7403777777;7603777777;10240;10228
640;7505809000;7403777777;7603777777;10240;10228
641;7506022000;7403777777;7603777777;10240;10228
642;7506031000;7403777777;7603777777;10240;10228
643;7506237000;7403777777;7603777777;10240;10228
644;7506256000;7403777777;7603777777;10240;10228
645;7506441000;7403777777;7603777777;10240;10228
646;7506452000;7403777777;7603777777;10240;10228
647;7506629000;7403777777;7603777777;10240;10228
648;7506640000;7403777777;7603777777;10240;10228
649;7547618000;7445466666;7645466666;10240;10228
650;7547630000;7445466666;7645466666;10240;10228
651;7547850000;7445466666;7645466666;10240;10228
652;7547861000;7445466666;7645466666;10240;10228
653;7548101000;7445466666;7645466666;10240;10228
654;7548112000;7445466666;7645466666;10240;10228
655;7548373000;7445466666;7645466666;10240;10228
656;7548384000;7445466666;7645466666;10240;10228
657;7548602000;7445466666;7645466666;10240;10228
658;7548612000;7445466666;7645466666;10240;10228
659;7548852000;7445466666;7645466666;10240;10228
660;7589267000;7487144444;7687144444;10240;10228
661;7589278000;7487144444;7687144444;10240;10228
662;7589523000;7487144444;7687144444;10240;10228
663;7589555000;7487144444;7687144444;10240;10228
664;7589744000;7487144444;7687144444;10240;10228
665;7589814000;7487144444;7687144444;10240;10228
666;7590018000;7487144444;7687144444;10240;10228
667;7590029000;7487144444;7687144444;10240;10228
668;7590263000;7487144444;7687144444;10240;10228
669;7590283000;7487144444;7687144444;10240;10228
670;7590546000;7487144444;7687144444;10240;10228
636;7596625000;7362333333;7562333333;10240;10228
637;7596634000;7362333333;7562333333;10240;10228
638;7596875000;7403777777;7603777777;10240;10228
671;7630593000;7528777777;7728777777;10240;10228
672;7630799000;7528777777;7728777777;10240;10228
673;7631008000;7528777777;7728777777;10240;10228
674;7631042000;7528777777;7728777777;10240;10228
675;7631225000;7528777777;7728777777;10240;10228
676;7631230000;7528777777;7728777777;10240;10228
677;7631408000;7528777777;7728777777;10240;10228
678;7631429000;7528777777;7728777777;10240;10228
679;7631637000;7528777777;7728777777;10240;10228
680;7631824000;7528777777;7728777777;10240;10228
681;7631834000;7528777777;7728777777;10240;10228
682;7672620000;7570511111;7770511111;10240;10228
683;7672638000;7570511111;7770511111;10240;10228
684;7672854000;7570511111;7770511111;10240;10228
685;7672874000;7570511111;7770511111;10240;10228
686;7673098000;7570511111;7770511111;10240;10228
687;7673118000;7570511111;7770511111;10240;10228
688;7673377000;7570511111;7770511111;10240;10228
689;7673387000;7570511111;7770511111;10240;10228
690;7673604000;7570511111;7770511111;10240;10228
691;7673624000;7570511111;7770511111;10240;10228
692;7673853000;7570511111;7770511111;10240;10228
693;7713891000;7612177777;7812177777;10240;10228
694;7714104000;7612177777;7812177777;10240;10228
695;7714271000;7612177777;7812177777;10240;10228
696;7714277000;7612177777;7812177777;10240;10228
697;7714520000;7612177777;7812177777;10240;10228
698;7714530000;7612177777;7812177777;10240;10228
699;7714701000;7612177777;7812177777;10240;10228
700;7714720000;7612177777;7812177777;10240;10228
701;7714923000;7612177777;7812177777;10240;10228
702;7715129000;7612177777;7812177777;10240;10228
703;7715150000;7612177777;7812177777;10240;10228
704;7755614000;7653766666;7853766666;10240;10228
705;7755838000;7653766666;7853766666;10240;10228
706;7755848000;7653766666;7853766666;10240;10228
707;7756021000;7653766666;7853766666;10240;10228
709;7756249000;7653766666;7853766666;10240;10228
710;7756279000;7653766666;7853766666;10240;10228
711;7756451000;7653766666;7853766666;10240;10228
712;7756460000;7653766666;7853766666;10240;10228
713;7756641000;7653766666;7853766666;10240;10228
714;7756650000;7653766666;7853766666;10240;10228
715;7797240000;7695466666;7895466666;10240;10228
716;7797469000;7695466666;7895466666;10240;10228
717;7797479000;7695466666;7895466666;10240;10228
722;7797631000;7695466666;7895466666;10240;10228
723;7797643000;7695466666;7895466666;10240;10228
718;7797663000;7695466666;7895466666;10240;10228
724;7797900000;7695466666;7895466666;10240;10228
725;7797910000;7695466666;7895466666;10240;10228
719;7797914000;7695466666;7895466666;10240;10228
720;7797918000;7695466666;7895466666;10240;10228
721;7798118000;7695466666;7895466666;10240;10228
726;7838959000;7737133333;7937133333;10240;10228
727;7839171000;7737133333;7937133333;10240;10228
728;7839191000;7737133333;7937133333;10240;10228
729;7839367000;7737133333;7937133333;10240;10228
730;7839549000;7737133333;7937133333;10240;10228
731;7839559000;7737133333;7937133333;10240;10228
732;7839784000;7737133333;7937133333;10240;10228
733;7839794000;7737133333;7937133333;10240;10228
734;7839963000;7737133333;7937133333;10240;10228
735;7840187000;7737133333;7937133333;10240;10228
736;7840205000;7737133333;7937133333;10240;10228
708;7845800000;7653766666;7853766666;10240;10228
738;7880917000;7778777777;7978777777;10240;10228
739;7880929000;7778777777;7978777777;10240;10228
740;7881167000;7778777777;7978777777;10240;10228
741;7881188000;7778777777;7978777777;10240;10228
742;7881401000;7778777777;7978777777;10240;10228
743;7881411000;7778777777;7978777777;10240;10228
744;7881666000;7778777777;7978777777;10240;10228
745;7881676000;7778777777;7978777777;10240;10228
746;7881926000;7778777777;7978777777;10240;10228
747;7881945000;7778777777;7978777777;10240;10228
748;7922593000;7820500000;8020500000;10240;10228
749;7922602000;7820500000;8020500000;10240;10228
750;7922840000;7820500000;8020500000;10240;10228
751;7922849000;7820500000;8020500000;10240;10228
752;7923073000;7820500000;8020500000;10240;10228
753;7923081000;7820500000;8020500000;10240;10228
754;7923287000;7820500000;8020500000;10240;10228
755;7923296000;7820500000;8020500000;10240;10228
756;7923549000;7820500000;8020500000;10240;10228
757;7923568000;7820500000;8020500000;10240;10228
758;7923839000;7820500000;8020500000;10240;10228
766;7963994000;7862155555;8062155555;10240;10228
768;7964225000;7862155555;8062155555;10240;10228
759;7964241000;7862155555;8062155555;10240;10228
760;7964260000;7862155555;8062155555;10240;10228
761;7964502000;7862155555;8062155555;10240;10228
762;7964531000;7862155555;8062155555;10240;10228
763;7964760000;7862155555;8062155555;10240;10228
764;7964769000;7862155555;8062155555;10240;10228
765;7965013000;7862155555;8062155555;10240;10228
771;8005638000;7903766666;8103766666;10240;10228
772;8005827000;7903766666;8103766666;10240;10228
773;8005850000;7903766666;8103766666;10240;10228
774;8006023000;7903766666;8103766666;10240;10228
775;8006238000;7903766666;8103766666;10240;10228
776;8006253000;7903766666;8103766666;10240;10228
777;8006440000;7903766666;8103766666;10240;10228
778;8006454000;7903766666;8103766666;10240;10228
779;8006640000;7903766666;8103766666;10240;10228
781;8047265000;7945511111;8145511111;10240;10228
782;8047494000;7945511111;8145511111;10240;10228
784;8047536000;7945511111;8145511111;10240;10228
785;8047682000;7945511111;8145511111;10240;10228
786;8047885000;7945511111;8145511111;10240;10228
787;8047895000;7945511111;8145511111;10240;10228
788;8048139000;7945511111;8145511111;10240;10228
789;8048148000;7945511111;8145511111;10240;10228
790;8048314000;7945511111;8145511111;10240;10228
791;8048322000;7945511111;8145511111;10240;10228
767;8053879000;7862155555;8062155555;10240;10228
769;8054110000;7862155555;8062155555;10240;10228
792;8088962000;7987155555;8187155555;10240;10228
793;8089146000;7987155555;8187155555;10240;10228
799;8089346000;7987155555;8187155555;10240;10228
800;8089356000;7987155555;8187155555;10240;10228
794;8089361000;7987155555;8187155555;10240;10228
795;8089366000;7987155555;8187155555;10240;10228
797;8089492000;7987155555;8187155555;10240;10228
798;8089503000;7987155555;8187155555;10240;10228
801;8089507000;7987155555;8187155555;10240;10228
802;8089539000;7987155555;8187155555;10240;10228
803;8130926000;8028777777;8228777777;10240;10228
804;8130948000;8028777777;8228777777;10240;10228
805;8131158000;8028777777;8228777777;10240;10228
806;8131181000;8028777777;8228777777;10240;10228
807;8131401000;8028777777;8228777777;10240;10228
808;8131411000;8028777777;8228777777;10240;10228
809;8131669000;8028777777;8228777777;10240;10228
810;8131688000;8028777777;8228777777;10240;10228
811;8131927000;8028777777;8228777777;10240;10228
812;8131946000;8028777777;8228777777;10240;10228
813;8132145000;8028777777;8228777777;10240;10228
780;8134953000;7903766666;8103766666;10240;10228
814;8172632000;8070488888;8270488888;10240;10228
815;8172650000;8070488888;8270488888;10240;10228
816;8172899000;8070488888;8270488888;10240;10228
817;8172918000;8070488888;8270488888;10240;10228
818;8173125000;8070488888;8270488888;10240;10228
819;8173144000;8070488888;8270488888;10240;10228
820;8173375000;8070488888;8270488888;10240;10228
821;8173384000;8070488888;8270488888;10240;10228
822;8173649000;8070488888;8270488888;10240;10228
823;8173670000;8070488888;8270488888;10240;10228
824;8173853000;8070488888;8270488888;10240;10228
832;8213998000;8112144444;8312144444;10240;10228
833;8214216000;8112144444;8312144444;10240;10228
834;8214250000;8112144444;8312144444;10240;10228
825;8214255000;8112144444;8312144444;10240;10228
826;8214280000;8112144444;8312144444;10240;10228
835;8214424000;8112144444;8312144444;10240;10228
827;8214509000;8112144444;8312144444;10240;10228
828;8214528000;8112144444;8312144444;10240;10228
829;8214728000;8112144444;8312144444;10240;10228
830;8214747000;8112144444;8312144444;10240;10228
831;8215019000;8112144444;8312144444;10240;10228
836;8255983000;8153777777;8353777777;10240;10228
837;8256003000;8153777777;8353777777;10240;10228
838;8256220000;8153777777;8353777777;10240;10228
839;8256226000;8153777777;8353777777;10240;10228
840;8256472000;8153777777;8353777777;10240;10228
841;8256477000;8153777777;8353777777;10240;10228
842;8256732000;8153777777;8353777777;10240;10228
843;8256750000;8153777777;8353777777;10240;10228
844;8256990000;8153777777;8353777777;10240;10228
845;8257024000;8153777777;8353777777;10240;10228
846;8257219000;8153777777;8353777777;10240;10228
847;8297587000;8195555555;8395555555;10240;10228
848;8297842000;8195555555;8395555555;10240;10228
849;8297853000;8195555555;8395555555;10240;10228
850;8297857000;8195555555;8395555555;10240;10228
851;8298095000;8195555555;8395555555;10240;10228
852;8298114000;8195555555;8395555555;10240;10228
853;8298326000;8195555555;8395555555;10240;10228
856;8298331000;8195555555;8395555555;10240;10228
857;8298599000;8195555555;8395555555;10240;10228
866;8338936000;8237177777;8437177777;10240;10228
867;8339176000;8237177777;8437177777;10240;10228
868;8339196000;8237177777;8437177777;10240;10228
858;8339201000;8237177777;8437177777;10240;10228
859;8339221000;8237177777;8437177777;10240;10228
860;8339468000;8237177777;8437177777;10240;10228
861;8339481000;8237177777;8437177777;10240;10228
862;8339723000;8237177777;8437177777;10240;10228
863;8339735000;8237177777;8437177777;10240;10228
869;8380606000;8278766666;8478766666;10240;10228
870;8380823000;8278766666;8478766666;10240;10228
871;8380832000;8278766666;8478766666;10240;10228
872;8381038000;8278766666;8478766666;10240;10228
873;8381245000;8278766666;8478766666;10240;10228
874;8381265000;8278766666;8478766666;10240;10228
875;8381446000;8278766666;8478766666;10240;10228
876;8381457000;8278766666;8478766666;10240;10228
877;8381635000;8278766666;8478766666;10240;10228
878;8381860000;8278766666;8478766666;10240;10228
879;8381880000;8278766666;8478766666;10240;10228
880;8422623000;8320477777;8520477777;10240;10228
881;8422643000;8320477777;8520477777;10240;10228
882;8422847000;8320477777;8520477777;10240;10228
883;8422858000;8320477777;8520477777;10240;10228
884;8423090000;8320477777;8520477777;10240;10228
885;8423111000;8320477777;8520477777;10240;10228
886;8423362000;8320477777;8520477777;10240;10228
887;8423373000;8320477777;8520477777;10240;10228
888;8423579000;8320477777;8520477777;10240;10228
889;8423598000;8320477777;8520477777;10240;10228
890;8423848000;8320477777;8520477777;10240;10228
865;8429737000;8237177777;8437177777;10240;10228
864;8430252000;8237177777;8437177777;10240;10228
891;8464203000;8362155555;8562155555;10240;10228
892;8464224000;8362155555;8562155555;10240;10228
893;8464448000;8362155555;8562155555;10240;10228
894;8464460000;8362155555;8562155555;10240;10228
895;8464703000;8362155555;8562155555;10240;10228
896;8464723000;8362155555;8562155555;10240;10228
897;8464949000;8362155555;8562155555;10240;10228
898;8464969000;8362155555;8562155555;10240;10228
899;8465227000;8362155555;8562155555;10240;10228
900;8465248000;8362155555;8562155555;10240;10228
901;8465475000;8362155555;8562155555;10240;10228
903;8505611000;8403733333;8603733333;10240;10228
904;8505833000;8403733333;8603733333;10240;10228
905;8505856000;8403733333;8603733333;10240;10228
906;8505988000;8403733333;8603733333;10240;10228
907;8506229000;8403733333;8603733333;10240;10228
908;8506249000;8403733333;8603733333;10240;10228
909;8506433000;8403733333;8603733333;10240;10228
910;8506444000;8403733333;8603733333;10240;10228
911;8506651000;8403733333;8603733333;10240;10228
912;8506674000;8403733333;8603733333;10240;10228
913;8547253000;8445500000;8645500000;10240;10228
914;8547454000;8445500000;8645500000;10240;10228
916;8547464000;8445500000;8645500000;10240;10228
917;8547666000;8445500000;8645500000;10240;10228
918;8547872000;8445500000;8645500000;10240;10228
919;8547882000;8445500000;8645500000;10240;10228
920;8548060000;8445500000;8645500000;10240;10228
921;8548079000;8445500000;8645500000;10240;10228
922;8548272000;8445500000;8645500000;10240;10228
923;8548281000;8445500000;8645500000;10240;10228
924;8589231000;8487155555;8687155555;10240;10228
925;8589250000;8487155555;8687155555;10240;10228
926;8589504000;8487155555;8687155555;10240;10228
927;8589521000;8487155555;8687155555;10240;10228
928;8589763000;8487155555;8687155555;10240;10228
929;8589773000;8487155555;8687155555;10240;10228
930;8590015000;8487155555;8687155555;10240;10228
931;8590025000;8487155555;8687155555;10240;10228
932;8590223000;8487155555;8687155555;10240;10228
933;8590251000;8487155555;8687155555;10240;10228
934;8590538000;8487155555;8687155555;10240;10228
935;8630924000;8528755555;8728755555;10240;10228
936;8630934000;8528755555;8728755555;10240;10228
937;8631175000;8528755555;8728755555;10240;10228
938;8631183000;8528755555;8728755555;10240;10228
939;8631416000;8528755555;8728755555;10240;10228
941;8631425000;8528755555;8728755555;10240;10228
942;8631628000;8528755555;8728755555;10240;10228
943;8631648000;8528755555;8728755555;10240;10228
944;8631899000;8528755555;8728755555;10240;10228
945;8631909000;8528755555;8728755555;10240;10228
946;8672606000;8570511111;8770511111;10240;10228
947;8672618000;8570511111;8770511111;10240;10228
949;8672840000;8570511111;8770511111;10240;10228
950;8672852000;8570511111;8770511111;10240;10228
951;8673091000;8570511111;8770511111;10240;10228
952;8673102000;8570511111;8770511111;10240;10228
953;8673359000;8570511111;8770511111;10240;10228
954;8673370000;8570511111;8770511111;10240;10228
955;8673604000;8570511111;8770511111;10240;10228
956;8673615000;8570511111;8770511111;10240;10228
957;8713926000;8612177777;8812177777;10240;10228
959;8714134000;8612177777;8812177777;10240;10228
960;8714162000;8612177777;8812177777;10240;10228
961;8714333000;8612177777;8812177777;10240;10228
962;8714623000;8612177777;8812177777;10240;10228
963;8714632000;8612177777;8812177777;10240;10228
964;8714758000;8612177777;8812177777;10240;10228
965;8714766000;8612177777;8812177777;10240;10228
966;8714951000;8612177777;8812177777;10240;10228
967;8714969000;8612177777;8812177777;10240;10228
968;8755648000;8653800000;8853800000;10240;10228
969;8755795000;8653800000;8853800000;10240;10228
970;8755806000;8653800000;8853800000;10240;10228
971;8756000000;8653800000;8853800000;10240;10228
972;8756194000;8653800000;8853800000;10240;10228
973;8756204000;8653800000;8853800000;10240;10228
974;8756397000;8653800000;8853800000;10240;10228
975;8756408000;8653800000;8853800000;10240;10228
976;8756599000;8653800000;8853800000;10240;10228
977;8756813000;8653800000;8853800000;10240;10228
978;8756817000;8653800000;8853800000;10240;10228
979;8797272000;8695488888;8895488888;10240;10228
980;8797479000;8695488888;8895488888;10240;10228
981;8797503000;8695488888;8895488888;10240;10228
986;8797606000;8695488888;8895488888;10240;10228
982;8797713000;8695488888;8895488888;10240;10228
987;8797913000;8695488888;8895488888;10240;10228
988;8797924000;8695488888;8895488888;10240;10228
989;8797928000;8695488888;8895488888;10240;10228
983;8797932000;8695488888;8895488888;10240;10228
984;8797937000;8695488888;8895488888;10240;10228
985;8798090000;8695488888;8895488888;10240;10228
958;8805420000;8612177777;8812177777;10240;10228
990;8839261000;8737144444;8937144444;10240;10228
991;8839283000;8737144444;8937144444;10240;10228
992;8839507000;8737144444;8937144444;10240;10228
993;8839535000;8737144444;8937144444;10240;10228
994;8839756000;8737144444;8937144444;10240;10228
995;8839775000;8737144444;8937144444;10240;10228
996;8840005000;8737144444;8937144444;10240;10228
997;8840025000;8737144444;8937144444;10240;10228
998;8840259000;8737144444;8937144444;10240;10228
999;8840278000;8737144444;8937144444;10240;10228
1001;8880655000;8778800000;8978800000;10240;10228
1002;8880852000;8778800000;8978800000;10240;10228
1003;8880875000;8778800000;8978800000;10240;10228
1004;8881009000;8778800000;8978800000;10240;10228
1005;8881230000;8778800000;8978800000;10240;10228
1006;8881248000;8778800000;8978800000;10240;10228
1007;8881430000;8778800000;8978800000;10240;10228
1008;8881438000;8778800000;8978800000;10240;10228
1009;8881648000;8778800000;8978800000;10240;10228
1010;8881839000;8778800000;8978800000;10240;10228
1011;8881849000;8778800000;8978800000;10240;10228
1012;8922596000;8820511111;9020511111;10240;10228
1013;8922614000;8820511111;9020511111;10240;10228
1014;8922854000;8820511111;9020511111;10240;10228
1015;8922863000;8820511111;9020511111;10240;10228
1016;8923096000;8820511111;9020511111;10240;10228
1017;8923105000;8820511111;9020511111;10240;10228
1018;8923365000;8820511111;9020511111;10240;10228
1019;8923381000;8820511111;9020511111;10240;10228
1020;8923630000;8820511111;9020511111;10240;10228
1021;8923638000;8820511111;9020511111;10240;10228
1022;8923850000;8820511111;9020511111;10240;10228
1023;8964232000;8862155555;9062155555;10240;10228
1024;8964251000;8862155555;9062155555;10240;10228
1025;8964490000;8862155555;9062155555;10240;10228
1026;8964500000;8862155555;9062155555;10240;10228
1027;8964751000;8862155555;9062155555;10240;10228
1028;8964768000;8862155555;9062155555;10240;10228
1029;8965046000;8862155555;9062155555;10240;10228
1030;8965055000;8862155555;9062155555;10240;10228
1031;8965315000;8862155555;9062155555;10240;10228
1032;8965323000;8862155555;9062155555;10240;10228
1033;8965328000;8862155555;9062155555;10240;10228
1000;8967722000;8737144444;8937144444;10240;10228
1034;9005921000;8903777777;9103777777;10240;10228
1035;9005941000;8903777777;9103777777;10240;10228
1036;9006164000;8903777777;9103777777;10240;10228
1037;9006181000;8903777777;9103777777;10240;10228
1038;9006421000;8903777777;9103777777;10240;10228
1039;9006437000;8903777777;9103777777;10240;10228
1040;9006667000;8903777777;9103777777;10240;10228
1041;9006687000;8903777777;9103777777;10240;10228
1042;9006924000;8903777777;9103777777;10240;10228
1043;9006944000;8903777777;9103777777;10240;10228
1044;9007209000;8903777777;9103777777;10240;10228
1045;9047593000;8945522222;9145522222;10240;10228
1046;9047612000;8945522222;9145522222;10240;10228
1047;9047849000;8945522222;9145522222;10240;10228
1048;9047869000;8945522222;9145522222;10240;10228
1049;9048093000;8945522222;9145522222;10240;10228
1050;9048115000;8945522222;9145522222;10240;10228
1051;9048365000;8945522222;9145522222;10240;10228
1052;9048376000;8945522222;9145522222;10240;10228
1053;9048615000;8945522222;9145522222;10240;10228
1054;9048635000;8945522222;9145522222;10240;10228
1055;9048850000;8945522222;9145522222;10240;10228
1056;9089266000;8987133333;9187133333;10240;10228
1057;9089285000;8987133333;9187133333;10240;10228
1058;9089534000;8987133333;9187133333;10240;10228
1059;9089553000;8987133333;9187133333;10240;10228
1060;9089763000;8987133333;9187133333;10240;10228
1061;9089783000;8987133333;9187133333;10240;10228
1062;9090010000;8987133333;9187133333;10240;10228
1063;9090031000;8987133333;9187133333;10240;10228
1064;9090286000;8987133333;9187133333;10240;10228
1065;9090307000;8987133333;9187133333;10240;10228
1066;9090541000;8987133333;9187133333;10240;10228
1067;9130920000;9028766666;9228766666;10240;10228
1068;9130929000;9028766666;9228766666;10240;10228
1069;9131140000;9028766666;9228766666;10240;10228
1070;9131146000;9028766666;9228766666;10240;10228
1071;9131443000;9028766666;9228766666;10240;10228
1072;9131453000;9028766666;9228766666;10240;10228
1073;9131680000;9028766666;9228766666;10240;10228
1074;9131700000;9028766666;9228766666;10240;10228
1075;9131932000;9028766666;9228766666;10240;10228
1076;9131953000;9028766666;9228766666;10240;10228
1077;9132218000;9028766666;9228766666;10240;10228
1079;9172271000;9070488888;9270488888;10240;10228
1080;9172468000;9070488888;9270488888;10240;10228
1081;9172480000;9070488888;9270488888;10240;10228
1082;9172683000;9070488888;9270488888;10240;10228
1083;9172893000;9070488888;9270488888;10240;10228
1084;9172902000;9070488888;9270488888;10240;10228
1085;9173073000;9070488888;9270488888;10240;10228
1086;9173093000;9070488888;9270488888;10240;10228
1087;9173284000;9070488888;9270488888;10240;10228
1088;9173294000;9070488888;9270488888;10240;10228
1089;9213933000;9112133333;9312133333;10240;10228
1090;9214126000;9112133333;9312133333;10240;10228
1092;9214334000;9112133333;9312133333;10240;10228
1093;9214356000;9112133333;9312133333;10240;10228
1094;9214545000;9112133333;9312133333;10240;10228
1095;9214558000;9112133333;9312133333;10240;10228
1096;9214758000;9112133333;9312133333;10240;10228
1097;9214769000;9112133333;9312133333;10240;10228
1099;9214949000;9112133333;9312133333;10240;10228
1100;9255945000;9153766666;9353766666;10240;10228
1101;9255956000;9153766666;9353766666;10240;10228
1102;9256168000;9153766666;9353766666;10240;10228
1103;9256197000;9153766666;9353766666;10240;10228
1104;9256435000;9153766666;9353766666;10240;10228
1105;9256446000;9153766666;9353766666;10240;10228
1106;9256669000;9153766666;9353766666;10240;10228
1107;9256680000;9153766666;9353766666;10240;10228
1108;9256920000;9153766666;9353766666;10240;10228
1109;9256931000;9153766666;9353766666;10240;10228
1110;9257186000;9153766666;9353766666;10240;10228
1078;9263069000;9070488888;9270488888;10240;10228
1111;9297225000;9195477777;9395477777;10240;10228
1112;9297422000;9195477777;9395477777;10240;10228
1113;9297433000;9195477777;9395477777;10240;10228
1114;9297634000;9195477777;9395477777;10240;10228
1115;9297849000;9195477777;9395477777;10240;10228
1116;9297858000;9195477777;9395477777;10240;10228
1117;9298040000;9195477777;9395477777;10240;10228
1118;9298059000;9195477777;9395477777;10240;10228
1119;9298241000;9195477777;9395477777;10240;10228
1120;9298414000;9195477777;9395477777;10240;10228
1121;9298424000;9195477777;9395477777;10240;10228
1091;9303974000;9112133333;9312133333;10240;10228
1098;9304475000;9112133333;9312133333;10240;10228
1122;9339264000;9237100000;9437100000;10240;10228
1123;9339284000;9237100000;9437100000;10240;10228
1124;9339508000;9237100000;9437100000;10240;10228
1126;9339536000;9237100000;9437100000;10240;10228
1127;9339767000;9237100000;9437100000;10240;10228
1128;9339776000;9237100000;9437100000;10240;10228
1129;9340044000;9237100000;9437100000;10240;10228
1130;9340053000;9237100000;9437100000;10240;10228
1131;9340299000;9237100000;9437100000;10240;10228
1132;9340307000;9237100000;9437100000;10240;10228
1133;9380874000;9278811111;9478811111;10240;10228
1134;9380883000;9278811111;9478811111;10240;10228
1135;9381148000;9278811111;9478811111;10240;10228
1136;9381168000;9278811111;9478811111;10240;10228
1137;9381363000;9278811111;9478811111;10240;10228
1138;9381374000;9278811111;9478811111;10240;10228
1139;9381578000;9278811111;9478811111;10240;10228
1140;9381597000;9278811111;9478811111;10240;10228
1141;9381873000;9278811111;9478811111;10240;10228
1142;9381894000;9278811111;9478811111;10240;10228
1143;9382155000;9278811111;9478811111;10240;10228
1144;9422267000;9320466666;9520466666;10240;10228
1145;9422467000;9320466666;9520466666;10240;10228
1146;9422478000;9320466666;9520466666;10240;10228
1147;9422677000;9320466666;9520466666;10240;10228
1148;9422890000;9320466666;9520466666;10240;10228
1149;9422900000;9320466666;9520466666;10240;10228
1150;9423071000;9320466666;9520466666;10240;10228
1151;9423091000;9320466666;9520466666;10240;10228
1152;9423285000;9320466666;9520466666;10240;10228
1153;9423457000;9320466666;9520466666;10240;10228
1154;9423466000;9320466666;9520466666;10240;10228
1155;9463945000;9362144444;9562144444;10240;10228
1156;9464145000;9362144444;9562144444;10240;10228
1157;9464165000;9362144444;9562144444;10240;10228
1158;9464338000;9362144444;9562144444;10240;10228
1159;9464574000;9362144444;9562144444;10240;10228
1160;9464592000;9362144444;9562144444;10240;10228
1161;9464762000;9362144444;9562144444;10240;10228
1162;9464779000;9362144444;9562144444;10240;10228
1163;9464972000;9362144444;9562144444;10240;10228
1164;9465156000;9362144444;9562144444;10240;10228
1166;9505582000;9403755555;9603755555;10240;10228
1167;9505773000;9403755555;9603755555;10240;10228
1168;9505794000;9403755555;9603755555;10240;10228
1169;9505961000;9403755555;9603755555;10240;10228
1170;9506154000;9403755555;9603755555;10240;10228
1171;9506174000;9403755555;9603755555;10240;10228
1172;9506371000;9403755555;9603755555;10240;10228
1174;9506382000;9403755555;9603755555;10240;10228
1175;9506570000;9403755555;9603755555;10240;10228
1176;9506788000;9403755555;9603755555;10240;10228
1177;9547593000;9445455555;9645455555;10240;10228
1178;9547604000;9445455555;9645455555;10240;10228
1179;9547846000;9445455555;9645455555;10240;10228
1180;9547856000;9445455555;9645455555;10240;10228
1181;9548095000;9445455555;9645455555;10240;10228
1182;9548104000;9445455555;9645455555;10240;10228
1183;9548361000;9445455555;9645455555;10240;10228
1184;9548371000;9445455555;9645455555;10240;10228
1185;9548628000;9445455555;9645455555;10240;10228
1186;9548637000;9445455555;9645455555;10240;10228
1187;9548804000;9445455555;9645455555;10240;10228
1188;9588901000;9487155555;9687155555;10240;10228
1189;9589106000;9487155555;9687155555;10240;10228
1190;9589302000;9487155555;9687155555;10240;10228
1191;9589322000;9487155555;9687155555;10240;10228
1192;9589508000;9487155555;9687155555;10240;10228
1193;9589526000;9487155555;9687155555;10240;10228
1194;9589730000;9487155555;9687155555;10240;10228
1195;9589739000;9487155555;9687155555;10240;10228
1196;9589918000;9487155555;9687155555;10240;10228
1197;9590114000;9487155555;9687155555;10240;10228
1198;9590134000;9487155555;9687155555;10240;10228
1165;9593265000;9362144444;9562144444;10240;10228
1199;9630650000;9528744444;9728744444;10240;10228
1200;9630825000;9528744444;9728744444;10240;10228
1203;9630836000;9528744444;9728744444;10240;10228
1204;9631028000;9528744444;9728744444;10240;10228
1205;9631224000;9528744444;9728744444;10240;10228
1206;9631234000;9528744444;9728744444;10240;10228
1207;9631425000;9528744444;9728744444;10240;10228
1208;9631439000;9528744444;9728744444;10240;10228
1209;9631629000;9528744444;9728744444;10240;10228
1210;9672581000;9570500000;9770500000;10240;10228
1211;9672590000;9570500000;9770500000;10240;10228
1212;9672826000;9570500000;9770500000;10240;10228
1213;9672836000;9570500000;9770500000;10240;10228
1214;9673099000;9570500000;9770500000;10240;10228
1215;9673108000;9570500000;9770500000;10240;10228
1216;9673336000;9570500000;9770500000;10240;10228
1217;9673347000;9570500000;9770500000;10240;10228
1218;9673529000;9570500000;9770500000;10240;10228
1219;9673549000;9570500000;9770500000;10240;10228
1220;9673843000;9570500000;9770500000;10240;10228
1221;9713903000;9612122222;9812122222;10240;10228
1222;9714092000;9612122222;9812122222;10240;10228
1223;9714333000;9612122222;9812122222;10240;10228
1224;9714343000;9612122222;9812122222;10240;10228
1226;9714348000;9612122222;9812122222;10240;10228
1227;9714352000;9612122222;9812122222;10240;10228
1225;9714497000;9612122222;9812122222;10240;10228
1228;9714602000;9612122222;9812122222;10240;10228
1229;9714614000;9612122222;9812122222;10240;10228
1230;9714842000;9612122222;9812122222;10240;10228
1231;9714853000;9612122222;9812122222;10240;10228
1201;9720731000;9528744444;9728744444;10240;10228
1202;9720741000;9528744444;9728744444;10240;10228
1232;9755648000;9653811111;9853811111;10240;10228
1233;9755825000;9653811111;9853811111;10240;10228
1234;9755845000;9653811111;9853811111;10240;10228
1236;9756030000;9653811111;9853811111;10240;10228
1237;9756226000;9653811111;9853811111;10240;10228
1238;9756245000;9653811111;9853811111;10240;10228
1239;9756434000;9653811111;9853811111;10240;10228
1240;9756442000;9653811111;9853811111;10240;10228
1241;9756644000;9653811111;9853811111;10240;10228
1244;9797276000;9695500000;9895500000;10240;10228
1246;9797475000;9695500000;9895500000;10240;10228
1247;9797500000;9695500000;9895500000;10240;10228
1248;9797689000;9695500000;9895500000;10240;10228
1249;9797902000;9695500000;9895500000;10240;10228
1250;9797911000;9695500000;9895500000;10240;10228
1251;9798083000;9695500000;9895500000;10240;10228
1252;9798102000;9695500000;9895500000;10240;10228
1253;9798293000;9695500000;9895500000;10240;10228
1254;9839240000;9737133333;9937133333;10240;10228
1258;9839263000;9737133333;9937133333;10240;10228
1259;9839509000;9737133333;9937133333;10240;10228
1260;9839537000;9737133333;9937133333;10240;10228
1261;9839734000;9737133333;9937133333;10240;10228
1262;9839744000;9737133333;9937133333;10240;10228
1263;9839948000;9737133333;9937133333;10240;10228
1264;9839966000;9737133333;9937133333;10240;10228
1265;9880640000;9778755555;9978755555;10240;10228
1266;9880829000;9778755555;9978755555;10240;10228
1267;9880854000;9778755555;9978755555;10240;10228
1268;9881021000;9778755555;9978755555;10240;10228
1269;9881229000;9778755555;9978755555;10240;10228
1270;9881249000;9778755555;9978755555;10240;10228
1271;9881435000;9778755555;9978755555;10240;10228
1273;9881444000;9778755555;9978755555;10240;10228
1274;9881650000;9778755555;9978755555;10240;10228
1275;9881660000;9778755555;9978755555;10240;10228
1242;9888106000;9653811111;9853811111;10240;10228
1243;9888397000;9695500000;9895500000;10240;10228
1276;9922263000;9820511111;10020511111;10240;10228
1277;9922465000;9820511111;10020511111;10240;10228
1278;9922487000;9820511111;10020511111;10240;10228
1279;9922680000;9820511111;10020511111;10240;10228
1280;9922882000;9820511111;10020511111;10240;10228
1281;9922893000;9820511111;10020511111;10240;10228
1282;9923070000;9820511111;10020511111;10240;10228
1283;9923090000;9820511111;10020511111;10240;10228
1284;9923279000;9820511111;10020511111;10240;10228
1285;9923453000;9820511111;10020511111;10240;10228
1286;9923464000;9820511111;10020511111;10240;10228
1255;9928803000;9737133333;9937133333;10240;10228
1256;9928813000;9737133333;9937133333;10240;10228
1257;9929010000;9737133333;9937133333;10240;10228
1287;9964272000;9862144444;10062144444;10240;10228
1288;9964282000;9862144444;10062144444;10240;10228
1289;9964539000;9862144444;10062144444;10240;10228
1290;9964560000;9862144444;10062144444;10240;10228
1291;9964767000;9862144444;10062144444;10240;10228
1292;9964776000;9862144444;10062144444;10240;10228
1293;9965047000;9862144444;10062144444;10240;10228
1295;9965056000;9862144444;10062144444;10240;10228
1296;9965290000;9862144444;10062144444;10240;10228
1297;9965311000;9862144444;10062144444;10240;10228
1299;10005621000;9903788888;10103788888;10240;10228
1300;10005791000;9903788888;10103788888;10240;10228
1301;10005810000;9903788888;10103788888;10240;10228
1302;10005979000;9903788888;10103788888;10240;10228
1303;10006176000;9903788888;10103788888;10240;10228
1304;10006197000;9903788888;10103788888;10240;10228
1305;10006387000;9903788888;10103788888;10240;10228
1306;10006398000;9903788888;10103788888;10240;10228
1307;10006609000;9903788888;10103788888;10240;10228
1308;10006809000;9903788888;10103788888;10240;10228
1309;10047263000;9945477777;10145477777;10240;10228
1310;10047462000;9945477777;10145477777;10240;10228
1311;10047473000;9945477777;10145477777;10240;10228
1312;10047677000;9945477777;10145477777;10240;10228
1313;10047844000;9945477777;10145477777;10240;10228
1314;10047863000;9945477777;10145477777;10240;10228
1315;10048072000;9945477777;10145477777;10240;10228
1316;10048090000;9945477777;10145477777;10240;10228
1317;10048291000;9945477777;10145477777;10240;10228
1318;10048446000;9945477777;10145477777;10240;10228
1319;10048458000;9945477777;10145477777;10240;10228
1320;10088900000;9987144444;10187144444;10240;10228
1321;10089092000;9987144444;10187144444;10240;10228
1322;10089301000;9987144444;10187144444;10240;10228
1323;10089321000;9987144444;10187144444;10240;10228
1324;10089507000;9987144444;10187144444;10240;10228
1325;10089536000;9987144444;10187144444;10240;10228
1326;10089729000;9987144444;10187144444;10240;10228
1327;10089738000;9987144444;10187144444;10240;10228
1328;10089920000;9987144444;10187144444;10240;10228
1330;10089939000;9987144444;10187144444;10240;10228
1298;10096685000;9903788888;10103788888;10240;10228
1331;10130591000;10028755555;10228755555;10240;10228
1332;10130781000;10028755555;10228755555;10240;10228
1333;10130792000;10028755555;10228755555;10240;10228
1334;10130969000;10028755555;10228755555;10240;10228
1335;10131211000;10028755555;10228755555;10240;10228
1336;10131221000;10028755555;10228755555;10240;10228
1337;10131377000;10028755555;10228755555;10240;10228
1338;10131388000;10028755555;10228755555;10240;10228
1339;10131612000;10028755555;10228755555;10240;10228
1340;10131799000;10028755555;10228755555;10240;10228
1342;10172265000;10070477777;10270477777;10240;10228
1343;10172462000;10070477777;10270477777;10240;10228
1344;10172487000;10070477777;10270477777;10240;10228
1345;10172677000;10070477777;10270477777;10240;10228
1346;10172888000;10070477777;10270477777;10240;10228
1347;10172897000;10070477777;10270477777;10240;10228
1348;10173075000;10070477777;10270477777;10240;10228
1349;10173095000;10070477777;10270477777;10240;10228
1350;10173281000;10070477777;10270477777;10240;10228
1351;10173454000;10070477777;10270477777;10240;10228
1352;10173464000;10070477777;10270477777;10240;10228
1329;10179072000;9987144444;10187144444;10240;10228
1353;10214239000;10112144444;10312144444;10240;10228
1354;10214261000;10112144444;10312144444;10240;10228
1356;10214484000;10112144444;10312144444;10240;10228
1357;10214495000;10112144444;10312144444;10240;10228
1358;10214732000;10112144444;10312144444;10240;10228
1359;10214743000;10112144444;10312144444;10240;10228
1360;10214983000;10112144444;10312144444;10240;10228
1361;10214994000;10112144444;10312144444;10240;10228
1362;10215262000;10112144444;10312144444;10240;10228
1363;10215282000;10112144444;10312144444;10240;10228
1364;10255639000;10153744444;10353744444;10240;10228
1365;10255826000;10153744444;10353744444;10240;10228
1366;10255850000;10153744444;10353744444;10240;10228
1367;10256017000;10153744444;10353744444;10240;10228
1368;10256226000;10153744444;10353744444;10240;10228
1369;10256245000;10153744444;10353744444;10240;10228
1370;10256429000;10153744444;10353744444;10240;10228
1371;10256438000;10153744444;10353744444;10240;10228
1372;10256649000;10153744444;10353744444;10240;10228
1373;10256837000;10153744444;10353744444;10240;10228
1374;10256857000;10153744444;10353744444;10240;10228
1341;10259315000;10028755555;10228755555;10240;10228
1375;10297268000;10195511111;10395511111;10240;10228
1376;10297466000;10195511111;10395511111;10240;10228
1377;10297475000;10195511111;10395511111;10240;10228
1378;10297681000;10195511111;10395511111;10240;10228
1379;10297883000;10195511111;10395511111;10240;10228
1380;10297894000;10195511111;10395511111;10240;10228
1381;10298070000;10195511111;10395511111;10240;10228
1382;10298090000;10195511111;10395511111;10240;10228
1383;10298280000;10195511111;10395511111;10240;10228
1384;10298456000;10195511111;10395511111;10240;10228
1385;10298466000;10195511111;10395511111;10240;10228
1355;10305098000;10112144444;10312144444;10240;10228
1388;10339251000;10237155555;10437155555;10240;10228
1389;10339272000;10237155555;10437155555;10240;10228
1390;10339500000;10237155555;10437155555;10240;10228
1391;10339509000;10237155555;10437155555;10240;10228
1392;10339751000;10237155555;10437155555;10240;10228
1393;10339761000;10237155555;10437155555;10240;10228
1394;10340005000;10237155555;10437155555;10240;10228
1396;10340024000;10237155555;10437155555;10240;10228
1397;10380910000;10278766666;10478766666;10240;10228
1399;10380920000;10278766666;10478766666;10240;10228
1400;10381178000;10278766666;10478766666;10240;10228
1401;10381197000;10278766666;10478766666;10240;10228
1402;10381419000;10278766666;10478766666;10240;10228
1403;10381429000;10278766666;10478766666;10240;10228
1404;10381659000;10278766666;10478766666;10240;10228
1405;10381670000;10278766666;10478766666;10240;10228
1406;10381863000;10278766666;10478766666;10240;10228
1407;10381944000;10278766666;10478766666;10240;10228
1408;10422593000;10320477777;10520477777;10240;10228
1409;10422614000;10320477777;10520477777;10240;10228
1410;10422844000;10320477777;10520477777;10240;10228
1411;10422855000;10320477777;10520477777;10240;10228
1412;10423088000;10320477777;10520477777;10240;10228
1413;10423098000;10320477777;10520477777;10240;10228
1414;10423305000;10320477777;10520477777;10240;10228
1415;10423329000;10320477777;10520477777;10240;10228
1416;10423585000;10320477777;10520477777;10240;10228
1417;10423604000;10320477777;10520477777;10240;10228
1418;10423846000;10320477777;10520477777;10240;10228
1419;10463929000;10362144444;10562144444;10240;10228
1420;10464131000;10362144444;10562144444;10240;10228
1421;10464139000;10362144444;10562144444;10240;10228
1422;10464333000;10362144444;10562144444;10240;10228
1423;10464505000;10362144444;10562144444;10240;10228
1424;10464534000;10362144444;10562144444;10240;10228
1425;10464754000;10362144444;10562144444;10240;10228
1426;10464765000;10362144444;10562144444;10240;10228
1429;10464945000;10362144444;10562144444;10240;10228
1430;10505637000;10403755555;10603755555;10240;10228
1431;10505824000;10403755555;10603755555;10240;10228
1432;10505854000;10403755555;10603755555;10240;10228
1433;10506030000;10403755555;10603755555;10240;10228
1434;10506222000;10403755555;10603755555;10240;10228
1435;10506243000;10403755555;10603755555;10240;10228
1436;10506426000;10403755555;10603755555;10240;10228
1437;10506436000;10403755555;10603755555;10240;10228
1438;10506639000;10403755555;10603755555;10240;10228
1439;10506850000;10403755555;10603755555;10240;10228
1440;10506869000;10403755555;10603755555;10240;10228
1441;10547592000;10445488888;10645488888;10240;10228
1442;10547602000;10445488888;10645488888;10240;10228
1443;10547852000;10445488888;10645488888;10240;10228
1444;10547863000;10445488888;10645488888;10240;10228
1445;10548095000;10445488888;10645488888;10240;10228
1446;10548106000;10445488888;10645488888;10240;10228
1447;10548339000;10445488888;10645488888;10240;10228
1448;10548351000;10445488888;10645488888;10240;10228
1449;10548604000;10445488888;10645488888;10240;10228
1450;10548615000;10445488888;10645488888;10240;10228
1451;10548808000;10445488888;10645488888;10240;10228
1452;10588941000;10487144444;10687144444;10240;10228
1453;10589132000;10487144444;10687144444;10240;10228
1454;10589153000;10487144444;10687144444;10240;10228
1455;10589331000;10487144444;10687144444;10240;10228
1456;10589505000;10487144444;10687144444;10240;10228
1457;10589533000;10487144444;10687144444;10240;10228
1458;10589753000;10487144444;10687144444;10240;10228
1459;10589774000;10487144444;10687144444;10240;10228
1460;10589957000;10487144444;10687144444;10240;10228
1461;10590147000;10487144444;10687144444;10240;10228
1462;10590158000;10487144444;10687144444;10240;10228
1463;10630964000;10528777777;10728777777;10240;10228
1464;10630982000;10528777777;10728777777;10240;10228
1465;10631198000;10528777777;10728777777;10240;10228
1466;10631203000;10528777777;10728777777;10240;10228
1467;10631454000;10528777777;10728777777;10240;10228
1468;10631469000;10528777777;10728777777;10240;10228
1469;10631705000;10528777777;10728777777;10240;10228
1470;10631725000;10528777777;10728777777;10240;10228
1471;10631983000;10528777777;10728777777;10240;10228
1472;10632003000;10528777777;10728777777;10240;10228
1473;10632248000;10528777777;10728777777;10240;10228
1474;10672575000;10570533333;10770533333;10240;10228
1475;10672594000;10570533333;10770533333;10240;10228
1476;10672817000;10570533333;10770533333;10240;10228
1477;10672835000;10570533333;10770533333;10240;10228
1478;10673061000;10570533333;10770533333;10240;10228
1479;10673080000;10570533333;10770533333;10240;10228
1480;10673275000;10570533333;10770533333;10240;10228
1481;10673280000;10570533333;10770533333;10240;10228
1482;10673587000;10570533333;10770533333;10240;10228
1483;10673607000;10570533333;10770533333;10240;10228
1484;10673815000;10570533333;10770533333;10240;10228
1485;10713935000;10612144444;10812144444;10240;10228
1486;10714122000;10612144444;10812144444;10240;10228
1487;10714317000;10612144444;10812144444;10240;10228
1488;10714335000;10612144444;10812144444;10240;10228
1489;10714529000;10612144444;10812144444;10240;10228
1490;10714547000;10612144444;10812144444;10240;10228
1491;10714756000;10612144444;10812144444;10240;10228
1492;10714774000;10612144444;10812144444;10240;10228
1493;10714955000;10612144444;10812144444;10240;10228
1494;10715150000;10612144444;10812144444;10240;10228
1495;10715170000;10612144444;10812144444;10240;10228
1496;10755647000;10653800000;10853800000;10240;10228
1497;10755810000;10653800000;10853800000;10240;10228
1498;10755830000;10653800000;10853800000;10240;10228
1499;10756014000;10653800000;10853800000;10240;10228
1500;10756211000;10653800000;10853800000;10240;10228
1501;10756229000;10653800000;10853800000;10240;10228
1502;10756405000;10653800000;10853800000;10240;10228
1503;10756414000;10653800000;10853800000;10240;10228
1504;10756634000;10653800000;10853800000;10240;10228
1505;10756834000;10653800000;10853800000;10240;10228
1506;10756844000;10653800000;10853800000;10240;10228
1509;10797250000;10695466666;10895466666;10240;10228
1511;10797454000;10695466666;10895466666;10240;10228
1512;10797466000;10695466666;10895466666;10240;10228
1513;10797664000;10695466666;10895466666;10240;10228
1514;10797861000;10695466666;10895466666;10240;10228
1515;10797879000;10695466666;10895466666;10240;10228
1516;10798059000;10695466666;10895466666;10240;10228
1517;10798077000;10695466666;10895466666;10240;10228
1518;10838913000;10737088888;10937088888;10240;10228
1519;10839101000;10737088888;10937088888;10240;10228
1520;10839313000;10737088888;10937088888;10240;10228
1521;10839322000;10737088888;10937088888;10240;10228
1522;10839488000;10737088888;10937088888;10240;10228
1523;10839498000;10737088888;10937088888;10240;10228
1524;10839733000;10737088888;10937088888;10240;10228
1525;10839744000;10737088888;10937088888;10240;10228
1526;10839925000;10737088888;10937088888;10240;10228
1527;10840138000;10737088888;10937088888;10240;10228
1528;10840148000;10737088888;10937088888;10240;10228
1529;10880617000;10778755555;10978755555;10240;10228
1530;10880824000;10778755555;10978755555;10240;10228
1531;10880834000;10778755555;10978755555;10240;10228
1532;10881016000;10778755555;10978755555;10240;10228
1533;10881223000;10778755555;10978755555;10240;10228
1534;10881241000;10778755555;10978755555;10240;10228
1535;10881424000;10778755555;10978755555;10240;10228
1536;10881434000;10778755555;10978755555;10240;10228
1537;10881642000;10778755555;10978755555;10240;10228
1540;10922580000;10820511111;11020511111;10240;10228
1541;10922590000;10820511111;11020511111;10240;10228
1542;10922824000;10820511111;11020511111;10240;10228
1543;10922833000;10820511111;11020511111;10240;10228
1544;10923068000;10820511111;11020511111;10240;10228
1545;10923077000;10820511111;11020511111;10240;10228
1546;10923310000;10820511111;11020511111;10240;10228
1547;10923319000;10820511111;11020511111;10240;10228
1548;10923530000;10820511111;11020511111;10240;10228
1549;10923539000;10820511111;11020511111;10240;10228
1550;10923777000;10820511111;11020511111;10240;10228
1551;10964264000;10862144444;11062144444;10240;10228
1552;10964284000;10862144444;11062144444;10240;10228
1553;10964510000;10862144444;11062144444;10240;10228
1554;10964539000;10862144444;11062144444;10240;10228
1555;10964764000;10862144444;11062144444;10240;10228
1556;10964784000;10862144444;11062144444;10240;10228
1558;10964973000;10862144444;11062144444;10240;10228
1559;10964992000;10862144444;11062144444;10240;10228
1560;10965300000;10862144444;11062144444;10240;10228
1561;10965309000;10862144444;11062144444;10240;10228
1538;10972414000;10778755555;10978755555;10240;10228
1539;10972638000;10778755555;10978755555;10240;10228
1563;11005639000;10903766666;11103766666;10240;10228
1564;11005826000;10903766666;11103766666;10240;10228
1565;11005837000;10903766666;11103766666;10240;10228
1566;11006020000;10903766666;11103766666;10240;10228
1567;11006221000;10903766666;11103766666;10240;10228
1568;11006241000;10903766666;11103766666;10240;10228
1569;11006426000;10903766666;11103766666;10240;10228
1570;11006438000;10903766666;11103766666;10240;10228
1571;11006647000;10903766666;11103766666;10240;10228
1572;11006667000;10903766666;11103766666;10240;10228
1573;11047592000;10945511111;11145511111;10240;10228
1574;11047612000;10945511111;11145511111;10240;10228
1575;11047842000;10945511111;11145511111;10240;10228
1576;11047852000;10945511111;11145511111;10240;10228
1577;11048087000;10945511111;11145511111;10240;10228
1578;11048097000;10945511111;11145511111;10240;10228
1579;11048357000;10945511111;11145511111;10240;10228
1580;11048366000;10945511111;11145511111;10240;10228
1581;11048554000;10945511111;11145511111;10240;10228
1582;11048572000;10945511111;11145511111;10240;10228
1583;11048845000;10945511111;11145511111;10240;10228
1584;11089199000;10987188888;11187188888;10240;10228
1586;11089210000;10987188888;11187188888;10240;10228
1587;11089446000;10987188888;11187188888;10240;10228
1588;11089457000;10987188888;11187188888;10240;10228
1589;11089699000;10987188888;11187188888;10240;10228
1590;11089710000;10987188888;11187188888;10240;10228
1591;11089944000;10987188888;11187188888;10240;10228
1592;11089955000;10987188888;11187188888;10240;10228
1593;11090225000;10987188888;11187188888;10240;10228
1594;11090244000;10987188888;11187188888;10240;10228
1595;11130640000;11028766666;11228766666;10240;10228
1596;11130823000;11028766666;11228766666;10240;10228
1597;11130847000;11028766666;11228766666;10240;10228
1598;11131015000;11028766666;11228766666;10240;10228
1599;11131227000;11028766666;11228766666;10240;10228
1600;11131245000;11028766666;11228766666;10240;10228
1601;11131424000;11028766666;11228766666;10240;10228
1602;11131435000;11028766666;11228766666;10240;10228
1603;11131646000;11028766666;11228766666;10240;10228
1604;11131835000;11028766666;11228766666;10240;10228
1605;11131845000;11028766666;11228766666;10240;10228
1606;11172264000;11070522222;11270522222;10240;10228
1609;11172460000;11070522222;11270522222;10240;10228
1610;11172485000;11070522222;11270522222;10240;10228
1611;11172676000;11070522222;11270522222;10240;10228
1612;11172888000;11070522222;11270522222;10240;10228
1613;11172898000;11070522222;11270522222;10240;10228
1614;11173069000;11070522222;11270522222;10240;10228
1615;11173087000;11070522222;11270522222;10240;10228
1616;11173269000;11070522222;11270522222;10240;10228
1617;11213926000;11112144444;11312144444;10240;10228
1618;11214089000;11112144444;11312144444;10240;10228
1621;11214299000;11112144444;11312144444;10240;10228
1622;11214319000;11112144444;11312144444;10240;10228
1623;11214528000;11112144444;11312144444;10240;10228
1624;11214538000;11112144444;11312144444;10240;10228
1625;11214691000;11112144444;11312144444;10240;10228
1626;11214927000;11112144444;11312144444;10240;10228
1627;11214947000;11112144444;11312144444;10240;10228
1628;11255950000;11153755555;11353755555;10240;10228
1629;11255971000;11153755555;11353755555;10240;10228
1630;11256195000;11153755555;11353755555;10240;10228
1632;11256216000;11153755555;11353755555;10240;10228
1633;11256465000;11153755555;11353755555;10240;10228
1634;11256475000;11153755555;11353755555;10240;10228
1635;11256695000;11153755555;11353755555;10240;10228
1636;11256705000;11153755555;11353755555;10240;10228
1637;11256910000;11153755555;11353755555;10240;10228
1638;11256928000;11153755555;11353755555;10240;10228
1639;11297263000;11195533333;11395533333;10240;10228
1640;11297461000;11195533333;11395533333;10240;10228
1643;11297472000;11195533333;11395533333;10240;10228
1644;11297674000;11195533333;11395533333;10240;10228
1645;11297887000;11195533333;11395533333;10240;10228
1646;11297896000;11195533333;11395533333;10240;10228
1647;11298065000;11195533333;11395533333;10240;10228
1648;11298085000;11195533333;11395533333;10240;10228
1649;11298275000;11195533333;11395533333;10240;10228
1650;11338929000;11237166666;11437166666;10240;10228
1651;11339121000;11237166666;11437166666;10240;10228
1652;11339332000;11237166666;11437166666;10240;10228
1653;11339353000;11237166666;11437166666;10240;10228
1654;11339573000;11237166666;11437166666;10240;10228
1655;11339595000;11237166666;11437166666;10240;10228
1656;11339753000;11237166666;11437166666;10240;10228
1657;11339762000;11237166666;11437166666;10240;10228
1658;11339946000;11237166666;11437166666;10240;10228
1659;11340148000;11237166666;11437166666;10240;10228
1660;11340168000;11237166666;11437166666;10240;10228
1661;11380896000;11278800000;11478800000;10240;10228
1662;11380916000;11278800000;11478800000;10240;10228
1663;11381153000;11278800000;11478800000;10240;10228
1664;11381162000;11278800000;11478800000;10240;10228
1665;11381417000;11278800000;11478800000;10240;10228
1666;11381426000;11278800000;11478800000;10240;10228
1667;11381670000;11278800000;11478800000;10240;10228
1668;11381688000;11278800000;11478800000;10240;10228
1669;11381903000;11278800000;11478800000;10240;10228
1670;11381912000;11278800000;11478800000;10240;10228
1671;11382146000;11278800000;11478800000;10240;10228
1641;11388474000;11195533333;11395533333;10240;10228
1642;11388502000;11195533333;11395533333;10240;10228
1672;11422539000;11320488888;11520488888;10240;10228
1673;11422544000;11320488888;11520488888;10240;10228
1674;11422782000;11320488888;11520488888;10240;10228
1675;11422795000;11320488888;11520488888;10240;10228
1676;11423072000;11320488888;11520488888;10240;10228
1677;11423090000;11320488888;11520488888;10240;10228
1678;11423348000;11320488888;11520488888;10240;10228
1679;11423357000;11320488888;11520488888;10240;10228
1680;11423535000;11320488888;11520488888;10240;10228
1681;11423553000;11320488888;11520488888;10240;10228
1682;11423831000;11320488888;11520488888;10240;10228
1683;11463940000;11362133333;11562133333;10240;10228
1684;11464133000;11362133333;11562133333;10240;10228
1685;11464156000;11362133333;11562133333;10240;10228
1686;11464331000;11362133333;11562133333;10240;10228
1687;11464507000;11362133333;11562133333;10240;10228
1688;11464535000;11362133333;11562133333;10240;10228
1689;11464755000;11362133333;11562133333;10240;10228
1690;11464774000;11362133333;11562133333;10240;10228
1691;11464953000;11362133333;11562133333;10240;10228
1693;11464971000;11362133333;11562133333;10240;10228
1695;11505927000;11403788888;11603788888;10240;10228
1697;11505947000;11403788888;11603788888;10240;10228
1698;11506205000;11403788888;11603788888;10240;10228
1699;11506215000;11403788888;11603788888;10240;10228
1700;11506443000;11403788888;11603788888;10240;10228
1701;11506453000;11403788888;11603788888;10240;10228
1702;11506668000;11403788888;11603788888;10240;10228
1703;11506679000;11403788888;11603788888;10240;10228
1704;11506923000;11403788888;11603788888;10240;10228
1705;11547229000;11445500000;11645500000;10240;10228
1707;11547441000;11445500000;11645500000;10240;10228
1708;11547636000;11445500000;11645500000;10240;10228
1709;11547650000;11445500000;11645500000;10240;10228
1710;11547836000;11445500000;11645500000;10240;10228
1711;11547841000;11445500000;11645500000;10240;10228
1712;11548054000;11445500000;11645500000;10240;10228
1713;11548064000;11445500000;11645500000;10240;10228
1714;11548258000;11445500000;11645500000;10240;10228
1716;11588929000;11487155555;11687155555;10240;10228
1717;11589122000;11487155555;11687155555;10240;10228
1718;11589331000;11487155555;11687155555;10240;10228
1719;11589349000;11487155555;11687155555;10240;10228
1723;11589559000;11487155555;11687155555;10240;10228
1724;11589580000;11487155555;11687155555;10240;10228
1725;11589754000;11487155555;11687155555;10240;10228
1726;11589763000;11487155555;11687155555;10240;10228
1694;11596392000;11403788888;11603788888;10240;10228
1727;11630641000;11528788888;11728788888;10240;10228
1728;11630833000;11528788888;11728788888;10240;10228
1729;11630857000;11528788888;11728788888;10240;10228
1730;11631024000;11528788888;11728788888;10240;10228
1731;11631229000;11528788888;11728788888;10240;10228
1732;11631249000;11528788888;11728788888;10240;10228
1733;11631437000;11528788888;11728788888;10240;10228
1734;11631447000;11528788888;11728788888;10240;10228
1735;11631647000;11528788888;11728788888;10240;10228
1736;11631845000;11528788888;11728788888;10240;10228
1737;11631866000;11528788888;11728788888;10240;10228
1706;11637477000;11445500000;11645500000;10240;10228
1715;11638500000;11445500000;11645500000;10240;10228
1738;11672605000;11570544444;11770544444;10240;10228
1739;11672625000;11570544444;11770544444;10240;10228
1740;11672843000;11570544444;11770544444;10240;10228
1741;11672856000;11570544444;11770544444;10240;10228
1742;11673088000;11570544444;11770544444;10240;10228
1743;11673099000;11570544444;11770544444;10240;10228
1744;11673361000;11570544444;11770544444;10240;10228
1745;11673370000;11570544444;11770544444;10240;10228
1746;11673558000;11570544444;11770544444;10240;10228
1747;11673577000;11570544444;11770544444;10240;10228
1748;11673848000;11570544444;11770544444;10240;10228
1720;11678654000;11487155555;11687155555;10240;10228
1721;11678665000;11487155555;11687155555;10240;10228
1722;11678905000;11487155555;11687155555;10240;10228
1750;11713908000;11612177777;11812177777;10240;10228
1751;11714100000;11612177777;11812177777;10240;10228
1752;11714311000;11612177777;11812177777;10240;10228
1753;11714321000;11612177777;11812177777;10240;10228
1754;11714485000;11612177777;11812177777;10240;10228
1755;11714504000;11612177777;11812177777;10240;10228
1756;11714735000;11612177777;11812177777;10240;10228
1758;11714755000;11612177777;11812177777;10240;10228
1759;11714941000;11612177777;11812177777;10240;10228
1760;11755641000;11653777777;11853777777;10240;10228
1761;11755820000;11653777777;11853777777;10240;10228
1762;11755844000;11653777777;11853777777;10240;10228
1763;11756012000;11653777777;11853777777;10240;10228
1764;11756220000;11653777777;11853777777;10240;10228
1765;11756240000;11653777777;11853777777;10240;10228
1766;11756421000;11653777777;11853777777;10240;10228
1767;11756432000;11653777777;11853777777;10240;10228
1768;11756632000;11653777777;11853777777;10240;10228
1769;11756835000;11653777777;11853777777;10240;10228
1770;11756853000;11653777777;11853777777;10240;10228
1771;11797598000;11695500000;11895500000;10240;10228
1772;11797607000;11695500000;11895500000;10240;10228
1773;11797850000;11695500000;11895500000;10240;10228
1774;11797860000;11695500000;11895500000;10240;10228
1775;11798122000;11695500000;11895500000;10240;10228
1776;11798131000;11695500000;11895500000;10240;10228
1777;11798360000;11695500000;11895500000;10240;10228
1778;11798370000;11695500000;11895500000;10240;10228
1779;11798617000;11695500000;11895500000;10240;10228
1780;11798637000;11695500000;11895500000;10240;10228
1781;11798847000;11695500000;11895500000;10240;10228
1749;11805244000;11612177777;11812177777;10240;10228
1757;11806268000;11612177777;11812177777;10240;10228
1782;11838920000;11737155555;11937155555;10240;10228
1784;11839102000;11737155555;11937155555;10240;10228
1785;11839126000;11737155555;11937155555;10240;10228
1786;11839315000;11737155555;11937155555;10240;10228
1787;11839506000;11737155555;11937155555;10240;10228
1788;11839534000;11737155555;11937155555;10240;10228
1789;11839721000;11737155555;11937155555;10240;10228
1790;11839742000;11737155555;11937155555;10240;10228
1791;11839914000;11737155555;11937155555;10240;10228
1792;11839934000;11737155555;11937155555;10240;10228
1793;11880636000;11778777777;11978777777;10240;10228
1794;11880824000;11778777777;11978777777;10240;10228
1795;11880846000;11778777777;11978777777;10240;10228
1796;11881010000;11778777777;11978777777;10240;10228
1797;11881217000;11778777777;11978777777;10240;10228
1798;11881224000;11778777777;11978777777;10240;10228
1799;11881422000;11778777777;11978777777;10240;10228
1800;11881433000;11778777777;11978777777;10240;10228
1801;11881636000;11778777777;11978777777;10240;10228
1802;11881832000;11778777777;11978777777;10240;10228
1804;11922577000;11820522222;12020522222;10240;10228
1805;11922588000;11820522222;12020522222;10240;10228
1806;11922821000;11820522222;12020522222;10240;10228
1807;11922829000;11820522222;12020522222;10240;10228
1808;11923065000;11820522222;12020522222;10240;10228
1809;11923074000;11820522222;12020522222;10240;10228
1810;11923347000;11820522222;12020522222;10240;10228
1811;11923356000;11820522222;12020522222;10240;10228
1812;11923592000;11820522222;12020522222;10240;10228
1813;11923610000;11820522222;12020522222;10240;10228
1814;11923821000;11820522222;12020522222;10240;10228
1815;11964227000;11862144444;12062144444;10240;10228
1816;11964242000;11862144444;12062144444;10240;10228
1817;11964470000;11862144444;12062144444;10240;10228
1818;11964482000;11862144444;12062144444;10240;10228
1819;11964728000;11862144444;12062144444;10240;10228
1820;11964796000;11862144444;12062144444;10240;10228
1821;11965008000;11862144444;12062144444;10240;10228
1822;11965018000;11862144444;12062144444;10240;10228
1823;11965281000;11862144444;12062144444;10240;10228
1824;11965290000;11862144444;12062144444;10240;10228
1825;11965510000;11862144444;12062144444;10240;10228
1826;12005945000;11903788888;12103788888;10240;10228
1827;12005966000;11903788888;12103788888;10240;10228
1828;12006187000;11903788888;12103788888;10240;10228
1829;12006206000;11903788888;12103788888;10240;10228
1830;12006438000;11903788888;12103788888;10240;10228
1831;12006448000;11903788888;12103788888;10240;10228
1832;12006696000;11903788888;12103788888;10240;10228
1833;12006714000;11903788888;12103788888;10240;10228
1834;12006949000;11903788888;12103788888;10240;10228
1835;12006958000;11903788888;12103788888;10240;10228
1836;12007237000;11903788888;12103788888;10240;10228
1803;12013737000;11778777777;11978777777;10240;10228
1837;12047291000;11945522222;12145522222;10240;10228
1838;12047461000;11945522222;12145522222;10240;10228
1839;12047472000;11945522222;12145522222;10240;10228
1840;12047664000;11945522222;12145522222;10240;10228
1842;12047870000;11945522222;12145522222;10240;10228
1843;12047881000;11945522222;12145522222;10240;10228
1844;12048055000;11945522222;12145522222;10240;10228
1845;12048075000;11945522222;12145522222;10240;10228
1846;12048268000;11945522222;12145522222;10240;10228
1847;12048288000;11945522222;12145522222;10240;10228
1848;12088914000;11987133333;12187133333;10240;10228
1849;12089107000;11987133333;12187133333;10240;10228
1850;12089315000;11987133333;12187133333;10240;10228
1851;12089328000;11987133333;12187133333;10240;10228
1852;12089490000;11987133333;12187133333;10240;10228
1853;12089504000;11987133333;12187133333;10240;10228
1854;12089738000;11987133333;12187133333;10240;10228
1855;12089749000;11987133333;12187133333;10240;10228
1856;12089930000;11987133333;12187133333;10240;10228
1857;12090136000;11987133333;12187133333;10240;10228
1858;12090156000;11987133333;12187133333;10240;10228
1859;12130637000;12028766666;12228766666;10240;10228
1860;12130821000;12028766666;12228766666;10240;10228
1861;12130831000;12028766666;12228766666;10240;10228
1862;12131011000;12028766666;12228766666;10240;10228
1863;12131214000;12028766666;12228766666;10240;10228
1864;12131235000;12028766666;12228766666;10240;10228
1865;12131417000;12028766666;12228766666;10240;10228
1866;12131428000;12028766666;12228766666;10240;10228
1867;12131648000;12028766666;12228766666;10240;10228
1868;12131658000;12028766666;12228766666;10240;10228
1869;12131826000;12028766666;12228766666;10240;10228
1870;12172585000;12070511111;12270511111;10240;10228
1871;12172605000;12070511111;12270511111;10240;10228
1872;12172826000;12070511111;12270511111;10240;10228
1873;12172847000;12070511111;12270511111;10240;10228
1875;12173070000;12070511111;12270511111;10240;10228
1877;12173092000;12070511111;12270511111;10240;10228
1878;12173344000;12070511111;12270511111;10240;10228
1879;12173366000;12070511111;12270511111;10240;10228
1880;12173582000;12070511111;12270511111;10240;10228
1881;12213980000;12112122222;12312122222;10240;10228
1882;12214149000;12112122222;12312122222;10240;10228
1883;12214171000;12112122222;12312122222;10240;10228
1884;12214377000;12112122222;12312122222;10240;10228
1885;12214548000;12112122222;12312122222;10240;10228
1886;12214568000;12112122222;12312122222;10240;10228
1887;12214782000;12112122222;12312122222;10240;10228
1888;12214803000;12112122222;12312122222;10240;10228
1889;12214986000;12112122222;12312122222;10240;10228
1890;12215196000;12112122222;12312122222;10240;10228
1891;12215205000;12112122222;12312122222;10240;10228
1892;12255947000;12153755555;12353755555;10240;10228
1893;12255957000;12153755555;12353755555;10240;10228
1894;12256213000;12153755555;12353755555;10240;10228
1895;12256233000;12153755555;12353755555;10240;10228
1896;12256462000;12153755555;12353755555;10240;10228
1897;12256472000;12153755555;12353755555;10240;10228
1898;12256688000;12153755555;12353755555;10240;10228
1899;12256699000;12153755555;12353755555;10240;10228
1900;12256967000;12153755555;12353755555;10240;10228
1901;12256988000;12153755555;12353755555;10240;10228
1902;12257229000;12153755555;12353755555;10240;10228
1874;12263263000;12070511111;12270511111;10240;10228
1876;12263424000;12070511111;12270511111;10240;10228
1903;12297581000;12195500000;12395500000;10240;10228
1904;12297600000;12195500000;12395500000;10240;10228
1905;12297803000;12195500000;12395500000;10240;10228
1906;12297814000;12195500000;12395500000;10240;10228
1907;12298053000;12195500000;12395500000;10240;10228
1909;12298076000;12195500000;12395500000;10240;10228
1910;12298321000;12195500000;12395500000;10240;10228
1911;12298342000;12195500000;12395500000;10240;10228
1912;12298555000;12195500000;12395500000;10240;10228
1913;12298576000;12195500000;12395500000;10240;10228
1914;12338897000;12237100000;12437100000;10240;10228
1915;12339105000;12237100000;12437100000;10240;10228
1916;12339126000;12237100000;12437100000;10240;10228
1917;12339279000;12237100000;12437100000;10240;10228
1918;12339504000;12237100000;12437100000;10240;10228
1919;12339533000;12237100000;12437100000;10240;10228
1920;12339678000;12237100000;12437100000;10240;10228
1922;12339696000;12237100000;12437100000;10240;10228
1923;12339919000;12237100000;12437100000;10240;10228
1924;12339928000;12237100000;12437100000;10240;10228
1925;12380934000;12278766666;12478766666;10240;10228
1926;12381192000;12278766666;12478766666;10240;10228
1927;12381213000;12278766666;12478766666;10240;10228
1928;12381216000;12278766666;12478766666;10240;10228
1929;12381446000;12278766666;12478766666;10240;10228
1930;12381455000;12278766666;12478766666;10240;10228
1931;12381677000;12278766666;12478766666;10240;10228
1935;12381685000;12278766666;12478766666;10240;10228
1936;12422579000;12320500000;12520500000;10240;10228
1937;12422590000;12320500000;12520500000;10240;10228
1938;12422802000;12320500000;12520500000;10240;10228
1939;12422814000;12320500000;12520500000;10240;10228
1940;12423052000;12320500000;12520500000;10240;10228
1941;12423063000;12320500000;12520500000;10240;10228
1942;12423320000;12320500000;12520500000;10240;10228
1943;12423341000;12320500000;12520500000;10240;10228
1944;12423530000;12320500000;12520500000;10240;10228
1945;12423546000;12320500000;12520500000;10240;10228
1947;12464257000;12362100000;12562100000;10240;10228
1948;12464279000;12362100000;12562100000;10240;10228
1949;12464503000;12362100000;12562100000;10240;10228
1950;12464521000;12362100000;12562100000;10240;10228
1951;12464755000;12362100000;12562100000;10240;10228
1952;12464766000;12362100000;12562100000;10240;10228
1953;12465007000;12362100000;12562100000;10240;10228
1954;12465016000;12362100000;12562100000;10240;10228
1955;12465296000;12362100000;12562100000;10240;10228
1956;12465304000;12362100000;12562100000;10240;10228
1957;12465539000;12362100000;12562100000;10240;10228
1932;12471825000;12278766666;12478766666;10240;10228
1933;12471836000;12278766666;12478766666;10240;10228
1934;12472018000;12278766666;12478766666;10240;10228
1958;12505641000;12403744444;12603744444;10240;10228
1960;12505818000;12403744444;12603744444;10240;10228
1961;12505841000;12403744444;12603744444;10240;10228
1962;12506022000;12403744444;12603744444;10240;10228
1963;12506217000;12403744444;12603744444;10240;10228
1964;12506228000;12403744444;12603744444;10240;10228
1965;12506420000;12403744444;12603744444;10240;10228
1966;12506431000;12403744444;12603744444;10240;10228
1967;12506629000;12403744444;12603744444;10240;10228
1968;12506635000;12403744444;12603744444;10240;10228
1946;12512773000;12320500000;12520500000;10240;10228
1969;12547582000;12445477777;12645477777;10240;10228
1970;12547589000;12445477777;12645477777;10240;10228
1971;12547840000;12445477777;12645477777;10240;10228
1972;12547850000;12445477777;12645477777;10240;10228
1973;12548085000;12445477777;12645477777;10240;10228
1974;12548095000;12445477777;12645477777;10240;10228
1975;12548355000;12445477777;12645477777;10240;10228
1976;12548367000;12445477777;12645477777;10240;10228
1977;12548556000;12445477777;12645477777;10240;10228
1978;12548575000;12445477777;12645477777;10240;10228
1979;12548841000;12445477777;12645477777;10240;10228
1980;12589237000;12487155555;12687155555;10240;10228
1981;12589247000;12487155555;12687155555;10240;10228
1982;12589506000;12487155555;12687155555;10240;10228
1983;12589523000;12487155555;12687155555;10240;10228
1984;12589728000;12487155555;12687155555;10240;10228
1985;12589739000;12487155555;12687155555;10240;10228
1986;12590000000;12487155555;12687155555;10240;10228
1987;12590020000;12487155555;12687155555;10240;10228
1988;12590257000;12487155555;12687155555;10240;10228
1989;12590278000;12487155555;12687155555;10240;10228
1990;12590505000;12487155555;12687155555;10240;10228
1991;12630946000;12528766666;12728766666;10240;10228
1992;12630964000;12528766666;12728766666;10240;10228
1993;12631190000;12528766666;12728766666;10240;10228
1994;12631209000;12528766666;12728766666;10240;10228
1995;12631404000;12528766666;12728766666;10240;10228
1996;12631422000;12528766666;12728766666;10240;10228
1997;12631664000;12528766666;12728766666;10240;10228
1998;12631680000;12528766666;12728766666;10240;10228
1999;12631945000;12528766666;12728766666;10240;10228
2000;12631965000;12528766666;12728766666;10240;10228
2002;12672257000;12570500000;12770500000;10240;10228
2003;12672464000;12570500000;12770500000;10240;10228
2004;12672486000;12570500000;12770500000;10240;10228
2009;12672675000;12570500000;12770500000;10240;10228
2010;12672867000;12570500000;12770500000;10240;10228
2011;12672888000;12570500000;12770500000;10240;10228
2012;12673064000;12570500000;12770500000;10240;10228
2013;12714230000;12612144444;12812144444;10240;10228
2014;12714239000;12612144444;12812144444;10240;10228
2015;12714493000;12612144444;12812144444;10240;10228
2016;12714503000;12612144444;12812144444;10240;10228
2017;12714723000;12612144444;12812144444;10240;10228
2018;12714733000;12612144444;12812144444;10240;10228
2019;12714970000;12612144444;12812144444;10240;10228
2020;12714981000;12612144444;12812144444;10240;10228
2021;12715249000;12612144444;12812144444;10240;10228
2022;12715269000;12612144444;12812144444;10240;10228
2023;12715434000;12612144444;12812144444;10240;10228
2001;12721347000;12528766666;12728766666;10240;10228
2024;12755930000;12653777777;12853777777;10240;10228
2026;12755953000;12653777777;12853777777;10240;10228
2027;12756176000;12653777777;12853777777;10240;10228
2028;12756187000;12653777777;12853777777;10240;10228
2029;12756446000;12653777777;12853777777;10240;10228
2030;12756457000;12653777777;12853777777;10240;10228
2031;12756672000;12653777777;12853777777;10240;10228
2032;12756683000;12653777777;12853777777;10240;10228
2033;12756930000;12653777777;12853777777;10240;10228
2035;12797258000;12695477777;12895477777;10240;10228
2036;12797457000;12695477777;12895477777;10240;10228
2037;12797466000;12695477777;12895477777;10240;10228
2038;12797673000;12695477777;12895477777;10240;10228
2039;12797865000;12695477777;12895477777;10240;10228
2040;12797876000;12695477777;12895477777;10240;10228
2041;12798062000;12695477777;12895477777;10240;10228
2042;12798082000;12695477777;12895477777;10240;10228
2043;12798273000;12695477777;12895477777;10240;10228
2044;12798448000;12695477777;12895477777;10240;10228
2045;12798458000;12695477777;12895477777;10240;10228
2046;12838912000;12737122222;12937122222;10240;10228
2047;12839107000;12737122222;12937122222;10240;10228
2048;12839129000;12737122222;12937122222;10240;10228
2049;12839315000;12737122222;12937122222;10240;10228
2050;12839539000;12737122222;12937122222;10240;10228
2051;12839559000;12737122222;12937122222;10240;10228
2052;12839723000;12737122222;12937122222;10240;10228
2053;12839744000;12737122222;12937122222;10240;10228
2054;12839928000;12737122222;12937122222;10240;10228
2055;12840153000;12737122222;12937122222;10240;10228
2056;12840173000;12737122222;12937122222;10240;10228
2057;12880637000;12778766666;12978766666;10240;10228
2058;12880825000;12778766666;12978766666;10240;10228
2059;12880834000;12778766666;12978766666;10240;10228
2060;12881044000;12778766666;12978766666;10240;10228
2061;12881256000;12778766666;12978766666;10240;10228
2062;12881277000;12778766666;12978766666;10240;10228
2063;12881452000;12778766666;12978766666;10240;10228
2064;12881463000;12778766666;12978766666;10240;10228
2065;12881639000;12778766666;12978766666;10240;10228
2066;12881867000;12778766666;12978766666;10240;10228
2067;12881886000;12778766666;12978766666;10240;10228
2034;12887743000;12653777777;12853777777;10240;10228
2068;12922574000;12820511111;13020511111;10240;10228
2069;12922588000;12820511111;13020511111;10240;10228
2070;12922828000;12820511111;13020511111;10240;10228
2071;12922839000;12820511111;13020511111;10240;10228
2072;12923073000;12820511111;13020511111;10240;10228
2073;12923085000;12820511111;13020511111;10240;10228
2074;12923311000;12820511111;13020511111;10240;10228
2075;12923320000;12820511111;13020511111;10240;10228
2076;12923563000;12820511111;13020511111;10240;10228
2077;12923572000;12820511111;13020511111;10240;10228
2078;12923781000;12820511111;13020511111;10240;10228
2079;12963915000;12862144444;13062144444;10240;10228
2080;12964129000;12862144444;13062144444;10240;10228
2081;12964152000;12862144444;13062144444;10240;10228
2082;12964371000;12862144444;13062144444;10240;10228
2083;12964566000;12862144444;13062144444;10240;10228
2084;12964584000;12862144444;13062144444;10240;10228
2085;12964751000;12862144444;13062144444;10240;10228
2086;12964770000;12862144444;13062144444;10240;10228
2087;12964965000;12862144444;13062144444;10240;10228
2088;12965178000;12862144444;13062144444;10240;10228
2089;12965201000;12862144444;13062144444;10240;10228
2090;13005931000;12903777777;13103777777;10240;10228
2091;13005945000;12903777777;13103777777;10240;10228
2092;13006167000;12903777777;13103777777;10240;10228
2093;13006177000;12903777777;13103777777;10240;10228
2094;13006415000;12903777777;13103777777;10240;10228
2095;13006424000;12903777777;13103777777;10240;10228
2096;13006684000;12903777777;13103777777;10240;10228
2098;13006696000;12903777777;13103777777;10240;10228
2099;13006936000;12903777777;13103777777;10240;10228
2100;13006949000;12903777777;13103777777;10240;10228
2101;13047237000;12945500000;13145500000;10240;10228
2102;13047433000;12945500000;13145500000;10240;10228
2103;13047633000;12945500000;13145500000;10240;10228
2104;13047647000;12945500000;13145500000;10240;10228
2105;13047841000;12945500000;13145500000;10240;10228
2106;13047857000;12945500000;13145500000;10240;10228
2107;13048044000;12945500000;13145500000;10240;10228
2108;13048062000;12945500000;13145500000;10240;10228
2109;13048223000;12945500000;13145500000;10240;10228
2111;13048442000;12945500000;13145500000;10240;10228
2112;13089247000;12987177777;13187177777;10240;10228
2113;13089260000;12987177777;13187177777;10240;10228
2115;13089502000;12987177777;13187177777;10240;10228
2116;13089536000;12987177777;13187177777;10240;10228
2117;13089768000;12987177777;13187177777;10240;10228
2118;13089783000;12987177777;13187177777;10240;10228
2119;13090020000;12987177777;13187177777;10240;10228
2120;13090035000;12987177777;13187177777;10240;10228
2121;13090261000;12987177777;13187177777;10240;10228
2122;13090271000;12987177777;13187177777;10240;10228
2097;13097165000;12903777777;13103777777;10240;10228
2123;13130875000;13028800000;13228800000;10240;10228
2124;13130891000;13028800000;13228800000;10240;10228
2126;13131118000;13028800000;13228800000;10240;10228
2127;13131133000;13028800000;13228800000;10240;10228
2128;13131366000;13028800000;13228800000;10240;10228
2129;13131377000;13028800000;13228800000;10240;10228
2130;13131620000;13028800000;13228800000;10240;10228
2131;13131636000;13028800000;13228800000;10240;10228
2132;13131877000;13028800000;13228800000;10240;10228
2133;13131893000;13028800000;13228800000;10240;10228
2110;13138336000;12945500000;13145500000;10240;10228
2134;13172216000;13070500000;13270500000;10240;10228
2135;13172419000;13070500000;13270500000;10240;10228
2136;13172442000;13070500000;13270500000;10240;10228
2137;13172642000;13070500000;13270500000;10240;10228
2138;13172837000;13070500000;13270500000;10240;10228
2139;13172858000;13070500000;13270500000;10240;10228
2140;13173061000;13070500000;13270500000;10240;10228
2141;13173081000;13070500000;13270500000;10240;10228
2142;13173278000;13070500000;13270500000;10240;10228
2143;13173468000;13070500000;13270500000;10240;10228
2144;13173476000;13070500000;13270500000;10240;10228
2145;13213924000;13112122222;13312122222;10240;10228
2146;13214142000;13112122222;13312122222;10240;10228
2147;13214358000;13112122222;13312122222;10240;10228
2148;13214377000;13112122222;13312122222;10240;10228
2149;13214565000;13112122222;13312122222;10240;10228
2150;13214585000;13112122222;13312122222;10240;10228
2151;13214747000;13112122222;13312122222;10240;10228
2152;13214758000;13112122222;13312122222;10240;10228
2153;13214972000;13112122222;13312122222;10240;10228
2154;13215178000;13112122222;13312122222;10240;10228
2155;13215196000;13112122222;13312122222;10240;10228
2156;13255904000;13153788888;13353788888;10240;10228
2157;13255917000;13153788888;13353788888;10240;10228
2158;13256139000;13153788888;13353788888;10240;10228
2159;13256149000;13153788888;13353788888;10240;10228
2160;13256384000;13153788888;13353788888;10240;10228
2161;13256393000;13153788888;13353788888;10240;10228
2162;13256668000;13153788888;13353788888;10240;10228
2163;13256683000;13153788888;13353788888;10240;10228
2164;13256900000;13153788888;13353788888;10240;10228
2165;13256913000;13153788888;13353788888;10240;10228
2166;13257139000;13153788888;13353788888;10240;10228
2167;13297558000;13195533333;13395533333;10240;10228
2168;13297570000;13195533333;13395533333;10240;10228
2169;13297797000;13195533333;13395533333;10240;10228
2170;13297810000;13195533333;13395533333;10240;10228
2171;13298010000;13195533333;13395533333;10240;10228
2172;13298029000;13195533333;13395533333;10240;10228
2173;13298249000;13195533333;13395533333;10240;10228
2174;13298258000;13195533333;13395533333;10240;10228
2175;13298541000;13195533333;13395533333;10240;10228
2176;13298552000;13195533333;13395533333;10240;10228
2177;13298794000;13195533333;13395533333;10240;10228
2178;13338933000;13237144444;13437144444;10240;10228
2179;13339127000;13237144444;13437144444;10240;10228
2180;13339148000;13237144444;13437144444;10240;10228
2181;13339357000;13237144444;13437144444;10240;10228
2182;13339502000;13237144444;13437144444;10240;10228
2183;13339520000;13237144444;13437144444;10240;10228
2184;13339747000;13237144444;13437144444;10240;10228
2186;13339767000;13237144444;13437144444;10240;10228
2187;13339974000;13237144444;13437144444;10240;10228
2188;13339994000;13237144444;13437144444;10240;10228
2189;13380915000;13278811111;13478811111;10240;10228
2190;13380930000;13278811111;13478811111;10240;10228
2191;13381163000;13278811111;13478811111;10240;10228
2192;13381178000;13278811111;13478811111;10240;10228
2193;13381404000;13278811111;13478811111;10240;10228
2194;13381415000;13278811111;13478811111;10240;10228
2195;13381658000;13278811111;13478811111;10240;10228
2196;13381673000;13278811111;13478811111;10240;10228
2197;13381916000;13278811111;13478811111;10240;10228
2198;13381930000;13278811111;13478811111;10240;10228
2199;13382149000;13278811111;13478811111;10240;10228
2200;13422542000;13320511111;13520511111;10240;10228
2201;13422554000;13320511111;13520511111;10240;10228
2202;13422816000;13320511111;13520511111;10240;10228
2203;13422831000;13320511111;13520511111;10240;10228
2204;13423028000;13320511111;13520511111;10240;10228
2205;13423041000;13320511111;13520511111;10240;10228
2206;13423276000;13320511111;13520511111;10240;10228
2207;13423290000;13320511111;13520511111;10240;10228
2208;13423617000;13320511111;13520511111;10240;10228
2209;13423628000;13320511111;13520511111;10240;10228
2210;13423632000;13320511111;13520511111;10240;10228
2211;13463932000;13362133333;13562133333;10240;10228
2212;13464128000;13362133333;13562133333;10240;10228
2213;13464148000;13362133333;13562133333;10240;10228
2214;13464356000;13362133333;13562133333;10240;10228
2215;13464565000;13362133333;13562133333;10240;10228
2216;13464585000;13362133333;13562133333;10240;10228
2217;13464765000;13362133333;13562133333;10240;10228
2218;13464785000;13362133333;13562133333;10240;10228
2219;13464969000;13362133333;13562133333;10240;10228
2220;13465141000;13362133333;13562133333;10240;10228
2221;13465159000;13362133333;13562133333;10240;10228
2222;13505935000;13403777777;13603777777;10240;10228
2223;13505947000;13403777777;13603777777;10240;10228
2225;13506171000;13403777777;13603777777;10240;10228
2226;13506182000;13403777777;13603777777;10240;10228
2227;13506414000;13403777777;13603777777;10240;10228
2228;13506424000;13403777777;13603777777;10240;10228
2229;13506676000;13403777777;13603777777;10240;10228
2230;13506692000;13403777777;13603777777;10240;10228
2231;13506933000;13403777777;13603777777;10240;10228
2232;13506955000;13403777777;13603777777;10240;10228
2235;13547576000;13445511111;13645511111;10240;10228
2236;13547848000;13445511111;13645511111;10240;10228
2237;13547862000;13445511111;13645511111;10240;10228
2238;13547870000;13445511111;13645511111;10240;10228
2239;13548088000;13445511111;13645511111;10240;10228
2240;13548103000;13445511111;13645511111;10240;10228
2241;13548302000;13445511111;13645511111;10240;10228
2242;13548315000;13445511111;13645511111;10240;10228
2243;13548549000;13445511111;13645511111;10240;10228
2246;13588942000;13487166666;13687166666;10240;10228
2247;13589148000;13487166666;13687166666;10240;10228
2248;13589179000;13487166666;13687166666;10240;10228
2249;13589376000;13487166666;13687166666;10240;10228
2250;13589529000;13487166666;13687166666;10240;10228
2251;13589549000;13487166666;13687166666;10240;10228
2252;13589766000;13487166666;13687166666;10240;10228
2253;13589777000;13487166666;13687166666;10240;10228
2254;13590003000;13487166666;13687166666;10240;10228
2224;13594780000;13403777777;13603777777;10240;10228
2255;13630941000;13528800000;13728800000;10240;10228
2256;13630956000;13528800000;13728800000;10240;10228
2257;13631180000;13528800000;13728800000;10240;10228
2258;13631189000;13528800000;13728800000;10240;10228
2259;13631433000;13528800000;13728800000;10240;10228
2260;13631451000;13528800000;13728800000;10240;10228
2261;13631692000;13528800000;13728800000;10240;10228
2262;13631705000;13528800000;13728800000;10240;10228
2263;13631941000;13528800000;13728800000;10240;10228
2266;13672537000;13570533333;13770533333;10240;10228
2267;13672550000;13570533333;13770533333;10240;10228
2268;13672805000;13570533333;13770533333;10240;10228
2270;13672819000;13570533333;13770533333;10240;10228
2271;13673056000;13570533333;13770533333;10240;10228
2272;13673070000;13570533333;13770533333;10240;10228
2273;13673270000;13570533333;13770533333;10240;10228
2274;13673279000;13570533333;13770533333;10240;10228
2275;13673524000;13570533333;13770533333;10240;10228
2276;13673532000;13570533333;13770533333;10240;10228
2277;13714250000;13612144444;13812144444;10240;10228
2278;13714263000;13612144444;13812144444;10240;10228
2279;13714482000;13612144444;13812144444;10240;10228
2280;13714492000;13612144444;13812144444;10240;10228
2281;13714738000;13612144444;13812144444;10240;10228
2282;13714753000;13612144444;13812144444;10240;10228
2283;13714982000;13612144444;13812144444;10240;10228
2284;13714997000;13612144444;13812144444;10240;10228
2285;13715231000;13612144444;13812144444;10240;10228
2286;13715242000;13612144444;13812144444;10240;10228
2287;13715479000;13612144444;13812144444;10240;10228
2265;13722668000;13528800000;13728800000;10240;10228
2288;13755917000;13653811111;13853811111;10240;10228
2289;13755933000;13653811111;13853811111;10240;10228
2290;13756161000;13653811111;13853811111;10240;10228
2291;13756174000;13653811111;13853811111;10240;10228
2292;13756383000;13653811111;13853811111;10240;10228
2293;13756402000;13653811111;13853811111;10240;10228
2294;13756662000;13653811111;13853811111;10240;10228
2295;13756676000;13653811111;13853811111;10240;10228
2296;13756920000;13653811111;13853811111;10240;10228
2297;13756934000;13653811111;13853811111;10240;10228
2298;13757161000;13653811111;13853811111;10240;10228
2269;13762738000;13570533333;13770533333;10240;10228
2299;13797571000;13695500000;13895500000;10240;10228
2300;13797585000;13695500000;13895500000;10240;10228
2301;13797817000;13695500000;13895500000;10240;10228
2302;13797829000;13695500000;13895500000;10240;10228
2303;13798066000;13695500000;13895500000;10240;10228
2304;13798078000;13695500000;13895500000;10240;10228
2305;13798304000;13695500000;13895500000;10240;10228
2306;13798314000;13695500000;13895500000;10240;10228
2307;13798550000;13695500000;13895500000;10240;10228
2308;13798560000;13695500000;13895500000;10240;10228
2309;13798814000;13695500000;13895500000;10240;10228
2310;13839235000;13737155555;13937155555;10240;10228
2311;13839247000;13737155555;13937155555;10240;10228
2312;13839472000;13737155555;13937155555;10240;10228
2313;13839489000;13737155555;13937155555;10240;10228
2314;13839707000;13737155555;13937155555;10240;10228
2315;13839717000;13737155555;13937155555;10240;10228
2316;13839956000;13737155555;13937155555;10240;10228
2318;13839964000;13737155555;13937155555;10240;10228
2319;13840221000;13737155555;13937155555;10240;10228
2320;13840231000;13737155555;13937155555;10240;10228
2321;13880640000;13778800000;13978800000;10240;10228
2322;13880831000;13778800000;13978800000;10240;10228
2323;13880849000;13778800000;13978800000;10240;10228
2325;13881036000;13778800000;13978800000;10240;10228
2326;13881229000;13778800000;13978800000;10240;10228
2327;13881250000;13778800000;13978800000;10240;10228
2328;13881459000;13778800000;13978800000;10240;10228
2329;13881471000;13778800000;13978800000;10240;10228
2330;13881649000;13778800000;13978800000;10240;10228
2331;13881670000;13778800000;13978800000;10240;10228
2332;13922258000;13820544444;14020544444;10240;10228
2333;13922485000;13820544444;14020544444;10240;10228
2334;13922495000;13820544444;14020544444;10240;10228
2335;13922695000;13820544444;14020544444;10240;10228
2336;13922881000;13820544444;14020544444;10240;10228
2337;13922889000;13820544444;14020544444;10240;10228
2338;13923099000;13820544444;14020544444;10240;10228
2339;13923117000;13820544444;14020544444;10240;10228
2340;13923320000;13820544444;14020544444;10240;10228
2341;13923508000;13820544444;14020544444;10240;10228
2342;13923537000;13820544444;14020544444;10240;10228
2343;13963920000;13862177777;14062177777;10240;10228
2344;13964142000;13862177777;14062177777;10240;10228
2345;13964352000;13862177777;14062177777;10240;10228
2346;13964362000;13862177777;14062177777;10240;10228
2347;13964497000;13862177777;14062177777;10240;10228
2348;13964508000;13862177777;14062177777;10240;10228
2350;13964752000;13862177777;14062177777;10240;10228
2351;13964761000;13862177777;14062177777;10240;10228
2352;13964972000;13862177777;14062177777;10240;10228
2353;13964990000;13862177777;14062177777;10240;10228
2324;13971476000;13778800000;13978800000;10240;10228
2354;14005850000;13903777777;14103777777;10240;10228
2355;14005866000;13903777777;14103777777;10240;10228
2356;14006093000;13903777777;14103777777;10240;10228
2357;14006108000;13903777777;14103777777;10240;10228
2358;14006334000;13903777777;14103777777;10240;10228
2359;14006343000;13903777777;14103777777;10240;10228
2360;14006592000;13903777777;14103777777;10240;10228
2361;14006606000;13903777777;14103777777;10240;10228
2362;14006854000;13903777777;14103777777;10240;10228
2363;14006867000;13903777777;14103777777;10240;10228
2364;14007059000;13903777777;14103777777;10240;10228
2365;14047246000;13945500000;14145500000;10240;10228
2366;14047472000;13945500000;14145500000;10240;10228
2367;14047494000;13945500000;14145500000;10240;10228
2368;14047653000;13945500000;14145500000;10240;10228
2369;14047865000;13945500000;14145500000;10240;10228
2370;14047875000;13945500000;14145500000;10240;10228
2371;14048082000;13945500000;14145500000;10240;10228
2372;14048101000;13945500000;14145500000;10240;10228
2373;14048290000;13945500000;14145500000;10240;10228
2374;14048434000;13945500000;14145500000;10240;10228
2375;14048444000;13945500000;14145500000;10240;10228
2376;14089242000;13987155555;14187155555;10240;10228
2377;14089255000;13987155555;14187155555;10240;10228
2378;14089482000;13987155555;14187155555;10240;10228
2379;14089492000;13987155555;14187155555;10240;10228
2380;14089737000;13987155555;14187155555;10240;10228
2381;14089751000;13987155555;14187155555;10240;10228
2382;14089986000;13987155555;14187155555;10240;10228
2383;14090000000;13987155555;14187155555;10240;10228
2384;14090233000;13987155555;14187155555;10240;10228
2387;14130866000;14028788888;14228788888;10240;10228
2389;14130881000;14028788888;14228788888;10240;10228
2390;14131127000;14028788888;14228788888;10240;10228
2391;14131138000;14028788888;14228788888;10240;10228
2392;14131353000;14028788888;14228788888;10240;10228
2393;14131363000;14028788888;14228788888;10240;10228
2394;14131592000;14028788888;14228788888;10240;10228
2395;14131603000;14028788888;14228788888;10240;10228
2396;14131824000;14028788888;14228788888;10240;10228
2397;14131835000;14028788888;14228788888;10240;10228
2398;14172565000;14070488888;14270488888;10240;10228
2399;14172581000;14070488888;14270488888;10240;10228
2400;14172808000;14070488888;14270488888;10240;10228
2401;14172822000;14070488888;14270488888;10240;10228
2402;14173053000;14070488888;14270488888;10240;10228
2403;14173067000;14070488888;14270488888;10240;10228
2404;14173297000;14070488888;14270488888;10240;10228
2405;14173306000;14070488888;14270488888;10240;10228
2406;14173550000;14070488888;14270488888;10240;10228
2407;14173561000;14070488888;14270488888;10240;10228
2408;14173813000;14070488888;14270488888;10240;10228
2385;14180157000;13987155555;14187155555;10240;10228
2386;14180337000;13987155555;14187155555;10240;10228
2409;14214241000;14112144444;14312144444;10240;10228
2410;14214257000;14112144444;14312144444;10240;10228
2411;14214480000;14112144444;14312144444;10240;10228
2412;14214490000;14112144444;14312144444;10240;10228
2413;14214738000;14112144444;14312144444;10240;10228
2414;14214752000;14112144444;14312144444;10240;10228
2415;14214988000;14112144444;14312144444;10240;10228
2416;14215001000;14112144444;14312144444;10240;10228
2417;14215246000;14112144444;14312144444;10240;10228
2418;14215263000;14112144444;14312144444;10240;10228
2419;14215490000;14112144444;14312144444;10240;10228
2388;14220240000;14028788888;14228788888;10240;10228
2420;14255942000;14153788888;14353788888;10240;10228
2421;14255954000;14153788888;14353788888;10240;10228
2422;14256180000;14153788888;14353788888;10240;10228
2423;14256190000;14153788888;14353788888;10240;10228
2425;14256393000;14153788888;14353788888;10240;10228
2426;14256406000;14153788888;14353788888;10240;10228
2427;14256684000;14153788888;14353788888;10240;10228
2428;14256699000;14153788888;14353788888;10240;10228
2429;14256941000;14153788888;14353788888;10240;10228
2430;14256956000;14153788888;14353788888;10240;10228
2431;14297577000;14195544444;14395544444;10240;10228
2432;14297592000;14195544444;14395544444;10240;10228
2433;14297833000;14195544444;14395544444;10240;10228
2434;14297861000;14195544444;14395544444;10240;10228
2435;14298077000;14195544444;14395544444;10240;10228
2437;14298092000;14195544444;14395544444;10240;10228
2438;14298319000;14195544444;14395544444;10240;10228
2439;14298332000;14195544444;14395544444;10240;10228
2440;14298540000;14195544444;14395544444;10240;10228
2441;14298549000;14195544444;14395544444;10240;10228
2442;14338911000;14237166666;14437166666;10240;10228
2443;14339129000;14237166666;14437166666;10240;10228
2444;14339343000;14237166666;14437166666;10240;10228
2445;14339352000;14237166666;14437166666;10240;10228
2446;14339498000;14237166666;14437166666;10240;10228
2447;14339508000;14237166666;14437166666;10240;10228
2448;14339735000;14237166666;14437166666;10240;10228
2449;14339744000;14237166666;14437166666;10240;10228
2450;14339955000;14237166666;14437166666;10240;10228
2451;14340155000;14237166666;14437166666;10240;10228
2452;14340175000;14237166666;14437166666;10240;10228
2453;14380934000;14278800000;14478800000;10240;10228
2456;14380947000;14278800000;14478800000;10240;10228
2457;14381174000;14278800000;14478800000;10240;10228
2458;14381184000;14278800000;14478800000;10240;10228
2459;14381417000;14278800000;14478800000;10240;10228
2460;14381426000;14278800000;14478800000;10240;10228
2461;14381692000;14278800000;14478800000;10240;10228
2462;14381705000;14278800000;14478800000;10240;10228
2463;14381935000;14278800000;14478800000;10240;10228
2436;14388436000;14195544444;14395544444;10240;10228
2464;14422535000;14320522222;14520522222;10240;10228
2465;14422551000;14320522222;14520522222;10240;10228
2466;14422781000;14320522222;14520522222;10240;10228
2467;14422796000;14320522222;14520522222;10240;10228
2468;14423029000;14320522222;14520522222;10240;10228
2469;14423044000;14320522222;14520522222;10240;10228
2470;14423236000;14320522222;14520522222;10240;10228
2471;14423250000;14320522222;14520522222;10240;10228
2472;14423550000;14320522222;14520522222;10240;10228
2473;14423569000;14320522222;14520522222;10240;10228
2474;14423781000;14320522222;14520522222;10240;10228
2475;14463917000;14362122222;14562122222;10240;10228
2476;14464133000;14362122222;14562122222;10240;10228
2477;14464344000;14362122222;14562122222;10240;10228
2478;14464355000;14362122222;14562122222;10240;10228
2480;14464493000;14362122222;14562122222;10240;10228
2482;14464504000;14362122222;14562122222;10240;10228
2483;14464737000;14362122222;14562122222;10240;10228
2484;14464748000;14362122222;14562122222;10240;10228
2485;14464974000;14362122222;14562122222;10240;10228
2486;14505621000;14403766666;14603766666;10240;10228
2487;14505806000;14403766666;14603766666;10240;10228
2488;14505827000;14403766666;14603766666;10240;10228
2489;14506027000;14403766666;14603766666;10240;10228
2490;14506239000;14403766666;14603766666;10240;10228
2491;14506257000;14403766666;14603766666;10240;10228
2492;14506438000;14403766666;14603766666;10240;10228
2493;14506448000;14403766666;14603766666;10240;10228
2494;14506627000;14403766666;14603766666;10240;10228
2495;14506853000;14403766666;14603766666;10240;10228
2496;14506872000;14403766666;14603766666;10240;10228
2497;14547255000;14445500000;14645500000;10240;10228
2498;14547457000;14445500000;14645500000;10240;10228
2499;14547482000;14445500000;14645500000;10240;10228
2500;14547667000;14445500000;14645500000;10240;10228
2501;14547886000;14445500000;14645500000;10240;10228
2503;14547895000;14445500000;14645500000;10240;10228
2504;14548094000;14445500000;14645500000;10240;10228
2505;14548114000;14445500000;14645500000;10240;10228
2506;14548300000;14445500000;14645500000;10240;10228
2507;14548310000;14445500000;14645500000;10240;10228
2508;14589203000;14487155555;14687155555;10240;10228
2509;14589220000;14487155555;14687155555;10240;10228
2510;14589446000;14487155555;14687155555;10240;10228
2511;14589458000;14487155555;14687155555;10240;10228
2512;14589706000;14487155555;14687155555;10240;10228
2513;14589721000;14487155555;14687155555;10240;10228
2514;14589949000;14487155555;14687155555;10240;10228
2515;14589964000;14487155555;14687155555;10240;10228
2516;14590202000;14487155555;14687155555;10240;10228
2517;14590213000;14487155555;14687155555;10240;10228
2518;14590445000;14487155555;14687155555;10240;10228
2519;14630555000;14528766666;14728766666;10240;10228
2520;14630768000;14528766666;14728766666;10240;10228
2521;14630792000;14528766666;14728766666;10240;10228
2522;14630934000;14528766666;14728766666;10240;10228
2523;14631137000;14528766666;14728766666;10240;10228
2524;14631161000;14528766666;14728766666;10240;10228
2525;14631399000;14528766666;14728766666;10240;10228
2526;14631410000;14528766666;14728766666;10240;10228
2527;14631548000;14528766666;14728766666;10240;10228
2528;14631796000;14528766666;14728766666;10240;10228
2529;14631805000;14528766666;14728766666;10240;10228
2502;14637525000;14445500000;14645500000;10240;10228
2530;14672575000;14570488888;14770488888;10240;10228
2531;14672589000;14570488888;14770488888;10240;10228
2532;14672825000;14570488888;14770488888;10240;10228
2533;14672839000;14570488888;14770488888;10240;10228
2534;14673074000;14570488888;14770488888;10240;10228
2535;14673086000;14570488888;14770488888;10240;10228
2536;14673315000;14570488888;14770488888;10240;10228
2537;14673324000;14570488888;14770488888;10240;10228
2538;14673535000;14570488888;14770488888;10240;10228
2539;14673544000;14570488888;14770488888;10240;10228
2540;14673828000;14570488888;14770488888;10240;10228
2541;14714208000;14612200000;14812200000;10240;10228
2542;14714221000;14612200000;14812200000;10240;10228
2543;14714463000;14612200000;14812200000;10240;10228
2545;14714494000;14612200000;14812200000;10240;10228
2546;14714664000;14612200000;14812200000;10240;10228
2547;14714673000;14612200000;14812200000;10240;10228
2548;14714915000;14612200000;14812200000;10240;10228
2549;14714924000;14612200000;14812200000;10240;10228
2551;14715199000;14612200000;14812200000;10240;10228
2552;14755639000;14653777777;14853777777;10240;10228
2553;14755818000;14653777777;14853777777;10240;10228
2554;14755845000;14653777777;14853777777;10240;10228
2555;14756038000;14653777777;14853777777;10240;10228
2556;14756241000;14653777777;14853777777;10240;10228
2557;14756261000;14653777777;14853777777;10240;10228
2558;14756446000;14653777777;14853777777;10240;10228
2559;14756456000;14653777777;14853777777;10240;10228
2560;14756615000;14653777777;14853777777;10240;10228
2561;14756861000;14653777777;14853777777;10240;10228
2562;14756881000;14653777777;14853777777;10240;10228
2563;14797564000;14695511111;14895511111;10240;10228
2564;14797579000;14695511111;14895511111;10240;10228
2565;14797843000;14695511111;14895511111;10240;10228
2566;14797858000;14695511111;14895511111;10240;10228
2567;14798095000;14695511111;14895511111;10240;10228
2568;14798110000;14695511111;14895511111;10240;10228
2569;14798343000;14695511111;14895511111;10240;10228
2570;14798352000;14695511111;14895511111;10240;10228
2571;14798597000;14695511111;14895511111;10240;10228
2572;14798611000;14695511111;14895511111;10240;10228
2573;14798620000;14695511111;14895511111;10240;10228
2544;14804863000;14612200000;14812200000;10240;10228
2550;14805688000;14612200000;14812200000;10240;10228
2574;14839175000;14737155555;14937155555;10240;10228
2575;14839189000;14737155555;14937155555;10240;10228
2576;14839417000;14737155555;14937155555;10240;10228
2577;14839428000;14737155555;14937155555;10240;10228
2578;14839675000;14737155555;14937155555;10240;10228
2579;14839688000;14737155555;14937155555;10240;10228
2580;14839921000;14737155555;14937155555;10240;10228
2581;14839935000;14737155555;14937155555;10240;10228
2582;14840170000;14737155555;14937155555;10240;10228
2583;14840180000;14737155555;14937155555;10240;10228
2584;14840416000;14737155555;14937155555;10240;10228
2585;14880872000;14778755555;14978755555;10240;10228
2586;14880886000;14778755555;14978755555;10240;10228
2587;14881117000;14778755555;14978755555;10240;10228
2588;14881143000;14778755555;14978755555;10240;10228
2589;14881363000;14778755555;14978755555;10240;10228
2590;14881374000;14778755555;14978755555;10240;10228
2591;14881619000;14778755555;14978755555;10240;10228
2592;14881633000;14778755555;14978755555;10240;10228
2593;14881881000;14778755555;14978755555;10240;10228
2594;14881894000;14778755555;14978755555;10240;10228
2595;14882110000;14778755555;14978755555;10240;10228
2596;14922543000;14820511111;15020511111;10240;10228
2597;14922558000;14820511111;15020511111;10240;10228
2598;14922787000;14820511111;15020511111;10240;10228
2599;14922803000;14820511111;15020511111;10240;10228
2600;14922994000;14820511111;15020511111;10240;10228
2601;14923004000;14820511111;15020511111;10240;10228
2602;14923242000;14820511111;15020511111;10240;10228
2603;14923252000;14820511111;15020511111;10240;10228
2604;14923556000;14820511111;15020511111;10240;10228
2605;14923568000;14820511111;15020511111;10240;10228
2606;14923789000;14820511111;15020511111;10240;10228
2607;14964230000;14862166666;15062166666;10240;10228
2608;14964243000;14862166666;15062166666;10240;10228
2609;14964502000;14862166666;15062166666;10240;10228
2610;14964532000;14862166666;15062166666;10240;10228
2611;14964767000;14862166666;15062166666;10240;10228
2613;14964782000;14862166666;15062166666;10240;10228
2614;14965020000;14862166666;15062166666;10240;10228
2615;14965035000;14862166666;15062166666;10240;10228
2617;14965259000;14862166666;15062166666;10240;10228
2618;15005905000;14903777777;15103777777;10240;10228
2619;15005919000;14903777777;15103777777;10240;10228
2620;15006186000;14903777777;15103777777;10240;10228
2621;15006199000;14903777777;15103777777;10240;10228
2622;15006432000;14903777777;15103777777;10240;10228
2623;15006441000;14903777777;15103777777;10240;10228
2624;15006646000;14903777777;15103777777;10240;10228
2625;15006657000;14903777777;15103777777;10240;10228
2626;15006943000;14903777777;15103777777;10240;10228
2627;15006958000;14903777777;15103777777;10240;10228
2628;15006966000;14903777777;15103777777;10240;10228
2629;15047572000;14945488888;15145488888;10240;10228
2630;15047585000;14945488888;15145488888;10240;10228
2631;15047821000;14945488888;15145488888;10240;10228
2632;15047841000;14945488888;15145488888;10240;10228
2633;15048063000;14945488888;15145488888;10240;10228
2634;15048078000;14945488888;15145488888;10240;10228
2635;15048305000;14945488888;15145488888;10240;10228
2636;15048315000;14945488888;15145488888;10240;10228
2637;15048615000;14945488888;15145488888;10240;10228
2638;15048635000;14945488888;15145488888;10240;10228
2639;15048821000;14945488888;15145488888;10240;10228
2612;15054225000;14862166666;15062166666;10240;10228
2616;15054635000;14862166666;15062166666;10240;10228
2640;15088930000;14987133333;15187133333;10240;10228
2641;15089126000;14987133333;15187133333;10240;10228
2642;15089147000;14987133333;15187133333;10240;10228
2643;15089370000;14987133333;15187133333;10240;10228
2644;15089560000;14987133333;15187133333;10240;10228
2645;15089580000;14987133333;15187133333;10240;10228
2646;15089744000;14987133333;15187133333;10240;10228
2647;15089764000;14987133333;15187133333;10240;10228
2648;15089981000;14987133333;15187133333;10240;10228
2649;15090177000;14987133333;15187133333;10240;10228
2650;15090195000;14987133333;15187133333;10240;10228
2651;15130934000;15028788888;15228788888;10240;10228
2652;15130947000;15028788888;15228788888;10240;10228
2653;15131166000;15028788888;15228788888;10240;10228
2654;15131187000;15028788888;15228788888;10240;10228
2655;15131415000;15028788888;15228788888;10240;10228
2656;15131424000;15028788888;15228788888;10240;10228
2657;15131682000;15028788888;15228788888;10240;10228
2658;15131695000;15028788888;15228788888;10240;10228
2659;15131932000;15028788888;15228788888;10240;10228
2660;15131945000;15028788888;15228788888;10240;10228
2661;15132174000;15028788888;15228788888;10240;10228
2662;15172245000;15070500000;15270500000;10240;10228
2663;15172446000;15070500000;15270500000;10240;10228
2664;15172457000;15070500000;15270500000;10240;10228
2665;15172606000;15070500000;15270500000;10240;10228
2667;15172860000;15070500000;15270500000;10240;10228
2668;15172881000;15070500000;15270500000;10240;10228
2669;15173090000;15070500000;15270500000;10240;10228
2670;15173099000;15070500000;15270500000;10240;10228
2671;15173280000;15070500000;15270500000;10240;10228
2672;15173290000;15070500000;15270500000;10240;10228
2673;15213920000;15112122222;15312122222;10240;10228
2674;15214138000;15112122222;15312122222;10240;10228
2675;15214351000;15112122222;15312122222;10240;10228
2676;15214362000;15112122222;15312122222;10240;10228
2677;15214495000;15112122222;15312122222;10240;10228
2678;15214506000;15112122222;15312122222;10240;10228
2679;15214743000;15112122222;15312122222;10240;10228
2681;15214753000;15112122222;15312122222;10240;10228
2682;15214941000;15112122222;15312122222;10240;10228
2683;15214961000;15112122222;15312122222;10240;10228
2684;15255877000;15153755555;15353755555;10240;10228
2685;15255894000;15153755555;15353755555;10240;10228
2686;15256102000;15153755555;15353755555;10240;10228
2688;15256116000;15153755555;15353755555;10240;10228
2689;15256343000;15153755555;15353755555;10240;10228
2690;15256352000;15153755555;15353755555;10240;10228
2691;15256607000;15153755555;15353755555;10240;10228
2692;15256621000;15153755555;15353755555;10240;10228
2693;15256857000;15153755555;15353755555;10240;10228
2694;15256870000;15153755555;15353755555;10240;10228
2666;15262664000;15070500000;15270500000;10240;10228
2695;15297547000;15195455555;15395455555;10240;10228
2696;15297563000;15195455555;15395455555;10240;10228
2698;15297793000;15195455555;15395455555;10240;10228
2699;15297807000;15195455555;15395455555;10240;10228
2700;15298039000;15195455555;15395455555;10240;10228
2701;15298053000;15195455555;15395455555;10240;10228
2702;15298278000;15195455555;15395455555;10240;10228
2703;15298287000;15195455555;15395455555;10240;10228
2704;15298557000;15195455555;15395455555;10240;10228
2705;15298566000;15195455555;15395455555;10240;10228
2707;15339249000;15237133333;15437133333;10240;10228
2708;15339262000;15237133333;15437133333;10240;10228
2709;15339490000;15237133333;15437133333;10240;10228
2710;15339499000;15237133333;15437133333;10240;10228
2711;15339748000;15237133333;15437133333;10240;10228
2712;15339761000;15237133333;15437133333;10240;10228
2713;15339954000;15237133333;15437133333;10240;10228
2714;15339965000;15237133333;15437133333;10240;10228
2715;15340213000;15237133333;15437133333;10240;10228
2716;15340231000;15237133333;15437133333;10240;10228
2717;15380941000;15278777777;15478777777;10240;10228
2718;15380957000;15278777777;15478777777;10240;10228
2719;15381183000;15278777777;15478777777;10240;10228
2720;15381194000;15278777777;15478777777;10240;10228
2721;15381436000;15278777777;15478777777;10240;10228
2722;15381455000;15278777777;15478777777;10240;10228
2723;15381685000;15278777777;15478777777;10240;10228
2724;15381700000;15278777777;15478777777;10240;10228
2725;15381947000;15278777777;15478777777;10240;10228
2726;15381961000;15278777777;15478777777;10240;10228
2727;15382176000;15278777777;15478777777;10240;10228
2728;15422575000;15320488888;15520488888;10240;10228
2729;15422590000;15320488888;15520488888;10240;10228
2730;15422823000;15320488888;15520488888;10240;10228
2731;15422839000;15320488888;15520488888;10240;10228
2732;15423029000;15320488888;15520488888;10240;10228
2733;15423044000;15320488888;15520488888;10240;10228
2734;15423289000;15320488888;15520488888;10240;10228
2735;15423307000;15320488888;15520488888;10240;10228
2736;15423560000;15320488888;15520488888;10240;10228
2737;15423573000;15320488888;15520488888;10240;10228
2738;15423825000;15320488888;15520488888;10240;10228
2706;15429607000;15237133333;15437133333;10240;10228
2739;15464237000;15362133333;15562133333;10240;10228
2740;15464250000;15362133333;15562133333;10240;10228
2741;15464479000;15362133333;15562133333;10240;10228
2742;15464488000;15362133333;15562133333;10240;10228
2743;15464741000;15362133333;15562133333;10240;10228
2748;15464753000;15362133333;15562133333;10240;10228
2749;15464988000;15362133333;15562133333;10240;10228
2750;15505620000;15403755555;15603755555;10240;10228
2751;15505808000;15403755555;15603755555;10240;10228
2752;15505818000;15403755555;15603755555;10240;10228
2753;15506026000;15403755555;15603755555;10240;10228
2754;15506232000;15403755555;15603755555;10240;10228
2756;15506251000;15403755555;15603755555;10240;10228
2757;15506434000;15403755555;15603755555;10240;10228
2758;15506445000;15403755555;15603755555;10240;10228
2759;15506623000;15403755555;15603755555;10240;10228
2760;15506641000;15403755555;15603755555;10240;10228
2763;15547576000;15445500000;15645500000;10240;10228
2764;15547590000;15445500000;15645500000;10240;10228
2765;15547844000;15445500000;15645500000;10240;10228
2766;15547857000;15445500000;15645500000;10240;10228
2767;15548086000;15445500000;15645500000;10240;10228
2768;15548098000;15445500000;15645500000;10240;10228
2769;15548338000;15445500000;15645500000;10240;10228
2770;15548357000;15445500000;15645500000;10240;10228
2771;15548590000;15445500000;15645500000;10240;10228
2772;15588922000;15487133333;15687133333;10240;10228
2773;15589143000;15487133333;15687133333;10240;10228
2774;15589164000;15487133333;15687133333;10240;10228
2775;15589353000;15487133333;15687133333;10240;10228
2777;15589500000;15487133333;15687133333;10240;10228
2778;15589509000;15487133333;15687133333;10240;10228
2779;15589749000;15487133333;15687133333;10240;10228
2780;15589757000;15487133333;15687133333;10240;10228
2781;15589977000;15487133333;15687133333;10240;10228
2782;15589986000;15487133333;15687133333;10240;10228
2783;15630639000;15528766666;15728766666;10240;10228
2784;15630813000;15528766666;15728766666;10240;10228
2785;15630826000;15528766666;15728766666;10240;10228
2786;15631020000;15528766666;15728766666;10240;10228
2787;15631243000;15528766666;15728766666;10240;10228
2789;15631264000;15528766666;15728766666;10240;10228
2790;15631444000;15528766666;15728766666;10240;10228
2791;15631455000;15528766666;15728766666;10240;10228
2792;15631654000;15528766666;15728766666;10240;10228
2793;15631674000;15528766666;15728766666;10240;10228
2761;15638083000;15445500000;15645500000;10240;10228
2762;15638323000;15445500000;15645500000;10240;10228
2794;15672252000;15570500000;15770500000;10240;10228
2795;15672479000;15570500000;15770500000;10240;10228
2796;15672492000;15570500000;15770500000;10240;10228
2797;15672668000;15570500000;15770500000;10240;10228
2798;15672872000;15570500000;15770500000;10240;10228
2799;15672882000;15570500000;15770500000;10240;10228
2800;15673092000;15570500000;15770500000;10240;10228
2801;15673110000;15570500000;15770500000;10240;10228
2802;15673299000;15570500000;15770500000;10240;10228
2803;15673442000;15570500000;15770500000;10240;10228
2804;15673453000;15570500000;15770500000;10240;10228
2776;15679665000;15487133333;15687133333;10240;10228
2805;15713891000;15612144444;15812144444;10240;10228
2806;15714087000;15612144444;15812144444;10240;10228
2807;15714110000;15612144444;15812144444;10240;10228
2808;15714322000;15612144444;15812144444;10240;10228
2811;15714467000;15612144444;15812144444;10240;10228
2812;15714477000;15612144444;15812144444;10240;10228
2813;15714714000;15612144444;15812144444;10240;10228
2814;15714735000;15612144444;15812144444;10240;10228
2815;15714919000;15612144444;15812144444;10240;10228
2788;15720118000;15528766666;15728766666;10240;10228
2816;15755925000;15653755555;15853755555;10240;10228
2817;15755941000;15653755555;15853755555;10240;10228
2818;15756170000;15653755555;15853755555;10240;10228
2819;15756181000;15653755555;15853755555;10240;10228
2820;15756409000;15653755555;15853755555;10240;10228
2821;15756419000;15653755555;15853755555;10240;10228
2822;15756681000;15653755555;15853755555;10240;10228
2823;15756696000;15653755555;15853755555;10240;10228
2824;15756928000;15653755555;15853755555;10240;10228
2825;15756942000;15653755555;15853755555;10240;10228
2826;15757169000;15653755555;15853755555;10240;10228
2827;15797252000;15695477777;15895477777;10240;10228
2828;15797482000;15695477777;15895477777;10240;10228
2829;15797494000;15695477777;15895477777;10240;10228
2830;15797667000;15695477777;15895477777;10240;10228
2831;15797871000;15695477777;15895477777;10240;10228
2832;15797893000;15695477777;15895477777;10240;10228
2833;15798091000;15695477777;15895477777;10240;10228
2834;15798111000;15695477777;15895477777;10240;10228
2835;15798290000;15695477777;15895477777;10240;10228
2836;15798442000;15695477777;15895477777;10240;10228
2837;15798453000;15695477777;15895477777;10240;10228
2838;15838938000;15737122222;15937122222;10240;10228
2839;15839128000;15737122222;15937122222;10240;10228
2840;15839146000;15737122222;15937122222;10240;10228
2841;15839367000;15737122222;15937122222;10240;10228
2842;15839558000;15737122222;15937122222;10240;10228
2843;15839578000;15737122222;15937122222;10240;10228
2844;15839742000;15737122222;15937122222;10240;10228
2845;15839763000;15737122222;15937122222;10240;10228
2846;15839979000;15737122222;15937122222;10240;10228
2847;15840173000;15737122222;15937122222;10240;10228
2848;15840193000;15737122222;15937122222;10240;10228
2849;15880895000;15778777777;15978777777;10240;10228
2850;15880909000;15778777777;15978777777;10240;10228
2852;15881132000;15778777777;15978777777;10240;10228
2853;15881144000;15778777777;15978777777;10240;10228
2854;15881388000;15778777777;15978777777;10240;10228
2855;15881398000;15778777777;15978777777;10240;10228
2856;15881648000;15778777777;15978777777;10240;10228
2857;15881665000;15778777777;15978777777;10240;10228
2858;15881899000;15778777777;15978777777;10240;10228
2859;15881914000;15778777777;15978777777;10240;10228
2860;15922547000;15820488888;16020488888;10240;10228
2861;15922562000;15820488888;16020488888;10240;10228
2862;15922789000;15820488888;16020488888;10240;10228
2863;15922803000;15820488888;16020488888;10240;10228
2864;15923042000;15820488888;16020488888;10240;10228
2865;15923054000;15820488888;16020488888;10240;10228
2866;15923249000;15820488888;16020488888;10240;10228
2867;15923258000;15820488888;16020488888;10240;10228
2868;15923508000;15820488888;16020488888;10240;10228
2869;15923539000;15820488888;16020488888;10240;10228
2870;15923793000;15820488888;16020488888;10240;10228
2871;15963894000;15862100000;16062100000;10240;10228
2872;15964083000;15862100000;16062100000;10240;10228
2873;15964297000;15862100000;16062100000;10240;10228
2874;15964316000;15862100000;16062100000;10240;10228
2875;15964473000;15862100000;16062100000;10240;10228
2876;15964480000;15862100000;16062100000;10240;10228
2877;15964703000;15862100000;16062100000;10240;10228
2878;15964716000;15862100000;16062100000;10240;10228
2879;15964910000;15862100000;16062100000;10240;10228
2880;15965114000;15862100000;16062100000;10240;10228
2881;15965130000;15862100000;16062100000;10240;10228
2882;16005663000;15903755555;16103755555;10240;10228
2883;16005820000;15903755555;16103755555;10240;10228
2884;16005829000;15903755555;16103755555;10240;10228
2885;16006020000;15903755555;16103755555;10240;10228
2886;16006243000;15903755555;16103755555;10240;10228
2887;16006262000;15903755555;16103755555;10240;10228
2888;16006450000;15903755555;16103755555;10240;10228
2889;16006460000;15903755555;16103755555;10240;10228
2890;16006649000;15903755555;16103755555;10240;10228
2891;16006667000;15903755555;16103755555;10240;10228
2892;16006873000;15903755555;16103755555;10240;10228
2893;16047250000;15945500000;16145500000;10240;10228
2894;16047456000;15945500000;16145500000;10240;10228
2895;16047466000;15945500000;16145500000;10240;10228
2896;16047656000;15945500000;16145500000;10240;10228
2897;16047860000;15945500000;16145500000;10240;10228
2898;16047880000;15945500000;16145500000;10240;10228
2899;16048081000;15945500000;16145500000;10240;10228
2900;16048100000;15945500000;16145500000;10240;10228
2901;16048300000;15945500000;16145500000;10240;10228
2902;16048490000;15945500000;16145500000;10240;10228
2903;16048501000;15945500000;16145500000;10240;10228
2904;16088896000;15987122222;16187122222;10240;10228
2905;16089097000;15987122222;16187122222;10240;10228
2906;16089116000;15987122222;16187122222;10240;10228
2907;16089339000;15987122222;16187122222;10240;10228
2908;16089534000;15987122222;16187122222;10240;10228
2909;16089554000;15987122222;16187122222;10240;10228
2910;16089713000;15987122222;16187122222;10240;10228
2911;16089733000;15987122222;16187122222;10240;10228
2912;16089949000;15987122222;16187122222;10240;10228
2913;16090135000;15987122222;16187122222;10240;10228
2914;16090154000;15987122222;16187122222;10240;10228
2915;16130565000;16028733333;16228733333;10240;10228
2916;16130771000;16028733333;16228733333;10240;10228
2917;16130783000;16028733333;16228733333;10240;10228
2918;16130974000;16028733333;16228733333;10240;10228
2919;16131192000;16028733333;16228733333;10240;10228
2920;16131211000;16028733333;16228733333;10240;10228
2921;16131396000;16028733333;16228733333;10240;10228
2922;16131407000;16028733333;16228733333;10240;10228
2923;16131593000;16028733333;16228733333;10240;10228
2924;16131788000;16028733333;16228733333;10240;10228
2925;16131808000;16028733333;16228733333;10240;10228
2926;16172600000;16070455555;16270455555;10240;10228
2927;16172620000;16070455555;16270455555;10240;10228
2928;16172852000;16070455555;16270455555;10240;10228
2929;16172872000;16070455555;16270455555;10240;10228
2930;16173121000;16070455555;16270455555;10240;10228
2931;16173132000;16070455555;16270455555;10240;10228
2932;16173336000;16070455555;16270455555;10240;10228
2933;16173347000;16070455555;16270455555;10240;10228
2934;16173544000;16070455555;16270455555;10240;10228
2935;16173566000;16070455555;16270455555;10240;10228
2936;16173762000;16070455555;16270455555;10240;10228
2937;16214266000;16112055555;16312055555;10240;10228
2938;16214285000;16112055555;16312055555;10240;10228
2939;16214521000;16112055555;16312055555;10240;10228
2940;16214532000;16112055555;16312055555;10240;10228
2942;16214764000;16112055555;16312055555;10240;10228
2943;16214787000;16112055555;16312055555;10240;10228
2944;16214933000;16112055555;16312055555;10240;10228
2945;16214948000;16112055555;16312055555;10240;10228
2946;16215284000;16112055555;16312055555;10240;10228
2947;16215296000;16112055555;16312055555;10240;10228
2948;16255970000;16153722222;16353722222;10240;10228
2949;16255991000;16153722222;16353722222;10240;10228
2950;16256238000;16153722222;16353722222;10240;10228
2951;16256255000;16153722222;16353722222;10240;10228
2952;16256477000;16153722222;16353722222;10240;10228
2953;16256487000;16153722222;16353722222;10240;10228
2954;16256715000;16153722222;16353722222;10240;10228
2955;16256735000;16153722222;16353722222;10240;10228
2956;16256987000;16153722222;16353722222;10240;10228
2957;16256995000;16153722222;16353722222;10240;10228
2958;16257168000;16153722222;16353722222;10240;10228
2959;16297252000;16195455555;16395455555;10240;10228
2960;16297480000;16195455555;16395455555;10240;10228
2962;16297488000;16195455555;16395455555;10240;10228
2963;16297666000;16195455555;16395455555;10240;10228
2964;16297870000;16195455555;16395455555;10240;10228
2965;16297880000;16195455555;16395455555;10240;10228
2966;16298087000;16195455555;16395455555;10240;10228
2967;16298107000;16195455555;16395455555;10240;10228
2968;16298302000;16195455555;16395455555;10240;10228
2969;16298321000;16195455555;16395455555;10240;10228
2941;16304926000;16112055555;16312055555;10240;10228
2970;16339228000;16237122222;16437122222;10240;10228
2971;16339242000;16237122222;16437122222;10240;10228
2975;16339466000;16237122222;16437122222;10240;10228
2976;16339475000;16237122222;16437122222;10240;10228
2977;16339722000;16237122222;16437122222;10240;10228
2978;16339737000;16237122222;16437122222;10240;10228
2979;16339980000;16237122222;16437122222;10240;10228
2980;16339994000;16237122222;16437122222;10240;10228
2981;16380620000;16278777777;16478777777;10240;10228
2982;16380813000;16278777777;16478777777;10240;10228
2983;16380826000;16278777777;16478777777;10240;10228
2984;16381033000;16278777777;16478777777;10240;10228
2985;16381255000;16278777777;16478777777;10240;10228
2986;16381263000;16278777777;16478777777;10240;10228
2987;16381446000;16278777777;16478777777;10240;10228
2988;16381455000;16278777777;16478777777;10240;10228
2989;16381632000;16278777777;16478777777;10240;10228
2990;16381854000;16278777777;16478777777;10240;10228
2991;16381875000;16278777777;16478777777;10240;10228
2992;16422569000;16320488888;16520488888;10240;10228
2993;16422584000;16320488888;16520488888;10240;10228
2994;16422814000;16320488888;16520488888;10240;10228
2995;16422830000;16320488888;16520488888;10240;10228
2996;16423060000;16320488888;16520488888;10240;10228
2997;16423073000;16320488888;16520488888;10240;10228
2998;16423302000;16320488888;16520488888;10240;10228
2999;16423322000;16320488888;16520488888;10240;10228
3000;16423553000;16320488888;16520488888;10240;10228
3001;16423563000;16320488888;16520488888;10240;10228
3002;16423817000;16320488888;16520488888;10240;10228
3003;16464213000;16362122222;16562122222;10240;10228
3004;16464224000;16362122222;16562122222;10240;10228
3006;16464474000;16362122222;16562122222;10240;10228
3007;16464495000;16362122222;16562122222;10240;10228
3008;16464759000;16362122222;16562122222;10240;10228
3009;16464773000;16362122222;16562122222;10240;10228
3010;16464967000;16362122222;16562122222;10240;10228
3011;16464975000;16362122222;16562122222;10240;10228
3012;16465252000;16362122222;16562122222;10240;10228
3013;16465262000;16362122222;16562122222;10240;10228
3014;16505924000;16403733333;16603733333;10240;10228
3015;16505937000;16403733333;16603733333;10240;10228
3016;16506165000;16403733333;16603733333;10240;10228
3017;16506174000;16403733333;16603733333;10240;10228
3018;16506409000;16403733333;16603733333;10240;10228
3019;16506418000;16403733333;16603733333;10240;10228
3020;16506667000;16403733333;16603733333;10240;10228
3021;16506681000;16403733333;16603733333;10240;10228
3022;16506925000;16403733333;16603733333;10240;10228
3023;16506941000;16403733333;16603733333;10240;10228
3024;16507165000;16403733333;16603733333;10240;10228
3025;16547564000;16445466666;16645466666;10240;10228
3026;16547574000;16445466666;16645466666;10240;10228
3027;16547832000;16445466666;16645466666;10240;10228
3028;16547845000;16445466666;16645466666;10240;10228
3029;16548044000;16445466666;16645466666;10240;10228
3030;16548053000;16445466666;16645466666;10240;10228
3031;16548303000;16445466666;16645466666;10240;10228
3032;16548331000;16445466666;16645466666;10240;10228
3033;16548563000;16445466666;16645466666;10240;10228
3034;16548573000;16445466666;16645466666;10240;10228
3035;16548838000;16445466666;16645466666;10240;10228
3005;16553819000;16362122222;16562122222;10240;10228
3037;16589242000;16487122222;16687122222;10240;10228
3038;16589258000;16487122222;16687122222;10240;10228
3039;16589483000;16487122222;16687122222;10240;10228
3040;16589495000;16487122222;16687122222;10240;10228
3041;16589744000;16487122222;16687122222;10240;10228
3042;16589759000;16487122222;16687122222;10240;10228
3043;16589987000;16487122222;16687122222;10240;10228
3044;16590002000;16487122222;16687122222;10240;10228
3045;16590234000;16487122222;16687122222;10240;10228
3046;16590244000;16487122222;16687122222;10240;10228
3047;16630619000;16528777777;16728777777;10240;10228
3048;16630811000;16528777777;16728777777;10240;10228
3049;16630825000;16528777777;16728777777;10240;10228
3050;16631032000;16528777777;16728777777;10240;10228
3051;16631247000;16528777777;16728777777;10240;10228
3052;16631265000;16528777777;16728777777;10240;10228
3053;16631444000;16528777777;16728777777;10240;10228
3054;16631453000;16528777777;16728777777;10240;10228
3055;16631693000;16528777777;16728777777;10240;10228
3056;16631857000;16528777777;16728777777;10240;10228
3057;16631868000;16528777777;16728777777;10240;10228
3058;16672663000;16570488888;16770488888;10240;10228
3059;16672674000;16570488888;16770488888;10240;10228
3060;16672820000;16570488888;16770488888;10240;10228
3061;16672834000;16570488888;16770488888;10240;10228
3062;16673069000;16570488888;16770488888;10240;10228
3063;16673082000;16570488888;16770488888;10240;10228
3064;16673310000;16570488888;16770488888;10240;10228
3065;16673319000;16570488888;16770488888;10240;10228
3067;16673590000;16570488888;16770488888;10240;10228
3068;16673600000;16570488888;16770488888;10240;10228
3069;16714176000;16612144444;16812144444;10240;10228
3070;16714189000;16612144444;16812144444;10240;10228
3071;16714416000;16612144444;16812144444;10240;10228
3072;16714425000;16612144444;16812144444;10240;10228
3073;16714673000;16612144444;16812144444;10240;10228
3074;16714687000;16612144444;16812144444;10240;10228
3075;16714919000;16612144444;16812144444;10240;10228
3076;16714934000;16612144444;16812144444;10240;10228
3077;16715131000;16612144444;16812144444;10240;10228
3078;16715145000;16612144444;16812144444;10240;10228
3079;16715390000;16612144444;16812144444;10240;10228
3080;16755927000;16653744444;16853744444;10240;10228
3081;16755940000;16653744444;16853744444;10240;10228
3082;16756170000;16653744444;16853744444;10240;10228
3083;16756181000;16653744444;16853744444;10240;10228
3084;16756410000;16653744444;16853744444;10240;10228
3085;16756421000;16653744444;16853744444;10240;10228
3086;16756672000;16653744444;16853744444;10240;10228
3087;16756686000;16653744444;16853744444;10240;10228
3088;16756928000;16653744444;16853744444;10240;10228
3089;16756943000;16653744444;16853744444;10240;10228
3090;16757172000;16653744444;16853744444;10240;10228
3066;16762884000;16570488888;16770488888;10240;10228
3091;16797260000;16695466666;16895466666;10240;10228
3092;16797468000;16695466666;16895466666;10240;10228
3093;16797477000;16695466666;16895466666;10240;10228
3095;16797665000;16695466666;16895466666;10240;10228
3097;16797869000;16695466666;16895466666;10240;10228
3098;16797880000;16695466666;16895466666;10240;10228
3099;16798066000;16695466666;16895466666;10240;10228
3100;16798076000;16695466666;16895466666;10240;10228
3101;16798314000;16695466666;16895466666;10240;10228
3102;16838917000;16737133333;16937133333;10240;10228
3103;16839138000;16737133333;16937133333;10240;10228
3105;16839349000;16737133333;16937133333;10240;10228
3106;16839364000;16737133333;16937133333;10240;10228
3107;16839495000;16737133333;16937133333;10240;10228
3108;16839506000;16737133333;16937133333;10240;10228
3109;16839708000;16737133333;16937133333;10240;10228
3110;16839978000;16737133333;16937133333;10240;10228
3111;16839986000;16737133333;16937133333;10240;10228
3113;16880890000;16778755555;16978755555;10240;10228
3114;16880905000;16778755555;16978755555;10240;10228
3115;16881122000;16778755555;16978755555;10240;10228
3116;16881133000;16778755555;16978755555;10240;10228
3117;16881380000;16778755555;16978755555;10240;10228
3118;16881391000;16778755555;16978755555;10240;10228
3119;16881637000;16778755555;16978755555;10240;10228
3120;16881653000;16778755555;16978755555;10240;10228
3121;16881894000;16778755555;16978755555;10240;10228
3122;16881909000;16778755555;16978755555;10240;10228
3123;16882134000;16778755555;16978755555;10240;10228
3125;16922264000;16820511111;17020511111;10240;10228
3126;16922491000;16820511111;17020511111;10240;10228
3128;16922504000;16820511111;17020511111;10240;10228
3129;16922676000;16820511111;17020511111;10240;10228
3130;16922901000;16820511111;17020511111;10240;10228
3131;16922922000;16820511111;17020511111;10240;10228
3132;16923100000;16820511111;17020511111;10240;10228
3133;16923120000;16820511111;17020511111;10240;10228
3134;16923309000;16820511111;17020511111;10240;10228
3104;16929954000;16737133333;16937133333;10240;10228
3112;16930952000;16737133333;16937133333;10240;10228
3135;16964237000;16862133333;17062133333;10240;10228
3136;16964250000;16862133333;17062133333;10240;10228
3138;16964478000;16862133333;17062133333;10240;10228
3139;16964500000;16862133333;17062133333;10240;10228
3140;16964732000;16862133333;17062133333;10240;10228
3141;16964746000;16862133333;17062133333;10240;10228
3142;16964980000;16862133333;17062133333;10240;10228
3143;16964996000;16862133333;17062133333;10240;10228
3144;16965227000;16862133333;17062133333;10240;10228
3145;16965237000;16862133333;17062133333;10240;10228
3146;17005918000;16903755555;17103755555;10240;10228
3147;17005933000;16903755555;17103755555;10240;10228
3148;17006152000;16903755555;17103755555;10240;10228
3149;17006163000;16903755555;17103755555;10240;10228
3150;17006406000;16903755555;17103755555;10240;10228
3151;17006416000;16903755555;17103755555;10240;10228
3153;17006623000;16903755555;17103755555;10240;10228
3154;17006633000;16903755555;17103755555;10240;10228
3155;17006920000;16903755555;17103755555;10240;10228
3156;17006934000;16903755555;17103755555;10240;10228
3158;17047265000;16945511111;17145511111;10240;10228
3159;17047491000;16945511111;17145511111;10240;10228
3160;17047505000;16945511111;17145511111;10240;10228
3161;17047677000;16945511111;17145511111;10240;10228
3162;17047892000;16945511111;17145511111;10240;10228
3163;17047902000;16945511111;17145511111;10240;10228
3164;17048103000;16945511111;17145511111;10240;10228
3165;17048122000;16945511111;17145511111;10240;10228
3166;17048308000;16945511111;17145511111;10240;10228
3167;17048319000;16945511111;17145511111;10240;10228
3168;17089232000;16987144444;17187144444;10240;10228
3169;17089246000;16987144444;17187144444;10240;10228
3170;17089473000;16987144444;17187144444;10240;10228
3171;17089497000;16987144444;17187144444;10240;10228
3172;17089732000;16987144444;17187144444;10240;10228
3173;17089747000;16987144444;17187144444;10240;10228
3174;17089978000;16987144444;17187144444;10240;10228
3175;17089993000;16987144444;17187144444;10240;10228
3176;17090225000;16987144444;17187144444;10240;10228
3177;17090236000;16987144444;17187144444;10240;10228
3178;17090484000;16987144444;17187144444;10240;10228
3179;17130861000;17028766666;17228766666;10240;10228
3180;17130876000;17028766666;17228766666;10240;10228
3181;17131106000;17028766666;17228766666;10240;10228
3182;17131120000;17028766666;17228766666;10240;10228
3183;17131329000;17028766666;17228766666;10240;10228
3184;17131352000;17028766666;17228766666;10240;10228
3185;17131607000;17028766666;17228766666;10240;10228
3186;17131623000;17028766666;17228766666;10240;10228
3187;17131866000;17028766666;17228766666;10240;10228
3188;17131881000;17028766666;17228766666;10240;10228
3189;17131890000;17028766666;17228766666;10240;10228
3157;17138225000;16945511111;17145511111;10240;10228
3190;17172571000;17070488888;17270488888;10240;10228
3192;17172585000;17070488888;17270488888;10240;10228
3193;17172818000;17070488888;17270488888;10240;10228
3194;17172839000;17070488888;17270488888;10240;10228
3195;17173062000;17070488888;17270488888;10240;10228
3196;17173076000;17070488888;17270488888;10240;10228
3197;17173305000;17070488888;17270488888;10240;10228
3198;17173315000;17070488888;17270488888;10240;10228
3199;17173565000;17070488888;17270488888;10240;10228
3200;17173575000;17070488888;17270488888;10240;10228
3201;17214209000;17112122222;17312122222;10240;10228
3202;17214221000;17112122222;17312122222;10240;10228
3206;17214449000;17112122222;17312122222;10240;10228
3207;17214459000;17112122222;17312122222;10240;10228
3208;17214700000;17112122222;17312122222;10240;10228
3209;17214714000;17112122222;17312122222;10240;10228
3210;17214924000;17112122222;17312122222;10240;10228
3211;17214942000;17112122222;17312122222;10240;10228
3212;17255915000;17153777777;17353777777;10240;10228
3213;17255931000;17153777777;17353777777;10240;10228
3214;17256168000;17153777777;17353777777;10240;10228
3215;17256188000;17153777777;17353777777;10240;10228
3216;17256415000;17153777777;17353777777;10240;10228
3217;17256434000;17153777777;17353777777;10240;10228
3218;17256661000;17153777777;17353777777;10240;10228
3219;17256677000;17153777777;17353777777;10240;10228
3220;17256918000;17153777777;17353777777;10240;10228
3221;17256933000;17153777777;17353777777;10240;10228
3222;17257159000;17153777777;17353777777;10240;10228
3223;17297574000;17195500000;17395500000;10240;10228
3224;17297589000;17195500000;17395500000;10240;10228
3225;17297819000;17195500000;17395500000;10240;10228
3226;17297834000;17195500000;17395500000;10240;10228
3227;17298035000;17195500000;17395500000;10240;10228
3228;17298051000;17195500000;17395500000;10240;10228
3230;17298314000;17195500000;17395500000;10240;10228
3231;17298334000;17195500000;17395500000;10240;10228
3232;17298530000;17195500000;17395500000;10240;10228
3233;17298541000;17195500000;17395500000;10240;10228
3234;17339230000;17237133333;17437133333;10240;10228
3235;17339245000;17237133333;17437133333;10240;10228
3236;17339474000;17237133333;17437133333;10240;10228
3237;17339485000;17237133333;17437133333;10240;10228
3238;17339732000;17237133333;17437133333;10240;10228
3239;17339745000;17237133333;17437133333;10240;10228
3240;17339978000;17237133333;17437133333;10240;10228
3241;17339991000;17237133333;17437133333;10240;10228
3242;17340189000;17237133333;17437133333;10240;10228
3243;17340202000;17237133333;17437133333;10240;10228
3244;17340487000;17237133333;17437133333;10240;10228
3245;17380886000;17278788888;17478788888;10240;10228
3246;17380901000;17278788888;17478788888;10240;10228
3247;17381129000;17278788888;17478788888;10240;10228
3248;17381139000;17278788888;17478788888;10240;10228
3249;17381376000;17278788888;17478788888;10240;10228
3250;17381385000;17278788888;17478788888;10240;10228
3251;17381634000;17278788888;17478788888;10240;10228
3254;17381648000;17278788888;17478788888;10240;10228
3255;17381887000;17278788888;17478788888;10240;10228
3229;17387803000;17195500000;17395500000;10240;10228
3256;17422539000;17320500000;17520500000;10240;10228
3257;17422553000;17320500000;17520500000;10240;10228
3258;17422786000;17320500000;17520500000;10240;10228
3259;17422799000;17320500000;17520500000;10240;10228
3260;17423035000;17320500000;17520500000;10240;10228
3261;17423048000;17320500000;17520500000;10240;10228
3262;17423239000;17320500000;17520500000;10240;10228
3263;17423254000;17320500000;17520500000;10240;10228
3264;17423532000;17320500000;17520500000;10240;10228
3265;17423547000;17320500000;17520500000;10240;10228
3266;17423785000;17320500000;17520500000;10240;10228
3267;17463909000;17362155555;17562155555;10240;10228
3268;17464111000;17362155555;17562155555;10240;10228
3269;17464340000;17362155555;17562155555;10240;10228
3270;17464349000;17362155555;17562155555;10240;10228
3271;17464484000;17362155555;17562155555;10240;10228
3272;17464493000;17362155555;17562155555;10240;10228
3273;17464735000;17362155555;17562155555;10240;10228
3274;17464744000;17362155555;17562155555;10240;10228
3275;17464950000;17362155555;17562155555;10240;10228
3276;17465153000;17362155555;17562155555;10240;10228
3277;17465172000;17362155555;17562155555;10240;10228
3278;17505560000;17403744444;17603744444;10240;10228
3279;17505773000;17403744444;17603744444;10240;10228
3280;17505792000;17403744444;17603744444;10240;10228
3281;17505978000;17403744444;17603744444;10240;10228
3282;17506205000;17403744444;17603744444;10240;10228
3285;17506223000;17403744444;17603744444;10240;10228
3286;17506416000;17403744444;17603744444;10240;10228
3287;17506425000;17403744444;17603744444;10240;10228
3288;17506581000;17403744444;17603744444;10240;10228
3289;17547208000;17445500000;17645500000;10240;10228
3290;17547464000;17445500000;17645500000;10240;10228
3291;17547477000;17445500000;17645500000;10240;10228
3292;17547651000;17445500000;17645500000;10240;10228
3293;17547856000;17445500000;17645500000;10240;10228
3294;17547874000;17445500000;17645500000;10240;10228
3295;17548057000;17445500000;17645500000;10240;10228
3297;17548075000;17445500000;17645500000;10240;10228
3298;17548285000;17445500000;17645500000;10240;10228
3299;17548295000;17445500000;17645500000;10240;10228
3300;17589238000;17487133333;17687133333;10240;10228
3301;17589252000;17487133333;17687133333;10240;10228
3302;17589477000;17487133333;17687133333;10240;10228
3303;17589487000;17487133333;17687133333;10240;10228
3304;17589731000;17487133333;17687133333;10240;10228
3305;17589745000;17487133333;17687133333;10240;10228
3306;17589981000;17487133333;17687133333;10240;10228
3307;17589996000;17487133333;17687133333;10240;10228
3308;17590229000;17487133333;17687133333;10240;10228
3309;17590241000;17487133333;17687133333;10240;10228
3310;17590476000;17487133333;17687133333;10240;10228
3283;17595653000;17403744444;17603744444;10240;10228
3311;17630620000;17528766666;17728766666;10240;10228
3312;17630813000;17528766666;17728766666;10240;10228
3313;17630824000;17528766666;17728766666;10240;10228
3314;17631013000;17528766666;17728766666;10240;10228
3315;17631245000;17528766666;17728766666;10240;10228
3316;17631264000;17528766666;17728766666;10240;10228
3317;17631442000;17528766666;17728766666;10240;10228
3318;17631452000;17528766666;17728766666;10240;10228
3319;17631626000;17528766666;17728766666;10240;10228
3320;17631851000;17528766666;17728766666;10240;10228
3321;17631871000;17528766666;17728766666;10240;10228
3323;17672262000;17570500000;17770500000;10240;10228
3324;17672487000;17570500000;17770500000;10240;10228
3325;17672499000;17570500000;17770500000;10240;10228
3326;17672674000;17570500000;17770500000;10240;10228
3327;17672879000;17570500000;17770500000;10240;10228
3328;17672890000;17570500000;17770500000;10240;10228
3329;17673076000;17570500000;17770500000;10240;10228
3330;17673086000;17570500000;17770500000;10240;10228
3331;17673310000;17570500000;17770500000;10240;10228
3332;17673329000;17570500000;17770500000;10240;10228
3333;17713887000;17612144444;17812144444;10240;10228
3334;17714090000;17612144444;17812144444;10240;10228
3335;17714295000;17612144444;17812144444;10240;10228
3336;17714303000;17612144444;17812144444;10240;10228
3337;17714463000;17612144444;17812144444;10240;10228
3338;17714471000;17612144444;17812144444;10240;10228
3339;17714713000;17612144444;17812144444;10240;10228
3340;17714722000;17612144444;17812144444;10240;10228
3341;17714966000;17612144444;17812144444;10240;10228
3342;17715131000;17612144444;17812144444;10240;10228
3343;17715150000;17612144444;17812144444;10240;10228
3344;17755653000;17653755555;17853755555;10240;10228
3345;17755809000;17653755555;17853755555;10240;10228
3346;17755830000;17653755555;17853755555;10240;10228
3347;17756044000;17653755555;17853755555;10240;10228
3348;17756238000;17653755555;17853755555;10240;10228
3349;17756256000;17653755555;17853755555;10240;10228
3350;17756442000;17653755555;17853755555;10240;10228
3351;17756450000;17653755555;17853755555;10240;10228
3352;17756625000;17653755555;17853755555;10240;10228
3353;17756852000;17653755555;17853755555;10240;10228
3354;17756872000;17653755555;17853755555;10240;10228
3322;17762838000;17570500000;17770500000;10240;10228
3355;17797226000;17695477777;17895477777;10240;10228
3357;17797428000;17695477777;17895477777;10240;10228
3358;17797439000;17695477777;17895477777;10240;10228
3360;17797647000;17695477777;17895477777;10240;10228
3361;17797838000;17695477777;17895477777;10240;10228
3363;17797848000;17695477777;17895477777;10240;10228
3364;17798042000;17695477777;17895477777;10240;10228
3365;17798063000;17695477777;17895477777;10240;10228
3366;17838888000;17737088888;17937088888;10240;10228
3367;17839093000;17737088888;17937088888;10240;10228
3368;17839103000;17737088888;17937088888;10240;10228
3369;17839316000;17737088888;17937088888;10240;10228
3370;17839461000;17737088888;17937088888;10240;10228
3371;17839471000;17737088888;17937088888;10240;10228
3372;17839715000;17737088888;17937088888;10240;10228
3373;17839724000;17737088888;17937088888;10240;10228
3374;17839917000;17737088888;17937088888;10240;10228
3375;17840103000;17737088888;17937088888;10240;10228
3376;17840124000;17737088888;17937088888;10240;10228
3378;17880937000;17778744444;17978744444;10240;10228
3379;17880953000;17778744444;17978744444;10240;10228
3380;17881180000;17778744444;17978744444;10240;10228
3381;17881191000;17778744444;17978744444;10240;10228
3382;17881428000;17778744444;17978744444;10240;10228
3383;17881438000;17778744444;17978744444;10240;10228
3384;17881684000;17778744444;17978744444;10240;10228
3385;17881699000;17778744444;17978744444;10240;10228
3386;17881943000;17778744444;17978744444;10240;10228
3387;17881956000;17778744444;17978744444;10240;10228
3388;17922542000;17820511111;18020511111;10240;10228
3389;17922555000;17820511111;18020511111;10240;10228
3390;17922786000;17820511111;18020511111;10240;10228
3391;17922799000;17820511111;18020511111;10240;10228
3393;17923037000;17820511111;18020511111;10240;10228
3394;17923050000;17820511111;18020511111;10240;10228
3395;17923242000;17820511111;18020511111;10240;10228
3396;17923255000;17820511111;18020511111;10240;10228
3397;17923501000;17820511111;18020511111;10240;10228
3398;17923527000;17820511111;18020511111;10240;10228
3399;17964234000;17862122222;18062122222;10240;10228
3400;17964249000;17862122222;18062122222;10240;10228
3401;17964477000;17862122222;18062122222;10240;10228
3402;17964501000;17862122222;18062122222;10240;10228
3403;17964732000;17862122222;18062122222;10240;10228
3404;17964748000;17862122222;18062122222;10240;10228
3406;17964981000;17862122222;18062122222;10240;10228
3407;17964997000;17862122222;18062122222;10240;10228
3408;17965227000;17862122222;18062122222;10240;10228
3409;17965238000;17862122222;18062122222;10240;10228
3377;17970996000;17778744444;17978744444;10240;10228
3410;18005619000;17903755555;18103755555;10240;10228
3411;18005808000;17903755555;18103755555;10240;10228
3412;18005819000;17903755555;18103755555;10240;10228
3413;18006014000;17903755555;18103755555;10240;10228
3414;18006228000;17903755555;18103755555;10240;10228
3415;18006248000;17903755555;18103755555;10240;10228
3416;18006439000;17903755555;18103755555;10240;10228
3417;18006450000;17903755555;18103755555;10240;10228
3418;18006627000;17903755555;18103755555;10240;10228
3419;18006837000;17903755555;18103755555;10240;10228
3420;18006846000;17903755555;18103755555;10240;10228
3392;18012350000;17820511111;18020511111;10240;10228
3422;18047574000;17945500000;18145500000;10240;10228
3423;18047590000;17945500000;18145500000;10240;10228
3425;18047822000;17945500000;18145500000;10240;10228
3426;18047837000;17945500000;18145500000;10240;10228
3427;18048068000;17945500000;18145500000;10240;10228
3428;18048081000;17945500000;18145500000;10240;10228
3429;18048310000;17945500000;18145500000;10240;10228
3430;18048319000;17945500000;18145500000;10240;10228
3431;18048561000;17945500000;18145500000;10240;10228
3432;18089249000;17987155555;18187155555;10240;10228
3433;18089265000;17987155555;18187155555;10240;10228
3434;18089486000;17987155555;18187155555;10240;10228
3435;18089498000;17987155555;18187155555;10240;10228
3436;18089737000;17987155555;18187155555;10240;10228
3437;18089751000;17987155555;18187155555;10240;10228
3438;18089998000;17987155555;18187155555;10240;10228
3439;18090014000;17987155555;18187155555;10240;10228
3440;18090241000;17987155555;18187155555;10240;10228
3442;18090250000;17987155555;18187155555;10240;10228
3443;18130613000;18028777777;18228777777;10240;10228
3444;18130794000;18028777777;18228777777;10240;10228
3445;18130809000;18028777777;18228777777;10240;10228
3446;18131001000;18028777777;18228777777;10240;10228
3447;18131218000;18028777777;18228777777;10240;10228
3448;18131223000;18028777777;18228777777;10240;10228
3449;18131370000;18028777777;18228777777;10240;10228
3450;18131397000;18028777777;18228777777;10240;10228
3451;18131645000;18028777777;18228777777;10240;10228
3455;18172259000;18070500000;18270500000;10240;10228
3456;18172504000;18070500000;18270500000;10240;10228
3457;18172521000;18070500000;18270500000;10240;10228
3458;18172673000;18070500000;18270500000;10240;10228
3459;18172882000;18070500000;18270500000;10240;10228
3460;18172890000;18070500000;18270500000;10240;10228
3462;18173073000;18070500000;18270500000;10240;10228
3463;18173091000;18070500000;18270500000;10240;10228
3464;18173323000;18070500000;18270500000;10240;10228
3441;18180673000;17987155555;18187155555;10240;10228
3465;18213884000;18112133333;18312133333;10240;10228
3466;18214102000;18112133333;18312133333;10240;10228
3467;18214315000;18112133333;18312133333;10240;10228
3468;18214328000;18112133333;18312133333;10240;10228
3469;18214487000;18112133333;18312133333;10240;10228
3470;18214498000;18112133333;18312133333;10240;10228
3471;18214674000;18112133333;18312133333;10240;10228
3472;18214935000;18112133333;18312133333;10240;10228
3473;18214953000;18112133333;18312133333;10240;10228
3474;18215141000;18112133333;18312133333;10240;10228
3475;18215150000;18112133333;18312133333;10240;10228
3452;18221463000;18028777777;18228777777;10240;10228
3453;18221691000;18028777777;18228777777;10240;10228
3476;18255914000;18153733333;18353733333;10240;10228
3478;18255929000;18153733333;18353733333;10240;10228
3479;18256156000;18153733333;18353733333;10240;10228
3480;18256166000;18153733333;18353733333;10240;10228
3481;18256404000;18153733333;18353733333;10240;10228
3482;18256415000;18153733333;18353733333;10240;10228
3483;18256660000;18153733333;18353733333;10240;10228
3484;18256676000;18153733333;18353733333;10240;10228
3485;18256917000;18153733333;18353733333;10240;10228
3486;18256934000;18153733333;18353733333;10240;10228
3487;18297569000;18195533333;18395533333;10240;10228
3488;18297585000;18195533333;18395533333;10240;10228
3489;18297816000;18195533333;18395533333;10240;10228
3490;18297831000;18195533333;18395533333;10240;10228
3491;18298060000;18195533333;18395533333;10240;10228
3492;18298074000;18195533333;18395533333;10240;10228
3493;18298274000;18195533333;18395533333;10240;10228
3494;18298287000;18195533333;18395533333;10240;10228
3495;18298560000;18195533333;18395533333;10240;10228
3496;18298569000;18195533333;18395533333;10240;10228
3497;18298820000;18195533333;18395533333;10240;10228
3498;18339232000;18237144444;18437144444;10240;10228
3499;18339247000;18237144444;18437144444;10240;10228
3500;18339475000;18237144444;18437144444;10240;10228
3501;18339486000;18237144444;18437144444;10240;10228
3502;18339728000;18237144444;18437144444;10240;10228
3503;18339744000;18237144444;18437144444;10240;10228
3504;18339950000;18237144444;18437144444;10240;10228
3505;18339973000;18237144444;18437144444;10240;10228
3506;18340237000;18237144444;18437144444;10240;10228
3510;18380965000;18278788888;18478788888;10240;10228
3511;18380981000;18278788888;18478788888;10240;10228
3512;18381181000;18278788888;18478788888;10240;10228
3513;18381192000;18278788888;18478788888;10240;10228
3515;18381426000;18278788888;18478788888;10240;10228
3516;18381438000;18278788888;18478788888;10240;10228
3517;18381683000;18278788888;18478788888;10240;10228
3518;18381698000;18278788888;18478788888;10240;10228
3519;18381931000;18278788888;18478788888;10240;10228
3520;18422571000;18320500000;18520500000;10240;10228
3521;18422587000;18320500000;18520500000;10240;10228
3523;18422816000;18320500000;18520500000;10240;10228
3524;18422852000;18320500000;18520500000;10240;10228
3525;18423070000;18320500000;18520500000;10240;10228
3526;18423095000;18320500000;18520500000;10240;10228
3527;18423273000;18320500000;18520500000;10240;10228
3528;18423287000;18320500000;18520500000;10240;10228
3529;18423526000;18320500000;18520500000;10240;10228
3530;18423536000;18320500000;18520500000;10240;10228
3507;18429884000;18237144444;18437144444;10240;10228
3508;18429904000;18237144444;18437144444;10240;10228
3531;18463912000;18362144444;18562144444;10240;10228
3532;18464132000;18362144444;18562144444;10240;10228
3533;18464344000;18362144444;18562144444;10240;10228
3534;18464354000;18362144444;18562144444;10240;10228
3535;18464492000;18362144444;18562144444;10240;10228
3536;18464501000;18362144444;18562144444;10240;10228
3537;18464742000;18362144444;18562144444;10240;10228
3538;18464751000;18362144444;18562144444;10240;10228
3539;18464960000;18362144444;18562144444;10240;10228
3540;18465160000;18362144444;18562144444;10240;10228
3541;18465182000;18362144444;18562144444;10240;10228
3514;18469924000;18278788888;18478788888;10240;10228
3542;18505622000;18403777777;18603777777;10240;10228
3543;18505809000;18403777777;18603777777;10240;10228
3544;18505822000;18403777777;18603777777;10240;10228
3545;18506017000;18403777777;18603777777;10240;10228
3546;18506216000;18403777777;18603777777;10240;10228
3547;18506236000;18403777777;18603777777;10240;10228
3548;18506441000;18403777777;18603777777;10240;10228
3549;18506452000;18403777777;18603777777;10240;10228
3550;18506629000;18403777777;18603777777;10240;10228
3551;18506854000;18403777777;18603777777;10240;10228
3552;18506872000;18403777777;18603777777;10240;10228
3553;18547249000;18445500000;18645500000;10240;10228
3554;18547448000;18445500000;18645500000;10240;10228
3555;18547463000;18445500000;18645500000;10240;10228
3556;18547651000;18445500000;18645500000;10240;10228
3557;18547856000;18445500000;18645500000;10240;10228
3558;18547876000;18445500000;18645500000;10240;10228
3559;18548023000;18445500000;18645500000;10240;10228
3560;18548029000;18445500000;18645500000;10240;10228
3561;18548302000;18445500000;18645500000;10240;10228
3562;18548491000;18445500000;18645500000;10240;10228
3563;18548501000;18445500000;18645500000;10240;10228
3564;18588923000;18487144444;18687144444;10240;10228
3565;18589116000;18487144444;18687144444;10240;10228
3566;18589137000;18487144444;18687144444;10240;10228
3567;18589343000;18487144444;18687144444;10240;10228
3568;18589538000;18487144444;18687144444;10240;10228
3569;18589567000;18487144444;18687144444;10240;10228
3570;18589737000;18487144444;18687144444;10240;10228
3571;18589756000;18487144444;18687144444;10240;10228
3572;18589950000;18487144444;18687144444;10240;10228
3573;18590160000;18487144444;18687144444;10240;10228
3574;18590179000;18487144444;18687144444;10240;10228
3575;18630920000;18528777777;18728777777;10240;10228
3576;18630932000;18528777777;18728777777;10240;10228
3577;18631160000;18528777777;18728777777;10240;10228
3578;18631169000;18528777777;18728777777;10240;10228
3580;18631404000;18528777777;18728777777;10240;10228
3581;18631427000;18528777777;18728777777;10240;10228
3582;18631662000;18528777777;18728777777;10240;10228
3583;18631676000;18528777777;18728777777;10240;10228
3584;18631919000;18528777777;18728777777;10240;10228
3585;18631933000;18528777777;18728777777;10240;10228
3586;18672248000;18570511111;18770511111;10240;10228
3587;18672452000;18570511111;18770511111;10240;10228
3588;18672461000;18570511111;18770511111;10240;10228
3590;18672662000;18570511111;18770511111;10240;10228
3591;18672868000;18570511111;18770511111;10240;10228
3592;18672889000;18570511111;18770511111;10240;10228
3593;18673087000;18570511111;18770511111;10240;10228
3594;18673107000;18570511111;18770511111;10240;10228
3595;18673292000;18570511111;18770511111;10240;10228
3596;18673302000;18570511111;18770511111;10240;10228
3597;18714229000;18612177777;18812177777;10240;10228
3598;18714244000;18612177777;18812177777;10240;10228
3599;18714469000;18612177777;18812177777;10240;10228
3600;18714488000;18612177777;18812177777;10240;10228
3601;18714731000;18612177777;18812177777;10240;10228
3602;18714744000;18612177777;18812177777;10240;10228
3603;18714976000;18612177777;18812177777;10240;10228
3604;18714989000;18612177777;18812177777;10240;10228
3605;18715222000;18612177777;18812177777;10240;10228
3608;18755925000;18653788888;18853788888;10240;10228
3609;18755940000;18653788888;18853788888;10240;10228
3611;18756166000;18653788888;18853788888;10240;10228
3612;18756179000;18653788888;18853788888;10240;10228
3613;18756409000;18653788888;18853788888;10240;10228
3614;18756418000;18653788888;18853788888;10240;10228
3615;18756631000;18653788888;18853788888;10240;10228
3616;18756640000;18653788888;18853788888;10240;10228
3617;18756892000;18653788888;18853788888;10240;10228
3618;18756909000;18653788888;18853788888;10240;10228
3619;18797222000;18695488888;18895488888;10240;10228
3620;18797445000;18695488888;18895488888;10240;10228
3621;18797459000;18695488888;18895488888;10240;10228
3622;18797628000;18695488888;18895488888;10240;10228
3623;18797871000;18695488888;18895488888;10240;10228
3624;18797894000;18695488888;18895488888;10240;10228
3625;18798059000;18695488888;18895488888;10240;10228
3626;18798079000;18695488888;18895488888;10240;10228
3627;18798280000;18695488888;18895488888;10240;10228
3628;18798468000;18695488888;18895488888;10240;10228
3629;18798479000;18695488888;18895488888;10240;10228
3606;18805839000;18612177777;18812177777;10240;10228
3607;18805847000;18612177777;18812177777;10240;10228
3630;18839200000;18737122222;18937122222;10240;10228
3631;18839213000;18737122222;18937122222;10240;10228
3633;18839442000;18737122222;18937122222;10240;10228
3634;18839453000;18737122222;18937122222;10240;10228
3635;18839700000;18737122222;18937122222;10240;10228
3636;18839713000;18737122222;18937122222;10240;10228
3637;18839943000;18737122222;18937122222;10240;10228
3638;18839957000;18737122222;18937122222;10240;10228
3639;18840190000;18737122222;18937122222;10240;10228
3640;18840200000;18737122222;18937122222;10240;10228
3610;18845594000;18653788888;18853788888;10240;10228
3641;18880559000;18778777777;18978777777;10240;10228
3642;18880759000;18778777777;18978777777;10240;10228
3643;18880780000;18778777777;18978777777;10240;10228
3644;18880980000;18778777777;18978777777;10240;10228
3645;18881203000;18778777777;18978777777;10240;10228
3646;18881212000;18778777777;18978777777;10240;10228
3647;18881393000;18778777777;18978777777;10240;10228
3648;18881401000;18778777777;18978777777;10240;10228
3649;18881537000;18778777777;18978777777;10240;10228
3650;18881782000;18778777777;18978777777;10240;10228
3652;18922213000;18820511111;19020511111;10240;10228
3653;18922444000;18820511111;19020511111;10240;10228
3654;18922455000;18820511111;19020511111;10240;10228
3655;18922623000;18820511111;19020511111;10240;10228
3656;18922834000;18820511111;19020511111;10240;10228
3657;18922856000;18820511111;19020511111;10240;10228
3658;18923060000;18820511111;19020511111;10240;10228
3659;18923081000;18820511111;19020511111;10240;10228
3660;18923277000;18820511111;19020511111;10240;10228
3661;18923467000;18820511111;19020511111;10240;10228
3662;18923476000;18820511111;19020511111;10240;10228
3663;18964292000;18862122222;19062122222;10240;10228
3664;18964312000;18862122222;19062122222;10240;10228
3665;18964537000;18862122222;19062122222;10240;10228
3667;18964557000;18862122222;19062122222;10240;10228
3668;18964788000;18862122222;19062122222;10240;10228
3669;18964808000;18862122222;19062122222;10240;10228
3670;18965031000;18862122222;19062122222;10240;10228
3671;18965052000;18862122222;19062122222;10240;10228
3672;18965195000;18862122222;19062122222;10240;10228
3673;18965202000;18862122222;19062122222;10240;10228
3674;19005594000;18903766666;19103766666;10240;10228
3675;19005811000;18903766666;19103766666;10240;10228
3676;19005823000;18903766666;19103766666;10240;10228
3677;19006029000;18903766666;19103766666;10240;10228
3678;19006232000;18903766666;19103766666;10240;10228
3679;19006252000;18903766666;19103766666;10240;10228
3680;19006432000;18903766666;19103766666;10240;10228
3681;19006441000;18903766666;19103766666;10240;10228
3682;19006647000;18903766666;19103766666;10240;10228
3683;19006655000;18903766666;19103766666;10240;10228
3684;19006868000;18903766666;19103766666;10240;10228
3651;19013107000;18778777777;18978777777;10240;10228
3685;19047562000;18945500000;19145500000;10240;10228
3687;19047574000;18945500000;19145500000;10240;10228
3688;19047812000;18945500000;19145500000;10240;10228
3689;19047829000;18945500000;19145500000;10240;10228
3690;19048060000;18945500000;19145500000;10240;10228
3691;19048075000;18945500000;19145500000;10240;10228
3692;19048316000;18945500000;19145500000;10240;10228
3693;19048323000;18945500000;19145500000;10240;10228
3694;19048557000;18945500000;19145500000;10240;10228
3695;19048573000;18945500000;19145500000;10240;10228
3666;19053930000;18862122222;19062122222;10240;10228
3696;19089199000;18987144444;19187144444;10240;10228
3697;19089208000;18987144444;19187144444;10240;10228
3698;19089442000;18987144444;19187144444;10240;10228
3699;19089450000;18987144444;19187144444;10240;10228
3700;19089698000;18987144444;19187144444;10240;10228
3701;19089713000;18987144444;19187144444;10240;10228
3702;19089950000;18987144444;19187144444;10240;10228
3703;19089964000;18987144444;19187144444;10240;10228
3704;19090202000;18987144444;19187144444;10240;10228
3705;19090211000;18987144444;19187144444;10240;10228
3706;19090452000;18987144444;19187144444;10240;10228
3707;19130556000;19028755555;19228755555;10240;10228
3708;19130758000;19028755555;19228755555;10240;10228
3709;19130769000;19028755555;19228755555;10240;10228
3710;19130961000;19028755555;19228755555;10240;10228
3713;19131200000;19028755555;19228755555;10240;10228
3716;19131209000;19028755555;19228755555;10240;10228
3717;19131389000;19028755555;19228755555;10240;10228
3718;19172612000;19070466666;19270466666;10240;10228
3719;19172632000;19070466666;19270466666;10240;10228
3720;19172869000;19070466666;19270466666;10240;10228
3721;19172888000;19070466666;19270466666;10240;10228
3726;19173071000;19070466666;19270466666;10240;10228
3727;19173080000;19070466666;19270466666;10240;10228
3728;19173338000;19070466666;19270466666;10240;10228
3729;19213884000;19112122222;19312122222;10240;10228
3730;19214086000;19112122222;19312122222;10240;10228
3731;19214290000;19112122222;19312122222;10240;10228
3732;19214311000;19112122222;19312122222;10240;10228
3733;19214467000;19112122222;19312122222;10240;10228
3734;19214474000;19112122222;19312122222;10240;10228
3736;19214696000;19112122222;19312122222;10240;10228
3737;19214710000;19112122222;19312122222;10240;10228
3738;19214903000;19112122222;19312122222;10240;10228
3739;19214918000;19112122222;19312122222;10240;10228
3711;19222123000;19028755555;19228755555;10240;10228
3712;19222129000;19028755555;19228755555;10240;10228
3714;19222402000;19028755555;19228755555;10240;10228
3715;19222630000;19028755555;19228755555;10240;10228
3740;19255914000;19153755555;19353755555;10240;10228
3741;19255922000;19153755555;19353755555;10240;10228
3742;19256157000;19153755555;19353755555;10240;10228
3743;19256163000;19153755555;19353755555;10240;10228
3744;19256416000;19153755555;19353755555;10240;10228
3745;19256422000;19153755555;19353755555;10240;10228
3746;19256662000;19153755555;19353755555;10240;10228
3747;19256677000;19153755555;19353755555;10240;10228
3748;19256914000;19153755555;19353755555;10240;10228
3749;19256928000;19153755555;19353755555;10240;10228
3750;19257167000;19153755555;19353755555;10240;10228
3722;19262597000;19070466666;19270466666;10240;10228
3723;19262610000;19070466666;19270466666;10240;10228
3724;19262801000;19070466666;19270466666;10240;10228
3725;19262814000;19070466666;19270466666;10240;10228
3751;19297213000;19195500000;19395500000;10240;10228
3752;19297414000;19195500000;19395500000;10240;10228
3753;19297617000;19195500000;19395500000;10240;10228
3754;19297643000;19195500000;19395500000;10240;10228
3755;19297820000;19195500000;19395500000;10240;10228
3756;19297837000;19195500000;19395500000;10240;10228
3757;19298029000;19195500000;19395500000;10240;10228
3758;19298054000;19195500000;19395500000;10240;10228
3759;19298233000;19195500000;19395500000;10240;10228
3760;19298439000;19195500000;19395500000;10240;10228
3761;19298455000;19195500000;19395500000;10240;10228
3735;19303794000;19112122222;19312122222;10240;10228
3762;19338848000;19237144444;19437144444;10240;10228
3763;19339055000;19237144444;19437144444;10240;10228
3764;19339258000;19237144444;19437144444;10240;10228
3765;19339275000;19237144444;19437144444;10240;10228
3766;19339463000;19237144444;19437144444;10240;10228
3767;19339478000;19237144444;19437144444;10240;10228
3768;19339665000;19237144444;19437144444;10240;10228
3771;19339671000;19237144444;19437144444;10240;10228
3772;19339870000;19237144444;19437144444;10240;10228
3773;19380585000;19278744444;19478744444;10240;10228
3774;19380775000;19278744444;19478744444;10240;10228
3775;19380796000;19278744444;19478744444;10240;10228
3776;19381009000;19278744444;19478744444;10240;10228
3777;19381200000;19278744444;19478744444;10240;10228
3778;19381221000;19278744444;19478744444;10240;10228
3779;19381402000;19278744444;19478744444;10240;10228
3780;19381412000;19278744444;19478744444;10240;10228
3781;19381561000;19278744444;19478744444;10240;10228
3782;19381794000;19278744444;19478744444;10240;10228
3783;19381804000;19278744444;19478744444;10240;10228
3784;19422558000;19320500000;19520500000;10240;10228
3785;19422571000;19320500000;19520500000;10240;10228
3786;19422785000;19320500000;19520500000;10240;10228
3787;19422801000;19320500000;19520500000;10240;10228
3788;19423071000;19320500000;19520500000;10240;10228
3789;19423087000;19320500000;19520500000;10240;10228
3790;19423321000;19320500000;19520500000;10240;10228
3791;19423331000;19320500000;19520500000;10240;10228
3792;19423579000;19320500000;19520500000;10240;10228
3793;19423590000;19320500000;19520500000;10240;10228
3794;19423597000;19320500000;19520500000;10240;10228
3769;19430654000;19237144444;19437144444;10240;10228
3770;19430900000;19237144444;19437144444;10240;10228
3795;19463934000;19362133333;19562133333;10240;10228
3796;19464152000;19362133333;19562133333;10240;10228
3797;19464171000;19362133333;19562133333;10240;10228
3798;19464377000;19362133333;19562133333;10240;10228
3799;19464528000;19362133333;19562133333;10240;10228
3800;19464548000;19362133333;19562133333;10240;10228
3801;19464767000;19362133333;19562133333;10240;10228
3802;19464788000;19362133333;19562133333;10240;10228
3803;19465004000;19362133333;19562133333;10240;10228
3804;19465196000;19362133333;19562133333;10240;10228
3805;19465216000;19362133333;19562133333;10240;10228
3806;19505933000;19403777777;19603777777;10240;10228
3807;19505947000;19403777777;19603777777;10240;10228
3808;19506175000;19403777777;19603777777;10240;10228
3809;19506186000;19403777777;19603777777;10240;10228
3810;19506422000;19403777777;19603777777;10240;10228
3811;19506432000;19403777777;19603777777;10240;10228
3812;19506679000;19403777777;19603777777;10240;10228
3813;19506694000;19403777777;19603777777;10240;10228
3814;19506935000;19403777777;19603777777;10240;10228
3815;19506949000;19403777777;19603777777;10240;10228
3816;19507185000;19403777777;19603777777;10240;10228
3817;19547223000;19445522222;19645522222;10240;10228
3818;19547455000;19445522222;19645522222;10240;10228
3819;19547466000;19445522222;19645522222;10240;10228
3820;19547617000;19445522222;19645522222;10240;10228
3821;19547863000;19445522222;19645522222;10240;10228
3822;19547884000;19445522222;19645522222;10240;10228
3823;19548085000;19445522222;19645522222;10240;10228
3824;19548105000;19445522222;19645522222;10240;10228
3826;19548290000;19445522222;19645522222;10240;10228
3827;19548315000;19445522222;19645522222;10240;10228
3828;19589219000;19487133333;19687133333;10240;10228
3829;19589235000;19487133333;19687133333;10240;10228
3830;19589492000;19487133333;19687133333;10240;10228
3831;19589502000;19487133333;19687133333;10240;10228
3832;19589759000;19487133333;19687133333;10240;10228
3833;19589773000;19487133333;19687133333;10240;10228
3834;19590009000;19487133333;19687133333;10240;10228
3835;19590029000;19487133333;19687133333;10240;10228
3836;19590272000;19487133333;19687133333;10240;10228
3837;19590281000;19487133333;19687133333;10240;10228
3838;19590290000;19487133333;19687133333;10240;10228
3839;19630866000;19528766666;19728766666;10240;10228
3840;19630882000;19528766666;19728766666;10240;10228
3841;19631105000;19528766666;19728766666;10240;10228
3842;19631120000;19528766666;19728766666;10240;10228
3843;19631355000;19528766666;19728766666;10240;10228
3844;19631364000;19528766666;19728766666;10240;10228
3845;19631591000;19528766666;19728766666;10240;10228
3846;19631610000;19528766666;19728766666;10240;10228
3847;19631832000;19528766666;19728766666;10240;10228
3848;19631850000;19528766666;19728766666;10240;10228
3849;19632111000;19528766666;19728766666;10240;10228
3825;19639297000;19445522222;19645522222;10240;10228
3850;19672625000;19570466666;19770466666;10240;10228
3851;19672643000;19570466666;19770466666;10240;10228
3852;19672833000;19570466666;19770466666;10240;10228
3853;19672845000;19570466666;19770466666;10240;10228
3854;19673082000;19570466666;19770466666;10240;10228
3855;19673095000;19570466666;19770466666;10240;10228
3856;19673330000;19570466666;19770466666;10240;10228
3857;19673340000;19570466666;19770466666;10240;10228
3858;19673577000;19570466666;19770466666;10240;10228
3859;19673588000;19570466666;19770466666;10240;10228
3860;19673840000;19570466666;19770466666;10240;10228
3861;19713910000;19612144444;19812144444;10240;10228
3862;19714103000;19612144444;19812144444;10240;10228
3863;19714127000;19612144444;19812144444;10240;10228
3864;19714347000;19612144444;19812144444;10240;10228
3865;19714542000;19612144444;19812144444;10240;10228
3866;19714560000;19612144444;19812144444;10240;10228
3867;19714723000;19612144444;19812144444;10240;10228
3868;19714742000;19612144444;19812144444;10240;10228
3869;19714938000;19612144444;19812144444;10240;10228
3870;19715143000;19612144444;19812144444;10240;10228
3871;19715163000;19612144444;19812144444;10240;10228
3872;19755884000;19653788888;19853788888;10240;10228
3873;19755897000;19653788888;19853788888;10240;10228
3874;19756127000;19653788888;19853788888;10240;10228
3876;19756145000;19653788888;19853788888;10240;10228
3877;19756372000;19653788888;19853788888;10240;10228
3878;19756382000;19653788888;19853788888;10240;10228
3879;19756628000;19653788888;19853788888;10240;10228
3880;19756642000;19653788888;19853788888;10240;10228
3881;19756882000;19653788888;19853788888;10240;10228
3882;19756897000;19653788888;19853788888;10240;10228
3883;19797543000;19695466666;19895466666;10240;10228
3884;19797558000;19695466666;19895466666;10240;10228
3885;19797810000;19695466666;19895466666;10240;10228
3886;19797826000;19695466666;19895466666;10240;10228
3887;19798061000;19695466666;19895466666;10240;10228
3888;19798076000;19695466666;19895466666;10240;10228
3889;19798301000;19695466666;19895466666;10240;10228
3890;19798311000;19695466666;19895466666;10240;10228
3892;19798615000;19695466666;19895466666;10240;10228
3893;19798627000;19695466666;19895466666;10240;10228
3895;19838893000;19737122222;19937122222;10240;10228
3896;19839127000;19737122222;19937122222;10240;10228
3897;19839372000;19737122222;19937122222;10240;10228
3898;19839382000;19737122222;19937122222;10240;10228
3899;19839500000;19737122222;19937122222;10240;10228
3900;19839509000;19737122222;19937122222;10240;10228
3901;19839747000;19737122222;19937122222;10240;10228
3902;19839755000;19737122222;19937122222;10240;10228
3903;19839974000;19737122222;19937122222;10240;10228
3904;19839992000;19737122222;19937122222;10240;10228
3905;19880649000;19778766666;19978766666;10240;10228
3906;19880802000;19778766666;19978766666;10240;10228
3907;19880813000;19778766666;19978766666;10240;10228
3908;19881006000;19778766666;19978766666;10240;10228
3909;19881230000;19778766666;19978766666;10240;10228
3910;19881249000;19778766666;19978766666;10240;10228
3911;19881435000;19778766666;19978766666;10240;10228
3912;19881446000;19778766666;19978766666;10240;10228
3913;19881629000;19778766666;19978766666;10240;10228
3914;19881656000;19778766666;19978766666;10240;10228
3915;19881859000;19778766666;19978766666;10240;10228
3891;19888189000;19695466666;19895466666;10240;10228
3916;19922539000;19820500000;20020500000;10240;10228
3917;19922555000;19820500000;20020500000;10240;10228
3918;19922784000;19820500000;20020500000;10240;10228
3919;19922800000;19820500000;20020500000;10240;10228
3920;19923029000;19820500000;20020500000;10240;10228
3921;19923043000;19820500000;20020500000;10240;10228
3922;19923269000;19820500000;20020500000;10240;10228
3924;19923279000;19820500000;20020500000;10240;10228
3925;19923533000;19820500000;20020500000;10240;10228
3926;19923542000;19820500000;20020500000;10240;10228
3894;19928115000;19737122222;19937122222;10240;10228
3927;19963923000;19862100000;20062100000;10240;10228
3928;19964143000;19862100000;20062100000;10240;10228
3929;19964354000;19862100000;20062100000;10240;10228
3931;19964366000;19862100000;20062100000;10240;10228
3932;19964500000;19862100000;20062100000;10240;10228
3933;19964510000;19862100000;20062100000;10240;10228
3934;19964745000;19862100000;20062100000;10240;10228
3935;19964755000;19862100000;20062100000;10240;10228
3936;19964943000;19862100000;20062100000;10240;10228
3937;19964962000;19862100000;20062100000;10240;10228
3938;20005622000;19903766666;20103766666;10240;10228
3939;20005805000;19903766666;20103766666;10240;10228
3940;20005829000;19903766666;20103766666;10240;10228
3941;20006041000;19903766666;20103766666;10240;10228
3942;20006230000;19903766666;20103766666;10240;10228
3943;20006248000;19903766666;20103766666;10240;10228
3944;20006438000;19903766666;20103766666;10240;10228
3945;20006446000;19903766666;20103766666;10240;10228
3946;20006626000;19903766666;20103766666;10240;10228
3947;20006850000;19903766666;20103766666;10240;10228
3948;20006870000;19903766666;20103766666;10240;10228
3949;20047243000;19945488888;20145488888;10240;10228
3950;20047446000;19945488888;20145488888;10240;10228
3951;20047458000;19945488888;20145488888;10240;10228
3952;20047668000;19945488888;20145488888;10240;10228
3953;20047868000;19945488888;20145488888;10240;10228
3954;20047887000;19945488888;20145488888;10240;10228
3955;20048089000;19945488888;20145488888;10240;10228
3956;20048107000;19945488888;20145488888;10240;10228
3958;20048291000;19945488888;20145488888;10240;10228
3959;20048300000;19945488888;20145488888;10240;10228
3930;20055427000;19862100000;20062100000;10240;10228
3960;20089199000;19987133333;20187133333;10240;10228
3961;20089214000;19987133333;20187133333;10240;10228
3962;20089442000;19987133333;20187133333;10240;10228
3963;20089452000;19987133333;20187133333;10240;10228
3964;20089698000;19987133333;20187133333;10240;10228
3965;20089711000;19987133333;20187133333;10240;10228
3966;20089947000;19987133333;20187133333;10240;10228
3967;20089960000;19987133333;20187133333;10240;10228
3968;20090195000;19987133333;20187133333;10240;10228
3970;20090203000;19987133333;20187133333;10240;10228
3971;20130918000;20028744444;20228744444;10240;10228
3972;20130930000;20028744444;20228744444;10240;10228
3973;20131165000;20028744444;20228744444;10240;10228
3974;20131184000;20028744444;20228744444;10240;10228
3975;20131410000;20028744444;20228744444;10240;10228
3976;20131429000;20028744444;20228744444;10240;10228
3977;20131617000;20028744444;20228744444;10240;10228
3978;20131627000;20028744444;20228744444;10240;10228
3979;20131867000;20028744444;20228744444;10240;10228
3980;20131881000;20028744444;20228744444;10240;10228
3981;20132162000;20028744444;20228744444;10240;10228
3957;20137547000;19945488888;20145488888;10240;10228
3982;20172242000;20070500000;20270500000;10240;10228
3983;20172471000;20070500000;20270500000;10240;10228
3984;20172480000;20070500000;20270500000;10240;10228
3985;20172655000;20070500000;20270500000;10240;10228
3986;20172863000;20070500000;20270500000;10240;10228
3987;20172873000;20070500000;20270500000;10240;10228
3988;20173088000;20070500000;20270500000;10240;10228
3989;20173108000;20070500000;20270500000;10240;10228
3990;20173290000;20070500000;20270500000;10240;10228
3991;20173432000;20070500000;20270500000;10240;10228
3992;20173443000;20070500000;20270500000;10240;10228
3994;20213919000;20112122222;20312122222;10240;10228
3995;20214155000;20112122222;20312122222;10240;10228
3996;20214176000;20112122222;20312122222;10240;10228
3997;20214369000;20112122222;20312122222;10240;10228
3998;20214560000;20112122222;20312122222;10240;10228
4002;20214580000;20112122222;20312122222;10240;10228
4003;20214741000;20112122222;20312122222;10240;10228
4004;20255620000;20153755555;20353755555;10240;10228
4005;20255808000;20153755555;20353755555;10240;10228
4006;20255818000;20153755555;20353755555;10240;10228
4007;20256039000;20153755555;20353755555;10240;10228
4008;20256239000;20153755555;20353755555;10240;10228
4009;20256259000;20153755555;20353755555;10240;10228
4010;20256439000;20153755555;20353755555;10240;10228
4011;20256451000;20153755555;20353755555;10240;10228
4013;20256617000;20153755555;20353755555;10240;10228
4014;20256624000;20153755555;20353755555;10240;10228
4015;20297239000;20195511111;20395511111;10240;10228
4016;20297471000;20195511111;20395511111;10240;10228
4017;20297482000;20195511111;20395511111;10240;10228
4018;20297658000;20195511111;20395511111;10240;10228
4019;20297864000;20195511111;20395511111;10240;10228
4020;20297875000;20195511111;20395511111;10240;10228
4021;20298091000;20195511111;20395511111;10240;10228
4022;20298110000;20195511111;20395511111;10240;10228
4023;20298292000;20195511111;20395511111;10240;10228
4024;20298434000;20195511111;20395511111;10240;10228
4025;20298448000;20195511111;20395511111;10240;10228
3993;20304415000;20112122222;20312122222;10240;10228
3999;20305155000;20112122222;20312122222;10240;10228
4000;20305167000;20112122222;20312122222;10240;10228
4001;20305406000;20112122222;20312122222;10240;10228
4026;20339197000;20237144444;20437144444;10240;10228
4027;20339212000;20237144444;20437144444;10240;10228
4028;20339443000;20237144444;20437144444;10240;10228
4029;20339453000;20237144444;20437144444;10240;10228
4030;20339700000;20237144444;20437144444;10240;10228
4031;20339713000;20237144444;20437144444;10240;10228
4032;20339946000;20237144444;20437144444;10240;10228
4033;20339959000;20237144444;20437144444;10240;10228
4034;20340193000;20237144444;20437144444;10240;10228
4035;20340203000;20237144444;20437144444;10240;10228
4036;20340452000;20237144444;20437144444;10240;10228
4012;20346054000;20153755555;20353755555;10240;10228
4037;20380862000;20278755555;20478755555;10240;10228
4038;20380876000;20278755555;20478755555;10240;10228
4039;20381106000;20278755555;20478755555;10240;10228
4040;20381120000;20278755555;20478755555;10240;10228
4041;20381353000;20278755555;20478755555;10240;10228
4042;20381365000;20278755555;20478755555;10240;10228
4043;20381608000;20278755555;20478755555;10240;10228
4044;20381622000;20278755555;20478755555;10240;10228
4045;20381865000;20278755555;20478755555;10240;10228
4046;20381878000;20278755555;20478755555;10240;10228
4047;20382097000;20278755555;20478755555;10240;10228
4048;20422255000;20320466666;20520466666;10240;10228
4049;20422454000;20320466666;20520466666;10240;10228
4050;20422465000;20320466666;20520466666;10240;10228
4051;20422616000;20320466666;20520466666;10240;10228
4053;20422820000;20320466666;20520466666;10240;10228
4054;20422840000;20320466666;20520466666;10240;10228
4055;20423088000;20320466666;20520466666;10240;10228
4057;20423109000;20320466666;20520466666;10240;10228
4058;20423290000;20320466666;20520466666;10240;10228
4059;20464226000;20362133333;20562133333;10240;10228
4060;20464249000;20362133333;20562133333;10240;10228
4061;20464466000;20362133333;20562133333;10240;10228
4062;20464475000;20362133333;20562133333;10240;10228
4063;20464728000;20362133333;20562133333;10240;10228
4064;20464741000;20362133333;20562133333;10240;10228
4065;20464970000;20362133333;20562133333;10240;10228
4066;20464984000;20362133333;20562133333;10240;10228
4069;20465215000;20362133333;20562133333;10240;10228
4070;20505911000;20403744444;20603744444;10240;10228
4072;20505924000;20403744444;20603744444;10240;10228
4073;20506161000;20403744444;20603744444;10240;10228
4074;20506181000;20403744444;20603744444;10240;10228
4075;20506421000;20403744444;20603744444;10240;10228
4076;20506431000;20403744444;20603744444;10240;10228
4077;20506615000;20403744444;20603744444;10240;10228
4078;20506624000;20403744444;20603744444;10240;10228
4079;20506913000;20403744444;20603744444;10240;10228
4080;20506926000;20403744444;20603744444;10240;10228
4052;20513440000;20320466666;20520466666;10240;10228
4056;20513928000;20320466666;20520466666;10240;10228
4081;20547557000;20445455555;20645455555;10240;10228
4082;20547573000;20445455555;20645455555;10240;10228
4083;20547801000;20445455555;20645455555;10240;10228
4084;20547818000;20445455555;20645455555;10240;10228
4085;20548051000;20445455555;20645455555;10240;10228
4086;20548067000;20445455555;20645455555;10240;10228
4087;20548292000;20445455555;20645455555;10240;10228
4088;20548303000;20445455555;20645455555;10240;10228
4090;20548545000;20445455555;20645455555;10240;10228
4091;20548556000;20445455555;20645455555;10240;10228
4067;20554160000;20362133333;20562133333;10240;10228
4068;20554179000;20362133333;20562133333;10240;10228
4092;20588912000;20487144444;20687144444;10240;10228
4093;20589114000;20487144444;20687144444;10240;10228
4094;20589138000;20487144444;20687144444;10240;10228
4095;20589342000;20487144444;20687144444;10240;10228
4096;20589557000;20487144444;20687144444;10240;10228
4097;20589575000;20487144444;20687144444;10240;10228
4098;20589740000;20487144444;20687144444;10240;10228
4099;20589749000;20487144444;20687144444;10240;10228
4100;20589958000;20487144444;20687144444;10240;10228
4101;20590157000;20487144444;20687144444;10240;10228
4102;20590178000;20487144444;20687144444;10240;10228
4103;20630562000;20528788888;20728788888;10240;10228
4104;20630777000;20528788888;20728788888;10240;10228
4105;20630800000;20528788888;20728788888;10240;10228
4106;20630979000;20528788888;20728788888;10240;10228
4107;20631206000;20528788888;20728788888;10240;10228
4108;20631224000;20528788888;20728788888;10240;10228
4109;20631410000;20528788888;20728788888;10240;10228
4110;20631419000;20528788888;20728788888;10240;10228
4111;20631617000;20528788888;20728788888;10240;10228
4112;20631799000;20528788888;20728788888;10240;10228
4113;20631820000;20528788888;20728788888;10240;10228
4114;20672572000;20570500000;20770500000;10240;10228
4115;20672586000;20570500000;20770500000;10240;10228
4116;20672816000;20570500000;20770500000;10240;10228
4117;20672830000;20570500000;20770500000;10240;10228
4118;20673060000;20570500000;20770500000;10240;10228
4119;20673074000;20570500000;20770500000;10240;10228
4120;20673302000;20570500000;20770500000;10240;10228
4121;20673311000;20570500000;20770500000;10240;10228
4122;20673555000;20570500000;20770500000;10240;10228
4123;20673565000;20570500000;20770500000;10240;10228
4124;20673819000;20570500000;20770500000;10240;10228
4125;20713918000;20612155555;20812155555;10240;10228
4126;20714119000;20612155555;20812155555;10240;10228
4127;20714138000;20612155555;20812155555;10240;10228
4128;20714285000;20612155555;20812155555;10240;10228
4129;20714488000;20612155555;20812155555;10240;10228
4130;20714492000;20612155555;20812155555;10240;10228
4131;20714734000;20612155555;20812155555;10240;10228
4132;20714754000;20612155555;20812155555;10240;10228
4133;20714974000;20612155555;20812155555;10240;10228
4134;20715156000;20612155555;20812155555;10240;10228
4135;20715176000;20612155555;20812155555;10240;10228
4136;20755907000;20653788888;20853788888;10240;10228
4137;20755921000;20653788888;20853788888;10240;10228
4139;20756149000;20653788888;20853788888;10240;10228
4140;20756179000;20653788888;20853788888;10240;10228
4142;20756398000;20653788888;20853788888;10240;10228
4143;20756410000;20653788888;20853788888;10240;10228
4144;20756653000;20653788888;20853788888;10240;10228
4145;20756668000;20653788888;20853788888;10240;10228
4146;20756908000;20653788888;20853788888;10240;10228
4147;20797217000;20695477777;20895477777;10240;10228
4148;20797417000;20695477777;20895477777;10240;10228
4149;20797617000;20695477777;20895477777;10240;10228
4151;20797632000;20695477777;20895477777;10240;10228
4152;20797822000;20695477777;20895477777;10240;10228
4153;20797837000;20695477777;20895477777;10240;10228
4154;20798029000;20695477777;20895477777;10240;10228
4155;20798051000;20695477777;20895477777;10240;10228
4156;20798233000;20695477777;20895477777;10240;10228
4157;20798248000;20695477777;20895477777;10240;10228
4158;20838845000;20737144444;20937144444;10240;10228
4159;20839049000;20737144444;20937144444;10240;10228
4160;20839255000;20737144444;20937144444;10240;10228
4161;20839273000;20737144444;20937144444;10240;10228
4162;20839461000;20737144444;20937144444;10240;10228
4163;20839480000;20737144444;20937144444;10240;10228
4164;20839662000;20737144444;20937144444;10240;10228
4165;20839676000;20737144444;20937144444;10240;10228
4166;20839870000;20737144444;20937144444;10240;10228
4167;20840074000;20737144444;20937144444;10240;10228
4168;20840090000;20737144444;20937144444;10240;10228
4169;20880909000;20778744444;20978744444;10240;10228
4170;20880923000;20778744444;20978744444;10240;10228
4171;20881119000;20778744444;20978744444;10240;10228
4172;20881128000;20778744444;20978744444;10240;10228
4173;20881374000;20778744444;20978744444;10240;10228
4174;20881382000;20778744444;20978744444;10240;10228
4175;20881632000;20778744444;20978744444;10240;10228
4176;20881646000;20778744444;20978744444;10240;10228
4177;20881889000;20778744444;20978744444;10240;10228
4178;20881902000;20778744444;20978744444;10240;10228
4179;20882120000;20778744444;20978744444;10240;10228
4180;20922560000;20820500000;21020500000;10240;10228
4181;20922574000;20820500000;21020500000;10240;10228
4182;20922804000;20820500000;21020500000;10240;10228
4183;20922830000;20820500000;21020500000;10240;10228
4184;20923039000;20820500000;21020500000;10240;10228
4185;20923058000;20820500000;21020500000;10240;10228
4186;20923291000;20820500000;21020500000;10240;10228
4187;20923308000;20820500000;21020500000;10240;10228
4188;20923568000;20820500000;21020500000;10240;10228
4189;20923577000;20820500000;21020500000;10240;10228
4190;20923807000;20820500000;21020500000;10240;10228
4191;20963917000;20862144444;21062144444;10240;10228
4192;20964117000;20862144444;21062144444;10240;10228
4193;20964127000;20862144444;21062144444;10240;10228
4194;20964342000;20862144444;21062144444;10240;10228
4195;20964484000;20862144444;21062144444;10240;10228
4196;20964495000;20862144444;21062144444;10240;10228
4197;20964732000;20862144444;21062144444;10240;10228
4198;20964752000;20862144444;21062144444;10240;10228
4199;20964970000;20862144444;21062144444;10240;10228
4200;20965154000;20862144444;21062144444;10240;10228
4201;20965175000;20862144444;21062144444;10240;10228
4202;21005662000;20903755555;21103755555;10240;10228
4203;21005812000;20903755555;21103755555;10240;10228
4204;21005821000;20903755555;21103755555;10240;10228
4205;21006014000;20903755555;21103755555;10240;10228
4206;21006230000;20903755555;21103755555;10240;10228
4207;21006250000;20903755555;21103755555;10240;10228
4209;21006439000;20903755555;21103755555;10240;10228
4210;21006452000;20903755555;21103755555;10240;10228
4211;21006628000;20903755555;21103755555;10240;10228
4213;21047195000;20945511111;21145511111;10240;10228
4214;21047383000;20945511111;21145511111;10240;10228
4215;21047592000;20945511111;21145511111;10240;10228
4216;21047608000;20945511111;21145511111;10240;10228
4217;21047796000;20945511111;21145511111;10240;10228
4218;21047813000;20945511111;21145511111;10240;10228
4219;21048005000;20945511111;21145511111;10240;10228
4220;21048024000;20945511111;21145511111;10240;10228
4221;21048208000;20945511111;21145511111;10240;10228
4222;21048412000;20945511111;21145511111;10240;10228
4223;21048433000;20945511111;21145511111;10240;10228
4224;21088845000;20987111111;21187111111;10240;10228
4225;21089067000;20987111111;21187111111;10240;10228
4226;21089254000;20987111111;21187111111;10240;10228
4227;21089271000;20987111111;21187111111;10240;10228
4228;21089458000;20987111111;21187111111;10240;10228
4229;21089476000;20987111111;21187111111;10240;10228
4230;21089661000;20987111111;21187111111;10240;10228
4231;21089676000;20987111111;21187111111;10240;10228
4232;21089867000;20987111111;21187111111;10240;10228
4233;21090073000;20987111111;21187111111;10240;10228
4234;21090089000;20987111111;21187111111;10240;10228
4208;21098034000;20903755555;21103755555;10240;10228
4212;21098542000;20903755555;21103755555;10240;10228
4235;21130546000;21028744444;21228744444;10240;10228
4236;21130754000;21028744444;21228744444;10240;10228
4237;21130773000;21028744444;21228744444;10240;10228
4238;21130960000;21028744444;21228744444;10240;10228
4239;21131149000;21028744444;21228744444;10240;10228
4240;21131155000;21028744444;21228744444;10240;10228
4241;21131366000;21028744444;21228744444;10240;10228
4242;21131382000;21028744444;21228744444;10240;10228
4243;21131506000;21028744444;21228744444;10240;10228
4244;21131737000;21028744444;21228744444;10240;10228
4245;21131756000;21028744444;21228744444;10240;10228
4246;21172562000;21070477777;21270477777;10240;10228
4247;21172575000;21070477777;21270477777;10240;10228
4248;21172807000;21070477777;21270477777;10240;10228
4249;21172819000;21070477777;21270477777;10240;10228
4250;21173052000;21070477777;21270477777;10240;10228
4251;21173065000;21070477777;21270477777;10240;10228
4252;21173301000;21070477777;21270477777;10240;10228
4253;21173320000;21070477777;21270477777;10240;10228
4254;21173566000;21070477777;21270477777;10240;10228
4255;21173577000;21070477777;21270477777;10240;10228
4256;21173806000;21070477777;21270477777;10240;10228
4257;21213903000;21112133333;21312133333;10240;10228
4258;21214114000;21112133333;21312133333;10240;10228
4259;21214138000;21112133333;21312133333;10240;10228
4260;21214285000;21112133333;21312133333;10240;10228
4261;21214489000;21112133333;21312133333;10240;10228
4262;21214494000;21112133333;21312133333;10240;10228
4263;21214734000;21112133333;21312133333;10240;10228
4264;21214755000;21112133333;21312133333;10240;10228
4265;21214971000;21112133333;21312133333;10240;10228
4266;21215169000;21112133333;21312133333;10240;10228
4267;21215178000;21112133333;21312133333;10240;10228
4268;21255903000;21153788888;21353788888;10240;10228
4269;21255916000;21153788888;21353788888;10240;10228
4270;21256150000;21153788888;21353788888;10240;10228
4271;21256163000;21153788888;21353788888;10240;10228
4272;21256387000;21153788888;21353788888;10240;10228
4273;21256396000;21153788888;21353788888;10240;10228
4274;21256641000;21153788888;21353788888;10240;10228
4275;21256655000;21153788888;21353788888;10240;10228
4276;21256913000;21153788888;21353788888;10240;10228
4277;21256927000;21153788888;21353788888;10240;10228
4278;21257103000;21153788888;21353788888;10240;10228
4279;21297526000;21195477777;21395477777;10240;10228
4280;21297538000;21195477777;21395477777;10240;10228
4281;21297803000;21195477777;21395477777;10240;10228
4282;21297816000;21195477777;21395477777;10240;10228
4283;21298058000;21195477777;21395477777;10240;10228
4284;21298070000;21195477777;21395477777;10240;10228
4285;21298307000;21195477777;21395477777;10240;10228
4286;21298326000;21195477777;21395477777;10240;10228
4287;21298607000;21195477777;21395477777;10240;10228
4288;21298618000;21195477777;21395477777;10240;10228
4289;21298631000;21195477777;21395477777;10240;10228
4290;21339224000;21237122222;21437122222;10240;10228
4291;21339236000;21237122222;21437122222;10240;10228
4292;21339488000;21237122222;21437122222;10240;10228
4293;21339497000;21237122222;21437122222;10240;10228
4295;21339758000;21237122222;21437122222;10240;10228
4296;21339788000;21237122222;21437122222;10240;10228
4297;21339961000;21237122222;21437122222;10240;10228
4298;21339970000;21237122222;21437122222;10240;10228
4299;21340207000;21237122222;21437122222;10240;10228
4301;21380580000;21278800000;21478800000;10240;10228
4302;21380790000;21278800000;21478800000;10240;10228
4303;21380801000;21278800000;21478800000;10240;10228
4304;21380993000;21278800000;21478800000;10240;10228
4305;21381231000;21278800000;21478800000;10240;10228
4306;21381239000;21278800000;21478800000;10240;10228
4307;21381423000;21278800000;21478800000;10240;10228
4308;21381440000;21278800000;21478800000;10240;10228
4309;21381605000;21278800000;21478800000;10240;10228
4310;21381814000;21278800000;21478800000;10240;10228
4311;21381824000;21278800000;21478800000;10240;10228
4312;21422562000;21320477777;21520477777;10240;10228
4313;21422576000;21320477777;21520477777;10240;10228
4314;21422811000;21320477777;21520477777;10240;10228
4316;21422825000;21320477777;21520477777;10240;10228
4317;21423057000;21320477777;21520477777;10240;10228
4318;21423070000;21320477777;21520477777;10240;10228
4319;21423300000;21320477777;21520477777;10240;10228
4320;21423309000;21320477777;21520477777;10240;10228
4321;21423619000;21320477777;21520477777;10240;10228
4322;21423637000;21320477777;21520477777;10240;10228
4323;21464225000;21362177777;21562177777;10240;10228
4324;21464238000;21362177777;21562177777;10240;10228
4325;21464468000;21362177777;21562177777;10240;10228
4326;21464477000;21362177777;21562177777;10240;10228
4327;21464723000;21362177777;21562177777;10240;10228
4328;21464738000;21362177777;21562177777;10240;10228
4329;21464969000;21362177777;21562177777;10240;10228
4330;21464985000;21362177777;21562177777;10240;10228
4331;21465208000;21362177777;21562177777;10240;10228
4332;21465219000;21362177777;21562177777;10240;10228
4333;21465465000;21362177777;21562177777;10240;10228
4300;21467957000;21237122222;21437122222;10240;10228
4334;21505898000;21403766666;21603766666;10240;10228
4335;21505913000;21403766666;21603766666;10240;10228
4336;21506158000;21403766666;21603766666;10240;10228
4337;21506175000;21403766666;21603766666;10240;10228
4338;21506401000;21403766666;21603766666;10240;10228
4339;21506411000;21403766666;21603766666;10240;10228
4340;21506653000;21403766666;21603766666;10240;10228
4341;21506668000;21403766666;21603766666;10240;10228
4342;21506915000;21403766666;21603766666;10240;10228
4343;21506927000;21403766666;21603766666;10240;10228
4344;21507164000;21403766666;21603766666;10240;10228
4345;21547251000;21445488888;21645488888;10240;10228
4346;21547454000;21445488888;21645488888;10240;10228
4347;21547476000;21445488888;21645488888;10240;10228
4348;21547615000;21445488888;21645488888;10240;10228
4349;21547817000;21445488888;21645488888;10240;10228
4350;21547822000;21445488888;21645488888;10240;10228
4351;21548064000;21445488888;21645488888;10240;10228
4352;21548084000;21445488888;21645488888;10240;10228
4353;21548303000;21445488888;21645488888;10240;10228
4354;21548491000;21445488888;21645488888;10240;10228
4355;21548502000;21445488888;21645488888;10240;10228
4356;21588915000;21487155555;21687155555;10240;10228
4357;21589116000;21487155555;21687155555;10240;10228
4358;21589135000;21487155555;21687155555;10240;10228
4359;21589360000;21487155555;21687155555;10240;10228
4360;21589547000;21487155555;21687155555;10240;10228
4361;21589569000;21487155555;21687155555;10240;10228
4362;21589731000;21487155555;21687155555;10240;10228
4363;21589751000;21487155555;21687155555;10240;10228
4364;21589945000;21487155555;21687155555;10240;10228
4365;21590152000;21487155555;21687155555;10240;10228
4366;21590172000;21487155555;21687155555;10240;10228
4368;21630560000;21528777777;21728777777;10240;10228
4369;21630771000;21528777777;21728777777;10240;10228
4370;21630781000;21528777777;21728777777;10240;10228
4371;21631003000;21528777777;21728777777;10240;10228
4372;21631194000;21528777777;21728777777;10240;10228
4373;21631214000;21528777777;21728777777;10240;10228
4374;21631394000;21528777777;21728777777;10240;10228
4375;21631405000;21528777777;21728777777;10240;10228
4376;21631545000;21528777777;21728777777;10240;10228
4377;21631822000;21528777777;21728777777;10240;10228
4378;21672537000;21570511111;21770511111;10240;10228
4379;21672552000;21570511111;21770511111;10240;10228
4380;21672775000;21570511111;21770511111;10240;10228
4381;21672790000;21570511111;21770511111;10240;10228
4382;21673029000;21570511111;21770511111;10240;10228
4383;21673041000;21570511111;21770511111;10240;10228
4384;21673263000;21570511111;21770511111;10240;10228
4385;21673272000;21570511111;21770511111;10240;10228
4386;21673556000;21570511111;21770511111;10240;10228
4387;21673574000;21570511111;21770511111;10240;10228
4388;21673779000;21570511111;21770511111;10240;10228
4389;21714208000;21612122222;21812122222;10240;10228
4390;21714221000;21612122222;21812122222;10240;10228
4392;21714485000;21612122222;21812122222;10240;10228
4393;21714495000;21612122222;21812122222;10240;10228
4394;21714752000;21612122222;21812122222;10240;10228
4397;21714766000;21612122222;21812122222;10240;10228
4398;21714960000;21612122222;21812122222;10240;10228
4399;21714968000;21612122222;21812122222;10240;10228
4400;21755909000;21653788888;21853788888;10240;10228
4401;21755922000;21653788888;21853788888;10240;10228
4402;21756150000;21653788888;21853788888;10240;10228
4403;21756160000;21653788888;21853788888;10240;10228
4404;21756408000;21653788888;21853788888;10240;10228
4406;21756426000;21653788888;21853788888;10240;10228
4407;21756652000;21653788888;21853788888;10240;10228
4408;21756666000;21653788888;21853788888;10240;10228
4409;21756909000;21653788888;21853788888;10240;10228
4410;21756925000;21653788888;21853788888;10240;10228
4413;21797247000;21695488888;21895488888;10240;10228
4414;21797455000;21695488888;21895488888;10240;10228
4415;21797476000;21695488888;21895488888;10240;10228
4416;21797664000;21695488888;21895488888;10240;10228
4417;21797872000;21695488888;21895488888;10240;10228
4418;21797883000;21695488888;21895488888;10240;10228
4419;21798102000;21695488888;21895488888;10240;10228
4391;21803728000;21612122222;21812122222;10240;10228
4395;21804334000;21612122222;21812122222;10240;10228
4396;21804345000;21612122222;21812122222;10240;10228
4422;21839195000;21737133333;21937133333;10240;10228
4423;21839210000;21737133333;21937133333;10240;10228
4424;21839437000;21737133333;21937133333;10240;10228
4425;21839446000;21737133333;21937133333;10240;10228
4426;21839693000;21737133333;21937133333;10240;10228
4427;21839706000;21737133333;21937133333;10240;10228
4428;21839942000;21737133333;21937133333;10240;10228
4429;21839955000;21737133333;21937133333;10240;10228
4430;21840190000;21737133333;21937133333;10240;10228
4431;21840199000;21737133333;21937133333;10240;10228
4432;21840437000;21737133333;21937133333;10240;10228
4433;21880910000;21778800000;21978800000;10240;10228
4434;21880924000;21778800000;21978800000;10240;10228
4436;21881154000;21778800000;21978800000;10240;10228
4437;21881177000;21778800000;21978800000;10240;10228
4438;21881412000;21778800000;21978800000;10240;10228
4439;21881442000;21778800000;21978800000;10240;10228
4440;21881659000;21778800000;21978800000;10240;10228
4441;21881672000;21778800000;21978800000;10240;10228
4442;21881906000;21778800000;21978800000;10240;10228
4443;21881916000;21778800000;21978800000;10240;10228
4444;21922242000;21820533333;22020533333;10240;10228
4445;21922407000;21820533333;22020533333;10240;10228
4446;21922647000;21820533333;22020533333;10240;10228
4447;21922656000;21820533333;22020533333;10240;10228
4448;21922859000;21820533333;22020533333;10240;10228
4449;21922869000;21820533333;22020533333;10240;10228
4450;21923025000;21820533333;22020533333;10240;10228
4451;21923054000;21820533333;22020533333;10240;10228
4452;21923302000;21820533333;22020533333;10240;10228
4453;21923494000;21820533333;22020533333;10240;10228
4454;21923502000;21820533333;22020533333;10240;10228
4420;21925745000;21695488888;21895488888;10240;10228
4421;21925757000;21695488888;21895488888;10240;10228
4455;21963908000;21862155555;22062155555;10240;10228
4456;21964126000;21862155555;22062155555;10240;10228
4457;21964353000;21862155555;22062155555;10240;10228
4458;21964361000;21862155555;22062155555;10240;10228
4459;21964547000;21862155555;22062155555;10240;10228
4460;21964566000;21862155555;22062155555;10240;10228
4461;21964731000;21862155555;22062155555;10240;10228
4462;21964741000;21862155555;22062155555;10240;10228
4463;21964951000;21862155555;22062155555;10240;10228
4464;21965156000;21862155555;22062155555;10240;10228
4465;21965175000;21862155555;22062155555;10240;10228
4435;21971412000;21778800000;21978800000;10240;10228
4466;22005660000;21903777777;22103777777;10240;10228
4467;22005807000;21903777777;22103777777;10240;10228
4468;22005828000;21903777777;22103777777;10240;10228
4469;22006039000;21903777777;22103777777;10240;10228
4472;22006196000;21903777777;22103777777;10240;10228
4474;22006216000;21903777777;22103777777;10240;10228
4475;22006433000;21903777777;22103777777;10240;10228
4476;22006443000;21903777777;22103777777;10240;10228
4477;22047179000;21945522222;22145522222;10240;10228
4478;22047414000;21945522222;22145522222;10240;10228
4479;22047439000;21945522222;22145522222;10240;10228
4480;22047627000;21945522222;22145522222;10240;10228
4481;22047856000;21945522222;22145522222;10240;10228
4482;22047865000;21945522222;22145522222;10240;10228
4483;22048063000;21945522222;22145522222;10240;10228
4484;22048072000;21945522222;22145522222;10240;10228
4485;22048270000;21945522222;22145522222;10240;10228
4486;22048457000;21945522222;22145522222;10240;10228
4487;22048467000;21945522222;22145522222;10240;10228
4488;22089236000;21987100000;22187100000;10240;10228
4489;22089250000;21987100000;22187100000;10240;10228
4490;22089481000;21987100000;22187100000;10240;10228
4491;22089490000;21987100000;22187100000;10240;10228
4492;22089732000;21987100000;22187100000;10240;10228
4493;22089745000;21987100000;22187100000;10240;10228
4494;22089983000;21987100000;22187100000;10240;10228
4496;22089996000;21987100000;22187100000;10240;10228
4498;22090230000;21987100000;22187100000;10240;10228
4499;22130914000;22028755555;22228755555;10240;10228
4500;22130929000;22028755555;22228755555;10240;10228
4501;22131175000;22028755555;22228755555;10240;10228
4502;22131185000;22028755555;22228755555;10240;10228
4503;22131414000;22028755555;22228755555;10240;10228
4504;22131432000;22028755555;22228755555;10240;10228
4505;22131640000;22028755555;22228755555;10240;10228
4506;22131649000;22028755555;22228755555;10240;10228
4507;22131901000;22028755555;22228755555;10240;10228
4508;22131918000;22028755555;22228755555;10240;10228
4509;22132165000;22028755555;22228755555;10240;10228
4510;22172552000;22070488888;22270488888;10240;10228
4511;22172567000;22070488888;22270488888;10240;10228
4512;22172796000;22070488888;22270488888;10240;10228
4513;22172825000;22070488888;22270488888;10240;10228
4514;22173047000;22070488888;22270488888;10240;10228
4515;22173061000;22070488888;22270488888;10240;10228
4516;22173287000;22070488888;22270488888;10240;10228
4517;22173297000;22070488888;22270488888;10240;10228
4518;22173541000;22070488888;22270488888;10240;10228
4519;22173551000;22070488888;22270488888;10240;10228
4520;22173799000;22070488888;22270488888;10240;10228
4497;22180373000;21987100000;22187100000;10240;10228
4521;22213917000;22112111111;22312111111;10240;10228
4522;22214111000;22112111111;22312111111;10240;10228
4523;22214132000;22112111111;22312111111;10240;10228
4524;22214337000;22112111111;22312111111;10240;10228
4525;22214547000;22112111111;22312111111;10240;10228
4526;22214566000;22112111111;22312111111;10240;10228
4527;22214732000;22112111111;22312111111;10240;10228
4528;22214752000;22112111111;22312111111;10240;10228
4529;22214945000;22112111111;22312111111;10240;10228
4530;22215154000;22112111111;22312111111;10240;10228
4531;22215172000;22112111111;22312111111;10240;10228
4532;22255901000;22153755555;22353755555;10240;10228
4533;22255914000;22153755555;22353755555;10240;10228
4534;22256138000;22153755555;22353755555;10240;10228
4535;22256160000;22153755555;22353755555;10240;10228
4536;22256388000;22153755555;22353755555;10240;10228
4537;22256397000;22153755555;22353755555;10240;10228
4538;22256649000;22153755555;22353755555;10240;10228
4539;22256662000;22153755555;22353755555;10240;10228
4540;22256900000;22153755555;22353755555;10240;10228
4541;22256913000;22153755555;22353755555;10240;10228
4542;22257138000;22153755555;22353755555;10240;10228
4543;22297244000;22195511111;22395511111;10240;10228
4544;22297473000;22195511111;22395511111;10240;10228
4545;22297484000;22195511111;22395511111;10240;10228
4546;22297676000;22195511111;22395511111;10240;10228
4547;22297886000;22195511111;22395511111;10240;10228
4548;22297904000;22195511111;22395511111;10240;10228
4549;22298112000;22195511111;22395511111;10240;10228
4550;22298121000;22195511111;22395511111;10240;10228
4551;22298298000;22195511111;22395511111;10240;10228
4552;22298453000;22195511111;22395511111;10240;10228
4553;22298464000;22195511111;22395511111;10240;10228
4554;22338903000;22237155555;22437155555;10240;10228
4555;22339085000;22237155555;22437155555;10240;10228
4556;22339293000;22237155555;22437155555;10240;10228
4557;22339308000;22237155555;22437155555;10240;10228
4558;22339497000;22237155555;22437155555;10240;10228
4559;22339520000;22237155555;22437155555;10240;10228
4560;22339699000;22237155555;22437155555;10240;10228
4561;22339704000;22237155555;22437155555;10240;10228
4562;22339903000;22237155555;22437155555;10240;10228
4563;22340111000;22237155555;22437155555;10240;10228
4564;22340135000;22237155555;22437155555;10240;10228
4565;22380519000;22278766666;22478766666;10240;10228
4566;22380714000;22278766666;22478766666;10240;10228
4567;22380919000;22278766666;22478766666;10240;10228
4568;22380925000;22278766666;22478766666;10240;10228
4569;22381128000;22278766666;22478766666;10240;10228
4570;22381143000;22278766666;22478766666;10240;10228
4571;22381333000;22278766666;22478766666;10240;10228
4572;22381348000;22278766666;22478766666;10240;10228
4573;22381510000;22278766666;22478766666;10240;10228
4574;22381738000;22278766666;22478766666;10240;10228
4575;22381752000;22278766666;22478766666;10240;10228
4576;22422581000;22320455555;22520455555;10240;10228
4577;22422594000;22320455555;22520455555;10240;10228
4578;22422824000;22320455555;22520455555;10240;10228
4579;22422836000;22320455555;22520455555;10240;10228
4580;22423080000;22320455555;22520455555;10240;10228
4581;22423091000;22320455555;22520455555;10240;10228
4582;22423324000;22320455555;22520455555;10240;10228
4583;22423333000;22320455555;22520455555;10240;10228
4584;22423622000;22320455555;22520455555;10240;10228
4585;22423640000;22320455555;22520455555;10240;10228
4586;22423834000;22320455555;22520455555;10240;10228
4587;22463929000;22362122222;22562122222;10240;10228
4589;22464126000;22362122222;22562122222;10240;10228
4590;22464149000;22362122222;22562122222;10240;10228
4591;22464353000;22362122222;22562122222;10240;10228
4592;22464560000;22362122222;22562122222;10240;10228
4593;22464579000;22362122222;22562122222;10240;10228
4594;22464749000;22362122222;22562122222;10240;10228
4595;22464758000;22362122222;22562122222;10240;10228
4596;22464971000;22362122222;22562122222;10240;10228
4597;22464989000;22362122222;22562122222;10240;10228
4599;22505917000;22403755555;22603755555;10240;10228
4600;22505932000;22403755555;22603755555;10240;10228
4601;22506157000;22403755555;22603755555;10240;10228
4602;22506166000;22403755555;22603755555;10240;10228
4603;22506410000;22403755555;22603755555;10240;10228
4604;22506419000;22403755555;22603755555;10240;10228
4605;22506659000;22403755555;22603755555;10240;10228
4606;22506673000;22403755555;22603755555;10240;10228
4607;22506916000;22403755555;22603755555;10240;10228
4609;22547533000;22445466666;22645466666;10240;10228
4610;22547547000;22445466666;22645466666;10240;10228
4611;22547774000;22445466666;22645466666;10240;10228
4612;22547787000;22445466666;22645466666;10240;10228
4613;22548024000;22445466666;22645466666;10240;10228
4614;22548036000;22445466666;22645466666;10240;10228
4616;22548258000;22445466666;22645466666;10240;10228
4617;22548269000;22445466666;22645466666;10240;10228
4618;22548534000;22445466666;22645466666;10240;10228
4619;22548545000;22445466666;22645466666;10240;10228
4620;22588904000;22487066666;22687066666;10240;10228
4621;22589108000;22487066666;22687066666;10240;10228
4622;22589118000;22487066666;22687066666;10240;10228
4623;22589336000;22487066666;22687066666;10240;10228
4624;22589546000;22487066666;22687066666;10240;10228
4625;22589567000;22487066666;22687066666;10240;10228
4627;22589728000;22487066666;22687066666;10240;10228
4628;22589739000;22487066666;22687066666;10240;10228
4629;22589949000;22487066666;22687066666;10240;10228
4598;22596070000;22403755555;22603755555;10240;10228
4608;22597304000;22403755555;22603755555;10240;10228
4631;22630921000;22528755555;22728755555;10240;10228
4632;22630935000;22528755555;22728755555;10240;10228
4633;22631167000;22528755555;22728755555;10240;10228
4634;22631181000;22528755555;22728755555;10240;10228
4635;22631406000;22528755555;22728755555;10240;10228
4636;22631417000;22528755555;22728755555;10240;10228
4637;22631663000;22528755555;22728755555;10240;10228
4638;22631678000;22528755555;22728755555;10240;10228
4639;22631914000;22528755555;22728755555;10240;10228
4640;22631925000;22528755555;22728755555;10240;10228
4641;22632161000;22528755555;22728755555;10240;10228
4615;22637635000;22445466666;22645466666;10240;10228
4642;22672210000;22570500000;22770500000;10240;10228
4643;22672438000;22570500000;22770500000;10240;10228
4644;22672461000;22570500000;22770500000;10240;10228
4645;22672621000;22570500000;22770500000;10240;10228
4646;22672833000;22570500000;22770500000;10240;10228
4647;22672843000;22570500000;22770500000;10240;10228
4648;22673058000;22570500000;22770500000;10240;10228
4649;22673076000;22570500000;22770500000;10240;10228
4650;22673274000;22570500000;22770500000;10240;10228
4651;22673461000;22570500000;22770500000;10240;10228
4652;22673471000;22570500000;22770500000;10240;10228
4653;22714196000;22612133333;22812133333;10240;10228
4654;22714211000;22612133333;22812133333;10240;10228
4655;22714439000;22612133333;22812133333;10240;10228
4656;22714452000;22612133333;22812133333;10240;10228
4657;22714686000;22612133333;22812133333;10240;10228
4658;22714696000;22612133333;22812133333;10240;10228
4659;22714941000;22612133333;22812133333;10240;10228
4660;22714955000;22612133333;22812133333;10240;10228
4661;22715192000;22612133333;22812133333;10240;10228
4662;22715206000;22612133333;22812133333;10240;10228
4663;22715438000;22612133333;22812133333;10240;10228
4630;22718331000;22487066666;22687066666;10240;10228
4664;22755898000;22653744444;22853744444;10240;10228
4665;22755911000;22653744444;22853744444;10240;10228
4666;22756140000;22653744444;22853744444;10240;10228
4667;22756149000;22653744444;22853744444;10240;10228
4668;22756387000;22653744444;22853744444;10240;10228
4669;22756396000;22653744444;22853744444;10240;10228
4670;22756641000;22653744444;22853744444;10240;10228
4671;22756655000;22653744444;22853744444;10240;10228
4672;22756898000;22653744444;22853744444;10240;10228
4673;22756912000;22653744444;22853744444;10240;10228
4674;22757138000;22653744444;22853744444;10240;10228
4675;22797248000;22695466666;22895466666;10240;10228
4676;22797448000;22695466666;22895466666;10240;10228
4677;22797472000;22695466666;22895466666;10240;10228
4678;22797650000;22695466666;22895466666;10240;10228
4679;22797866000;22695466666;22895466666;10240;10228
4680;22797885000;22695466666;22895466666;10240;10228
4681;22798080000;22695466666;22895466666;10240;10228
4682;22798101000;22695466666;22895466666;10240;10228
4683;22798297000;22695466666;22895466666;10240;10228
4684;22798491000;22695466666;22895466666;10240;10228
4685;22798500000;22695466666;22895466666;10240;10228
4686;22838915000;22737111111;22937111111;10240;10228
4687;22839108000;22737111111;22937111111;10240;10228
4688;22839128000;22737111111;22937111111;10240;10228
4689;22839336000;22737111111;22937111111;10240;10228
4690;22839548000;22737111111;22937111111;10240;10228
4691;22839566000;22737111111;22937111111;10240;10228
4693;22839730000;22737111111;22937111111;10240;10228
4694;22839742000;22737111111;22937111111;10240;10228
4695;22839954000;22737111111;22937111111;10240;10228
4696;22839974000;22737111111;22937111111;10240;10228
4697;22880548000;22778777777;22978777777;10240;10228
4698;22880755000;22778777777;22978777777;10240;10228
4699;22880764000;22778777777;22978777777;10240;10228
4700;22880991000;22778777777;22978777777;10240;10228
4702;22881182000;22778777777;22978777777;10240;10228
4703;22881203000;22778777777;22978777777;10240;10228
4704;22881384000;22778777777;22978777777;10240;10228
4705;22881395000;22778777777;22978777777;10240;10228
4706;22881532000;22778777777;22978777777;10240;10228
4707;22881776000;22778777777;22978777777;10240;10228
4708;22922237000;22820477777;23020477777;10240;10228
4709;22922465000;22820477777;23020477777;10240;10228
4710;22922475000;22820477777;23020477777;10240;10228
4711;22922649000;22820477777;23020477777;10240;10228
4712;22922851000;22820477777;23020477777;10240;10228
4713;22922856000;22820477777;23020477777;10240;10228
4714;22923061000;22820477777;23020477777;10240;10228
4715;22923079000;22820477777;23020477777;10240;10228
4716;22923264000;22820477777;23020477777;10240;10228
4717;22923426000;22820477777;23020477777;10240;10228
4718;22923437000;22820477777;23020477777;10240;10228
4720;22963916000;22862133333;23062133333;10240;10228
4721;22964125000;22862133333;23062133333;10240;10228
4722;22964323000;22862133333;23062133333;10240;10228
4723;22964334000;22862133333;23062133333;10240;10228
4724;22964494000;22862133333;23062133333;10240;10228
4725;22964504000;22862133333;23062133333;10240;10228
4726;22964744000;22862133333;23062133333;10240;10228
4727;22964752000;22862133333;23062133333;10240;10228
4728;22964964000;22862133333;23062133333;10240;10228
4730;23005905000;22903755555;23103755555;10240;10228
4731;23005920000;22903755555;23103755555;10240;10228
4732;23006140000;22903755555;23103755555;10240;10228
4733;23006151000;22903755555;23103755555;10240;10228
4734;23006394000;22903755555;23103755555;10240;10228
4735;23006404000;22903755555;23103755555;10240;10228
4736;23006650000;22903755555;23103755555;10240;10228
4737;23006665000;22903755555;23103755555;10240;10228
4738;23006906000;22903755555;23103755555;10240;10228
4741;23047239000;22945488888;23145488888;10240;10228
4742;23047444000;22945488888;23145488888;10240;10228
4743;23047466000;22945488888;23145488888;10240;10228
4744;23047653000;22945488888;23145488888;10240;10228
4745;23047858000;22945488888;23145488888;10240;10228
4746;23047879000;22945488888;23145488888;10240;10228
4747;23048085000;22945488888;23145488888;10240;10228
4748;23048105000;22945488888;23145488888;10240;10228
4749;23048284000;22945488888;23145488888;10240;10228
4750;23048428000;22945488888;23145488888;10240;10228
4751;23048438000;22945488888;23145488888;10240;10228
4719;23053736000;22862133333;23062133333;10240;10228
4729;23054750000;22862133333;23062133333;10240;10228
4753;23089236000;22987166666;23187166666;10240;10228
4754;23089253000;22987166666;23187166666;10240;10228
4755;23089478000;22987166666;23187166666;10240;10228
4756;23089489000;22987166666;23187166666;10240;10228
4757;23089730000;22987166666;23187166666;10240;10228
4758;23089745000;22987166666;23187166666;10240;10228
4759;23089982000;22987166666;23187166666;10240;10228
4760;23089997000;22987166666;23187166666;10240;10228
4761;23090229000;22987166666;23187166666;10240;10228
4762;23090240000;22987166666;23187166666;10240;10228
4763;23130554000;23028811111;23228811111;10240;10228
4764;23130750000;23028811111;23228811111;10240;10228
4765;23130773000;23028811111;23228811111;10240;10228
4766;23130972000;23028811111;23228811111;10240;10228
4767;23131176000;23028811111;23228811111;10240;10228
4768;23131181000;23028811111;23228811111;10240;10228
4769;23131350000;23028811111;23228811111;10240;10228
4770;23131354000;23028811111;23228811111;10240;10228
4771;23131537000;23028811111;23228811111;10240;10228
4772;23131800000;23028811111;23228811111;10240;10228
4773;23131810000;23028811111;23228811111;10240;10228
4739;23134649000;22903755555;23103755555;10240;10228
4740;23134858000;22903755555;23103755555;10240;10228
4774;23172560000;23070500000;23270500000;10240;10228
4775;23172575000;23070500000;23270500000;10240;10228
4776;23172803000;23070500000;23270500000;10240;10228
4777;23172817000;23070500000;23270500000;10240;10228
4778;23173054000;23070500000;23270500000;10240;10228
4779;23173068000;23070500000;23270500000;10240;10228
4782;23173300000;23070500000;23270500000;10240;10228
4783;23173320000;23070500000;23270500000;10240;10228
4784;23173549000;23070500000;23270500000;10240;10228
4785;23213875000;23112144444;23312144444;10240;10228
4786;23214105000;23112144444;23312144444;10240;10228
4787;23214136000;23112144444;23312144444;10240;10228
4788;23214323000;23112144444;23312144444;10240;10228
4789;23214521000;23112144444;23312144444;10240;10228
4790;23214542000;23112144444;23312144444;10240;10228
4791;23214698000;23112144444;23312144444;10240;10228
4792;23214709000;23112144444;23312144444;10240;10228
4793;23214921000;23112144444;23312144444;10240;10228
4796;23255905000;23153744444;23353744444;10240;10228
4798;23255922000;23153744444;23353744444;10240;10228
4799;23256152000;23153744444;23353744444;10240;10228
4800;23256164000;23153744444;23353744444;10240;10228
4801;23256406000;23153744444;23353744444;10240;10228
4802;23256426000;23153744444;23353744444;10240;10228
4803;23256651000;23153744444;23353744444;10240;10228
4804;23256666000;23153744444;23353744444;10240;10228
4805;23256910000;23153744444;23353744444;10240;10228
4806;23256924000;23153744444;23353744444;10240;10228
4780;23262616000;23070500000;23270500000;10240;10228
4781;23262634000;23070500000;23270500000;10240;10228
4807;23297211000;23195511111;23395511111;10240;10228
4808;23297435000;23195511111;23395511111;10240;10228
4809;23297446000;23195511111;23395511111;10240;10228
4810;23297627000;23195511111;23395511111;10240;10228
4811;23297834000;23195511111;23395511111;10240;10228
4812;23297843000;23195511111;23395511111;10240;10228
4813;23298055000;23195511111;23395511111;10240;10228
4814;23298073000;23195511111;23395511111;10240;10228
4815;23298254000;23195511111;23395511111;10240;10228
4816;23298424000;23195511111;23395511111;10240;10228
4817;23298434000;23195511111;23395511111;10240;10228
4818;23339211000;23237144444;23437144444;10240;10228
4819;23339224000;23237144444;23437144444;10240;10228
4820;23339453000;23237144444;23437144444;10240;10228
4821;23339464000;23237144444;23437144444;10240;10228
4822;23339705000;23237144444;23437144444;10240;10228
4823;23339723000;23237144444;23437144444;10240;10228
4824;23339943000;23237144444;23437144444;10240;10228
4825;23339952000;23237144444;23437144444;10240;10228
4826;23340212000;23237144444;23437144444;10240;10228
4827;23340231000;23237144444;23437144444;10240;10228
4828;23340459000;23237144444;23437144444;10240;10228
4794;23343412000;23112144444;23312144444;10240;10228
4795;23343425000;23112144444;23312144444;10240;10228
4829;23380912000;23278777777;23478777777;10240;10228
4830;23380925000;23278777777;23478777777;10240;10228
4831;23381149000;23278777777;23478777777;10240;10228
4832;23381158000;23278777777;23478777777;10240;10228
4833;23381392000;23278777777;23478777777;10240;10228
4834;23381400000;23278777777;23478777777;10240;10228
4835;23381665000;23278777777;23478777777;10240;10228
4836;23381677000;23278777777;23478777777;10240;10228
4838;23381912000;23278777777;23478777777;10240;10228
4839;23381925000;23278777777;23478777777;10240;10228
4840;23422237000;23320522222;23520522222;10240;10228
4841;23422463000;23320522222;23520522222;10240;10228
4842;23422487000;23320522222;23520522222;10240;10228
4843;23422652000;23320522222;23520522222;10240;10228
4844;23422856000;23320522222;23520522222;10240;10228
4845;23422877000;23320522222;23520522222;10240;10228
4846;23423054000;23320522222;23520522222;10240;10228
4847;23423075000;23320522222;23520522222;10240;10228
4848;23423283000;23320522222;23520522222;10240;10228
4849;23423455000;23320522222;23520522222;10240;10228
4850;23423464000;23320522222;23520522222;10240;10228
4851;23463895000;23362155555;23562155555;10240;10228
4852;23464097000;23362155555;23562155555;10240;10228
4853;23464107000;23362155555;23562155555;10240;10228
4854;23464341000;23362155555;23562155555;10240;10228
4855;23464540000;23362155555;23562155555;10240;10228
4856;23464561000;23362155555;23562155555;10240;10228
4858;23464718000;23362155555;23562155555;10240;10228
4859;23464729000;23362155555;23562155555;10240;10228
4860;23464922000;23362155555;23562155555;10240;10228
4861;23464933000;23362155555;23562155555;10240;10228
4837;23471153000;23278777777;23478777777;10240;10228
4862;23505857000;23403777777;23603777777;10240;10228
4863;23505871000;23403777777;23603777777;10240;10228
4864;23506138000;23403777777;23603777777;10240;10228
4865;23506160000;23403777777;23603777777;10240;10228
4866;23506347000;23403777777;23603777777;10240;10228
4867;23506357000;23403777777;23603777777;10240;10228
4868;23506602000;23403777777;23603777777;10240;10228
4869;23506618000;23403777777;23603777777;10240;10228
4870;23506861000;23403777777;23603777777;10240;10228
4871;23506876000;23403777777;23603777777;10240;10228
4872;23507092000;23403777777;23603777777;10240;10228
4873;23547206000;23445488888;23645488888;10240;10228
4874;23547432000;23445488888;23645488888;10240;10228
4875;23547457000;23445488888;23645488888;10240;10228
4876;23547640000;23445488888;23645488888;10240;10228
4877;23547816000;23445488888;23645488888;10240;10228
4878;23547822000;23445488888;23645488888;10240;10228
4879;23548026000;23445488888;23645488888;10240;10228
4880;23548046000;23445488888;23645488888;10240;10228
4881;23548232000;23445488888;23645488888;10240;10228
4882;23548457000;23445488888;23645488888;10240;10228
4883;23548466000;23445488888;23645488888;10240;10228
4884;23589226000;23487122222;23687122222;10240;10228
4885;23589238000;23487122222;23687122222;10240;10228
4886;23589465000;23487122222;23687122222;10240;10228
4887;23589474000;23487122222;23687122222;10240;10228
4888;23589725000;23487122222;23687122222;10240;10228
4889;23589737000;23487122222;23687122222;10240;10228
4890;23589963000;23487122222;23687122222;10240;10228
4891;23589976000;23487122222;23687122222;10240;10228
4892;23590212000;23487122222;23687122222;10240;10228
4894;23590222000;23487122222;23687122222;10240;10228
4895;23630602000;23528788888;23728788888;10240;10228
4896;23630804000;23528788888;23728788888;10240;10228
4897;23630825000;23528788888;23728788888;10240;10228
4898;23631040000;23528788888;23728788888;10240;10228
4899;23631221000;23528788888;23728788888;10240;10228
4900;23631241000;23528788888;23728788888;10240;10228
4901;23631431000;23528788888;23728788888;10240;10228
4902;23631442000;23528788888;23728788888;10240;10228
4903;23631643000;23528788888;23728788888;10240;10228
4904;23631663000;23528788888;23728788888;10240;10228
4905;23631856000;23528788888;23728788888;10240;10228
4906;23672237000;23570522222;23770522222;10240;10228
4907;23672463000;23570522222;23770522222;10240;10228
4908;23672473000;23570522222;23770522222;10240;10228
4909;23672650000;23570522222;23770522222;10240;10228
4910;23672857000;23570522222;23770522222;10240;10228
4911;23672867000;23570522222;23770522222;10240;10228
4913;23673081000;23570522222;23770522222;10240;10228
4914;23673102000;23570522222;23770522222;10240;10228
4915;23673282000;23570522222;23770522222;10240;10228
4916;23673293000;23570522222;23770522222;10240;10228
4893;23679697000;23487122222;23687122222;10240;10228
4917;23714211000;23612166666;23812166666;10240;10228
4918;23714226000;23612166666;23812166666;10240;10228
4919;23714444000;23612166666;23812166666;10240;10228
4920;23714454000;23612166666;23812166666;10240;10228
4921;23714703000;23612166666;23812166666;10240;10228
4922;23714718000;23612166666;23812166666;10240;10228
4923;23714960000;23612166666;23812166666;10240;10228
4924;23714975000;23612166666;23812166666;10240;10228
4925;23715207000;23612166666;23812166666;10240;10228
4926;23715217000;23612166666;23812166666;10240;10228
4927;23715224000;23612166666;23812166666;10240;10228
4928;23755842000;23653800000;23853800000;10240;10228
4929;23755856000;23653800000;23853800000;10240;10228
4930;23756082000;23653800000;23853800000;10240;10228
4931;23756093000;23653800000;23853800000;10240;10228
4932;23756331000;23653800000;23853800000;10240;10228
4933;23756340000;23653800000;23853800000;10240;10228
4934;23756636000;23653800000;23853800000;10240;10228
4935;23756651000;23653800000;23853800000;10240;10228
4936;23756843000;23653800000;23853800000;10240;10228
4937;23756860000;23653800000;23853800000;10240;10228
4939;23797282000;23695466666;23895466666;10240;10228
4940;23797467000;23695466666;23895466666;10240;10228
4941;23797476000;23695466666;23895466666;10240;10228
4942;23797654000;23695466666;23895466666;10240;10228
4943;23797875000;23695466666;23895466666;10240;10228
4944;23797895000;23695466666;23895466666;10240;10228
4945;23798082000;23695466666;23895466666;10240;10228
4946;23798102000;23695466666;23895466666;10240;10228
4947;23798286000;23695466666;23895466666;10240;10228
4948;23798428000;23695466666;23895466666;10240;10228
4949;23798439000;23695466666;23895466666;10240;10228
4950;23839187000;23737144444;23937144444;10240;10228
4951;23839202000;23737144444;23937144444;10240;10228
4952;23839429000;23737144444;23937144444;10240;10228
4953;23839440000;23737144444;23937144444;10240;10228
4954;23839688000;23737144444;23937144444;10240;10228
4955;23839704000;23737144444;23937144444;10240;10228
4956;23839932000;23737144444;23937144444;10240;10228
4957;23839947000;23737144444;23937144444;10240;10228
4958;23840183000;23737144444;23937144444;10240;10228
4959;23840194000;23737144444;23937144444;10240;10228
4960;23840428000;23737144444;23937144444;10240;10228
4938;23847317000;23653800000;23853800000;10240;10228
4961;23880612000;23778788888;23978788888;10240;10228
4962;23880800000;23778788888;23978788888;10240;10228
4963;23880820000;23778788888;23978788888;10240;10228
4964;23881020000;23778788888;23978788888;10240;10228
4965;23881228000;23778788888;23978788888;10240;10228
4966;23881247000;23778788888;23978788888;10240;10228
4967;23881433000;23778788888;23978788888;10240;10228
4968;23881443000;23778788888;23978788888;10240;10228
4969;23881637000;23778788888;23978788888;10240;10228
4970;23881657000;23778788888;23978788888;10240;10228
4971;23881856000;23778788888;23978788888;10240;10228
4972;23922218000;23820522222;24020522222;10240;10228
4973;23922418000;23820522222;24020522222;10240;10228
4974;23922430000;23820522222;24020522222;10240;10228
4975;23922628000;23820522222;24020522222;10240;10228
4976;23922831000;23820522222;24020522222;10240;10228
4977;23922850000;23820522222;24020522222;10240;10228
4978;23923063000;23820522222;24020522222;10240;10228
4979;23923072000;23820522222;24020522222;10240;10228
4980;23923268000;23820522222;24020522222;10240;10228
4981;23923458000;23820522222;24020522222;10240;10228
4982;23923468000;23820522222;24020522222;10240;10228
4983;23963901000;23862155555;24062155555;10240;10228
4984;23964096000;23862155555;24062155555;10240;10228
4985;23964120000;23862155555;24062155555;10240;10228
4986;23964306000;23862155555;24062155555;10240;10228
4987;23964531000;23862155555;24062155555;10240;10228
4988;23964551000;23862155555;24062155555;10240;10228
4989;23964712000;23862155555;24062155555;10240;10228
4991;23964731000;23862155555;24062155555;10240;10228
4992;23964951000;23862155555;24062155555;10240;10228
4993;23964960000;23862155555;24062155555;10240;10228
4994;24005551000;23903777777;24103777777;10240;10228
4995;24005744000;23903777777;24103777777;10240;10228
4996;24005948000;23903777777;24103777777;10240;10228
4997;24005963000;23903777777;24103777777;10240;10228
4998;24006157000;23903777777;24103777777;10240;10228
4999;24006177000;23903777777;24103777777;10240;10228
5000;24006361000;23903777777;24103777777;10240;10228
5001;24006378000;23903777777;24103777777;10240;10228
5002;24006560000;23903777777;24103777777;10240;10228
5004;24006577000;23903777777;24103777777;10240;10228
5005;24047204000;23945500000;24145500000;10240;10228
5006;24047409000;23945500000;24145500000;10240;10228
5007;24047610000;23945500000;24145500000;10240;10228
5008;24047624000;23945500000;24145500000;10240;10228
5009;24047815000;23945500000;24145500000;10240;10228
5010;24047830000;23945500000;24145500000;10240;10228
5011;24048022000;23945500000;24145500000;10240;10228
5012;24048038000;23945500000;24145500000;10240;10228
5013;24048225000;23945500000;24145500000;10240;10228
5014;24048430000;23945500000;24145500000;10240;10228
5015;24048449000;23945500000;24145500000;10240;10228
4990;24055531000;23862155555;24062155555;10240;10228
5016;24088904000;23987200000;24187200000;10240;10228
5017;24089107000;23987200000;24187200000;10240;10228
5018;24089117000;23987200000;24187200000;10240;10228
5019;24089347000;23987200000;24187200000;10240;10228
5020;24089542000;23987200000;24187200000;10240;10228
5021;24089561000;23987200000;24187200000;10240;10228
5025;24089725000;23987200000;24187200000;10240;10228
5026;24089737000;23987200000;24187200000;10240;10228
5003;24096290000;23903777777;24103777777;10240;10228
5027;24130897000;24028777777;24228777777;10240;10228
5028;24130911000;24028777777;24228777777;10240;10228
5029;24131151000;24028777777;24228777777;10240;10228
5030;24131163000;24028777777;24228777777;10240;10228
5031;24131388000;24028777777;24228777777;10240;10228
5032;24131403000;24028777777;24228777777;10240;10228
5033;24131633000;24028777777;24228777777;10240;10228
5034;24131642000;24028777777;24228777777;10240;10228
5035;24131912000;24028777777;24228777777;10240;10228
5036;24131933000;24028777777;24228777777;10240;10228
5037;24132153000;24028777777;24228777777;10240;10228
5038;24172567000;24070511111;24270511111;10240;10228
5039;24172577000;24070511111;24270511111;10240;10228
5040;24172810000;24070511111;24270511111;10240;10228
5041;24172819000;24070511111;24270511111;10240;10228
5042;24173062000;24070511111;24270511111;10240;10228
5043;24173071000;24070511111;24270511111;10240;10228
5044;24173297000;24070511111;24270511111;10240;10228
5045;24173316000;24070511111;24270511111;10240;10228
5046;24173554000;24070511111;24270511111;10240;10228
5047;24173563000;24070511111;24270511111;10240;10228
5048;24173810000;24070511111;24270511111;10240;10228
5049;24214198000;24112133333;24312133333;10240;10228
5050;24214204000;24112133333;24312133333;10240;10228
5051;24214459000;24112133333;24312133333;10240;10228
5052;24214470000;24112133333;24312133333;10240;10228
5053;24214678000;24112133333;24312133333;10240;10228
5054;24214682000;24112133333;24312133333;10240;10228
5055;24214928000;24112133333;24312133333;10240;10228
5056;24214932000;24112133333;24312133333;10240;10228
5057;24215208000;24112133333;24312133333;10240;10228
5058;24215227000;24112133333;24312133333;10240;10228
5059;24215464000;24112133333;24312133333;10240;10228
5060;24255588000;24153766666;24353766666;10240;10228
5061;24255777000;24153766666;24353766666;10240;10228
5062;24255797000;24153766666;24353766666;10240;10228
5063;24255980000;24153766666;24353766666;10240;10228
5064;24256207000;24153766666;24353766666;10240;10228
5065;24256227000;24153766666;24353766666;10240;10228
5068;24256410000;24153766666;24353766666;10240;10228
5069;24256420000;24153766666;24353766666;10240;10228
5070;24256581000;24153766666;24353766666;10240;10228
5071;24297578000;24195522222;24395522222;10240;10228
5072;24297589000;24195522222;24395522222;10240;10228
5073;24297819000;24195522222;24395522222;10240;10228
5074;24297831000;24195522222;24395522222;10240;10228
5075;24298065000;24195522222;24395522222;10240;10228
5076;24298076000;24195522222;24395522222;10240;10228
5077;24298304000;24195522222;24395522222;10240;10228
5078;24298323000;24195522222;24395522222;10240;10228
5079;24298569000;24195522222;24395522222;10240;10228
5080;24298587000;24195522222;24395522222;10240;10228
5081;24298822000;24195522222;24395522222;10240;10228
5082;24339226000;24237144444;24437144444;10240;10228
5083;24339248000;24237144444;24437144444;10240;10228
5084;24339500000;24237144444;24437144444;10240;10228
5085;24339524000;24237144444;24437144444;10240;10228
5086;24339721000;24237144444;24437144444;10240;10228
5087;24339737000;24237144444;24437144444;10240;10228
5088;24339970000;24237144444;24437144444;10240;10228
5089;24340050000;24237144444;24437144444;10240;10228
5090;24340254000;24237144444;24437144444;10240;10228
5091;24340265000;24237144444;24437144444;10240;10228
5092;24340269000;24237144444;24437144444;10240;10228
5093;24380896000;24278788888;24478788888;10240;10228
5094;24380916000;24278788888;24478788888;10240;10228
5095;24381141000;24278788888;24478788888;10240;10228
5096;24381162000;24278788888;24478788888;10240;10228
5097;24381380000;24278788888;24478788888;10240;10228
5098;24381391000;24278788888;24478788888;10240;10228
5099;24381641000;24278788888;24478788888;10240;10228
5100;24381661000;24278788888;24478788888;10240;10228
5101;24381900000;24278788888;24478788888;10240;10228
5102;24381920000;24278788888;24478788888;10240;10228
5103;24382097000;24278788888;24478788888;10240;10228
5104;24422580000;24320500000;24520500000;10240;10228
5105;24422601000;24320500000;24520500000;10240;10228
5106;24422824000;24320500000;24520500000;10240;10228
5107;24422844000;24320500000;24520500000;10240;10228
5108;24423067000;24320500000;24520500000;10240;10228
5110;24423088000;24320500000;24520500000;10240;10228
5111;24423274000;24320500000;24520500000;10240;10228
5112;24423308000;24320500000;24520500000;10240;10228
5113;24423570000;24320500000;24520500000;10240;10228
5114;24423589000;24320500000;24520500000;10240;10228
5115;24464201000;24362144444;24562144444;10240;10228
5117;24464211000;24362144444;24562144444;10240;10228
5118;24464442000;24362144444;24562144444;10240;10228
5119;24464453000;24362144444;24562144444;10240;10228
5120;24464708000;24362144444;24562144444;10240;10228
5121;24464717000;24362144444;24562144444;10240;10228
5122;24464913000;24362144444;24562144444;10240;10228
5123;24464931000;24362144444;24562144444;10240;10228
5124;24465195000;24362144444;24562144444;10240;10228
5125;24465214000;24362144444;24562144444;10240;10228
5126;24505912000;24403755555;24603755555;10240;10228
5128;24505922000;24403755555;24603755555;10240;10228
5129;24506145000;24403755555;24603755555;10240;10228
5130;24506165000;24403755555;24603755555;10240;10228
5131;24506396000;24403755555;24603755555;10240;10228
5132;24506406000;24403755555;24603755555;10240;10228
5133;24506651000;24403755555;24603755555;10240;10228
5134;24506662000;24403755555;24603755555;10240;10228
5135;24506909000;24403755555;24603755555;10240;10228
5136;24506929000;24403755555;24603755555;10240;10228
5109;24512011000;24320500000;24520500000;10240;10228
5137;24547597000;24445466666;24645466666;10240;10228
5138;24547615000;24445466666;24645466666;10240;10228
5139;24547824000;24445466666;24645466666;10240;10228
5141;24547833000;24445466666;24645466666;10240;10228
5142;24548087000;24445466666;24645466666;10240;10228
5143;24548107000;24445466666;24645466666;10240;10228
5144;24548308000;24445466666;24645466666;10240;10228
5145;24548327000;24445466666;24645466666;10240;10228
5146;24548536000;24445466666;24645466666;10240;10228
5147;24548578000;24445466666;24645466666;10240;10228
5148;24588902000;24487177777;24687177777;10240;10228
5149;24589111000;24487177777;24687177777;10240;10228
5150;24589121000;24487177777;24687177777;10240;10228
5151;24589289000;24487177777;24687177777;10240;10228
5153;24589509000;24487177777;24687177777;10240;10228
5154;24589539000;24487177777;24687177777;10240;10228
5156;24589693000;24487177777;24687177777;10240;10228
5157;24589918000;24487177777;24687177777;10240;10228
5158;24589938000;24487177777;24687177777;10240;10228
5159;24630630000;24528777777;24728777777;10240;10228
5160;24630796000;24528777777;24728777777;10240;10228
5161;24630809000;24528777777;24728777777;10240;10228
5162;24630991000;24528777777;24728777777;10240;10228
5163;24631192000;24528777777;24728777777;10240;10228
5164;24631212000;24528777777;24728777777;10240;10228
5165;24631397000;24528777777;24728777777;10240;10228
5166;24631408000;24528777777;24728777777;10240;10228
5167;24631598000;24528777777;24728777777;10240;10228
5168;24631824000;24528777777;24728777777;10240;10228
5169;24631833000;24528777777;24728777777;10240;10228
5140;24638733000;24445466666;24645466666;10240;10228
5170;24672580000;24570500000;24770500000;10240;10228
5172;24672591000;24570500000;24770500000;10240;10228
5173;24672823000;24570500000;24770500000;10240;10228
5174;24672833000;24570500000;24770500000;10240;10228
5175;24673072000;24570500000;24770500000;10240;10228
5176;24673081000;24570500000;24770500000;10240;10228
5177;24673339000;24570500000;24770500000;10240;10228
5179;24673347000;24570500000;24770500000;10240;10228
5180;24673532000;24570500000;24770500000;10240;10228
5152;24679910000;24487177777;24687177777;10240;10228
5155;24680211000;24487177777;24687177777;10240;10228
5181;24714208000;24612155555;24812155555;10240;10228
5182;24714229000;24612155555;24812155555;10240;10228
5183;24714479000;24612155555;24812155555;10240;10228
5184;24714489000;24612155555;24812155555;10240;10228
5185;24714702000;24612155555;24812155555;10240;10228
5186;24714712000;24612155555;24812155555;10240;10228
5187;24714959000;24612155555;24812155555;10240;10228
5188;24714969000;24612155555;24812155555;10240;10228
5189;24715246000;24612155555;24812155555;10240;10228
5190;24715254000;24612155555;24812155555;10240;10228
5191;24715484000;24612155555;24812155555;10240;10228
5192;24755918000;24653755555;24853755555;10240;10228
5193;24755938000;24653755555;24853755555;10240;10228
5194;24756181000;24653755555;24853755555;10240;10228
5195;24756214000;24653755555;24853755555;10240;10228
5196;24756436000;24653755555;24853755555;10240;10228
5197;24756446000;24653755555;24853755555;10240;10228
5198;24756665000;24653755555;24853755555;10240;10228
5199;24756675000;24653755555;24853755555;10240;10228
5200;24756922000;24653755555;24853755555;10240;10228
5201;24756931000;24653755555;24853755555;10240;10228
5202;24757207000;24653755555;24853755555;10240;10228
5203;24797243000;24695488888;24895488888;10240;10228
5205;24797448000;24695488888;24895488888;10240;10228
5206;24797457000;24695488888;24895488888;10240;10228
5207;24797646000;24695488888;24895488888;10240;10228
5208;24797856000;24695488888;24895488888;10240;10228
5209;24797866000;24695488888;24895488888;10240;10228
5210;24798046000;24695488888;24895488888;10240;10228
5211;24798066000;24695488888;24895488888;10240;10228
5212;24798254000;24695488888;24895488888;10240;10228
5213;24798263000;24695488888;24895488888;10240;10228
5214;24839237000;24737133333;24937133333;10240;10228
5215;24839246000;24737133333;24937133333;10240;10228
5216;24839503000;24737133333;24937133333;10240;10228
5217;24839549000;24737133333;24937133333;10240;10228
5218;24839733000;24737133333;24937133333;10240;10228
5220;24839742000;24737133333;24937133333;10240;10228
5221;24839983000;24737133333;24937133333;10240;10228
5222;24839992000;24737133333;24937133333;10240;10228
5223;24840254000;24737133333;24937133333;10240;10228
5224;24840274000;24737133333;24937133333;10240;10228
5225;24880541000;24778777777;24978777777;10240;10228
5226;24880739000;24778777777;24978777777;10240;10228
5227;24880748000;24778777777;24978777777;10240;10228
5228;24880946000;24778777777;24978777777;10240;10228
5229;24881128000;24778777777;24978777777;10240;10228
5230;24881138000;24778777777;24978777777;10240;10228
5231;24881338000;24778777777;24978777777;10240;10228
5232;24881350000;24778777777;24978777777;10240;10228
5233;24881530000;24778777777;24978777777;10240;10228
5234;24881763000;24778777777;24978777777;10240;10228
5204;24887789000;24695488888;24895488888;10240;10228
5236;24922205000;24820488888;25020488888;10240;10228
5237;24922402000;24820488888;25020488888;10240;10228
5238;24922415000;24820488888;25020488888;10240;10228
5239;24922603000;24820488888;25020488888;10240;10228
5240;24922811000;24820488888;25020488888;10240;10228
5242;24922832000;24820488888;25020488888;10240;10228
5243;24923018000;24820488888;25020488888;10240;10228
5244;24923038000;24820488888;25020488888;10240;10228
5245;24923220000;24820488888;25020488888;10240;10228
5246;24923240000;24820488888;25020488888;10240;10228
5219;24928733000;24737133333;24937133333;10240;10228
5247;24963903000;24862122222;25062122222;10240;10228
5248;24964085000;24862122222;25062122222;10240;10228
5249;24964098000;24862122222;25062122222;10240;10228
5250;24964296000;24862122222;25062122222;10240;10228
5251;24964467000;24862122222;25062122222;10240;10228
5252;24964479000;24862122222;25062122222;10240;10228
5253;24964716000;24862122222;25062122222;10240;10228
5254;24964727000;24862122222;25062122222;10240;10228
5255;24964909000;24862122222;25062122222;10240;10228
5256;24965112000;24862122222;25062122222;10240;10228
5257;24965122000;24862122222;25062122222;10240;10228
5258;25005605000;24903766666;25103766666;10240;10228
5259;25005796000;24903766666;25103766666;10240;10228
5260;25005809000;24903766666;25103766666;10240;10228
5261;25006003000;24903766666;25103766666;10240;10228
5262;25006194000;24903766666;25103766666;10240;10228
5263;25006213000;24903766666;25103766666;10240;10228
5264;25006397000;24903766666;25103766666;10240;10228
5265;25006408000;24903766666;25103766666;10240;10228
5266;25006639000;24903766666;25103766666;10240;10228
5267;25006650000;24903766666;25103766666;10240;10228
5268;25006821000;24903766666;25103766666;10240;10228
5235;25009620000;24778777777;24978777777;10240;10228
5269;25047244000;24945511111;25145511111;10240;10228
5271;25047452000;24945511111;25145511111;10240;10228
5272;25047461000;24945511111;25145511111;10240;10228
5273;25047639000;24945511111;25145511111;10240;10228
5274;25047854000;24945511111;25145511111;10240;10228
5275;25047864000;24945511111;25145511111;10240;10228
5276;25048047000;24945511111;25145511111;10240;10228
5277;25048067000;24945511111;25145511111;10240;10228
5278;25048255000;24945511111;25145511111;10240;10228
5279;25048265000;24945511111;25145511111;10240;10228
5280;25088903000;24987166666;25187166666;10240;10228
5281;25089096000;24987166666;25187166666;10240;10228
5282;25089311000;24987166666;25187166666;10240;10228
5283;25089321000;24987166666;25187166666;10240;10228
5284;25089480000;24987166666;25187166666;10240;10228
5285;25089489000;24987166666;25187166666;10240;10228
5287;25089726000;24987166666;25187166666;10240;10228
5288;25089737000;24987166666;25187166666;10240;10228
5289;25089920000;24987166666;25187166666;10240;10228
5290;25089930000;24987166666;25187166666;10240;10228
5291;25130626000;25028788888;25228788888;10240;10228
5292;25130800000;25028788888;25228788888;10240;10228
5293;25130810000;25028788888;25228788888;10240;10228
5294;25130989000;25028788888;25228788888;10240;10228
5295;25131192000;25028788888;25228788888;10240;10228
5296;25131212000;25028788888;25228788888;10240;10228
5297;25131396000;25028788888;25228788888;10240;10228
5298;25131407000;25028788888;25228788888;10240;10228
5299;25131643000;25028788888;25228788888;10240;10228
5300;25131815000;25028788888;25228788888;10240;10228
5301;25131836000;25028788888;25228788888;10240;10228
5270;25136855000;24945511111;25145511111;10240;10228
5302;25172581000;25070511111;25270511111;10240;10228
5303;25172592000;25070511111;25270511111;10240;10228
5304;25172827000;25070511111;25270511111;10240;10228
5305;25172835000;25070511111;25270511111;10240;10228
5306;25173070000;25070511111;25270511111;10240;10228
5307;25173079000;25070511111;25270511111;10240;10228
5308;25173349000;25070511111;25270511111;10240;10228
5309;25173358000;25070511111;25270511111;10240;10228
5310;25173536000;25070511111;25270511111;10240;10228
5311;25173544000;25070511111;25270511111;10240;10228
5312;25173826000;25070511111;25270511111;10240;10228
5313;25213908000;25112144444;25312144444;10240;10228
5314;25214105000;25112144444;25312144444;10240;10228
5315;25214127000;25112144444;25312144444;10240;10228
5316;25214309000;25112144444;25312144444;10240;10228
5317;25214478000;25112144444;25312144444;10240;10228
5318;25214487000;25112144444;25312144444;10240;10228
5319;25214729000;25112144444;25312144444;10240;10228
5320;25214747000;25112144444;25312144444;10240;10228
5321;25214929000;25112144444;25312144444;10240;10228
5322;25215113000;25112144444;25312144444;10240;10228
5323;25215135000;25112144444;25312144444;10240;10228
5324;25255917000;25153766666;25353766666;10240;10228
5325;25255938000;25153766666;25353766666;10240;10228
5326;25256189000;25153766666;25353766666;10240;10228
5327;25256208000;25153766666;25353766666;10240;10228
5328;25256437000;25153766666;25353766666;10240;10228
5329;25256447000;25153766666;25353766666;10240;10228
5330;25256665000;25153766666;25353766666;10240;10228
5331;25256683000;25153766666;25353766666;10240;10228
5332;25256924000;25153766666;25353766666;10240;10228
5333;25256943000;25153766666;25353766666;10240;10228
5334;25257208000;25153766666;25353766666;10240;10228
5335;25297214000;25195500000;25395500000;10240;10228
5336;25297420000;25195500000;25395500000;10240;10228
5337;25297429000;25195500000;25395500000;10240;10228
5338;25297645000;25195500000;25395500000;10240;10228
5339;25297671000;25195500000;25395500000;10240;10228
5340;25297825000;25195500000;25395500000;10240;10228
5341;25298018000;25195500000;25395500000;10240;10228
5342;25298037000;25195500000;25395500000;10240;10228
5343;25298232000;25195500000;25395500000;10240;10228
5344;25298425000;25195500000;25395500000;10240;10228
5345;25298437000;25195500000;25395500000;10240;10228
5346;25339248000;25237111111;25437111111;10240;10228
5347;25339269000;25237111111;25437111111;10240;10228
5348;25339522000;25237111111;25437111111;10240;10228
5349;25339542000;25237111111;25437111111;10240;10228
5350;25339742000;25237111111;25437111111;10240;10228
5351;25339752000;25237111111;25437111111;10240;10228
5352;25340001000;25237111111;25437111111;10240;10228
5353;25340021000;25237111111;25437111111;10240;10228
5354;25340271000;25237111111;25437111111;10240;10228
5355;25340290000;25237111111;25437111111;10240;10228
5356;25340526000;25237111111;25437111111;10240;10228
5357;25380895000;25278788888;25478788888;10240;10228
5358;25380915000;25278788888;25478788888;10240;10228
5359;25381139000;25278788888;25478788888;10240;10228
5360;25381159000;25278788888;25478788888;10240;10228
5361;25381408000;25278788888;25478788888;10240;10228
5362;25381420000;25278788888;25478788888;10240;10228
5363;25381648000;25278788888;25478788888;10240;10228
5364;25381667000;25278788888;25478788888;10240;10228
5365;25381897000;25278788888;25478788888;10240;10228
5366;25381917000;25278788888;25478788888;10240;10228
5367;25382178000;25278788888;25478788888;10240;10228
5368;25422248000;25320500000;25520500000;10240;10228
5369;25422451000;25320500000;25520500000;10240;10228
5370;25422460000;25320500000;25520500000;10240;10228
5371;25422609000;25320500000;25520500000;10240;10228
5372;25422858000;25320500000;25520500000;10240;10228
5373;25422879000;25320500000;25520500000;10240;10228
5374;25423050000;25320500000;25520500000;10240;10228
5375;25423070000;25320500000;25520500000;10240;10228
5376;25423264000;25320500000;25520500000;10240;10228
5377;25423458000;25320500000;25520500000;10240;10228
5378;25423468000;25320500000;25520500000;10240;10228
5379;25463923000;25362144444;25562144444;10240;10228
5380;25464122000;25362144444;25562144444;10240;10228
5381;25464140000;25362144444;25562144444;10240;10228
5382;25464318000;25362144444;25562144444;10240;10228
5383;25464540000;25362144444;25562144444;10240;10228
5384;25464561000;25362144444;25562144444;10240;10228
5385;25464736000;25362144444;25562144444;10240;10228
5386;25464756000;25362144444;25562144444;10240;10228
5387;25464938000;25362144444;25562144444;10240;10228
5388;25465129000;25362144444;25562144444;10240;10228
5389;25465147000;25362144444;25562144444;10240;10228
5390;25505925000;25403766666;25603766666;10240;10228
5391;25505944000;25403766666;25603766666;10240;10228
5392;25506175000;25403766666;25603766666;10240;10228
5393;25506195000;25403766666;25603766666;10240;10228
5394;25506445000;25403766666;25603766666;10240;10228
5395;25506456000;25403766666;25603766666;10240;10228
5396;25506669000;25403766666;25603766666;10240;10228
5397;25506689000;25403766666;25603766666;10240;10228
5398;25506928000;25403766666;25603766666;10240;10228
5399;25506949000;25403766666;25603766666;10240;10228
5400;25507212000;25403766666;25603766666;10240;10228
5401;25547256000;25445488888;25645488888;10240;10228
5402;25547460000;25445488888;25645488888;10240;10228
5403;25547471000;25445488888;25645488888;10240;10228
5404;25547660000;25445488888;25645488888;10240;10228
5405;25547870000;25445488888;25645488888;10240;10228
5406;25547890000;25445488888;25645488888;10240;10228
5407;25548061000;25445488888;25645488888;10240;10228
5408;25548081000;25445488888;25645488888;10240;10228
5409;25548286000;25445488888;25645488888;10240;10228
5410;25548439000;25445488888;25645488888;10240;10228
5411;25548448000;25445488888;25645488888;10240;10228
5412;25589237000;25487200000;25687200000;10240;10228
5413;25589255000;25487200000;25687200000;10240;10228
5415;25589505000;25487200000;25687200000;10240;10228
5416;25589525000;25487200000;25687200000;10240;10228
5417;25589736000;25487200000;25687200000;10240;10228
5418;25589763000;25487200000;25687200000;10240;10228
5419;25589981000;25487200000;25687200000;10240;10228
5420;25590001000;25487200000;25687200000;10240;10228
5421;25590258000;25487200000;25687200000;10240;10228
5422;25590278000;25487200000;25687200000;10240;10228
5423;25630876000;25528800000;25728800000;10240;10228
5424;25630888000;25528800000;25728800000;10240;10228
5425;25631119000;25528800000;25728800000;10240;10228
5426;25631139000;25528800000;25728800000;10240;10228
5427;25631389000;25528800000;25728800000;10240;10228
5428;25631400000;25528800000;25728800000;10240;10228
5429;25631628000;25528800000;25728800000;10240;10228
5430;25631719000;25528800000;25728800000;10240;10228
5431;25631877000;25528800000;25728800000;10240;10228
5432;25631887000;25528800000;25728800000;10240;10228
5433;25632125000;25528800000;25728800000;10240;10228
5434;25672226000;25570477777;25770477777;10240;10228
5436;25672418000;25570477777;25770477777;10240;10228
5437;25672631000;25570477777;25770477777;10240;10228
5438;25672643000;25570477777;25770477777;10240;10228
5439;25672836000;25570477777;25770477777;10240;10228
5440;25672848000;25570477777;25770477777;10240;10228
5441;25673029000;25570477777;25770477777;10240;10228
5442;25673040000;25570477777;25770477777;10240;10228
5443;25673232000;25570477777;25770477777;10240;10228
5444;25673252000;25570477777;25770477777;10240;10228
5445;25713900000;25612155555;25812155555;10240;10228
5446;25714102000;25612155555;25812155555;10240;10228
5447;25714124000;25612155555;25812155555;10240;10228
5448;25714315000;25612155555;25812155555;10240;10228
5449;25714509000;25612155555;25812155555;10240;10228
5450;25714537000;25612155555;25812155555;10240;10228
5451;25714726000;25612155555;25812155555;10240;10228
5452;25714735000;25612155555;25812155555;10240;10228
5453;25714929000;25612155555;25812155555;10240;10228
5454;25715115000;25612155555;25812155555;10240;10228
5455;25715136000;25612155555;25812155555;10240;10228
5456;25755868000;25653788888;25853788888;10240;10228
5457;25755878000;25653788888;25853788888;10240;10228
5459;25756133000;25653788888;25853788888;10240;10228
5460;25756153000;25653788888;25853788888;10240;10228
5461;25756389000;25653788888;25853788888;10240;10228
5462;25756398000;25653788888;25853788888;10240;10228
5465;25756612000;25653788888;25853788888;10240;10228
5466;25756622000;25653788888;25853788888;10240;10228
5467;25797207000;25695466666;25895466666;10240;10228
5468;25797403000;25695466666;25895466666;10240;10228
5469;25797415000;25695466666;25895466666;10240;10228
5470;25797638000;25695466666;25895466666;10240;10228
5471;25797823000;25695466666;25895466666;10240;10228
5472;25797833000;25695466666;25895466666;10240;10228
5473;25798020000;25695466666;25895466666;10240;10228
5474;25798040000;25695466666;25895466666;10240;10228
5475;25798223000;25695466666;25895466666;10240;10228
5476;25798429000;25695466666;25895466666;10240;10228
5477;25798438000;25695466666;25895466666;10240;10228
5478;25839236000;25737122222;25937122222;10240;10228
5479;25839254000;25737122222;25937122222;10240;10228
5480;25839505000;25737122222;25937122222;10240;10228
5481;25839535000;25737122222;25937122222;10240;10228
5482;25839732000;25737122222;25937122222;10240;10228
5483;25839740000;25737122222;25937122222;10240;10228
5484;25839978000;25737122222;25937122222;10240;10228
5485;25839988000;25737122222;25937122222;10240;10228
5486;25840257000;25737122222;25937122222;10240;10228
5487;25840278000;25737122222;25937122222;10240;10228
5488;25840505000;25737122222;25937122222;10240;10228
5489;25880647000;25778788888;25978788888;10240;10228
5490;25880797000;25778788888;25978788888;10240;10228
5491;25880817000;25778788888;25978788888;10240;10228
5492;25880988000;25778788888;25978788888;10240;10228
5493;25881196000;25778788888;25978788888;10240;10228
5494;25881214000;25778788888;25978788888;10240;10228
5495;25881401000;25778788888;25978788888;10240;10228
5496;25881410000;25778788888;25978788888;10240;10228
5497;25881594000;25778788888;25978788888;10240;10228
5498;2588180700