seqnum;now;rtptime;deadline;packet_len;payload_len
0;3959937000;3870233333;4370233333;10240;10228
3;3960002000;3901466666;4401466666;10240;10228
7;3960014000;3901466666;4401466666;10240;10228
1;3960122000;3870233333;4370233333;10240;10228
2;3960325000;3870233333;4370233333;10240;10228
5;3960516000;3901466666;4401466666;10240;10228
6;3960528000;3901466666;4401466666;10240;10228
8;4000322000;3901466666;4401466666;10240;10228
9;4000348000;3901466666;4401466666;10240;10228
10;4000352000;3901488888;4401488888;10240;10228
12;4000363000;3901833333;4401833333;10240;10228
13;4000609000;3901833333;4401833333;10240;10228
14;4000813000;3943122222;4443122222;10240;10228
15;4000833000;3943122222;4443122222;10240;10228
16;4001024000;3943122222;4443122222;10240;10228
17;4001227000;3943122222;4443122222;10240;10228
18;4001237000;3943122222;4443122222;10240;10228
19;4001431000;3943122222;4443122222;10240;10228
20;4001442000;3943122222;4443122222;10240;10228
21;4040610000;3943133333;4443133333;10240;10228
22;4040646000;3943544444;4443544444;10240;10228
4;4040759000;3901466666;4401466666;10240;10228
24;4040776000;3943544444;4443544444;10240;10228
23;4041005000;3943544444;4443544444;10240;10228
25;4041222000;3984788888;4484788888;10240;10228
26;4041445000;3984788888;4484788888;10240;10228
30;4041613000;3984788888;4484788888;10240;10228
31;4041819000;3984788888;4484788888;10240;10228
32;4041830000;3984800000;4484800000;10240;10228
33;4046855000;3985122222;4485122222;10240;10228
34;4047020000;3985122222;4485122222;10240;10228
35;4047029000;3985122222;4485122222;10240;10228
37;4080928000;4026477777;4526477777;10240;10228
40;4080946000;4026477777;4526477777;10240;10228
41;4081012000;4026477777;4526477777;10240;10228
39;4081229000;4026477777;4526477777;10240;10228
42;4081442000;4026477777;4526477777;10240;10228
43;4081644000;4026500000;4526500000;10240;10228
27;4082230000;3984788888;4484788888;10240;10228
28;4082431000;3984788888;4484788888;10240;10228
29;4082644000;3984788888;4484788888;10240;10228
44;4088439000;4026833333;4526833333;10240;10228
45;4088641000;4026833333;4526833333;10240;10228
46;4121228000;4026833333;4526833333;10240;10228
47;4121246000;4068133333;4568133333;10240;10228
48;4121252000;4068133333;4568133333;10240;10228
49;4121651000;4068133333;4568133333;10240;10228
50;4121870000;4068133333;4568133333;10240;10228
36;4122063000;4026477777;4526477777;10240;10228
51;4128907000;4068133333;4568133333;10240;10228
52;4129120000;4068133333;4568133333;10240;10228
53;4161526000;4068133333;4568133333;10240;10228
54;4161552000;4068177777;4568177777;10240;10228
55;4161558000;4068488888;4568488888;10240;10228
56;4161565000;4068488888;4568488888;10240;10228
38;4161701000;4026477777;4526477777;10240;10228
57;4162310000;4068488888;4568488888;10240;10228
58;4162512000;4109800000;4609800000;10240;10228
59;4169372000;4109800000;4609800000;10240;10228
60;4169573000;4109800000;4609800000;10240;10228
61;4201862000;4109800000;4609800000;10240;10228
62;4201873000;4109800000;4609800000;10240;10228
63;4201877000;4109800000;4609800000;10240;10228
64;4201881000;4109800000;4609800000;10240;10228
65;4201886000;4109822222;4609822222;10240;10228
66;4202172000;4110177777;4610177777;10240;10228
68;4202773000;4110177777;4610177777;10240;10228
69;4202974000;4151455555;4651455555;10240;10228
70;4209861000;4151455555;4651455555;10240;10228
71;4210064000;4151455555;4651455555;10240;10228
72;4242148000;4151455555;4651455555;10240;10228
73;4242158000;4151455555;4651455555;10240;10228
75;4242166000;4151455555;4651455555;10240;10228
76;4242171000;4151466666;4651466666;10240;10228
77;4242175000;4151800000;4651800000;10240;10228
78;4242664000;4151800000;4651800000;10240;10228
79;4243226000;4151800000;4651800000;10240;10228
80;4243436000;4193122222;4693122222;10240;10228
67;4250342000;4110177777;4610177777;10240;10228
81;4282503000;4193122222;4693122222;10240;10228
82;4282521000;4193122222;4693122222;10240;10228
84;4282534000;4193122222;4693122222;10240;10228
74;4282538000;4151455555;4651455555;10240;10228
85;4283137000;4193122222;4693122222;10240;10228
86;4283678000;4193122222;4693122222;10240;10228
87;4283883000;4193133333;4693133333;10240;10228
88;4290839000;4193466666;4693466666;10240;10228
89;4322831000;4193466666;4693466666;10240;10228
90;4322841000;4193466666;4693466666;10240;10228
91;4322845000;4234788888;4734788888;10240;10228
92;4323612000;4234788888;4734788888;10240;10228
93;4324137000;4234788888;4734788888;10240;10228
94;4324343000;4234788888;4734788888;10240;10228
95;4324352000;4234788888;4734788888;10240;10228
96;4331301000;4234788888;4734788888;10240;10228
97;4363108000;4234788888;4734788888;10240;10228
98;4363121000;4234800000;4734800000;10240;10228
100;4363136000;4235088888;4735088888;10240;10228
83;4363323000;4193122222;4693122222;10240;10228
102;4364799000;4276455555;4776455555;10240;10228
103;4365007000;4276455555;4776455555;10240;10228
104;4365016000;4276455555;4776455555;10240;10228
105;4371776000;4276455555;4776455555;10240;10228
106;4403403000;4276455555;4776455555;10240;10228
107;4403413000;4276455555;4776455555;10240;10228
108;4403418000;4276455555;4776455555;10240;10228
109;4403725000;4276466666;4776466666;10240;10228
110;4405288000;4276711111;4776711111;10240;10228
101;4405483000;4235088888;4735088888;10240;10228
112;4443685000;4276711111;4776711111;10240;10228
113;4443698000;4318122222;4818122222;10240;10228
114;4443703000;4318122222;4818122222;10240;10228
115;4443707000;4318122222;4818122222;10240;10228
99;4443889000;4235088888;4735088888;10240;10228
116;4445767000;4318122222;4818122222;10240;10228
117;4445956000;4318122222;4818122222;10240;10228
118;4484069000;4318122222;4818122222;10240;10228
119;4484093000;4318122222;4818122222;10240;10228
120;4484099000;4318133333;4818133333;10240;10228
121;4484103000;4318444444;4818444444;10240;10228
122;4484117000;4318444444;4818444444;10240;10228
123;4484353000;4318444444;4818444444;10240;10228
124;4486217000;4359788888;4859788888;10240;10228
125;4486427000;4359788888;4859788888;10240;10228
126;4524304000;4359788888;4859788888;10240;10228
128;4524314000;4359788888;4859788888;10240;10228
129;4524320000;4359788888;4859788888;10240;10228
130;4524327000;4359788888;4859788888;10240;10228
131;4524333000;4359800000;4859800000;10240;10228
111;4524628000;4276711111;4776711111;10240;10228
132;4526679000;4360088888;4860088888;10240;10228
133;4526886000;4360088888;4860088888;10240;10228
134;4527130000;4360088888;4860088888;10240;10228
135;4564643000;4401455555;4901455555;10240;10228
136;4564655000;4401455555;4901455555;10240;10228
127;4564659000;4359788888;4859788888;10240;10228
137;4564918000;4401455555;4901455555;10240;10228
138;4567165000;4401455555;4901455555;10240;10228
139;4567363000;4401455555;4901455555;10240;10228
140;4567589000;4401455555;4901455555;10240;10228
141;4567775000;4401455555;4901455555;10240;10228
142;4604941000;4401466666;4901466666;10240;10228
143;4604954000;4401755555;4901755555;10240;10228
144;4604960000;4401755555;4901755555;10240;10228
145;4604964000;4401755555;4901755555;10240;10228
146;4605142000;4443122222;4943122222;10240;10228
147;4607642000;4443122222;4943122222;10240;10228
148;4607848000;4443122222;4943122222;10240;10228
149;4608067000;4443122222;4943122222;10240;10228
150;4608264000;4443122222;4943122222;10240;10228
152;4645279000;4443122222;4943122222;10240;10228
153;4645302000;4443133333;4943133333;10240;10228
154;4645311000;4443455555;4943455555;10240;10228
155;4645315000;4443455555;4943455555;10240;10228
156;4645319000;4443455555;4943455555;10240;10228
157;4645349000;4484766666;4984766666;10240;10228
158;4648147000;4484766666;4984766666;10240;10228
159;4648346000;4484766666;4984766666;10240;10228
160;4648516000;4484766666;4984766666;10240;10228
161;4648727000;4484766666;4984766666;10240;10228
163;4685614000;4484766666;4984766666;10240;10228
164;4685625000;4484788888;4984788888;10240;10228
165;4685631000;4485188888;4985188888;10240;10228
166;4685635000;4485188888;4985188888;10240;10228
167;4685639000;4485188888;4985188888;10240;10228
168;4685643000;4526444444;5026444444;10240;10228
169;4688603000;4526444444;5026444444;10240;10228
151;4688826000;4443122222;4943122222;10240;10228
170;4688860000;4526444444;5026444444;10240;10228
171;4689201000;4526444444;5026444444;10240;10228
172;4725899000;4526444444;5026444444;10240;10228
162;4725910000;4484766666;4984766666;10240;10228
173;4725931000;4526444444;5026444444;10240;10228
174;4725949000;4526444444;5026444444;10240;10228
175;4729028000;4526455555;5026455555;10240;10228
176;4729139000;4526777777;5026777777;10240;10228
177;4729264000;4526777777;5026777777;10240;10228
178;4729648000;4526777777;5026777777;10240;10228
179;4766200000;4568122222;5068122222;10240;10228
180;4766210000;4568122222;5068122222;10240;10228
181;4766215000;4568122222;5068122222;10240;10228
182;4766219000;4568122222;5068122222;10240;10228
183;4766224000;4568122222;5068122222;10240;10228
186;4769494000;4568133333;5068133333;10240;10228
184;4769519000;4568122222;5068122222;10240;10228
185;4769691000;4568122222;5068122222;10240;10228
187;4769717000;4568433333;5068433333;10240;10228
189;4806474000;4568433333;5068433333;10240;10228
192;4806498000;4609788888;5109788888;10240;10228
193;4806521000;4609788888;5109788888;10240;10228
194;4806525000;4609788888;5109788888;10240;10228
195;4809771000;4609788888;5109788888;10240;10228
196;4810005000;4609788888;5109788888;10240;10228
197;4810213000;4609800000;5109800000;10240;10228
198;4810222000;4610066666;5110066666;10240;10228
199;4810424000;4610066666;5110066666;10240;10228
200;4810433000;4610066666;5110066666;10240;10228
201;4846794000;4651433333;5151433333;10240;10228
202;4846807000;4651433333;5151433333;10240;10228
203;4846816000;4651433333;5151433333;10240;10228
190;4846821000;4609788888;5109788888;10240;10228
191;4846825000;4609788888;5109788888;10240;10228
204;4850428000;4651433333;5151433333;10240;10228
188;4850665000;4568433333;5068433333;10240;10228
205;4850861000;4651433333;5151433333;10240;10228
206;4887067000;4651433333;5151433333;10240;10228
207;4887079000;4651433333;5151433333;10240;10228
208;4887083000;4651455555;5151455555;10240;10228
209;4887088000;4651822222;5151822222;10240;10228
210;4887097000;4651822222;5151822222;10240;10228
211;4887107000;4651822222;5151822222;10240;10228
212;4890892000;4693122222;5193122222;10240;10228
213;4891066000;4693122222;5193122222;10240;10228
214;4891268000;4693122222;5193122222;10240;10228
215;4927335000;4693122222;5193122222;10240;10228
216;4927346000;4693122222;5193122222;10240;10228
217;4927351000;4693122222;5193122222;10240;10228
218;4927360000;4693122222;5193122222;10240;10228
220;4927368000;4693455555;5193455555;10240;10228
221;4927387000;4693455555;5193455555;10240;10228
222;4931371000;4693455555;5193455555;10240;10228
223;4931563000;4734788888;5234788888;10240;10228
224;4931582000;4734788888;5234788888;10240;10228
225;4931768000;4734788888;5234788888;10240;10228
226;4967587000;4734788888;5234788888;10240;10228
227;4967597000;4734788888;5234788888;10240;10228
228;4967606000;4734788888;5234788888;10240;10228
229;4967610000;4734788888;5234788888;10240;10228
230;4967614000;4734800000;5234800000;10240;10228
232;4971833000;4735100000;5235100000;10240;10228
233;4971995000;4735100000;5235100000;10240;10228
234;4972247000;4776433333;5276433333;10240;10228
235;4972259000;4776433333;5276433333;10240;10228
236;4972459000;4776433333;5276433333;10240;10228
219;5007873000;4693133333;5193133333;10240;10228
237;5007899000;4776433333;5276433333;10240;10228
238;5007905000;4776433333;5276433333;10240;10228
239;5007909000;4776433333;5276433333;10240;10228
240;5012266000;4776433333;5276433333;10240;10228
241;5012467000;4776455555;5276455555;10240;10228
242;5012695000;4776800000;5276800000;10240;10228
243;5012874000;4776800000;5276800000;10240;10228
244;5012883000;4776800000;5276800000;10240;10228
245;5048221000;4818111111;5318111111;10240;10228
248;5048247000;4818111111;5318111111;10240;10228
249;5048261000;4818111111;5318111111;10240;10228
246;5048359000;4818111111;5318111111;10240;10228
247;5048579000;4818111111;5318111111;10240;10228
231;5048588000;4735100000;5235100000;10240;10228
250;5052936000;4818111111;5318111111;10240;10228
251;5053127000;4818111111;5318111111;10240;10228
252;5053331000;4818122222;5318122222;10240;10228
253;5053524000;4818455555;5318455555;10240;10228
254;5088513000;4818455555;5318455555;10240;10228
255;5088525000;4818455555;5318455555;10240;10228
256;5088529000;4859766666;5359766666;10240;10228
258;5088801000;4859766666;5359766666;10240;10228
259;5088967000;4859766666;5359766666;10240;10228
260;5089214000;4859766666;5359766666;10240;10228
261;5093411000;4859766666;5359766666;10240;10228
262;5093610000;4859766666;5359766666;10240;10228
263;5093629000;4859788888;5359788888;10240;10228
264;5093827000;4860166666;5360166666;10240;10228
266;5128792000;4860166666;5360166666;10240;10228
267;5128803000;4901433333;5401433333;10240;10228
268;5128808000;4901433333;5401433333;10240;10228
269;5128814000;4901433333;5401433333;10240;10228
270;5129279000;4901433333;5401433333;10240;10228
271;5129486000;4901433333;5401433333;10240;10228
272;5129696000;4901433333;5401433333;10240;10228
273;5133880000;4901433333;5401433333;10240;10228
274;5134103000;4901455555;5401455555;10240;10228
275;5134298000;4901844444;5401844444;10240;10228
276;5134319000;4901844444;5401844444;10240;10228
277;5134502000;4901844444;5401844444;10240;10228
278;5169133000;4943100000;5443100000;10240;10228
279;5169148000;4943100000;5443100000;10240;10228
280;5169153000;4943100000;5443100000;10240;10228
281;5169157000;4943100000;5443100000;10240;10228
257;5169258000;4859766666;5359766666;10240;10228
284;5174960000;4943100000;5443100000;10240;10228
285;5209407000;4943122222;5443122222;10240;10228
286;5209418000;4943533333;5443533333;10240;10228
287;5209423000;4943533333;5443533333;10240;10228
288;5209428000;4943533333;5443533333;10240;10228
289;5209432000;4984777777;5484777777;10240;10228
290;5209730000;4984777777;5484777777;10240;10228
291;5215438000;4984777777;5484777777;10240;10228
292;5249672000;4984777777;5484777777;10240;10228
293;5249682000;4984777777;5484777777;10240;10228
294;5249687000;4984777777;5484777777;10240;10228
295;5249692000;4984777777;5484777777;10240;10228
296;5249695000;4984800000;5484800000;10240;10228
297;5249701000;4985066666;5485066666;10240;10228
298;5250185000;4985066666;5485066666;10240;10228
282;5255910000;4943100000;5443100000;10240;10228
283;5256079000;4943100000;5443100000;10240;10228
299;5289966000;4985066666;5485066666;10240;10228
300;5289975000;5026433333;5526433333;10240;10228
301;5289980000;5026433333;5526433333;10240;10228
302;5289984000;5026433333;5526433333;10240;10228
303;5289989000;5026433333;5526433333;10240;10228
304;5289994000;5026433333;5526433333;10240;10228
305;5290002000;5026433333;5526433333;10240;10228
306;5296369000;5026433333;5526433333;10240;10228
307;5296578000;5026455555;5526455555;10240;10228
308;5296789000;5026788888;5526788888;10240;10228
309;5330225000;5026788888;5526788888;10240;10228
311;5330236000;5068122222;5568122222;10240;10228
312;5330242000;5068122222;5568122222;10240;10228
317;5336852000;5068122222;5568122222;10240;10228
318;5337157000;5068133333;5568133333;10240;10228
319;5337364000;5068488888;5568488888;10240;10228
320;5370555000;5068488888;5568488888;10240;10228
321;5370567000;5068488888;5568488888;10240;10228
322;5370571000;5109788888;5609788888;10240;10228
323;5377323000;5109788888;5609788888;10240;10228
324;5377559000;5109788888;5609788888;10240;10228
325;5377811000;5109788888;5609788888;10240;10228
310;5410861000;5026788888;5526788888;10240;10228
326;5410887000;5109788888;5609788888;10240;10228
327;5410892000;5109788888;5609788888;10240;10228
313;5411100000;5068122222;5568122222;10240;10228
314;5411271000;5068122222;5568122222;10240;10228
315;5411479000;5068122222;5568122222;10240;10228
316;5411506000;5068122222;5568122222;10240;10228
328;5451138000;5109788888;5609788888;10240;10228
329;5451150000;5109800000;5609800000;10240;10228
330;5451154000;5110077777;5610077777;10240;10228
331;5451158000;5110077777;5610077777;10240;10228
332;5451764000;5110077777;5610077777;10240;10228
333;5451962000;5151455555;5651455555;10240;10228
334;5452182000;5151455555;5651455555;10240;10228
335;5491451000;5151455555;5651455555;10240;10228
336;5491503000;5151455555;5651455555;10240;10228
338;5491509000;5151455555;5651455555;10240;10228
339;5491561000;5151455555;5651455555;10240;10228
340;5492202000;5151466666;5651466666;10240;10228
342;5492367000;5151744444;5651744444;10240;10228
343;5492573000;5151744444;5651744444;10240;10228
344;5492787000;5193122222;5693122222;10240;10228
345;5531794000;5193122222;5693122222;10240;10228
346;5531812000;5193122222;5693122222;10240;10228
347;5531817000;5193122222;5693122222;10240;10228
348;5531832000;5193122222;5693122222;10240;10228
349;5531836000;5193122222;5693122222;10240;10228
350;5532889000;5193122222;5693122222;10240;10228
351;5533068000;5193133333;5693133333;10240;10228
341;5533259000;5151744444;5651744444;10240;10228
337;5572150000;5151455555;5651455555;10240;10228
354;5572194000;5193455555;5693455555;10240;10228
355;5572202000;5234788888;5734788888;10240;10228
356;5573783000;5234788888;5734788888;10240;10228
357;5612433000;5234788888;5734788888;10240;10228
358;5612452000;5234788888;5734788888;10240;10228
359;5612456000;5234788888;5734788888;10240;10228
360;5612460000;5234788888;5734788888;10240;10228
361;5614269000;5234788888;5734788888;10240;10228
353;5652783000;5193455555;5693455555;10240;10228
362;5652799000;5234800000;5734800000;10240;10228
363;5652814000;5235077777;5735077777;10240;10228
364;5652818000;5235077777;5735077777;10240;10228
365;5654763000;5235077777;5735077777;10240;10228
352;5689132000;5193455555;5693455555;10240;10228
366;5689291000;5276455555;5776455555;10240;10228
368;5693103000;5276455555;5776455555;10240;10228
369;5693133000;5276455555;5776455555;10240;10228
371;5729437000;5276455555;5776455555;10240;10228
372;5729762000;5276455555;5776455555;10240;10228
373;5733410000;5276466666;5776466666;10240;10228
374;5733421000;5276722222;5776722222;10240;10228
367;5769950000;5276455555;5776455555;10240;10228
370;5770474000;5276455555;5776455555;10240;10228
376;5770504000;5276722222;5776722222;10240;10228
377;5770519000;5318122222;5818122222;10240;10228
378;5810416000;5318122222;5818122222;10240;10228
379;5810792000;5318122222;5818122222;10240;10228
380;5810807000;5318122222;5818122222;10240;10228
381;5810816000;5318122222;5818122222;10240;10228
382;5810821000;5318122222;5818122222;10240;10228
383;5816301000;5318122222;5818122222;10240;10228
384;5816312000;5318155555;5818155555;10240;10228
386;5850679000;5318466666;5818466666;10240;10228
387;5851267000;5318466666;5818466666;10240;10228
388;5851456000;5359788888;5859788888;10240;10228
390;5856552000;5359788888;5859788888;10240;10228
391;5856563000;5359788888;5859788888;10240;10228
392;5857029000;5359788888;5859788888;10240;10228
393;5857041000;5359788888;5859788888;10240;10228
394;5857055000;5359788888;5859788888;10240;10228
385;5857162000;5318466666;5818466666;10240;10228
389;5857569000;5359788888;5859788888;10240;10228
395;5891518000;5359800000;5859800000;10240;10228
397;5897118000;5360088888;5860088888;10240;10228
398;5897282000;5360088888;5860088888;10240;10228
399;5897297000;5401455555;5901455555;10240;10228
400;5897303000;5401455555;5901455555;10240;10228
402;5897307000;5401455555;5901455555;10240;10228
403;5897740000;5401455555;5901455555;10240;10228
404;5897751000;5401455555;5901455555;10240;10228
396;5898011000;5360088888;5860088888;10240;10228
401;5898434000;5401455555;5901455555;10240;10228
407;5937418000;5401744444;5901744444;10240;10228
408;5937591000;5401744444;5901744444;10240;10228
410;5937801000;5443122222;5943122222;10240;10228
411;5938031000;5443122222;5943122222;10240;10228
412;5938050000;5443122222;5943122222;10240;10228
413;5938056000;5443122222;5943122222;10240;10228
409;5938520000;5401744444;5901744444;10240;10228
414;5938531000;5443122222;5943122222;10240;10228
415;5938539000;5443122222;5943122222;10240;10228
416;5938544000;5443122222;5943122222;10240;10228
417;5938553000;5443133333;5943133333;10240;10228
405;5938634000;5401455555;5901455555;10240;10228
406;5938835000;5401466666;5901466666;10240;10228
419;5977984000;5443444444;5943444444;10240;10228
420;5978001000;5443444444;5943444444;10240;10228
421;5978539000;5484788888;5984788888;10240;10228
422;5978752000;5484788888;5984788888;10240;10228
423;5978779000;5484788888;5984788888;10240;10228
424;5978795000;5484788888;5984788888;10240;10228
425;5978801000;5484788888;5984788888;10240;10228
426;5978805000;5484788888;5984788888;10240;10228
427;5979263000;5484788888;5984788888;10240;10228
428;5979273000;5484800000;5984800000;10240;10228
429;5979278000;5485088888;5985088888;10240;10228
430;5979282000;5485088888;5985088888;10240;10228
431;5979296000;5485088888;5985088888;10240;10228
418;5979369000;5443444444;5943444444;10240;10228
432;6018756000;5526466666;6026466666;10240;10228
434;6019288000;5526466666;6026466666;10240;10228
436;6019494000;5526466666;6026466666;10240;10228
437;6019505000;5526466666;6026466666;10240;10228
438;6019511000;5526466666;6026466666;10240;10228
439;6019516000;5526477777;6026477777;10240;10228
440;6019520000;5526777777;6026777777;10240;10228
435;6019526000;5526466666;6026466666;10240;10228
441;6019597000;5526777777;6026777777;10240;10228
442;6025168000;5526777777;6026777777;10240;10228
443;6025188000;5568122222;6068122222;10240;10228
444;6025194000;5568122222;6068122222;10240;10228
445;6025198000;5568122222;6068122222;10240;10228
446;6025204000;5568122222;6068122222;10240;10228
447;6025208000;5568122222;6068122222;10240;10228
433;6025461000;5526466666;6026466666;10240;10228
448;6059506000;5568122222;6068122222;10240;10228
450;6059796000;5568133333;6068133333;10240;10228
449;6059965000;5568122222;6068122222;10240;10228
451;6060168000;5568433333;6068433333;10240;10228
452;6065412000;5568433333;6068433333;10240;10228
453;6065423000;5568433333;6068433333;10240;10228
454;6065428000;5609788888;6109788888;10240;10228
455;6065432000;5609788888;6109788888;10240;10228
457;6065520000;5609788888;6109788888;10240;10228
458;6065529000;5609788888;6109788888;10240;10228
459;6065887000;5609788888;6109788888;10240;10228
460;6065898000;5609788888;6109788888;10240;10228
461;6100030000;5609800000;6109800000;10240;10228
462;6100396000;5610066666;6110066666;10240;10228
466;6105753000;5651455555;6151455555;10240;10228
467;6105765000;5651455555;6151455555;10240;10228
468;6105770000;5651455555;6151455555;10240;10228
463;6105896000;5610066666;6110066666;10240;10228
464;6106106000;5610066666;6110066666;10240;10228
456;6106195000;5609788888;6109788888;10240;10228
469;6107108000;5651455555;6151455555;10240;10228
470;6140838000;5651455555;6151455555;10240;10228
471;6146104000;5651455555;6151455555;10240;10228
465;6146132000;5651455555;6151455555;10240;10228
472;6146414000;5651466666;6151466666;10240;10228
473;6146425000;5651744444;6151744444;10240;10228
474;6147323000;5651744444;6151744444;10240;10228
475;6147408000;5651744444;6151744444;10240;10228
476;6181088000;5693111111;6193111111;10240;10228
478;6186461000;5693111111;6193111111;10240;10228
477;6186576000;5693111111;6193111111;10240;10228
479;6186898000;5693111111;6193111111;10240;10228
480;6187618000;5693111111;6193111111;10240;10228
481;6187627000;5693111111;6193111111;10240;10228
483;6188050000;5693122222;6193122222;10240;10228
484;6226793000;5693455555;6193455555;10240;10228
485;6227153000;5693455555;6193455555;10240;10228
486;6228122000;5693455555;6193455555;10240;10228
488;6228287000;5734788888;6234788888;10240;10228
487;6228301000;5734788888;6234788888;10240;10228
490;6228767000;5734788888;6234788888;10240;10228
491;6228788000;5734788888;6234788888;10240;10228
489;6229316000;5734788888;6234788888;10240;10228
493;6268564000;5734788888;6234788888;10240;10228
494;6268677000;5734800000;6234800000;10240;10228
495;6268883000;5735111111;6235111111;10240;10228
496;6269006000;5735111111;6235111111;10240;10228
498;6269017000;5776455555;6276455555;10240;10228
497;6269204000;5735111111;6235111111;10240;10228
499;6274597000;5776455555;6276455555;10240;10228
492;6274720000;5734788888;6234788888;10240;10228
500;6308912000;5776455555;6276455555;10240;10228
501;6309136000;5776455555;6276455555;10240;10228
503;6309279000;5776455555;6276455555;10240;10228
502;6309436000;5776455555;6276455555;10240;10228
504;6309637000;5776455555;6276455555;10240;10228
506;6315298000;5776733333;6276733333;10240;10228
507;6315319000;5776733333;6276733333;10240;10228
505;6315846000;5776466666;6276466666;10240;10228
508;6349585000;5776733333;6276733333;10240;10228
510;6349662000;5818100000;6318100000;10240;10228
511;6349834000;5818100000;6318100000;10240;10228
509;6349853000;5818100000;6318100000;10240;10228
512;6355621000;5818100000;6318100000;10240;10228
513;6355630000;5818100000;6318100000;10240;10228
514;6355999000;5818100000;6318100000;10240;10228
515;6356009000;5818100000;6318100000;10240;10228
516;6389851000;5818122222;6318122222;10240;10228
517;6389927000;5818555555;6318555555;10240;10228
518;6396117000;5818555555;6318555555;10240;10228
520;6396248000;5859766666;6359766666;10240;10228
521;6396261000;5859766666;6359766666;10240;10228
519;6396283000;5818555555;6318555555;10240;10228
522;6396787000;5859766666;6359766666;10240;10228
523;6396806000;5859766666;6359766666;10240;10228
524;6436352000;5859766666;6359766666;10240;10228
525;6436531000;5859766666;6359766666;10240;10228
526;6436717000;5859766666;6359766666;10240;10228
527;6436921000;5859777777;6359777777;10240;10228
528;6436932000;5860177777;6360177777;10240;10228
529;6437050000;5860177777;6360177777;10240;10228
531;6437569000;5901433333;6401433333;10240;10228
530;6438116000;5860177777;6360177777;10240;10228
532;6476987000;5901433333;6401433333;10240;10228
533;6477164000;5901433333;6401433333;10240;10228
534;6477175000;5901433333;6401433333;10240;10228
535;6477512000;5901433333;6401433333;10240;10228
536;6477838000;5901433333;6401433333;10240;10228
537;6478089000;5901433333;6401433333;10240;10228
538;6483414000;5901455555;6401455555;10240;10228
539;6483438000;5901822222;6401822222;10240;10228
540;6517706000;5901822222;6401822222;10240;10228
541;6517772000;5901822222;6401822222;10240;10228
542;6518325000;5943111111;6443111111;10240;10228
543;6518362000;5943111111;6443111111;10240;10228
544;6523692000;5943111111;6443111111;10240;10228
545;6523712000;5943111111;6443111111;10240;10228
546;6524093000;5943111111;6443111111;10240;10228
547;6524112000;5943111111;6443111111;10240;10228
548;6557953000;5943111111;6443111111;10240;10228
549;6558599000;5943122222;6443122222;10240;10228
550;6564251000;5943455555;6443455555;10240;10228
552;6564370000;5943455555;6443455555;10240;10228
553;6564394000;5984766666;6484766666;10240;10228
551;6564453000;5943455555;6443455555;10240;10228
554;6564875000;5984766666;6484766666;10240;10228
555;6564881000;5984766666;6484766666;10240;10228
556;6599090000;5984766666;6484766666;10240;10228
557;6604567000;5984766666;6484766666;10240;10228
558;6604818000;5984766666;6484766666;10240;10228
560;6605015000;5984788888;6484788888;10240;10228
561;6605026000;5985166666;6485166666;10240;10228
564;6605172000;6026433333;6526433333;10240;10228
565;6605192000;6026433333;6526433333;10240;10228
562;6605214000;5985166666;6485166666;10240;10228
563;6605422000;5985166666;6485166666;10240;10228
559;6605996000;5984766666;6484766666;10240;10228
566;6606404000;6026433333;6526433333;10240;10228
567;6645030000;6026433333;6526433333;10240;10228
568;6645258000;6026433333;6526433333;10240;10228
570;6645269000;6026433333;6526433333;10240;10228
571;6645273000;6026455555;6526455555;10240;10228
573;6645458000;6026822222;6526822222;10240;10228
574;6645470000;6026822222;6526822222;10240;10228
569;6645494000;6026433333;6526433333;10240;10228
572;6645711000;6026822222;6526822222;10240;10228
575;6645898000;6068111111;6568111111;10240;10228
576;6647021000;6068111111;6568111111;10240;10228
577;6674845000;6068111111;6568111111;10240;10228
579;6685576000;6068111111;6568111111;10240;10228
580;6685598000;6068111111;6568111111;10240;10228
581;6685603000;6068111111;6568111111;10240;10228
584;6685712000;6068433333;6568433333;10240;10228
578;6685741000;6068111111;6568111111;10240;10228
582;6685934000;6068122222;6568122222;10240;10228
583;6685956000;6068433333;6568433333;10240;10228
585;6686178000;6068433333;6568433333;10240;10228
586;6686196000;6109766666;6609766666;10240;10228
587;6686368000;6109766666;6609766666;10240;10228
588;6686659000;6109766666;6609766666;10240;10228
589;6715128000;6109766666;6609766666;10240;10228
590;6715317000;6109766666;6609766666;10240;10228
591;6725869000;6109766666;6609766666;10240;10228
596;6725880000;6110066666;6610066666;10240;10228
592;6726026000;6109766666;6609766666;10240;10228
593;6726264000;6109777777;6609777777;10240;10228
594;6726291000;6110066666;6610066666;10240;10228
599;6726420000;6151433333;6651433333;10240;10228
595;6726456000;6110066666;6610066666;10240;10228
597;6726482000;6151433333;6651433333;10240;10228
601;6726592000;6151433333;6651433333;10240;10228
598;6726730000;6151433333;6651433333;10240;10228
602;6732955000;6151433333;6651433333;10240;10228
600;6733695000;6151433333;6651433333;10240;10228
603;6733906000;6151433333;6651433333;10240;10228
605;6755602000;6151833333;6651833333;10240;10228
604;6755721000;6151455555;6651455555;10240;10228
606;6755873000;6151833333;6651833333;10240;10228
609;6766188000;6193122222;6693122222;10240;10228
610;6766202000;6193122222;6693122222;10240;10228
611;6766207000;6193122222;6693122222;10240;10228
607;6766340000;6151833333;6651833333;10240;10228
608;6766550000;6193122222;6693122222;10240;10228
612;6766750000;6193122222;6693122222;10240;10228
614;6766761000;6193122222;6693122222;10240;10228
613;6766903000;6193122222;6693122222;10240;10228
615;6767093000;6193133333;6693133333;10240;10228
616;6767113000;6193466666;6693466666;10240;10228
617;6773148000;6193466666;6693466666;10240;10228
618;6774090000;6193466666;6693466666;10240;10228
620;6795866000;6234766666;6734766666;10240;10228
619;6796069000;6234766666;6734766666;10240;10228
622;6806574000;6234766666;6734766666;10240;10228
623;6806603000;6234766666;6734766666;10240;10228
625;6806612000;6234766666;6734766666;10240;10228
621;6806729000;6234766666;6734766666;10240;10228
624;6806929000;6234766666;6734766666;10240;10228
626;6806949000;6234788888;6734788888;10240;10228
629;6807003000;6235166666;6735166666;10240;10228
627;6807142000;6235166666;6735166666;10240;10228
628;6807360000;6235166666;6735166666;10240;10228
630;6807396000;6276444444;6776444444;10240;10228
631;6807539000;6276444444;6776444444;10240;10228
632;6813417000;6276444444;6776444444;10240;10228
633;6813590000;6276444444;6776444444;10240;10228
634;6815524000;6276444444;6776444444;10240;10228
635;6815535000;6276444444;6776444444;10240;10228
636;6836336000;6276444444;6776444444;10240;10228
638;6846899000;6276722222;6776722222;10240;10228
643;6846926000;6318122222;6818122222;10240;10228
637;6846974000;6276455555;6776455555;10240;10228
639;6847188000;6276722222;6776722222;10240;10228
644;6847258000;6318122222;6818122222;10240;10228
646;6847268000;6318122222;6818122222;10240;10228
640;6847394000;6276722222;6776722222;10240;10228
641;6847405000;6318122222;6818122222;10240;10228
642;6847597000;6318122222;6818122222;10240;10228
647;6847754000;6318122222;6818122222;10240;10228
648;6847773000;6318133333;6818133333;10240;10228
649;6847784000;6318433333;6818433333;10240;10228
650;6847792000;6318433333;6818433333;10240;10228
645;6847800000;6318122222;6818122222;10240;10228
651;6853830000;6318433333;6818433333;10240;10228
652;6854005000;6359788888;6859788888;10240;10228
654;6855697000;6359788888;6859788888;10240;10228
655;6876503000;6359788888;6859788888;10240;10228
658;6887267000;6359788888;6859788888;10240;10228
659;6887283000;6359800000;6859800000;10240;10228
660;6887292000;6360100000;6860100000;10240;10228
661;6887300000;6360100000;6860100000;10240;10228
662;6887307000;6360100000;6860100000;10240;10228
656;6887416000;6359788888;6859788888;10240;10228
664;6887471000;6401455555;6901455555;10240;10228
657;6887608000;6359788888;6859788888;10240;10228
663;6887813000;6401455555;6901455555;10240;10228
665;6887818000;6401455555;6901455555;10240;10228
666;6888231000;6401455555;6901455555;10240;10228
667;6888433000;6401455555;6901455555;10240;10228
668;6888639000;6401455555;6901455555;10240;10228
669;6888648000;6401455555;6901455555;10240;10228
670;6888841000;6401466666;6901466666;10240;10228
672;6895419000;6401744444;6901744444;10240;10228
653;6895891000;6359788888;6859788888;10240;10228
671;6895987000;6401744444;6901744444;10240;10228
673;6897077000;6401744444;6901744444;10240;10228
674;6897276000;6443111111;6943111111;10240;10228
675;6897285000;6443111111;6943111111;10240;10228
676;6917094000;6443111111;6943111111;10240;10228
684;6927638000;6443455555;6943455555;10240;10228
677;6927702000;6443111111;6943111111;10240;10228
679;6927898000;6443111111;6943111111;10240;10228
686;6927984000;6484766666;6984766666;10240;10228
680;6928101000;6443111111;6943111111;10240;10228
681;6928108000;6443122222;6943122222;10240;10228
682;6928305000;6443455555;6943455555;10240;10228
683;6928311000;6443455555;6943455555;10240;10228
687;6928374000;6484766666;6984766666;10240;10228
685;6928509000;6484766666;6984766666;10240;10228
688;6928566000;6484766666;6984766666;10240;10228
689;6928764000;6484766666;6984766666;10240;10228
690;6928772000;6484766666;6984766666;10240;10228
691;6935810000;6484766666;6984766666;10240;10228
693;6936132000;6485211111;6985211111;10240;10228
694;6937451000;6485211111;6985211111;10240;10228
695;6937653000;6485211111;6985211111;10240;10228
696;6937858000;6526455555;7026455555;10240;10228
678;6941917000;6443111111;6943111111;10240;10228
697;6942325000;6526455555;7026455555;10240;10228
698;6942331000;6526455555;7026455555;10240;10228
699;6942530000;6526455555;7026455555;10240;10228
701;6942536000;6526455555;7026455555;10240;10228
702;6968084000;6526455555;7026455555;10240;10228
704;6968279000;6526766666;7026766666;10240;10228
706;6968509000;6526766666;7026766666;10240;10228
707;6968523000;6568122222;7068122222;10240;10228
708;6968562000;6568122222;7068122222;10240;10228
710;6968732000;6568122222;7068122222;10240;10228
709;6968886000;6568122222;7068122222;10240;10228
711;6968954000;6568122222;7068122222;10240;10228
712;6968964000;6568122222;7068122222;10240;10228
713;6976250000;6568122222;7068122222;10240;10228
714;6976376000;6568144444;7068144444;10240;10228
715;6977883000;6568433333;7068433333;10240;10228
716;6978071000;6568433333;7068433333;10240;10228
717;6978278000;6568433333;7068433333;10240;10228
718;6982509000;6609766666;7109766666;10240;10228
692;6982593000;6484788888;6984788888;10240;10228
719;6982795000;6609766666;7109766666;10240;10228
720;6982999000;6609766666;7109766666;10240;10228
700;7008539000;6526455555;7026455555;10240;10228
721;7008785000;6609766666;7109766666;10240;10228
703;7008796000;6526466666;7026466666;10240;10228
705;7008820000;6526766666;7026766666;10240;10228
722;7009167000;6609766666;7109766666;10240;10228
723;7018556000;6609766666;7109766666;10240;10228
724;7018772000;6609766666;7109766666;10240;10228
725;7022797000;6609788888;7109788888;10240;10228
726;7022813000;6610155555;7110155555;10240;10228
727;7023016000;6610155555;7110155555;10240;10228
728;7023234000;6610155555;7110155555;10240;10228
729;7023253000;6651433333;7151433333;10240;10228
730;7023432000;6651433333;7151433333;10240;10228
731;7048826000;6651433333;7151433333;10240;10228
732;7049055000;6651433333;7151433333;10240;10228
733;7049071000;6651433333;7151433333;10240;10228
735;7058861000;6651433333;7151433333;10240;10228
736;7058993000;6651455555;7151455555;10240;10228
737;7059198000;6651844444;7151844444;10240;10228
738;7063066000;6651844444;7151844444;10240;10228
739;7063225000;6651844444;7151844444;10240;10228
740;7063511000;6693111111;7193111111;10240;10228
741;7063715000;6693111111;7193111111;10240;10228
742;7063735000;6693111111;7193111111;10240;10228
744;7063914000;6693111111;7193111111;10240;10228
745;7089336000;6693111111;7193111111;10240;10228
746;7089351000;6693111111;7193111111;10240;10228
747;7089359000;6693122222;7193122222;10240;10228
748;7099189000;6693455555;7193455555;10240;10228
749;7099202000;6693455555;7193455555;10240;10228
750;7099462000;6693455555;7193455555;10240;10228
751;7099672000;6734755555;7234755555;10240;10228
752;7103374000;6734755555;7234755555;10240;10228
734;7103482000;6651433333;7151433333;10240;10228
753;7103978000;6734755555;7234755555;10240;10228
754;7104194000;6734755555;7234755555;10240;10228
755;7104205000;6734755555;7234755555;10240;10228
756;7104400000;6734755555;7234755555;10240;10228
757;7104604000;6734755555;7234755555;10240;10228
758;7129573000;6734777777;7234777777;10240;10228
759;7129596000;6735066666;7235066666;10240;10228
760;7139520000;6735066666;7235066666;10240;10228
761;7139533000;6735066666;7235066666;10240;10228
762;7139937000;6776455555;7276455555;10240;10228
743;7140150000;6693111111;7193111111;10240;10228
763;7143675000;6776455555;7276455555;10240;10228
764;7143688000;6776455555;7276455555;10240;10228
765;7143693000;6776455555;7276455555;10240;10228
766;7144657000;6776455555;7276455555;10240;10228
767;7144880000;6776455555;7276455555;10240;10228
768;7145094000;6776455555;7276455555;10240;10228
769;7169828000;6776466666;7276466666;10240;10228
770;7169842000;6776733333;7276733333;10240;10228
771;7179792000;6776733333;7276733333;10240;10228
772;7179807000;6776733333;7276733333;10240;10228
773;7180417000;6818122222;7318122222;10240;10228
774;7180621000;6818122222;7318122222;10240;10228
775;7180640000;6818122222;7318122222;10240;10228
776;7183940000;6818122222;7318122222;10240;10228
777;7183954000;6818122222;7318122222;10240;10228
778;7183960000;6818122222;7318122222;10240;10228
779;7184905000;6818122222;7318122222;10240;10228
780;7185126000;6818133333;7318133333;10240;10228
781;7185501000;6818444444;7318444444;10240;10228
782;7185701000;6818444444;7318444444;10240;10228
783;7220065000;6818444444;7318444444;10240;10228
784;7220077000;6859788888;7359788888;10240;10228
785;7220084000;6859788888;7359788888;10240;10228
786;7221066000;6859788888;7359788888;10240;10228
787;7221271000;6859788888;7359788888;10240;10228
788;7221289000;6859788888;7359788888;10240;10228
789;7221481000;6859788888;7359788888;10240;10228
791;7224245000;6859800000;7359800000;10240;10228
792;7224273000;6860088888;7360088888;10240;10228
794;7224282000;6860088888;7360088888;10240;10228
790;7224445000;6859788888;7359788888;10240;10228
797;7226135000;6901444444;7401444444;10240;10228
798;7226354000;6901444444;7401444444;10240;10228
799;7260327000;6901444444;7401444444;10240;10228
800;7260340000;6901444444;7401444444;10240;10228
801;7260350000;6901444444;7401444444;10240;10228
802;7261671000;6901455555;7401455555;10240;10228
804;7261876000;6901744444;7401744444;10240;10228
805;7262079000;6901744444;7401744444;10240;10228
806;7262090000;6943100000;7443100000;10240;10228
807;7262290000;6943100000;7443100000;10240;10228
809;7264527000;6943100000;7443100000;10240;10228
811;7266594000;6943100000;7443100000;10240;10228
812;7266806000;6943100000;7443100000;10240;10228
813;7300640000;6943122222;7443122222;10240;10228
814;7300655000;6943533333;7443533333;10240;10228
793;7300665000;6860088888;7360088888;10240;10228
795;7300849000;6901444444;7401444444;10240;10228
796;7301028000;6901444444;7401444444;10240;10228
803;7302556000;6901744444;7401744444;10240;10228
815;7307237000;6943533333;7443533333;10240;10228
816;7340892000;6943533333;7443533333;10240;10228
817;7340907000;6984766666;7484766666;10240;10228
818;7340917000;6984766666;7484766666;10240;10228
808;7341172000;6943100000;7443100000;10240;10228
821;7343026000;6984766666;7484766666;10240;10228
810;7347705000;6943100000;7443100000;10240;10228
823;7381171000;6984766666;7484766666;10240;10228
824;7381200000;6984788888;7484788888;10240;10228
825;7381618000;6985166666;7485166666;10240;10228
826;7383498000;6985166666;7485166666;10240;10228
827;7388197000;6985166666;7485166666;10240;10228
828;7421453000;7026455555;7526455555;10240;10228
829;7421471000;7026455555;7526455555;10240;10228
830;7422079000;7026455555;7526455555;10240;10228
820;7423970000;6984766666;7484766666;10240;10228
831;7428670000;7026455555;7526455555;10240;10228
832;7428876000;7026455555;7526455555;10240;10228
819;7461735000;6984766666;7484766666;10240;10228
822;7461749000;6984766666;7484766666;10240;10228
834;7461774000;7026455555;7526455555;10240;10228
835;7462512000;7026466666;7526466666;10240;10228
836;7464443000;7026744444;7526744444;10240;10228
837;7469121000;7026744444;7526744444;10240;10228
838;7469355000;7026744444;7526744444;10240;10228
839;7469558000;7068122222;7568122222;10240;10228
840;7502018000;7068122222;7568122222;10240;10228
842;7502031000;7068122222;7568122222;10240;10228
843;7502974000;7068122222;7568122222;10240;10228
844;7504896000;7068122222;7568122222;10240;10228
845;7509539000;7068122222;7568122222;10240;10228
846;7509725000;7068133333;7568133333;10240;10228
847;7509931000;7068444444;7568444444;10240;10228
848;7510138000;7068444444;7568444444;10240;10228
849;7521594000;7068444444;7568444444;10240;10228
833;7521720000;7026455555;7526455555;10240;10228
850;7542264000;7109788888;7609788888;10240;10228
851;7542280000;7109788888;7609788888;10240;10228
852;7543424000;7109788888;7609788888;10240;10228
853;7545307000;7109788888;7609788888;10240;10228
854;7549933000;7109788888;7609788888;10240;10228
855;7550136000;7109788888;7609788888;10240;10228
856;7550340000;7109788888;7609788888;10240;10228
857;7550545000;7109800000;7609800000;10240;10228
858;7550555000;7110111111;7610111111;10240;10228
859;7561920000;7110111111;7610111111;10240;10228
860;7562236000;7110111111;7610111111;10240;10228
841;7562418000;7068122222;7568122222;10240;10228
861;7582492000;7151455555;7651455555;10240;10228
862;7582504000;7151455555;7651455555;10240;10228
863;7583860000;7151455555;7651455555;10240;10228
864;7585752000;7151455555;7651455555;10240;10228
865;7590450000;7151455555;7651455555;10240;10228
866;7590612000;7151455555;7651455555;10240;10228
867;7590828000;7151455555;7651455555;10240;10228
868;7591015000;7151466666;7651466666;10240;10228
869;7591021000;7151766666;7651766666;10240;10228
870;7591238000;7151766666;7651766666;10240;10228
871;7602199000;7151766666;7651766666;10240;10228
872;7602460000;7193111111;7693111111;10240;10228
873;7622748000;7193111111;7693111111;10240;10228
874;7622765000;7193111111;7693111111;10240;10228
875;7622771000;7193111111;7693111111;10240;10228
876;7626054000;7193111111;7693111111;10240;10228
878;7630974000;7193111111;7693111111;10240;10228
879;7631178000;7193122222;7693122222;10240;10228
880;7631388000;7193444444;7693444444;10240;10228
882;7631593000;7193444444;7693444444;10240;10228
883;7631790000;7234788888;7734788888;10240;10228
884;7631810000;7234788888;7734788888;10240;10228
885;7642523000;7234788888;7734788888;10240;10228
886;7642716000;7234788888;7734788888;10240;10228
887;7662941000;7234788888;7734788888;10240;10228
891;7671436000;7235088888;7735088888;10240;10228
892;7671620000;7235088888;7735088888;10240;10228
893;7671822000;7235088888;7735088888;10240;10228
877;7671833000;7193111111;7693111111;10240;10228
881;7672009000;7193444444;7693444444;10240;10228
894;7682934000;7276455555;7776455555;10240;10228
895;7703224000;7276455555;7776455555;10240;10228
896;7711914000;7276455555;7776455555;10240;10228
897;7712134000;7276455555;7776455555;10240;10228
900;7712333000;7276455555;7776455555;10240;10228
901;7712347000;7276466666;7776466666;10240;10228
898;7712357000;7276455555;7776455555;10240;10228
899;7712535000;7276455555;7776455555;10240;10228
902;7730116000;7276788888;7776788888;10240;10228
903;7730131000;7276788888;7776788888;10240;10228
904;7730140000;7276788888;7776788888;10240;10228
888;7730297000;7234788888;7734788888;10240;10228
889;7730532000;7234788888;7734788888;10240;10228
890;7730548000;7234800000;7734800000;10240;10228
905;7743482000;7318100000;7818100000;10240;10228
906;7743496000;7318100000;7818100000;10240;10228
907;7752396000;7318100000;7818100000;10240;10228
910;7752572000;7318100000;7818100000;10240;10228
912;7752599000;7318122222;7818122222;10240;10228
911;7752822000;7318100000;7818100000;10240;10228
913;7753027000;7318555555;7818555555;10240;10228
914;7770339000;7318555555;7818555555;10240;10228
915;7770354000;7318555555;7818555555;10240;10228
916;7770362000;7359788888;7859788888;10240;10228
919;7792819000;7359788888;7859788888;10240;10228
922;7792833000;7359788888;7859788888;10240;10228
920;7793038000;7359788888;7859788888;10240;10228
921;7793248000;7359788888;7859788888;10240;10228
923;7793259000;7359800000;7859800000;10240;10228
924;7793496000;7360088888;7860088888;10240;10228
925;7810663000;7360088888;7860088888;10240;10228
926;7810678000;7360088888;7860088888;10240;10228
927;7810686000;7401455555;7901455555;10240;10228
928;7810694000;7401455555;7901455555;10240;10228
908;7811545000;7318100000;7818100000;10240;10228
909;7811586000;7318100000;7818100000;10240;10228
929;7811727000;7401455555;7901455555;10240;10228
930;7811921000;7401455555;7901455555;10240;10228
931;7833115000;7401455555;7901455555;10240;10228
932;7833131000;7401455555;7901455555;10240;10228
933;7833495000;7401455555;7901455555;10240;10228
934;7833680000;7401466666;7901466666;10240;10228
935;7833884000;7401777777;7901777777;10240;10228
936;7834133000;7401777777;7901777777;10240;10228
917;7850984000;7359788888;7859788888;10240;10228
918;7851026000;7359788888;7859788888;10240;10228
937;7851034000;7401777777;7901777777;10240;10228
938;7852146000;7443122222;7943122222;10240;10228
939;7852346000;7443122222;7943122222;10240;10228
940;7873335000;7443122222;7943122222;10240;10228
941;7873349000;7443122222;7943122222;10240;10228
942;7873933000;7443122222;7943122222;10240;10228
943;7874125000;7443122222;7943122222;10240;10228
944;7874321000;7443122222;7943122222;10240;10228
945;7874524000;7443133333;7943133333;10240;10228
946;7891315000;7443477777;7943477777;10240;10228
947;7891330000;7443477777;7943477777;10240;10228
948;7891339000;7443477777;7943477777;10240;10228
949;7891344000;7484788888;7984788888;10240;10228
950;7892744000;7484788888;7984788888;10240;10228
951;7892928000;7484788888;7984788888;10240;10228
952;7913606000;7484788888;7984788888;10240;10228
953;7913617000;7484788888;7984788888;10240;10228
954;7914546000;7484788888;7984788888;10240;10228
956;7914727000;7484800000;7984800000;10240;10228
957;7914931000;7485100000;7985100000;10240;10228
958;7914942000;7485100000;7985100000;10240;10228
959;7931667000;7485100000;7985100000;10240;10228
960;7931682000;7526455555;8026455555;10240;10228
961;7931691000;7526455555;8026455555;10240;10228
962;7931705000;7526455555;8026455555;10240;10228
963;7933000000;7526455555;8026455555;10240;10228
964;7933179000;7526455555;8026455555;10240;10228
965;7953981000;7526455555;8026455555;10240;10228
966;7954130000;7526455555;8026455555;10240;10228
967;7954800000;7526466666;8026466666;10240;10228
969;7954816000;7526766666;8026766666;10240;10228
968;7954952000;7526766666;8026766666;10240;10228
970;7955160000;7526766666;8026766666;10240;10228
955;7955175000;7484788888;7984788888;10240;10228
971;7955367000;7568122222;8068122222;10240;10228
972;7971934000;7568122222;8068122222;10240;10228
973;7971960000;7568122222;8068122222;10240;10228
974;7971968000;7568122222;8068122222;10240;10228
976;7973305000;7568122222;8068122222;10240;10228
977;7973540000;7568122222;8068122222;10240;10228
978;7994291000;7568133333;8068133333;10240;10228
980;7995170000;7568455555;8068455555;10240;10228
981;7995189000;7568455555;8068455555;10240;10228
982;7995353000;7609788888;8109788888;10240;10228
984;7995382000;7609788888;8109788888;10240;10228
983;7995550000;7609788888;8109788888;10240;10228
985;8012260000;7609788888;8109788888;10240;10228
987;8012274000;7609788888;8109788888;10240;10228
988;8012283000;7609788888;8109788888;10240;10228
989;8012290000;7609800000;8109800000;10240;10228
986;8012445000;7609788888;8109788888;10240;10228
991;8013948000;7610077777;8110077777;10240;10228
992;8014136000;7610077777;8110077777;10240;10228
993;8034533000;7651466666;8151466666;10240;10228
975;8035418000;7568122222;8068122222;10240;10228
994;8035780000;7651466666;8151466666;10240;10228
995;8035950000;7651466666;8151466666;10240;10228
996;8052579000;7651466666;8151466666;10240;10228
997;8052593000;7651466666;8151466666;10240;10228
998;8052602000;7651466666;8151466666;10240;10228
979;8052610000;7568455555;8068455555;10240;10228
1000;8054500000;7651566666;8151566666;10240;10228
1002;8075674000;7651888888;8151888888;10240;10228
1003;8076260000;7651888888;8151888888;10240;10228
1004;8092861000;7693122222;8193122222;10240;10228
990;8092880000;7610077777;8110077777;10240;10228
1006;8092903000;7693122222;8193122222;10240;10228
1005;8093079000;7693122222;8193122222;10240;10228
1007;8094963000;7693122222;8193122222;10240;10228
1008;8115931000;7693122222;8193122222;10240;10228
1009;8116720000;7693122222;8193122222;10240;10228
1010;8133142000;7693122222;8193122222;10240;10228
1011;8133165000;7693155555;8193155555;10240;10228
1001;8133171000;7651888888;8151888888;10240;10228
999;8133556000;7651466666;8151466666;10240;10228
1012;8135466000;7693488888;8193488888;10240;10228
1013;8135670000;7693488888;8193488888;10240;10228
1014;8156202000;7693488888;8193488888;10240;10228
1015;8157166000;7734788888;8234788888;10240;10228
1016;8173462000;7734788888;8234788888;10240;10228
1017;8173478000;7734788888;8234788888;10240;10228
1018;8173485000;7734788888;8234788888;10240;10228
1019;8173995000;7734788888;8234788888;10240;10228
1020;8176100000;7734788888;8234788888;10240;10228
1021;8176294000;7734788888;8234788888;10240;10228
1022;8176304000;7734800000;8234800000;10240;10228
1023;8187933000;7735100000;8235100000;10240;10228
1024;8213774000;7735100000;8235100000;10240;10228
1026;8213788000;7776455555;8276455555;10240;10228
1027;8213802000;7776455555;8276455555;10240;10228
1028;8213809000;7776455555;8276455555;10240;10228
1029;8216551000;7776455555;8276455555;10240;10228
1030;8216749000;7776455555;8276455555;10240;10228
1031;8216955000;7776455555;8276455555;10240;10228
1032;8216965000;7776455555;8276455555;10240;10228
1033;8217159000;7776466666;8276466666;10240;10228
1034;8228360000;7776744444;8276744444;10240;10228
1025;8228612000;7735100000;8235100000;10240;10228
1036;8254112000;7776744444;8276744444;10240;10228
1037;8254131000;7818122222;8318122222;10240;10228
1038;8254144000;7818122222;8318122222;10240;10228
1035;8254287000;7776744444;8276744444;10240;10228
1039;8257014000;7818122222;8318122222;10240;10228
1040;8257176000;7818122222;8318122222;10240;10228
1041;8257384000;7818122222;8318122222;10240;10228
1042;8257586000;7818122222;8318122222;10240;10228
1043;8257597000;7818122222;8318122222;10240;10228
1044;8257789000;7818133333;8318133333;10240;10228
1045;8268906000;7818488888;8318488888;10240;10228
1047;8294393000;7818488888;8318488888;10240;10228
1048;8294411000;7859788888;8359788888;10240;10228
1046;8294575000;7818488888;8318488888;10240;10228
1049;8294631000;7859788888;8359788888;10240;10228
1051;8297568000;7859788888;8359788888;10240;10228
1054;8298014000;7859788888;8359788888;10240;10228
1055;8298206000;7859800000;8359800000;10240;10228
1056;8298215000;7860077777;8360077777;10240;10228
1057;8298409000;7860077777;8360077777;10240;10228
1058;8314582000;7860077777;8360077777;10240;10228
1060;8334657000;7901455555;8401455555;10240;10228
1061;8334739000;7901455555;8401455555;10240;10228
1059;8334842000;7901455555;8401455555;10240;10228
1062;8337794000;7901455555;8401455555;10240;10228
1063;8337976000;7901455555;8401455555;10240;10228
1064;8338439000;7901455555;8401455555;10240;10228
1065;8338615000;7901455555;8401455555;10240;10228
1052;8338821000;7859788888;8359788888;10240;10228
1053;8339024000;7859788888;8359788888;10240;10228
1066;8354863000;7901466666;8401466666;10240;10228
1067;8355771000;7901744444;8401744444;10240;10228
1050;8355949000;7859788888;8359788888;10240;10228
1068;8374932000;7901744444;8401744444;10240;10228
1069;8374946000;7901744444;8401744444;10240;10228
1070;8378087000;7943122222;8443122222;10240;10228
1071;8378384000;7943122222;8443122222;10240;10228
1072;8378839000;7943122222;8443122222;10240;10228
1073;8379028000;7943122222;8443122222;10240;10228
1074;8379246000;7943122222;8443122222;10240;10228
1075;8379436000;7943122222;8443122222;10240;10228
1076;8379643000;7943122222;8443122222;10240;10228
1077;8395137000;7943133333;8443133333;10240;10228
1078;8396077000;7943444444;8443444444;10240;10228
1079;8396514000;7943444444;8443444444;10240;10228
1080;8396528000;7943444444;8443444444;10240;10228
1082;8418630000;7984788888;8484788888;10240;10228
1083;8418648000;7984788888;8484788888;10240;10228
1084;8418656000;7984788888;8484788888;10240;10228
1086;8419456000;7984788888;8484788888;10240;10228
1087;8419641000;7984788888;8484788888;10240;10228
1088;8419860000;7984800000;8484800000;10240;10228
1089;8420058000;7985066666;8485066666;10240;10228
1090;8420070000;7985066666;8485066666;10240;10228
1091;8420257000;7985066666;8485066666;10240;10228
1092;8436397000;8026455555;8526455555;10240;10228
1093;8436777000;8026455555;8526455555;10240;10228
1094;8436788000;8026455555;8526455555;10240;10228
1095;8458910000;8026455555;8526455555;10240;10228
1096;8458923000;8026455555;8526455555;10240;10228
1097;8458932000;8026455555;8526455555;10240;10228
1098;8458939000;8026455555;8526455555;10240;10228
1099;8459833000;8026466666;8526466666;10240;10228
1100;8460054000;8026733333;8526733333;10240;10228
1081;8460086000;7984788888;8484788888;10240;10228
1085;8460115000;7984788888;8484788888;10240;10228
1101;8460508000;8026733333;8526733333;10240;10228
1102;8460695000;8026733333;8526733333;10240;10228
1103;8460898000;8068122222;8568122222;10240;10228
1104;8477063000;8068122222;8568122222;10240;10228
1105;8499216000;8068122222;8568122222;10240;10228
1106;8499232000;8068122222;8568122222;10240;10228
1107;8499242000;8068122222;8568122222;10240;10228
1108;8499247000;8068122222;8568122222;10240;10228
1110;8500169000;8068133333;8568133333;10240;10228
1111;8500192000;8068433333;8568433333;10240;10228
1109;8500266000;8068122222;8568122222;10240;10228
1113;8500308000;8068433333;8568433333;10240;10228
1114;8500334000;8109788888;8609788888;10240;10228
1112;8500460000;8068433333;8568433333;10240;10228
1116;8501118000;8109788888;8609788888;10240;10228
1117;8501311000;8109788888;8609788888;10240;10228
1119;8517392000;8109788888;8609788888;10240;10228
1118;8517531000;8109788888;8609788888;10240;10228
1120;8539444000;8109788888;8609788888;10240;10228
1121;8539457000;8109800000;8609800000;10240;10228
1122;8539467000;8110077777;8610077777;10240;10228
1123;8539481000;8110077777;8610077777;10240;10228
1124;8539492000;8110077777;8610077777;10240;10228
1125;8540410000;8151455555;8651455555;10240;10228
1126;8540425000;8151455555;8651455555;10240;10228
1128;8540509000;8151455555;8651455555;10240;10228
1129;8540522000;8151455555;8651455555;10240;10228
1127;8540660000;8151455555;8651455555;10240;10228
1130;8540858000;8151455555;8651455555;10240;10228
1131;8541520000;8151455555;8651455555;10240;10228
1132;8541706000;8151466666;8651466666;10240;10228
1133;8557612000;8151755555;8651755555;10240;10228
1115;8557701000;8109788888;8609788888;10240;10228
1134;8579719000;8151755555;8651755555;10240;10228
1135;8579733000;8151755555;8651755555;10240;10228
1136;8579740000;8193122222;8693122222;10240;10228
1137;8579745000;8193122222;8693122222;10240;10228
1138;8580727000;8193122222;8693122222;10240;10228
1139;8580743000;8193122222;8693122222;10240;10228
1140;8580750000;8193122222;8693122222;10240;10228
1141;8580756000;8193122222;8693122222;10240;10228
1142;8581127000;8193122222;8693122222;10240;10228
1143;8581281000;8193133333;8693133333;10240;10228
1144;8581290000;8193455555;8693455555;10240;10228
1145;8581938000;8193455555;8693455555;10240;10228
1146;8582125000;8193455555;8693455555;10240;10228
1147;8597929000;8234788888;8734788888;10240;10228
1148;8597941000;8234788888;8734788888;10240;10228
1149;8620015000;8234788888;8734788888;10240;10228
1150;8620031000;8234788888;8734788888;10240;10228
1151;8620039000;8234788888;8734788888;10240;10228
1152;8620065000;8234788888;8734788888;10240;10228
1153;8620084000;8234788888;8734788888;10240;10228
1154;8620088000;8234800000;8734800000;10240;10228
1155;8621057000;8235077777;8735077777;10240;10228
1156;8621073000;8235077777;8735077777;10240;10228
1157;8621081000;8235077777;8735077777;10240;10228
1158;8621091000;8276455555;8776455555;10240;10228
1159;8621563000;8276455555;8776455555;10240;10228
1160;8621737000;8276455555;8776455555;10240;10228
1161;8622334000;8276455555;8776455555;10240;10228
1162;8622538000;8276455555;8776455555;10240;10228
1163;8622733000;8276455555;8776455555;10240;10228
1164;8638244000;8276455555;8776455555;10240;10228
1165;8638258000;8276466666;8776466666;10240;10228
1166;8660308000;8276711111;8776711111;10240;10228
1167;8660325000;8276711111;8776711111;10240;10228
1168;8660334000;8276711111;8776711111;10240;10228
1170;8660343000;8318122222;8818122222;10240;10228
1171;8660354000;8318122222;8818122222;10240;10228
1172;8660362000;8318122222;8818122222;10240;10228
1173;8661330000;8318122222;8818122222;10240;10228
1174;8661346000;8318122222;8818122222;10240;10228
1175;8661354000;8318122222;8818122222;10240;10228
1177;8661806000;8318477777;8818477777;10240;10228
1176;8661918000;8318133333;8818133333;10240;10228
1178;8662129000;8318477777;8818477777;10240;10228
1179;8662801000;8318477777;8818477777;10240;10228
1180;8662975000;8359788888;8859788888;10240;10228
1181;8663195000;8359788888;8859788888;10240;10228
1183;8663207000;8359788888;8859788888;10240;10228
1184;8678549000;8359788888;8859788888;10240;10228
1185;8678561000;8359788888;8859788888;10240;10228
1186;8700612000;8359788888;8859788888;10240;10228
1187;8700629000;8359800000;8859800000;10240;10228
1188;8700640000;8360077777;8860077777;10240;10228
1189;8700647000;8360077777;8860077777;10240;10228
1190;8700655000;8360077777;8860077777;10240;10228
1169;8700662000;8318122222;8818122222;10240;10228
1191;8702610000;8401455555;8901455555;10240;10228
1192;8703296000;8401455555;8901455555;10240;10228
1193;8703488000;8401455555;8901455555;10240;10228
1194;8703502000;8401455555;8901455555;10240;10228
1195;8703685000;8401455555;8901455555;10240;10228
1196;8703882000;8401455555;8901455555;10240;10228
1197;8718871000;8401455555;8901455555;10240;10228
1198;8718886000;8401466666;8901466666;10240;10228
1199;8740853000;8401744444;8901744444;10240;10228
1200;8740871000;8401744444;8901744444;10240;10228
1203;8740879000;8443122222;8943122222;10240;10228
1204;8740895000;8443122222;8943122222;10240;10228
1205;8740904000;8443122222;8943122222;10240;10228
1206;8743041000;8443122222;8943122222;10240;10228
1182;8743505000;8359788888;8859788888;10240;10228
1209;8744108000;8443133333;8943133333;10240;10228
1211;8759161000;8443466666;8943466666;10240;10228
1212;8781154000;8443466666;8943466666;10240;10228
1213;8781169000;8484788888;8984788888;10240;10228
1214;8781180000;8484788888;8984788888;10240;10228
1215;8781188000;8484788888;8984788888;10240;10228
1202;8781195000;8443122222;8943122222;10240;10228
1216;8783474000;8484788888;8984788888;10240;10228
1217;8784549000;8484788888;8984788888;10240;10228
1218;8821444000;8484788888;8984788888;10240;10228
1219;8821461000;8484788888;8984788888;10240;10228
1220;8821470000;8484800000;8984800000;10240;10228
1221;8821479000;8485100000;8985100000;10240;10228
1223;8823958000;8485100000;8985100000;10240;10228
1207;8824860000;8443122222;8943122222;10240;10228
1208;8824880000;8443122222;8943122222;10240;10228
1224;8825026000;8526455555;9026455555;10240;10228
1226;8861750000;8526455555;9026455555;10240;10228
1227;8861765000;8526455555;9026455555;10240;10228
1210;8864270000;8443466666;8943466666;10240;10228
1228;8864435000;8526455555;9026455555;10240;10228
1229;8864627000;8526455555;9026455555;10240;10228
1230;8865102000;8526455555;9026455555;10240;10228
1231;8865383000;8526466666;9026466666;10240;10228
1232;8865577000;8526755555;9026755555;10240;10228
1233;8902053000;8526755555;9026755555;10240;10228
1234;8902078000;8526755555;9026755555;10240;10228
1235;8904591000;8568122222;9068122222;10240;10228
1222;8905452000;8485100000;8985100000;10240;10228
1225;8905467000;8526455555;9026455555;10240;10228
1238;8905820000;8568122222;9068122222;10240;10228
1239;8906000000;8568122222;9068122222;10240;10228
1240;8906212000;8568122222;9068122222;10240;10228
1241;8942381000;8568122222;9068122222;10240;10228
1242;8944896000;8568133333;9068133333;10240;10228
1244;8945783000;8568422222;9068422222;10240;10228
1245;8946252000;8568422222;9068422222;10240;10228
1246;8946454000;8609788888;9109788888;10240;10228
1247;8982688000;8609788888;9109788888;10240;10228
1236;8982818000;8568122222;9068122222;10240;10228
1237;8983017000;8568122222;9068122222;10240;10228
1248;8985117000;8609788888;9109788888;10240;10228
1249;8986032000;8609788888;9109788888;10240;10228
1250;8986677000;8609788888;9109788888;10240;10228
1251;8986857000;8609788888;9109788888;10240;10228
1252;9022915000;8609788888;9109788888;10240;10228
1253;9023152000;8609800000;9109800000;10240;10228
1254;9023383000;8610066666;9110066666;10240;10228
1243;9025359000;8568422222;9068422222;10240;10228
1255;9026306000;8610066666;9110066666;10240;10228
1256;9027138000;8610066666;9110066666;10240;10228
1257;9027293000;8651455555;9151455555;10240;10228
1258;9027494000;8651455555;9151455555;10240;10228
1259;9063215000;8651455555;9151455555;10240;10228
1260;9063560000;8651455555;9151455555;10240;10228
1261;9063749000;8651455555;9151455555;10240;10228
1262;9065684000;8651455555;9151455555;10240;10228
1263;9066625000;8651455555;9151455555;10240;10228
1264;9067488000;8651466666;9151466666;10240;10228
1265;9067671000;8651744444;9151744444;10240;10228
1266;9067875000;8651744444;9151744444;10240;10228
1267;9068081000;8651744444;9151744444;10240;10228
1268;9103521000;8693122222;9193122222;10240;10228
1269;9103982000;8693122222;9193122222;10240;10228
1270;9104174000;8693122222;9193122222;10240;10228
1271;9106926000;8693122222;9193122222;10240;10228
1272;9106952000;8693122222;9193122222;10240;10228
1273;9106969000;8693122222;9193122222;10240;10228
1274;9107947000;8693122222;9193122222;10240;10228
1275;9108157000;8693133333;9193133333;10240;10228
1277;9108361000;8693444444;9193444444;10240;10228
1278;9108567000;8693444444;9193444444;10240;10228
1280;9144444000;8734788888;9234788888;10240;10228
1281;9144655000;8734788888;9234788888;10240;10228
1282;9147207000;8734788888;9234788888;10240;10228
1283;9147223000;8734788888;9234788888;10240;10228
1284;9147232000;8734788888;9234788888;10240;10228
1285;9147239000;8734788888;9234788888;10240;10228
1286;9148348000;8734800000;9234800000;10240;10228
1287;9148595000;8735088888;9235088888;10240;10228
1288;9148799000;8735088888;9235088888;10240;10228
1289;9148820000;8735088888;9235088888;10240;10228
1290;9148997000;8776455555;9276455555;10240;10228
1276;9184948000;8693444444;9193444444;10240;10228
1291;9187493000;8776455555;9276455555;10240;10228
1292;9187508000;8776455555;9276455555;10240;10228
1279;9187516000;8734788888;9234788888;10240;10228
1293;9189060000;8776455555;9276455555;10240;10228
1294;9189263000;8776455555;9276455555;10240;10228
1295;9189471000;8776455555;9276455555;10240;10228
1296;9189492000;8776455555;9276455555;10240;10228
1297;9189667000;8776466666;9276466666;10240;10228
1298;9189688000;8776733333;9276733333;10240;10228
1300;9227799000;8776733333;9276733333;10240;10228
1301;9227817000;8818122222;9318122222;10240;10228
1302;9227825000;8818122222;9318122222;10240;10228
1303;9229583000;8818122222;9318122222;10240;10228
1304;9229763000;8818122222;9318122222;10240;10228
1305;9229957000;8818122222;9318122222;10240;10228
1306;9230171000;8818122222;9318122222;10240;10228
1307;9230182000;8818122222;9318122222;10240;10228
1308;9230374000;8818133333;9318133333;10240;10228
1309;9230385000;8818444444;9318444444;10240;10228
1310;9268102000;8818444444;9318444444;10240;10228
1311;9268115000;8818444444;9318444444;10240;10228
1312;9268125000;8859788888;9359788888;10240;10228
1313;9268135000;8859788888;9359788888;10240;10228
1314;9270023000;8859788888;9359788888;10240;10228
1315;9270224000;8859788888;9359788888;10240;10228
1299;9270427000;8776733333;9276733333;10240;10228
1317;9270841000;8859788888;9359788888;10240;10228
1318;9308391000;8859788888;9359788888;10240;10228
1319;9308406000;8859800000;9359800000;10240;10228
1320;9308415000;8860077777;9360077777;10240;10228
1321;9308424000;8860077777;9360077777;10240;10228
1322;9308439000;8860077777;9360077777;10240;10228
1323;9308449000;8901455555;9401455555;10240;10228
1324;9310534000;8901455555;9401455555;10240;10228
1325;9310710000;8901455555;9401455555;10240;10228
1326;9310903000;8901455555;9401455555;10240;10228
1327;9310915000;8901455555;9401455555;10240;10228
1329;9348671000;8901455555;9401455555;10240;10228
1330;9348691000;8901466666;9401466666;10240;10228
1333;9348701000;8901755555;9401755555;10240;10228
1334;9348709000;8943122222;9443122222;10240;10228
1335;9348716000;8943122222;9443122222;10240;10228
1316;9350986000;8859788888;9359788888;10240;10228
1337;9351407000;8943122222;9443122222;10240;10228
1338;9351614000;8943122222;9443122222;10240;10228
1339;9388952000;8943122222;9443122222;10240;10228
1340;9388965000;8943122222;9443122222;10240;10228
1332;9388984000;8901755555;9401755555;10240;10228
1341;9391778000;8943133333;9443133333;10240;10228
1342;9391974000;8943444444;9443444444;10240;10228
1343;9392167000;8943444444;9443444444;10240;10228
1328;9398132000;8901455555;9401455555;10240;10228
1344;9398368000;8943444444;9443444444;10240;10228
1347;9429324000;8984788888;9484788888;10240;10228
1348;9432418000;8984788888;9484788888;10240;10228
1349;9432616000;8984788888;9484788888;10240;10228
1350;9432811000;8984788888;9484788888;10240;10228
1351;9438804000;8984788888;9484788888;10240;10228
1352;9472790000;8984800000;9484800000;10240;10228
1353;9473020000;8985077777;9485077777;10240;10228
1354;9473226000;8985077777;9485077777;10240;10228
1355;9473428000;8985077777;9485077777;10240;10228
1356;9479233000;9026455555;9526455555;10240;10228
1345;9479715000;8984788888;9484788888;10240;10228
1346;9479912000;8984788888;9484788888;10240;10228
1357;9480127000;9026455555;9526455555;10240;10228
1358;9480139000;9026455555;9526455555;10240;10228
1359;9513234000;9026455555;9526455555;10240;10228
1361;9513409000;9026455555;9526455555;10240;10228
1360;9513425000;9026455555;9526455555;10240;10228
1362;9513594000;9026455555;9526455555;10240;10228
1363;9519638000;9026466666;9526466666;10240;10228
1364;9520690000;9026744444;9526744444;10240;10228
1365;9520872000;9026744444;9526744444;10240;10228
1366;9521054000;9026744444;9526744444;10240;10228
1367;9553665000;9068122222;9568122222;10240;10228
1368;9553891000;9068122222;9568122222;10240;10228
1369;9554061000;9068122222;9568122222;10240;10228
1370;9559885000;9068122222;9568122222;10240;10228
1371;9561165000;9068122222;9568122222;10240;10228
1373;9561346000;9068122222;9568122222;10240;10228
1374;9561550000;9068133333;9568133333;10240;10228
1372;9566110000;9068122222;9568122222;10240;10228
1375;9566509000;9068444444;9568444444;10240;10228
1376;9566697000;9068444444;9568444444;10240;10228
1378;9566880000;9109788888;9609788888;10240;10228
1379;9594162000;9109788888;9609788888;10240;10228
1380;9600409000;9109788888;9609788888;10240;10228
1381;9601668000;9109788888;9609788888;10240;10228
1382;9601832000;9109788888;9609788888;10240;10228
1377;9606774000;9068444444;9568444444;10240;10228
1383;9606805000;9109788888;9609788888;10240;10228
1384;9607361000;9109788888;9609788888;10240;10228
1385;9607371000;9109800000;9609800000;10240;10228
1386;9607565000;9110088888;9610088888;10240;10228
1387;9607774000;9110088888;9610088888;10240;10228
1388;9640673000;9110088888;9610088888;10240;10228
1389;9642139000;9151455555;9651455555;10240;10228
1391;9647077000;9151455555;9651455555;10240;10228
1390;9647568000;9151455555;9651455555;10240;10228
1392;9648130000;9151455555;9651455555;10240;10228
1393;9648146000;9151455555;9651455555;10240;10228
1394;9648334000;9151455555;9651455555;10240;10228
1395;9648348000;9151455555;9651455555;10240;10228
1396;9681091000;9151466666;9651466666;10240;10228
1397;9682414000;9151766666;9651766666;10240;10228
1399;9687467000;9151766666;9651766666;10240;10228
1398;9687603000;9151766666;9651766666;10240;10228
1400;9688917000;9193111111;9693111111;10240;10228
1401;9688928000;9193111111;9693111111;10240;10228
1402;9689069000;9193111111;9693111111;10240;10228
1403;9689079000;9193111111;9693111111;10240;10228
1404;9721350000;9193111111;9693111111;10240;10228
1405;9722972000;9193111111;9693111111;10240;10228
1407;9727782000;9193122222;9693122222;10240;10228
1406;9727962000;9193111111;9693111111;10240;10228
1408;9729429000;9193444444;9693444444;10240;10228
1409;9729619000;9193444444;9693444444;10240;10228
1411;9729629000;9234777777;9734777777;10240;10228
1412;9761837000;9234777777;9734777777;10240;10228
1414;9768137000;9234777777;9734777777;10240;10228
1415;9768292000;9234777777;9734777777;10240;10228
1416;9769882000;9234777777;9734777777;10240;10228
1418;9770104000;9234788888;9734788888;10240;10228
1419;9770292000;9235088888;9735088888;10240;10228
1420;9770303000;9235088888;9735088888;10240;10228
1417;9774889000;9234777777;9734777777;10240;10228
1413;9775032000;9234777777;9734777777;10240;10228
1421;9775267000;9235088888;9735088888;10240;10228
1422;9775448000;9276455555;9776455555;10240;10228
1424;9775650000;9276455555;9776455555;10240;10228
1425;9775660000;9276455555;9776455555;10240;10228
1426;9808599000;9276455555;9776455555;10240;10228
1427;9808825000;9276455555;9776455555;10240;10228
1429;9810636000;9276466666;9776466666;10240;10228
1423;9815597000;9276455555;9776455555;10240;10228
1430;9815706000;9276722222;9776722222;10240;10228
1431;9815898000;9276722222;9776722222;10240;10228
1432;9816078000;9276722222;9776722222;10240;10228
1433;9816316000;9318100000;9818100000;10240;10228
1434;9816337000;9318100000;9818100000;10240;10228
1435;9816521000;9318100000;9818100000;10240;10228
1437;9851066000;9318100000;9818100000;10240;10228
1438;9851285000;9318100000;9818100000;10240;10228
1440;9856261000;9318122222;9818122222;10240;10228
1436;9856555000;9318100000;9818100000;10240;10228
1439;9856755000;9318100000;9818100000;10240;10228
1441;9856953000;9318522222;9818522222;10240;10228
1442;9856963000;9318522222;9818522222;10240;10228
1443;9857166000;9318522222;9818522222;10240;10228
1444;9857175000;9359766666;9859766666;10240;10228
1447;9891558000;9359766666;9859766666;10240;10228
1446;9891568000;9359766666;9859766666;10240;10228
1448;9896745000;9359766666;9859766666;10240;10228
1445;9897148000;9359766666;9859766666;10240;10228
1449;9897487000;9359766666;9859766666;10240;10228
1450;9897692000;9359766666;9859766666;10240;10228
1451;9897702000;9359777777;9859777777;10240;10228
1452;9897899000;9360166666;9860166666;10240;10228
1453;9897909000;9360166666;9860166666;10240;10228
1454;9898104000;9360166666;9860166666;10240;10228
1456;9931816000;9401455555;9901455555;10240;10228
1455;9931964000;9401455555;9901455555;10240;10228
1457;9937024000;9401455555;9901455555;10240;10228
1458;9937890000;9401455555;9901455555;10240;10228
1459;9938304000;9401455555;9901455555;10240;10228
1460;9938504000;9401455555;9901455555;10240;10228
1461;9938515000;9401455555;9901455555;10240;10228
1463;9938706000;9401755555;9901755555;10240;10228
1465;9972041000;9401755555;9901755555;10240;10228
1464;9972273000;9401755555;9901755555;10240;10228
1466;9977515000;9443122222;9943122222;10240;10228
1462;9978606000;9401466666;9901466666;10240;10228
1468;9978619000;9443122222;9943122222;10240;10228
1467;9979086000;9443122222;9943122222;10240;10228
1469;9979106000;9443122222;9943122222;10240;10228
1470;9979380000;9443122222;9943122222;10240;10228
1471;9979392000;9443122222;9943122222;10240;10228
1472;9979516000;9443122222;9943122222;10240;10228
1473;9979527000;9443133333;9943133333;10240;10228
1474;10012570000;9443455555;9943455555;10240;10228
1475;10017784000;9443455555;9943455555;10240;10228
1476;10019172000;9443455555;9943455555;10240;10228
1478;10019560000;9484788888;9984788888;10240;10228
1479;10019832000;9484788888;9984788888;10240;10228
1480;10020032000;9484788888;9984788888;10240;10228
1481;10020063000;9484788888;9984788888;10240;10228
1482;10020245000;9484788888;9984788888;10240;10228
1477;10024821000;9484788888;9984788888;10240;10228
1483;10024839000;9484788888;9984788888;10240;10228
1484;10025023000;9484800000;9984800000;10240;10228
1485;10025032000;9485122222;9985122222;10240;10228
1486;10025235000;9485122222;9985122222;10240;10228
1487;10025439000;9485122222;9985122222;10240;10228
1488;10058273000;9526455555;10026455555;10240;10228
1489;10060030000;9526455555;10026455555;10240;10228
1490;10060309000;9526455555;10026455555;10240;10228
1491;10060528000;9526455555;10026455555;10240;10228
1492;10065183000;9526455555;10026455555;10240;10228
1493;10065698000;9526455555;10026455555;10240;10228
1494;10065886000;9526455555;10026455555;10240;10228
1495;10065897000;9526466666;10026466666;10240;10228
1496;10066074000;9526766666;10026766666;10240;10228
1497;10066097000;9526766666;10026766666;10240;10228
1499;10100808000;9568100000;10068100000;10240;10228
1500;10101011000;9568100000;10068100000;10240;10228
1501;10105510000;9568100000;10068100000;10240;10228
1498;10106107000;9526766666;10026766666;10240;10228
1503;10106281000;9568100000;10068100000;10240;10228
1504;10106490000;9568100000;10068100000;10240;10228
1505;10106518000;9568100000;10068100000;10240;10228
1506;10106522000;9568122222;10068122222;10240;10228
1508;10141086000;9568511111;10068511111;10240;10228
1509;10141234000;9568511111;10068511111;10240;10228
1507;10141247000;9568511111;10068511111;10240;10228
1510;10145975000;9609766666;10109766666;10240;10228
1511;10146687000;9609766666;10109766666;10240;10228
1512;10146705000;9609766666;10109766666;10240;10228
1516;10147175000;9609766666;10109766666;10240;10228
1517;10147371000;9609788888;10109788888;10240;10228
1518;10181575000;9610166666;10110166666;10240;10228
1519;10181755000;9610166666;10110166666;10240;10228
1520;10187034000;9610166666;10110166666;10240;10228
1521;10187055000;9651433333;10151433333;10240;10228
1523;10187529000;9651433333;10151433333;10240;10228
1525;10187552000;9651433333;10151433333;10240;10228
1522;10187613000;9651433333;10151433333;10240;10228
1524;10188003000;9651433333;10151433333;10240;10228
1526;10188411000;9651433333;10151433333;10240;10228
1527;10188619000;9651433333;10151433333;10240;10228
1528;10188628000;9651455555;10151455555;10240;10228
1529;10188811000;9651822222;10151822222;10240;10228
1530;10188817000;9651822222;10151822222;10240;10228
1531;10227529000;9651822222;10151822222;10240;10228
1532;10227710000;9693122222;10193122222;10240;10228
1533;10227866000;9693122222;10193122222;10240;10228
1534;10227878000;9693122222;10193122222;10240;10228
1535;10228853000;9693122222;10193122222;10240;10228
1536;10229061000;9693122222;10193122222;10240;10228
1537;10229246000;9693122222;10193122222;10240;10228
1538;10229454000;9693122222;10193122222;10240;10228
1539;10229463000;9693144444;10193144444;10240;10228
1540;10233961000;9693466666;10193466666;10240;10228
1541;10233970000;9693466666;10193466666;10240;10228
1542;10234164000;9693466666;10193466666;10240;10228
1543;10234176000;9734788888;10234788888;10240;10228
1544;10234368000;9734788888;10234788888;10240;10228
1545;10268310000;9734788888;10234788888;10240;10228
1546;10268504000;9734788888;10234788888;10240;10228
1548;10269754000;9734788888;10234788888;10240;10228
1547;10274361000;9734788888;10234788888;10240;10228
1549;10274773000;9734788888;10234788888;10240;10228
1550;10274783000;9734800000;10234800000;10240;10228
1551;10274976000;9735100000;10235100000;10240;10228
1552;10274986000;9735100000;10235100000;10240;10228
1554;10308565000;9776433333;10276433333;10240;10228
1555;10308712000;9776433333;10276433333;10240;10228
1557;10314646000;9776433333;10276433333;10240;10228
1553;10314936000;9735100000;10235100000;10240;10228
1556;10314948000;9776433333;10276433333;10240;10228
1558;10315522000;9776433333;10276433333;10240;10228
1559;10315532000;9776433333;10276433333;10240;10228
1560;10315728000;9776433333;10276433333;10240;10228
1561;10315737000;9776455555;10276455555;10240;10228
1562;10315931000;9776800000;10276800000;10240;10228
1563;10349032000;9776800000;10276800000;10240;10228
1564;10349235000;9776800000;10276800000;10240;10228
1565;10354900000;9818122222;10318122222;10240;10228
1566;10356141000;9818122222;10318122222;10240;10228
1567;10356337000;9818122222;10318122222;10240;10228
1568;10356348000;9818122222;10318122222;10240;10228
1569;10356541000;9818122222;10318122222;10240;10228
1570;10356552000;9818122222;10318122222;10240;10228
1572;10389309000;9818133333;10318133333;10240;10228
1573;10389476000;9818477777;10318477777;10240;10228
1571;10396490000;9818122222;10318122222;10240;10228
1574;10396515000;9818477777;10318477777;10240;10228
1575;10396531000;9818477777;10318477777;10240;10228
1576;10397016000;9859788888;10359788888;10240;10228
1577;10397027000;9859788888;10359788888;10240;10228
1578;10397223000;9859788888;10359788888;10240;10228
1579;10397432000;9859788888;10359788888;10240;10228
1580;10397442000;9859788888;10359788888;10240;10228
1581;10429786000;9859788888;10359788888;10240;10228
1582;10430113000;9859788888;10359788888;10240;10228
1583;10436806000;9859800000;10359800000;10240;10228
1584;10436828000;9860100000;10360100000;10240;10228
1585;10437631000;9860100000;10360100000;10240;10228
1586;10437651000;9860100000;10360100000;10240;10228
1587;10437835000;9901444444;10401444444;10240;10228
1588;10438033000;9901444444;10401444444;10240;10228
1589;10438061000;9901444444;10401444444;10240;10228
1590;10470032000;9901444444;10401444444;10240;10228
1591;10470042000;9901444444;10401444444;10240;10228
1592;10470360000;9901444444;10401444444;10240;10228
1593;10470381000;9901444444;10401444444;10240;10228
1594;10477423000;9901455555;10401455555;10240;10228
1595;10477623000;9901755555;10401755555;10240;10228
1596;10478109000;9901755555;10401755555;10240;10228
1597;10478320000;9901755555;10401755555;10240;10228
1598;10478509000;9943111111;10443111111;10240;10228
1599;10478520000;9943111111;10443111111;10240;10228
1600;10478713000;9943111111;10443111111;10240;10228
1601;10483795000;9943111111;10443111111;10240;10228
1602;10483804000;9943111111;10443111111;10240;10228
1603;10484000000;9943111111;10443111111;10240;10228
1604;10510493000;9943111111;10443111111;10240;10228
1605;10510671000;9943122222;10443122222;10240;10228
1606;10510873000;9943488888;10443488888;10240;10228
1607;10511102000;9943488888;10443488888;10240;10228
1609;10518532000;9984766666;10484766666;10240;10228
1610;10518715000;9984766666;10484766666;10240;10228
1611;10518736000;9984766666;10484766666;10240;10228
1613;10523370000;9984766666;10484766666;10240;10228
1608;10523931000;9943488888;10443488888;10240;10228
1615;10523963000;9984766666;10484766666;10240;10228
1616;10523984000;9984788888;10484788888;10240;10228
1612;10524538000;9984766666;10484766666;10240;10228
1614;10524744000;9984766666;10484766666;10240;10228
1617;10550723000;9985177777;10485177777;10240;10228
1618;10550744000;9985177777;10485177777;10240;10228
1619;10550880000;9985177777;10485177777;10240;10228
1620;10551298000;10026433333;10526433333;10240;10228
1621;10551309000;10026433333;10526433333;10240;10228
1622;10551322000;10026433333;10526433333;10240;10228
1624;10559012000;10026433333;10526433333;10240;10228
1626;10559212000;10026433333;10526433333;10240;10228
1627;10564171000;10026455555;10526455555;10240;10228
1628;10564361000;10026833333;10526833333;10240;10228
1623;10564543000;10026433333;10526433333;10240;10228
1625;10564570000;10026433333;10526433333;10240;10228
1630;10564607000;10026833333;10526833333;10240;10228
1631;10564614000;10068100000;10568100000;10240;10228
1629;10565392000;10026833333;10526833333;10240;10228
1632;10591177000;10068100000;10568100000;10240;10228
1633;10591379000;10068100000;10568100000;10240;10228
1634;10591583000;10068100000;10568100000;10240;10228
1635;10591594000;10068100000;10568100000;10240;10228
1636;10591810000;10068100000;10568100000;10240;10228
1637;10592001000;10068100000;10568100000;10240;10228
1638;10599202000;10068122222;10568122222;10240;10228
1639;10599212000;10068544444;10568544444;10240;10228
1640;10599219000;10068544444;10568544444;10240;10228
1641;10599404000;10068544444;10568544444;10240;10228
1642;10599415000;10109766666;10609766666;10240;10228
1643;10604553000;10109766666;10609766666;10240;10228
1644;10604803000;10109766666;10609766666;10240;10228
1646;10604824000;10109766666;10609766666;10240;10228
1647;10606532000;10109766666;10609766666;10240;10228
1648;10631610000;10109766666;10609766666;10240;10228
1649;10631619000;10109788888;10609788888;10240;10228
1650;10631801000;10110200000;10610200000;10240;10228
1651;10631820000;10110200000;10610200000;10240;10228
1652;10631825000;10110200000;10610200000;10240;10228
1653;10632198000;10151444444;10651444444;10240;10228
1654;10632210000;10151444444;10651444444;10240;10228
1655;10639464000;10151444444;10651444444;10240;10228
1656;10639634000;10151444444;10651444444;10240;10228
1657;10639824000;10151444444;10651444444;10240;10228
1659;10640036000;10151444444;10651444444;10240;10228
1660;10640066000;10151455555;10651455555;10240;10228
1664;10645129000;10193100000;10693100000;10240;10228
1661;10645248000;10151777777;10651777777;10240;10228
1662;10645449000;10151777777;10651777777;10240;10228
1663;10645656000;10151777777;10651777777;10240;10228
1658;10646084000;10151444444;10651444444;10240;10228
1665;10647211000;10193100000;10693100000;10240;10228
1666;10672073000;10193100000;10693100000;10240;10228
1667;10672256000;10193100000;10693100000;10240;10228
1668;10672473000;10193100000;10693100000;10240;10228
1669;10672484000;10193100000;10693100000;10240;10228
1670;10672664000;10193100000;10693100000;10240;10228
1671;10672674000;10193122222;10693122222;10240;10228
1672;10672900000;10193544444;10693544444;10240;10228
1675;10679787000;10234766666;10734766666;10240;10228
1674;10679951000;10193544444;10693544444;10240;10228
1676;10680085000;10234766666;10734766666;10240;10228
1677;10680245000;10234766666;10734766666;10240;10228
1678;10680255000;10234766666;10734766666;10240;10228
1679;10685443000;10234766666;10734766666;10240;10228
1680;10685452000;10234766666;10734766666;10240;10228
1681;10685652000;10234766666;10734766666;10240;10228
1682;10685844000;10234788888;10734788888;10240;10228
1683;10685864000;10235177777;10735177777;10240;10228
1673;10691968000;10193544444;10693544444;10240;10228
1684;10692151000;10235177777;10735177777;10240;10228
1685;10692357000;10235177777;10735177777;10240;10228
1686;10692368000;10276455555;10776455555;10240;10228
1687;10692597000;10276455555;10776455555;10240;10228
1688;10692768000;10276455555;10776455555;10240;10228
1689;10692788000;10276455555;10776455555;10240;10228
1690;10692970000;10276455555;10776455555;10240;10228
1691;10692980000;10276455555;10776455555;10240;10228
1692;10693139000;10276455555;10776455555;10240;10228
1693;10693369000;10276466666;10776466666;10240;10228
1694;10720226000;10276733333;10776733333;10240;10228
1695;10725688000;10276733333;10776733333;10240;10228
1696;10725706000;10276733333;10776733333;10240;10228
1697;10725867000;10318100000;10818100000;10240;10228
1698;10726086000;10318100000;10818100000;10240;10228
1699;10726096000;10318100000;10818100000;10240;10228
1700;10726110000;10318100000;10818100000;10240;10228
1702;10732814000;10318100000;10818100000;10240;10228
1703;10733213000;10318100000;10818100000;10240;10228
1704;10733407000;10318122222;10818122222;10240;10228
1706;10733428000;10318533333;10818533333;10240;10228
1708;10733619000;10359788888;10859788888;10240;10228
1709;10733631000;10359788888;10859788888;10240;10228
1710;10733833000;10359788888;10859788888;10240;10228
1712;10760726000;10359788888;10859788888;10240;10228
1713;10765996000;10359788888;10859788888;10240;10228
1714;10766007000;10359788888;10859788888;10240;10228
1715;10766345000;10359800000;10859800000;10240;10228
1716;10766356000;10360100000;10860100000;10240;10228
1717;10766361000;10360100000;10860100000;10240;10228
1719;10766365000;10401444444;10901444444;10240;10228
1720;10773250000;10401444444;10901444444;10240;10228
1721;10773648000;10401444444;10901444444;10240;10228
1705;10773836000;10318533333;10818533333;10240;10228
1707;10774003000;10318533333;10818533333;10240;10228
1722;10806301000;10401444444;10901444444;10240;10228
1723;10806619000;10401444444;10901444444;10240;10228
1725;10806632000;10401444444;10901444444;10240;10228
1726;10806637000;10401455555;10901455555;10240;10228
1728;10814123000;10401755555;10901755555;10240;10228
1729;10814220000;10401755555;10901755555;10240;10228
1730;10814232000;10443100000;10943100000;10240;10228
1731;10846572000;10443100000;10943100000;10240;10228
1718;10846839000;10360100000;10860100000;10240;10228
1724;10854466000;10401444444;10901444444;10240;10228
1732;10854487000;10443100000;10943100000;10240;10228
1711;10854578000;10359788888;10859788888;10240;10228
1733;10854778000;10443100000;10943100000;10240;10228
1734;10886858000;10443100000;10943100000;10240;10228
1735;10886999000;10443100000;10943100000;10240;10228
1736;10894764000;10443100000;10943100000;10240;10228
1737;10894775000;10443122222;10943122222;10240;10228
1738;10894780000;10443566666;10943566666;10240;10228
1739;10895247000;10443566666;10943566666;10240;10228
1727;10895257000;10401755555;10901755555;10240;10228
1740;10895486000;10443566666;10943566666;10240;10228
1741;10927230000;10484755555;10984755555;10240;10228
1742;10935114000;10484755555;10984755555;10240;10228
1743;10935132000;10484755555;10984755555;10240;10228
1745;10935568000;10484755555;10984755555;10240;10228
1744;10935712000;10484755555;10984755555;10240;10228
1746;10935908000;10484755555;10984755555;10240;10228
1747;10967546000;10484755555;10984755555;10240;10228
1748;10975387000;10484777777;10984777777;10240;10228
1749;10975398000;10485077777;10985077777;10240;10228
1750;10975402000;10485077777;10985077777;10240;10228
1751;10975872000;10485077777;10985077777;10240;10228
1752;10976161000;10526433333;11026433333;10240;10228
1753;10976367000;10526433333;11026433333;10240;10228
1754;10981811000;10526433333;11026433333;10240;10228
1755;10981822000;10526433333;11026433333;10240;10228
1756;10981828000;10526433333;11026433333;10240;10228
1757;10981833000;10526433333;11026433333;10240;10228
1758;10981836000;10526433333;11026433333;10240;10228
1759;11016541000;10526455555;11026455555;10240;10228
1760;11016755000;10526855555;11026855555;10240;10228
1761;11022107000;10526855555;11026855555;10240;10228
1762;11022118000;10526855555;11026855555;10240;10228
1763;11022123000;10568111111;11068111111;10240;10228
1764;11022127000;10568111111;11068111111;10240;10228
1767;11056818000;10568111111;11068111111;10240;10228
1768;11056973000;10568111111;11068111111;10240;10228
1771;11062444000;10568433333;11068433333;10240;10228
1772;11062456000;10568433333;11068433333;10240;10228
1773;11062461000;10568433333;11068433333;10240;10228
1769;11062604000;10568111111;11068111111;10240;10228
1770;11062806000;10568122222;11068122222;10240;10228
1774;11063254000;10609788888;11109788888;10240;10228
1775;11063264000;10609788888;11109788888;10240;10228
1776;11063269000;10609788888;11109788888;10240;10228
1777;11063274000;10609788888;11109788888;10240;10228
1778;11063287000;10609788888;11109788888;10240;10228
1766;11063395000;10568111111;11068111111;10240;10228
1779;11102712000;10609788888;11109788888;10240;10228
1780;11102733000;10609788888;11109788888;10240;10228
1781;11102864000;10609800000;11109800000;10240;10228
1782;11103089000;10610088888;11110088888;10240;10228
1783;11103526000;10610088888;11110088888;10240;10228
1784;11103538000;10610088888;11110088888;10240;10228
1785;11103543000;10651455555;11151455555;10240;10228
1786;11103548000;10651455555;11151455555;10240;10228
1787;11103553000;10651455555;11151455555;10240;10228
1788;11103966000;10651455555;11151455555;10240;10228
1789;11103977000;10651455555;11151455555;10240;10228
1790;11143127000;10651455555;11151455555;10240;10228
1791;11143342000;10651455555;11151455555;10240;10228
1794;11143854000;10651788888;11151788888;10240;10228
1795;11143867000;10651788888;11151788888;10240;10228
1796;11143871000;10693122222;11193122222;10240;10228
1797;11143876000;10693122222;11193122222;10240;10228
1792;11143973000;10651466666;11151466666;10240;10228
1798;11144196000;10693122222;11193122222;10240;10228
1799;11144215000;10693122222;11193122222;10240;10228
1793;11149754000;10651788888;11151788888;10240;10228
1800;11149773000;10693122222;11193122222;10240;10228
1801;11149777000;10693122222;11193122222;10240;10228
1802;11184124000;10693122222;11193122222;10240;10228
1805;11184134000;10693455555;11193455555;10240;10228
1806;11184140000;10693455555;11193455555;10240;10228
1803;11184275000;10693133333;11193133333;10240;10228
1804;11184505000;10693455555;11193455555;10240;10228
1807;11189976000;10734766666;11234766666;10240;10228
1808;11189989000;10734766666;11234766666;10240;10228
1809;11189993000;10734766666;11234766666;10240;10228
1810;11190473000;10734766666;11234766666;10240;10228
1812;11224425000;10734766666;11234766666;10240;10228
1811;11224592000;10734766666;11234766666;10240;10228
1814;11224729000;10734788888;11234788888;10240;10228
1813;11224807000;10734766666;11234766666;10240;10228
1815;11230242000;10735211111;11235211111;10240;10228
1816;11230254000;10735211111;11235211111;10240;10228
1819;11230706000;10776444444;11276444444;10240;10228
1820;11231221000;10776444444;11276444444;10240;10228
1821;11231233000;10776444444;11276444444;10240;10228
1822;11231247000;10776444444;11276444444;10240;10228
1817;11231973000;10735211111;11235211111;10240;10228
1823;11264723000;10776444444;11276444444;10240;10228
1824;11265023000;10776444444;11276444444;10240;10228
1825;11270671000;10776455555;11276455555;10240;10228
1826;11270956000;10776744444;11276744444;10240;10228
1827;11271498000;10776744444;11276744444;10240;10228
1818;11271521000;10776444444;11276444444;10240;10228
1828;11271886000;10776744444;11276744444;10240;10228
1830;11271907000;10818088888;11318088888;10240;10228
1831;11310949000;10818088888;11318088888;10240;10228
1832;11311426000;10818088888;11318088888;10240;10228
1834;11311832000;10818088888;11318088888;10240;10228
1833;11311936000;10818088888;11318088888;10240;10228
1835;11312164000;10818088888;11318088888;10240;10228
1836;11312174000;10818111111;11318111111;10240;10228
1837;11312623000;10818422222;11318422222;10240;10228
1838;11312643000;10818422222;11318422222;10240;10228
1839;11312649000;10818422222;11318422222;10240;10228
1829;11312754000;10818088888;11318088888;10240;10228
1840;11351659000;10859788888;11359788888;10240;10228
1841;11352151000;10859788888;11359788888;10240;10228
1842;11352616000;10859788888;11359788888;10240;10228
1843;11352856000;10859788888;11359788888;10240;10228
1844;11352881000;10859788888;11359788888;10240;10228
1845;11352888000;10859788888;11359788888;10240;10228
1846;11352896000;10859788888;11359788888;10240;10228
1847;11353373000;10859800000;11359800000;10240;10228
1848;11353392000;10860088888;11360088888;10240;10228
1849;11353397000;10860088888;11360088888;10240;10228
1850;11392902000;10860088888;11360088888;10240;10228
1851;11393019000;10901455555;11401455555;10240;10228
1852;11393385000;10901455555;11401455555;10240;10228
1853;11393601000;10901455555;11401455555;10240;10228
1854;11393616000;10901455555;11401455555;10240;10228
1855;11393621000;10901455555;11401455555;10240;10228
1856;11393625000;10901455555;11401455555;10240;10228
1857;11399204000;10901455555;11401455555;10240;10228
1858;11399224000;10901466666;11401466666;10240;10228
1859;11399229000;10901744444;11401744444;10240;10228
1860;11433600000;10901744444;11401744444;10240;10228
1861;11433854000;10901744444;11401744444;10240;10228
1862;11434151000;10943122222;11443122222;10240;10228
1863;11434314000;10943122222;11443122222;10240;10228
1864;11439490000;10943122222;11443122222;10240;10228
1865;11439501000;10943122222;11443122222;10240;10228
1866;11439505000;10943122222;11443122222;10240;10228
1867;11439901000;10943122222;11443122222;10240;10228
1868;11439911000;10943122222;11443122222;10240;10228
1869;11439916000;10943133333;11443133333;10240;10228
1870;11474443000;10943455555;11443455555;10240;10228
1871;11474582000;10943455555;11443455555;10240;10228
1872;11479985000;10943455555;11443455555;10240;10228
1874;11480123000;10984788888;11484788888;10240;10228
1875;11480136000;10984788888;11484788888;10240;10228
1876;11480142000;10984788888;11484788888;10240;10228
1873;11480146000;10984788888;11484788888;10240;10228
1877;11480580000;10984788888;11484788888;10240;10228
1878;11480601000;10984788888;11484788888;10240;10228
1879;11480605000;10984788888;11484788888;10240;10228
1880;11520179000;10984800000;11484800000;10240;10228
1881;11520416000;10985066666;11485066666;10240;10228
1882;11520648000;10985066666;11485066666;10240;10228
1884;11520798000;11026455555;11526455555;10240;10228
1885;11520822000;11026455555;11526455555;10240;10228
1886;11520841000;11026455555;11526455555;10240;10228
1883;11520862000;10985066666;11485066666;10240;10228
1887;11521298000;11026455555;11526455555;10240;10228
1889;11521320000;11026455555;11526455555;10240;10228
1890;11560875000;11026455555;11526455555;10240;10228
1891;11561023000;11026466666;11526466666;10240;10228
1892;11561267000;11026733333;11526733333;10240;10228
1893;11561476000;11026733333;11526733333;10240;10228
1894;11561543000;11026733333;11526733333;10240;10228
1895;11561554000;11068122222;11568122222;10240;10228
1896;11561569000;11068122222;11568122222;10240;10228
1897;11561961000;11068122222;11568122222;10240;10228
1899;11561972000;11068122222;11568122222;10240;10228
1900;11601511000;11068122222;11568122222;10240;10228
1901;11601678000;11068122222;11568122222;10240;10228
1902;11601923000;11068133333;11568133333;10240;10228
1903;11602142000;11068433333;11568433333;10240;10228
1905;11602162000;11068433333;11568433333;10240;10228
1906;11602166000;11109755555;11609755555;10240;10228
1907;11607772000;11109755555;11609755555;10240;10228
1908;11607782000;11109755555;11609755555;10240;10228
1909;11607787000;11109755555;11609755555;10240;10228
1904;11608350000;11068433333;11568433333;10240;10228
1910;11642170000;11109755555;11609755555;10240;10228
1911;11642353000;11109755555;11609755555;10240;10228
1912;11642600000;11109755555;11609755555;10240;10228
1913;11642800000;11109777777;11609777777;10240;10228
1914;11648024000;11110044444;11610044444;10240;10228
1915;11648034000;11110044444;11610044444;10240;10228
1916;11648039000;11110044444;11610044444;10240;10228
1917;11648488000;11151455555;11651455555;10240;10228
1918;11648499000;11151455555;11651455555;10240;10228
1919;11648504000;11151455555;11651455555;10240;10228
1920;11682828000;11151455555;11651455555;10240;10228
1921;11683031000;11151455555;11651455555;10240;10228
1922;11688516000;11151455555;11651455555;10240;10228
1923;11688726000;11151455555;11651455555;10240;10228
1924;11688735000;11151466666;11651466666;10240;10228
1925;11688740000;11151744444;11651744444;10240;10228
1926;11688754000;11151744444;11651744444;10240;10228
1927;11689218000;11151744444;11651744444;10240;10228
1928;11689236000;11193122222;11693122222;10240;10228
1929;11689242000;11193122222;11693122222;10240;10228
1931;11729033000;11193122222;11693122222;10240;10228
1932;11729196000;11193122222;11693122222;10240;10228
1933;11729404000;11193122222;11693122222;10240;10228
1934;11729540000;11193122222;11693122222;10240;10228
1935;11729551000;11193133333;11693133333;10240;10228
1936;11729556000;11193433333;11693433333;10240;10228
1937;11729981000;11193433333;11693433333;10240;10228
1938;11729990000;11193433333;11693433333;10240;10228
1939;11729995000;11234766666;11734766666;10240;10228
1930;11730139000;11193122222;11693122222;10240;10228
1940;11769444000;11234766666;11734766666;10240;10228
1941;11769647000;11234766666;11734766666;10240;10228
1943;11770020000;11234766666;11734766666;10240;10228
1944;11770216000;11234766666;11734766666;10240;10228
1945;11770227000;11234766666;11734766666;10240;10228
1946;11770231000;11234788888;11734788888;10240;10228
1942;11770658000;11234766666;11734766666;10240;10228
1947;11770670000;11235144444;11735144444;10240;10228
1948;11770675000;11235144444;11735144444;10240;10228
1949;11770680000;11235144444;11735144444;10240;10228
1950;11810075000;11276433333;11776433333;10240;10228
1952;11810307000;11276433333;11776433333;10240;10228
1953;11810683000;11276433333;11776433333;10240;10228
1954;11810892000;11276433333;11776433333;10240;10228
1958;11810965000;11276766666;11776766666;10240;10228
1959;11810977000;11276766666;11776766666;10240;10228
1960;11810981000;11276766666;11776766666;10240;10228
1955;11811087000;11276433333;11776433333;10240;10228
1956;11811118000;11276433333;11776433333;10240;10228
1957;11811302000;11276455555;11776455555;10240;10228
1951;11816697000;11276433333;11776433333;10240;10228
1961;11817342000;11318122222;11818122222;10240;10228
1962;11850807000;11318122222;11818122222;10240;10228
1964;11850947000;11318122222;11818122222;10240;10228
1963;11850962000;11318122222;11818122222;10240;10228
1966;11851061000;11318122222;11818122222;10240;10228
1968;11851188000;11318133333;11818133333;10240;10228
1969;11851198000;11318433333;11818433333;10240;10228
1970;11851203000;11318433333;11818433333;10240;10228
1967;11851384000;11318122222;11818122222;10240;10228
1971;11851588000;11318433333;11818433333;10240;10228
1972;11851609000;11359777777;11859777777;10240;10228
1965;11857610000;11318122222;11818122222;10240;10228
1973;11885247000;11359777777;11859777777;10240;10228
1974;11891211000;11359777777;11859777777;10240;10228
1976;11891222000;11359777777;11859777777;10240;10228
1980;11891437000;11360066666;11860066666;10240;10228
1975;11891459000;11359777777;11859777777;10240;10228
1977;11891642000;11359777777;11859777777;10240;10228
1984;11891837000;11401455555;11901455555;10240;10228
1978;11891848000;11359777777;11859777777;10240;10228
1979;11891868000;11359788888;11859788888;10240;10228
1981;11892017000;11360066666;11860066666;10240;10228
1982;11892053000;11360066666;11860066666;10240;10228
1983;11898330000;11401455555;11901455555;10240;10228
1987;11931476000;11401455555;11901455555;10240;10228
1990;11931634000;11401466666;11901466666;10240;10228
1992;11931646000;11401733333;11901733333;10240;10228
1993;11931653000;11401733333;11901733333;10240;10228
1985;11931657000;11401455555;11901455555;10240;10228
1986;11931903000;11401455555;11901455555;10240;10228
1989;11931928000;11401455555;11901455555;10240;10228
1994;11932067000;11443122222;11943122222;10240;10228
1997;11932086000;11443122222;11943122222;10240;10228
1995;11932313000;11443122222;11943122222;10240;10228
1996;11932518000;11443122222;11943122222;10240;10228
1988;11938610000;11401455555;11901455555;10240;10228
1991;11938637000;11401733333;11901733333;10240;10228
1998;11939643000;11443122222;11943122222;10240;10228
1999;11971746000;11443122222;11943122222;10240;10228
2001;11971858000;11443133333;11943133333;10240;10228
2003;11971869000;11443433333;11943433333;10240;10228
2005;11971878000;11484777777;11984777777;10240;10228
2000;11971983000;11443122222;11943122222;10240;10228
2002;11972173000;11443433333;11943433333;10240;10228
2004;11972201000;11443433333;11943433333;10240;10228
2008;11972219000;11484777777;11984777777;10240;10228
2006;11972354000;11484777777;11984777777;10240;10228
2007;11972559000;11484777777;11984777777;10240;10228
2009;11972595000;11484777777;11984777777;10240;10228
2010;11980183000;11484777777;11984777777;10240;10228
2011;11980329000;11484777777;11984777777;10240;10228
2012;12012119000;11484788888;11984788888;10240;10228
2016;12012134000;11526455555;12026455555;10240;10228
2018;12012157000;11526455555;12026455555;10240;10228
2013;12012351000;11485077777;11985077777;10240;10228
2020;12012390000;11526455555;12026455555;10240;10228
2022;12012421000;11526455555;12026455555;10240;10228
2014;12012533000;11485077777;11985077777;10240;10228
2021;12012746000;11526455555;12026455555;10240;10228
2023;12019572000;11526466666;12026466666;10240;10228
2024;12019587000;11526766666;12026766666;10240;10228
2015;12020065000;11485077777;11985077777;10240;10228
2017;12020093000;11526455555;12026455555;10240;10228
2019;12020107000;11526455555;12026455555;10240;10228
2025;12020563000;11526766666;12026766666;10240;10228
2026;12021174000;11526766666;12026766666;10240;10228
2029;12052374000;11568100000;12068100000;10240;10228
2030;12052401000;11568100000;12068100000;10240;10228
2031;12052411000;11568100000;12068100000;10240;10228
2033;12052428000;11568100000;12068100000;10240;10228
2027;12052610000;11568100000;12068100000;10240;10228
2034;12052692000;11568122222;12068122222;10240;10228
2037;12052721000;11568488888;12068488888;10240;10228
2028;12052802000;11568100000;12068100000;10240;10228
2032;12052823000;11568100000;12068100000;10240;10228
2035;12053007000;11568488888;12068488888;10240;10228
2036;12053229000;11568488888;12068488888;10240;10228
2038;12060074000;11609788888;12109788888;10240;10228
2039;12060276000;11609788888;12109788888;10240;10228
2040;12060296000;11609788888;12109788888;10240;10228
2041;12060780000;11609788888;12109788888;10240;10228
2042;12061626000;11609788888;12109788888;10240;10228
2043;12065832000;11609788888;12109788888;10240;10228
2044;12092619000;11609788888;12109788888;10240;10228
2045;12092632000;11609800000;12109800000;10240;10228
2048;12092641000;11610066666;12110066666;10240;10228
2046;12092848000;11610066666;12110066666;10240;10228
2047;12093020000;11610066666;12110066666;10240;10228
2049;12093265000;11651444444;12151444444;10240;10228
2050;12093274000;11651444444;12151444444;10240;10228
2052;12093289000;11651444444;12151444444;10240;10228
2051;12093460000;11651444444;12151444444;10240;10228
2053;12093499000;11651444444;12151444444;10240;10228
2054;12100716000;11651444444;12151444444;10240;10228
2055;12100915000;11651444444;12151444444;10240;10228
2056;12100932000;11651455555;12151455555;10240;10228
2058;12101075000;11651733333;12151733333;10240;10228
2057;12101256000;11651733333;12151733333;10240;10228
2060;12106261000;11693122222;12193122222;10240;10228
2061;12106288000;11693122222;12193122222;10240;10228
2059;12106297000;11651733333;12151733333;10240;10228
2062;12106517000;11693122222;12193122222;10240;10228
2063;12133103000;11693122222;12193122222;10240;10228
2065;12133126000;11693122222;12193122222;10240;10228
2066;12133276000;11693122222;12193122222;10240;10228
2064;12133300000;11693122222;12193122222;10240;10228
2069;12133516000;11693444444;12193444444;10240;10228
2067;12133639000;11693133333;12193133333;10240;10228
2068;12133840000;11693444444;12193444444;10240;10228
2070;12134011000;11693444444;12193444444;10240;10228
2071;12134016000;11734777777;12234777777;10240;10228
2073;12140986000;11734777777;12234777777;10240;10228
2072;12141191000;11734777777;12234777777;10240;10228
2076;12141272000;11734777777;12234777777;10240;10228
2074;12141424000;11734777777;12234777777;10240;10228
2075;12141600000;11734777777;12234777777;10240;10228
2079;12146598000;11735077777;12235077777;10240;10228
2080;12146623000;11735077777;12235077777;10240;10228
2078;12146723000;11734788888;12234788888;10240;10228
2082;12146917000;11776455555;12276455555;10240;10228
2083;12173379000;11776455555;12276455555;10240;10228
2085;12173562000;11776455555;12276455555;10240;10228
2084;12173577000;11776455555;12276455555;10240;10228
2086;12173792000;11776455555;12276455555;10240;10228
2087;12173798000;11776455555;12276455555;10240;10228
2088;12174038000;11776455555;12276455555;10240;10228
2089;12174364000;11776466666;12276466666;10240;10228
2090;12174578000;11776722222;12276722222;10240;10228
2092;12181308000;11776722222;12276722222;10240;10228
2091;12181487000;11776722222;12276722222;10240;10228
2096;12181496000;11818088888;12318088888;10240;10228
2093;12181697000;11818088888;12318088888;10240;10228
2094;12181703000;11818088888;12318088888;10240;10228
2095;12181881000;11818088888;12318088888;10240;10228
2097;12182089000;11818088888;12318088888;10240;10228
2098;12182096000;11818088888;12318088888;10240;10228
2099;12186874000;11818088888;12318088888;10240;10228
2100;12186887000;11818111111;12318111111;10240;10228
2101;12187105000;11818422222;12318422222;10240;10228
2102;12213602000;11818422222;12318422222;10240;10228
2081;12214067000;11735077777;12235077777;10240;10228
2077;12214262000;11734777777;12234777777;10240;10228
2103;12221565000;11818422222;12318422222;10240;10228
2104;12221684000;11859755555;12359755555;10240;10228
2105;12222168000;11859755555;12359755555;10240;10228
2106;12222348000;11859755555;12359755555;10240;10228
2107;12222368000;11859755555;12359755555;10240;10228
2108;12222561000;11859755555;12359755555;10240;10228
2109;12222764000;11859755555;12359755555;10240;10228
2110;12222947000;11859755555;12359755555;10240;10228
2111;12227120000;11859777777;12359777777;10240;10228
2112;12227133000;11860088888;12360088888;10240;10228
2113;12227294000;11860088888;12360088888;10240;10228
2114;12253894000;11860088888;12360088888;10240;10228
2115;12253905000;11901433333;12401433333;10240;10228
2116;12254549000;11901433333;12401433333;10240;10228
2117;12254771000;11901433333;12401433333;10240;10228
2118;12261822000;11901433333;12401433333;10240;10228
2119;12262394000;11901433333;12401433333;10240;10228
2120;12262659000;11901433333;12401433333;10240;10228
2121;12262856000;11901433333;12401433333;10240;10228
2122;12262877000;11901455555;12401455555;10240;10228
2123;12263074000;11901855555;12401855555;10240;10228
2124;12263277000;11901855555;12401855555;10240;10228
2125;12263483000;11901855555;12401855555;10240;10228
2126;12263503000;11943100000;12443100000;10240;10228
2127;12263690000;11943100000;12443100000;10240;10228
2128;12267387000;11943100000;12443100000;10240;10228
2129;12267474000;11943100000;12443100000;10240;10228
2130;12267485000;11943100000;12443100000;10240;10228
2131;12294134000;11943100000;12443100000;10240;10228
2133;12294752000;11943122222;12443122222;10240;10228
2134;12294780000;11943555555;12443555555;10240;10228
2132;12294974000;11943100000;12443100000;10240;10228
2136;12302134000;11943555555;12443555555;10240;10228
2135;12302346000;11943555555;12443555555;10240;10228
2138;12302923000;11984766666;12484766666;10240;10228
2137;12303122000;11984766666;12484766666;10240;10228
2139;12303358000;11984766666;12484766666;10240;10228
2140;12303732000;11984766666;12484766666;10240;10228
2141;12303925000;11984766666;12484766666;10240;10228
2143;12304159000;11984766666;12484766666;10240;10228
2144;12304343000;11984788888;12484788888;10240;10228
2145;12304364000;11985177777;12485177777;10240;10228
2146;12304556000;11985177777;12485177777;10240;10228
2147;12307734000;11985177777;12485177777;10240;10228
2148;12307746000;12026433333;12526433333;10240;10228
2150;12334352000;12026433333;12526433333;10240;10228
2151;12335091000;12026433333;12526433333;10240;10228
2152;12335105000;12026433333;12526433333;10240;10228
2153;12335113000;12026433333;12526433333;10240;10228
2154;12335463000;12026433333;12526433333;10240;10228
2155;12342403000;12026455555;12526455555;10240;10228
2156;12342846000;12026833333;12526833333;10240;10228
2157;12343237000;12026833333;12526833333;10240;10228
2158;12343593000;12026833333;12526833333;10240;10228
2159;12344204000;12068100000;12568100000;10240;10228
2160;12344410000;12068100000;12568100000;10240;10228
2161;12344600000;12068100000;12568100000;10240;10228
2162;12344821000;12068100000;12568100000;10240;10228
2142;12344831000;11984766666;12484766666;10240;10228
2163;12348072000;12068100000;12568100000;10240;10228
2164;12348096000;12068100000;12568100000;10240;10228
2165;12374586000;12068100000;12568100000;10240;10228
2166;12375379000;12068122222;12568122222;10240;10228
2149;12375394000;12026433333;12526433333;10240;10228
2167;12383523000;12068533333;12568533333;10240;10228
2168;12384071000;12068533333;12568533333;10240;10228
2169;12384656000;12068533333;12568533333;10240;10228
2170;12384858000;12109766666;12609766666;10240;10228
2171;12385069000;12109766666;12609766666;10240;10228
2172;12385276000;12109766666;12609766666;10240;10228
2173;12385288000;12109766666;12609766666;10240;10228
2174;12385481000;12109766666;12609766666;10240;10228
2175;12385494000;12109766666;12609766666;10240;10228
2176;12388356000;12109766666;12609766666;10240;10228
2177;12388370000;12109788888;12609788888;10240;10228
2178;12414834000;12110200000;12610200000;10240;10228
2179;12415613000;12110200000;12610200000;10240;10228
2180;12415629000;12110200000;12610200000;10240;10228
2181;12415636000;12151455555;12651455555;10240;10228
2182;12424305000;12151455555;12651455555;10240;10228
2183;12424578000;12151455555;12651455555;10240;10228
2184;12425190000;12151455555;12651455555;10240;10228
2185;12425807000;12151455555;12651455555;10240;10228
2187;12425978000;12151455555;12651455555;10240;10228
2188;12425992000;12151466666;12651466666;10240;10228
2189;12426185000;12151766666;12651766666;10240;10228
2190;12426403000;12151766666;12651766666;10240;10228
2191;12426414000;12151766666;12651766666;10240;10228
2192;12428714000;12193122222;12693122222;10240;10228
2193;12428736000;12193122222;12693122222;10240;10228
2194;12455892000;12193122222;12693122222;10240;10228
2195;12455904000;12193122222;12693122222;10240;10228
2196;12455908000;12193122222;12693122222;10240;10228
2197;12455923000;12193122222;12693122222;10240;10228
2198;12464645000;12193122222;12693122222;10240;10228
2199;12464666000;12193155555;12693155555;10240;10228
2200;12465637000;12193488888;12693488888;10240;10228
2201;12465838000;12193488888;12693488888;10240;10228
2202;12466492000;12193488888;12693488888;10240;10228
2203;12466666000;12234788888;12734788888;10240;10228
2204;12466687000;12234788888;12734788888;10240;10228
2186;12466870000;12151455555;12651455555;10240;10228
2205;12469031000;12234788888;12734788888;10240;10228
2206;12469041000;12234788888;12734788888;10240;10228
2207;12496189000;12234788888;12734788888;10240;10228
2208;12496199000;12234788888;12734788888;10240;10228
2209;12496205000;12234788888;12734788888;10240;10228
2210;12496218000;12234800000;12734800000;10240;10228
2213;12505004000;12235100000;12735100000;10240;10228
2214;12506111000;12276455555;12776455555;10240;10228
2215;12506347000;12276455555;12776455555;10240;10228
2218;12507143000;12276455555;12776455555;10240;10228
2219;12507357000;12276455555;12776455555;10240;10228
2220;12507378000;12276455555;12776455555;10240;10228
2221;12509341000;12276466666;12776466666;10240;10228
2222;12509362000;12276733333;12776733333;10240;10228
2223;12536503000;12276733333;12776733333;10240;10228
2224;12536515000;12276733333;12776733333;10240;10228
2225;12536520000;12318122222;12818122222;10240;10228
2226;12536525000;12318122222;12818122222;10240;10228
2227;12536528000;12318122222;12818122222;10240;10228
2228;12545324000;12318122222;12818122222;10240;10228
2229;12546621000;12318122222;12818122222;10240;10228
2230;12546827000;12318122222;12818122222;10240;10228
2231;12547620000;12318122222;12818122222;10240;10228
2216;12547631000;12276455555;12776455555;10240;10228
2217;12547637000;12276455555;12776455555;10240;10228
2232;12547837000;12318133333;12818133333;10240;10228
2211;12549673000;12235100000;12735100000;10240;10228
2212;12549707000;12235100000;12735100000;10240;10228
2233;12576893000;12318466666;12818466666;10240;10228
2234;12585666000;12318466666;12818466666;10240;10228
2235;12587087000;12318466666;12818466666;10240;10228
2236;12587280000;12359788888;12859788888;10240;10228
2237;12587300000;12359788888;12859788888;10240;10228
2239;12587982000;12359788888;12859788888;10240;10228
2240;12587996000;12359788888;12859788888;10240;10228
2238;12588120000;12359788888;12859788888;10240;10228
2242;12589951000;12359788888;12859788888;10240;10228
2243;12589965000;12359800000;12859800000;10240;10228
2244;12589970000;12360100000;12860100000;10240;10228
2246;12625940000;12360100000;12860100000;10240;10228
2247;12625951000;12401444444;12901444444;10240;10228
2248;12627584000;12401444444;12901444444;10240;10228
2249;12627771000;12401444444;12901444444;10240;10228
2251;12627960000;12401444444;12901444444;10240;10228
2254;12628448000;12401455555;12901455555;10240;10228
2255;12630230000;12401777777;12901777777;10240;10228
2256;12630241000;12401777777;12901777777;10240;10228
2257;12630255000;12401777777;12901777777;10240;10228
2258;12666274000;12443122222;12943122222;10240;10228
2259;12666294000;12443122222;12943122222;10240;10228
2241;12668294000;12359788888;12859788888;10240;10228
2245;12670566000;12360100000;12860100000;10240;10228
2252;12670594000;12401444444;12901444444;10240;10228
2253;12670609000;12401444444;12901444444;10240;10228
2262;12708596000;12443122222;12943122222;10240;10228
2264;12710907000;12443122222;12943122222;10240;10228
2265;12710928000;12443133333;12943133333;10240;10228
2266;12710933000;12443455555;12943455555;10240;10228
2267;12748947000;12443455555;12943455555;10240;10228
2268;12751207000;12443455555;12943455555;10240;10228
2269;12751218000;12484788888;12984788888;10240;10228
2263;12751232000;12443122222;12943122222;10240;10228
2270;12789249000;12484788888;12984788888;10240;10228
2271;12791462000;12484788888;12984788888;10240;10228
2274;12829505000;12484788888;12984788888;10240;10228
2275;12829520000;12484788888;12984788888;10240;10228
2276;12831713000;12484800000;12984800000;10240;10228
2277;12869805000;12485133333;12985133333;10240;10228
2278;12869818000;12485133333;12985133333;10240;10228
2272;12872022000;12484788888;12984788888;10240;10228
2273;12872036000;12484788888;12984788888;10240;10228
2250;12894228000;12401444444;12901444444;10240;10228
2279;12894411000;12485133333;12985133333;10240;10228
2280;12910125000;12526455555;13026455555;10240;10228
2281;12910140000;12526455555;13026455555;10240;10228
2282;12912311000;12526455555;13026455555;10240;10228
2283;12912326000;12526455555;13026455555;10240;10228
2284;12934846000;12526455555;13026455555;10240;10228
2260;12940013000;12443122222;12943122222;10240;10228
2261;12940062000;12443122222;12943122222;10240;10228
2285;12940217000;12526455555;13026455555;10240;10228
2286;12940417000;12526455555;13026455555;10240;10228
2287;12950462000;12526466666;13026466666;10240;10228
2288;12950484000;12526788888;13026788888;10240;10228
2290;12952627000;12526788888;13026788888;10240;10228
2291;12952654000;12568111111;13068111111;10240;10228
2292;12975305000;12568111111;13068111111;10240;10228
2293;12980893000;12568111111;13068111111;10240;10228
2295;12981070000;12568111111;13068111111;10240;10228
2297;12990771000;12568111111;13068111111;10240;10228
2298;12990785000;12568122222;13068122222;10240;10228
2299;12992907000;12568455555;13068455555;10240;10228
2300;12992920000;12568455555;13068455555;10240;10228
2303;13021354000;12609777777;13109777777;10240;10228
2302;13021368000;12609777777;13109777777;10240;10228
2289;13021553000;12526788888;13026788888;10240;10228
2304;13031073000;12609777777;13109777777;10240;10228
2305;13031088000;12609777777;13109777777;10240;10228
2306;13033228000;12609777777;13109777777;10240;10228
2307;13033242000;12609777777;13109777777;10240;10228
2309;13061650000;12609800000;13109800000;10240;10228
2308;13061825000;12609777777;13109777777;10240;10228
2294;13061990000;12568111111;13068111111;10240;10228
2296;13062017000;12568111111;13068111111;10240;10228
2301;13062037000;12568455555;13068455555;10240;10228
2310;13062075000;12610166666;13110166666;10240;10228
2311;13062221000;12610166666;13110166666;10240;10228
2312;13062421000;12610166666;13110166666;10240;10228
2313;13062428000;12651444444;13151444444;10240;10228
2314;13071291000;12651444444;13151444444;10240;10228
2315;13073515000;12651444444;13151444444;10240;10228
2316;13073528000;12651444444;13151444444;10240;10228
2317;13101947000;12651444444;13151444444;10240;10228
2318;13102448000;12651444444;13151444444;10240;10228
2319;13102632000;12651444444;13151444444;10240;10228
2321;13102840000;12651766666;13151766666;10240;10228
2322;13103041000;12651766666;13151766666;10240;10228
2323;13111779000;12651766666;13151766666;10240;10228
2324;13113845000;12693111111;13193111111;10240;10228
2325;13113862000;12693111111;13193111111;10240;10228
2326;13113870000;12693111111;13193111111;10240;10228
2327;13113881000;12693111111;13193111111;10240;10228
2328;13142687000;12693111111;13193111111;10240;10228
2329;13142861000;12693111111;13193111111;10240;10228
2331;13143181000;12693122222;13193122222;10240;10228
2332;13143384000;12693466666;13193466666;10240;10228
2333;13143591000;12693466666;13193466666;10240;10228
2320;13148494000;12651455555;13151455555;10240;10228
2334;13148645000;12693466666;13193466666;10240;10228
2335;13154119000;12734788888;13234788888;10240;10228
2336;13154135000;12734788888;13234788888;10240;10228
2337;13154151000;12734788888;13234788888;10240;10228
2338;13154166000;12734788888;13234788888;10240;10228
2339;13154174000;12734788888;13234788888;10240;10228
2340;13182975000;12734788888;13234788888;10240;10228
2341;13183235000;12734788888;13234788888;10240;10228
2342;13183484000;12734800000;13234800000;10240;10228
2343;13183732000;12735100000;13235100000;10240;10228
2330;13183935000;12693111111;13193111111;10240;10228
2344;13189068000;12735100000;13235100000;10240;10228
2345;13194425000;12735100000;13235100000;10240;10228
2346;13194441000;12776455555;13276455555;10240;10228
2347;13194449000;12776455555;13276455555;10240;10228
2348;13194457000;12776455555;13276455555;10240;10228
2349;13194463000;12776455555;13276455555;10240;10228
2350;13194469000;12776455555;13276455555;10240;10228
2351;13223239000;12776455555;13276455555;10240;10228
2352;13223665000;12776455555;13276455555;10240;10228
2353;13224079000;12776466666;13276466666;10240;10228
2354;13224257000;12776755555;13276755555;10240;10228
2355;13224461000;12776755555;13276755555;10240;10228
2356;13234762000;12776755555;13276755555;10240;10228
2359;13234779000;12818133333;13318133333;10240;10228
2360;13234802000;12818133333;13318133333;10240;10228
2361;13234811000;12818133333;13318133333;10240;10228
2362;13234818000;12818133333;13318133333;10240;10228
2363;13234835000;12818133333;13318133333;10240;10228
2358;13234918000;12818133333;13318133333;10240;10228
2364;13260917000;12818166666;13318166666;10240;10228
2366;13263958000;12818477777;13318477777;10240;10228
2365;13264113000;12818477777;13318477777;10240;10228
2368;13264889000;12859788888;13359788888;10240;10228
2369;13270595000;12859788888;13359788888;10240;10228
2371;13275088000;12859788888;13359788888;10240;10228
2372;13275103000;12859788888;13359788888;10240;10228
2373;13275113000;12859788888;13359788888;10240;10228
2374;13275131000;12859788888;13359788888;10240;10228
2375;13275140000;12859800000;13359800000;10240;10228
2376;13275148000;12860088888;13360088888;10240;10228
2377;13275156000;12860088888;13360088888;10240;10228
2370;13275224000;12859788888;13359788888;10240;10228
2378;13275422000;12860088888;13360088888;10240;10228
2380;13304550000;12901455555;13401455555;10240;10228
2381;13315421000;12901455555;13401455555;10240;10228
2382;13315436000;12901455555;13401455555;10240;10228
2383;13315445000;12901455555;13401455555;10240;10228
2384;13315466000;12901455555;13401455555;10240;10228
2385;13315475000;12901455555;13401455555;10240;10228
2386;13315484000;12901466666;13401466666;10240;10228
2387;13315501000;12901755555;13401755555;10240;10228
2388;13315512000;12901755555;13401755555;10240;10228
2367;13315594000;12818477777;13318477777;10240;10228
2389;13315808000;12901755555;13401755555;10240;10228
2390;13316007000;12943122222;13443122222;10240;10228
2391;13344953000;12943122222;13443122222;10240;10228
2392;13345143000;12943122222;13443122222;10240;10228
2393;13355693000;12943122222;13443122222;10240;10228
2379;13355710000;12901455555;13401455555;10240;10228
2394;13355729000;12943122222;13443122222;10240;10228
2395;13355738000;12943122222;13443122222;10240;10228
2396;13355787000;12943122222;13443122222;10240;10228
2397;13356118000;12943133333;13443133333;10240;10228
2398;13356348000;12943455555;13443455555;10240;10228
2399;13385387000;12943455555;13443455555;10240;10228
2400;13385571000;12943455555;13443455555;10240;10228
2401;13385775000;12984788888;13484788888;10240;10228
2402;13395987000;12984788888;13484788888;10240;10228
2403;13396015000;12984788888;13484788888;10240;10228
2404;13396024000;12984788888;13484788888;10240;10228
2405;13396033000;12984788888;13484788888;10240;10228
2406;13396041000;12984788888;13484788888;10240;10228
2407;13396067000;12984788888;13484788888;10240;10228
2408;13396493000;12984800000;13484800000;10240;10228
2409;13396730000;12985077777;13485077777;10240;10228
2410;13425781000;12985077777;13485077777;10240;10228
2411;13425985000;12985077777;13485077777;10240;10228
2412;13426204000;13026455555;13526455555;10240;10228
2413;13426405000;13026455555;13526455555;10240;10228
2414;13436298000;13026455555;13526455555;10240;10228
2415;13436312000;13026455555;13526455555;10240;10228
2416;13436321000;13026455555;13526455555;10240;10228
2418;13436335000;13026455555;13526455555;10240;10228
2419;13436345000;13026466666;13526466666;10240;10228
2420;13436354000;13026766666;13526766666;10240;10228
2422;13436922000;13026766666;13526766666;10240;10228
2423;13437120000;13068111111;13568111111;10240;10228
2424;13466220000;13068111111;13568111111;10240;10228
2427;13466614000;13068111111;13568111111;10240;10228
2429;13476591000;13068111111;13568111111;10240;10228
2430;13476613000;13068122222;13568122222;10240;10228
2431;13476623000;13068444444;13568444444;10240;10228
2432;13476631000;13068444444;13568444444;10240;10228
2433;13476642000;13068444444;13568444444;10240;10228
2417;13476651000;13026455555;13526455555;10240;10228
2434;13477372000;13109788888;13609788888;10240;10228
2435;13477575000;13109788888;13609788888;10240;10228
2437;13507065000;13109788888;13609788888;10240;10228
2438;13516951000;13109788888;13609788888;10240;10228
2439;13516966000;13109788888;13609788888;10240;10228
2440;13516974000;13109788888;13609788888;10240;10228
2421;13517079000;13026766666;13526766666;10240;10228
2425;13518014000;13068111111;13568111111;10240;10228
2426;13518202000;13068111111;13568111111;10240;10228
2428;13547504000;13068111111;13568111111;10240;10228
2441;13557262000;13109800000;13609800000;10240;10228
2442;13557278000;13110088888;13610088888;10240;10228
2443;13557289000;13110088888;13610088888;10240;10228
2444;13557297000;13110088888;13610088888;10240;10228
2445;13558486000;13151455555;13651455555;10240;10228
2446;13558672000;13151455555;13651455555;10240;10228
2447;13587986000;13151455555;13651455555;10240;10228
2448;13597554000;13151455555;13651455555;10240;10228
2449;13597567000;13151455555;13651455555;10240;10228
2450;13597577000;13151455555;13651455555;10240;10228
2451;13597584000;13151455555;13651455555;10240;10228
2452;13597592000;13151466666;13651466666;10240;10228
2436;13598995000;13109788888;13609788888;10240;10228
2456;13628494000;13193122222;13693122222;10240;10228
2457;13637827000;13193122222;13693122222;10240;10228
2458;13637842000;13193122222;13693122222;10240;10228
2459;13637851000;13193122222;13693122222;10240;10228
2460;13637860000;13193122222;13693122222;10240;10228
2461;13639295000;13193122222;13693122222;10240;10228
2453;13646789000;13151766666;13651766666;10240;10228
2455;13646829000;13151766666;13651766666;10240;10228
2462;13646986000;13193122222;13693122222;10240;10228
2463;13647203000;13193133333;13693133333;10240;10228
2464;13647216000;13193444444;13693444444;10240;10228
2465;13668976000;13193444444;13693444444;10240;10228
2454;13678170000;13151766666;13651766666;10240;10228
2466;13679679000;13193444444;13693444444;10240;10228
2467;13687183000;13234777777;13734777777;10240;10228
2468;13687204000;13234777777;13734777777;10240;10228
2469;13687505000;13234777777;13734777777;10240;10228
2470;13687702000;13234777777;13734777777;10240;10228
2471;13687884000;13234777777;13734777777;10240;10228
2472;13687895000;13234777777;13734777777;10240;10228
2473;13709280000;13234777777;13734777777;10240;10228
2474;13718427000;13234788888;13734788888;10240;10228
2476;13727488000;13235077777;13735077777;10240;10228
2477;13727509000;13235077777;13735077777;10240;10228
2478;13727950000;13276455555;13776455555;10240;10228
2479;13728173000;13276455555;13776455555;10240;10228
2475;13728187000;13235077777;13735077777;10240;10228
2483;13728211000;13276455555;13776455555;10240;10228
2484;13728216000;13276455555;13776455555;10240;10228
2485;13728220000;13276466666;13776466666;10240;10228
2480;13728389000;13276455555;13776455555;10240;10228
2481;13728567000;13276455555;13776455555;10240;10228
2482;13728602000;13276455555;13776455555;10240;10228
2486;13768024000;13276733333;13776733333;10240;10228
2487;13768373000;13276733333;13776733333;10240;10228
2490;13768395000;13318100000;13818100000;10240;10228
2491;13768414000;13318100000;13818100000;10240;10228
2493;13768420000;13318100000;13818100000;10240;10228
2494;13768426000;13318100000;13818100000;10240;10228
2488;13768590000;13276733333;13776733333;10240;10228
2489;13768625000;13318100000;13818100000;10240;10228
2495;13768793000;13318100000;13818100000;10240;10228
2496;13768993000;13318122222;13818122222;10240;10228
2497;13769216000;13318533333;13818533333;10240;10228
2498;13774156000;13318533333;13818533333;10240;10228
2499;13774358000;13318533333;13818533333;10240;10228
2500;13774568000;13359788888;13859788888;10240;10228
2501;13808656000;13359788888;13859788888;10240;10228
2502;13809036000;13359788888;13859788888;10240;10228
2503;13809248000;13359788888;13859788888;10240;10228
2504;13809263000;13359788888;13859788888;10240;10228
2505;13809454000;13359788888;13859788888;10240;10228
2507;13814532000;13359800000;13859800000;10240;10228
2509;13814610000;13360088888;13860088888;10240;10228
2508;13814771000;13360088888;13860088888;10240;10228
2510;13848956000;13360088888;13860088888;10240;10228
2511;13849136000;13401433333;13901433333;10240;10228
2512;13849478000;13401433333;13901433333;10240;10228
2513;13849672000;13401433333;13901433333;10240;10228
2514;13849877000;13401433333;13901433333;10240;10228
2515;13850073000;13401433333;13901433333;10240;10228
2516;13850085000;13401433333;13901433333;10240;10228
2518;13854864000;13401455555;13901455555;10240;10228
2517;13854988000;13401433333;13901433333;10240;10228
2519;13855197000;13401822222;13901822222;10240;10228
2506;13855341000;13359788888;13859788888;10240;10228
2520;13889275000;13401822222;13901822222;10240;10228
2521;13889455000;13401822222;13901822222;10240;10228
2522;13889649000;13443100000;13943100000;10240;10228
2523;13889904000;13443100000;13943100000;10240;10228
2524;13890121000;13443100000;13943100000;10240;10228
2525;13890345000;13443100000;13943100000;10240;10228
2526;13890540000;13443100000;13943100000;10240;10228
2527;13890740000;13443100000;13943100000;10240;10228
2528;13895141000;13443100000;13943100000;10240;10228
2529;13895313000;13443122222;13943122222;10240;10228
2530;13895617000;13443533333;13943533333;10240;10228
2532;13929923000;13443533333;13943533333;10240;10228
2533;13930124000;13484788888;13984788888;10240;10228
2534;13930309000;13484788888;13984788888;10240;10228
2535;13930513000;13484788888;13984788888;10240;10228
2536;13930743000;13484788888;13984788888;10240;10228
2537;13930966000;13484788888;13984788888;10240;10228
2538;13931168000;13484788888;13984788888;10240;10228
2539;13935466000;13484788888;13984788888;10240;10228
2540;13935626000;13484800000;13984800000;10240;10228
2541;13936077000;13485100000;13985100000;10240;10228
2531;13936755000;13443533333;13943533333;10240;10228
2542;13970412000;13485100000;13985100000;10240;10228
2543;13970598000;13485100000;13985100000;10240;10228
2544;13970791000;13526455555;14026455555;10240;10228
2545;13970997000;13526455555;14026455555;10240;10228
2546;13971200000;13526455555;14026455555;10240;10228
2547;13971413000;13526455555;14026455555;10240;10228
2548;13971609000;13526455555;14026455555;10240;10228
2549;13975796000;13526455555;14026455555;10240;10228
2551;13976482000;13526466666;14026466666;10240;10228
2552;13977070000;13526766666;14026766666;10240;10228
2553;13982731000;13526766666;14026766666;10240;10228
2554;13982928000;13526766666;14026766666;10240;10228
2555;14011295000;13568100000;14068100000;10240;10228
2556;14011475000;13568100000;14068100000;10240;10228
2557;14011865000;13568100000;14068100000;10240;10228
2558;14012068000;13568100000;14068100000;10240;10228
2559;14012267000;13568100000;14068100000;10240;10228
2560;14016107000;13568100000;14068100000;10240;10228
2561;14016961000;13568100000;14068100000;10240;10228
2562;14017430000;13568111111;14068111111;10240;10228
2563;14023151000;13568533333;14068533333;10240;10228
2550;14023354000;13526455555;14026455555;10240;10228
2564;14052336000;13568533333;14068533333;10240;10228
2565;14052548000;13568533333;14068533333;10240;10228
2566;14052752000;13609788888;14109788888;10240;10228
2567;14056401000;13609788888;14109788888;10240;10228
2568;14057434000;13609788888;14109788888;10240;10228
2569;14057707000;13609788888;14109788888;10240;10228
2570;14063648000;13609788888;14109788888;10240;10228
2571;14063857000;13609788888;14109788888;10240;10228
2572;14063876000;13609788888;14109788888;10240;10228
2573;14064266000;13609800000;14109800000;10240;10228
2574;14064277000;13610077777;14110077777;10240;10228
2576;14096710000;13610077777;14110077777;10240;10228
2577;14097906000;13651455555;14151455555;10240;10228
2579;14104122000;13651455555;14151455555;10240;10228
2580;14104340000;13651455555;14151455555;10240;10228
2581;14104544000;13651455555;14151455555;10240;10228
2582;14104565000;13651455555;14151455555;10240;10228
2575;14104716000;13610077777;14110077777;10240;10228
2583;14104757000;13651455555;14151455555;10240;10228
2584;14104941000;13651466666;14151466666;10240;10228
2585;14137220000;13651755555;14151755555;10240;10228
2586;14138329000;13651755555;14151755555;10240;10228
2587;14144575000;13651755555;14151755555;10240;10228
2588;14144790000;13693111111;14193111111;10240;10228
2589;14144981000;13693111111;14193111111;10240;10228
2592;14144992000;13693111111;14193111111;10240;10228
2590;14145207000;13693111111;14193111111;10240;10228
2591;14145218000;13693111111;14193111111;10240;10228
2593;14145415000;13693111111;14193111111;10240;10228
2594;14145615000;13693111111;14193111111;10240;10228
2578;14145633000;13651455555;14151455555;10240;10228
2595;14145815000;13693133333;14193133333;10240;10228
2596;14145824000;13693500000;14193500000;10240;10228
2597;14177654000;13693500000;14193500000;10240;10228
2599;14185268000;13734777777;14234777777;10240;10228
2601;14185313000;13734777777;14234777777;10240;10228
2600;14185442000;13734777777;14234777777;10240;10228
2603;14185669000;13734777777;14234777777;10240;10228
2604;14185873000;13734777777;14234777777;10240;10228
2605;14186125000;13734777777;14234777777;10240;10228
2606;14186290000;13734788888;14234788888;10240;10228
2607;14186309000;13735100000;14235100000;10240;10228
2608;14186495000;13735100000;14235100000;10240;10228
2598;14191299000;13693500000;14193500000;10240;10228
2609;14217926000;13735100000;14235100000;10240;10228
2611;14225598000;13776433333;14276433333;10240;10228
2610;14225759000;13776433333;14276433333;10240;10228
2612;14225959000;13776433333;14276433333;10240;10228
2602;14226491000;13734777777;14234777777;10240;10228
2614;14231777000;13776433333;14276433333;10240;10228
2613;14231799000;13776433333;14276433333;10240;10228
2615;14265901000;13776433333;14276433333;10240;10228
2616;14266213000;13776433333;14276433333;10240;10228
2617;14266421000;13776455555;14276455555;10240;10228
2618;14266430000;13776811111;14276811111;10240;10228
2619;14266943000;13776811111;14276811111;10240;10228
2620;14272123000;13776811111;14276811111;10240;10228
2621;14272294000;13818122222;14318122222;10240;10228
2622;14273030000;13818122222;14318122222;10240;10228
2623;14273051000;13818122222;14318122222;10240;10228
2624;14306347000;13818122222;14318122222;10240;10228
2625;14306557000;13818122222;14318122222;10240;10228
2626;14306675000;13818122222;14318122222;10240;10228
2627;14307186000;13818122222;14318122222;10240;10228
2629;14312737000;13818477777;14318477777;10240;10228
2628;14313233000;13818133333;14318133333;10240;10228
2630;14313615000;13818477777;14318477777;10240;10228
2631;14313818000;13818477777;14318477777;10240;10228
2632;14313980000;13859788888;14359788888;10240;10228
2633;14313990000;13859788888;14359788888;10240;10228
2634;14347124000;13859788888;14359788888;10240;10228
2635;14347673000;13859788888;14359788888;10240;10228
2636;14353035000;13859788888;14359788888;10240;10228
2637;14353057000;13859788888;14359788888;10240;10228
2638;14354038000;13859788888;14359788888;10240;10228
2639;14354274000;13859800000;14359800000;10240;10228
2640;14354497000;13860077777;14360077777;10240;10228
2641;14354682000;13860077777;14360077777;10240;10228
2642;14354878000;13860077777;14360077777;10240;10228
2643;14354889000;13901455555;14401455555;10240;10228
2644;14355057000;13901455555;14401455555;10240;10228
2645;14393532000;13901455555;14401455555;10240;10228
2647;14394350000;13901455555;14401455555;10240;10228
2648;14394489000;13901455555;14401455555;10240;10228
2649;14394923000;13901455555;14401455555;10240;10228
2650;14395123000;13901466666;14401466666;10240;10228
2651;14395328000;13901733333;14401733333;10240;10228
2652;14395524000;13901733333;14401733333;10240;10228
2653;14395536000;13901733333;14401733333;10240;10228
2654;14395726000;13943122222;14443122222;10240;10228
2646;14399811000;13901455555;14401455555;10240;10228
2655;14400152000;13943122222;14443122222;10240;10228
2656;14400358000;13943122222;14443122222;10240;10228
2657;14400371000;13943122222;14443122222;10240;10228
2658;14400552000;13943122222;14443122222;10240;10228
2659;14400562000;13943122222;14443122222;10240;10228
2660;14434843000;13943122222;14443122222;10240;10228
2661;14435039000;13943133333;14443133333;10240;10228
2662;14435842000;13943433333;14443433333;10240;10228
2663;14435856000;13943433333;14443433333;10240;10228
2664;14436171000;13943433333;14443433333;10240;10228
2665;14440580000;13984800000;14484800000;10240;10228
2666;14440986000;13984800000;14484800000;10240;10228
2667;14441205000;13984800000;14484800000;10240;10228
2668;14441218000;13984800000;14484800000;10240;10228
2670;14441409000;13984800000;14484800000;10240;10228
2671;14475270000;13984800000;14484800000;10240;10228
2672;14476257000;13984811111;14484811111;10240;10228
2675;14476437000;13985088888;14485088888;10240;10228
2673;14476453000;13985088888;14485088888;10240;10228
2674;14476653000;13985088888;14485088888;10240;10228
2676;14481032000;14026455555;14526455555;10240;10228
2677;14481411000;14026455555;14526455555;10240;10228
2678;14481816000;14026455555;14526455555;10240;10228
2679;14482016000;14026455555;14526455555;10240;10228
2680;14482026000;14026455555;14526455555;10240;10228
2682;14482232000;14026455555;14526455555;10240;10228
2683;14515695000;14026466666;14526466666;10240;10228
2685;14516736000;14026733333;14526733333;10240;10228
2684;14516853000;14026733333;14526733333;10240;10228
2686;14516919000;14026733333;14526733333;10240;10228
2687;14521549000;14068122222;14568122222;10240;10228
2688;14521821000;14068122222;14568122222;10240;10228
2681;14522031000;14026455555;14526455555;10240;10228
2689;14522670000;14068122222;14568122222;10240;10228
2690;14522683000;14068122222;14568122222;10240;10228
2691;14522870000;14068122222;14568122222;10240;10228
2692;14522883000;14068122222;14568122222;10240;10228
2694;14556007000;14068133333;14568133333;10240;10228
2696;14557112000;14068433333;14568433333;10240;10228
2695;14557247000;14068433333;14568433333;10240;10228
2697;14557459000;14068433333;14568433333;10240;10228
2698;14562021000;14109777777;14609777777;10240;10228
2699;14562236000;14109777777;14609777777;10240;10228
2700;14562249000;14109777777;14609777777;10240;10228
2693;14562861000;14068122222;14568122222;10240;10228
2701;14563380000;14109777777;14609777777;10240;10228
2702;14563395000;14109777777;14609777777;10240;10228
2703;14563573000;14109777777;14609777777;10240;10228
2704;14563583000;14109777777;14609777777;10240;10228
2705;14563777000;14109788888;14609788888;10240;10228
2706;14563786000;14110100000;14610100000;10240;10228
2708;14597507000;14110100000;14610100000;10240;10228
2707;14597614000;14110100000;14610100000;10240;10228
2709;14597711000;14151433333;14651433333;10240;10228
2710;14602512000;14151433333;14651433333;10240;10228
2712;14602714000;14151433333;14651433333;10240;10228
2713;14604022000;14151433333;14651433333;10240;10228
2714;14604035000;14151433333;14651433333;10240;10228
2715;14604238000;14151433333;14651433333;10240;10228
2716;14604253000;14151455555;14651455555;10240;10228
2717;14604438000;14151822222;14651822222;10240;10228
2718;14604633000;14151822222;14651822222;10240;10228
2720;14637844000;14193111111;14693111111;10240;10228
2721;14637912000;14193111111;14693111111;10240;10228
2719;14637947000;14151822222;14651822222;10240;10228
2722;14643008000;14193111111;14693111111;10240;10228
2723;14643190000;14193111111;14693111111;10240;10228
2724;14644478000;14193111111;14693111111;10240;10228
2711;14644651000;14151433333;14651433333;10240;10228
2725;14645061000;14193111111;14693111111;10240;10228
2726;14649611000;14193111111;14693111111;10240;10228
2727;14678164000;14193122222;14693122222;10240;10228
2728;14678179000;14193433333;14693433333;10240;10228
2729;14683514000;14193433333;14693433333;10240;10228
2732;14685157000;14234788888;14734788888;10240;10228
2733;14685349000;14234788888;14734788888;10240;10228
2734;14685552000;14234788888;14734788888;10240;10228
2735;14690063000;14234788888;14734788888;10240;10228
2730;14690152000;14193433333;14693433333;10240;10228
2736;14690640000;14234788888;14734788888;10240;10228
2737;14718644000;14234788888;14734788888;10240;10228
2738;14723808000;14234800000;14734800000;10240;10228
2739;14725630000;14235077777;14735077777;10240;10228
2740;14725830000;14235077777;14735077777;10240;10228
2731;14726033000;14234788888;14734788888;10240;10228
2741;14730431000;14235077777;14735077777;10240;10228
2742;14731427000;14276455555;14776455555;10240;10228
2743;14731442000;14276455555;14776455555;10240;10228
2744;14764333000;14276455555;14776455555;10240;10228
2745;14765928000;14276455555;14776455555;10240;10228
2746;14766114000;14276455555;14776455555;10240;10228
2747;14766462000;14276455555;14776455555;10240;10228
2748;14770935000;14276455555;14776455555;10240;10228
2749;14772067000;14276466666;14776466666;10240;10228
2750;14772276000;14276711111;14776711111;10240;10228
2751;14772290000;14276711111;14776711111;10240;10228
2752;14806414000;14276711111;14776711111;10240;10228
2753;14806615000;14318100000;14818100000;10240;10228
2754;14806772000;14318100000;14818100000;10240;10228
2755;14811267000;14318100000;14818100000;10240;10228
2756;14812427000;14318100000;14818100000;10240;10228
2757;14812446000;14318100000;14818100000;10240;10228
2759;14813167000;14318100000;14818100000;10240;10228
2760;14813191000;14318122222;14818122222;10240;10228
2761;14813405000;14318533333;14818533333;10240;10228
2762;14846856000;14318533333;14818533333;10240;10228
2763;14846865000;14318533333;14818533333;10240;10228
2764;14847191000;14359766666;14859766666;10240;10228
2765;14851782000;14359766666;14859766666;10240;10228
2766;14852750000;14359766666;14859766666;10240;10228
2767;14852760000;14359766666;14859766666;10240;10228
2768;14852765000;14359766666;14859766666;10240;10228
2769;14852768000;14359766666;14859766666;10240;10228
2770;14853586000;14359766666;14859766666;10240;10228
2771;14853781000;14359777777;14859777777;10240;10228
2772;14853793000;14360144444;14860144444;10240;10228
2773;14853994000;14360144444;14860144444;10240;10228
2774;14887241000;14360144444;14860144444;10240;10228
2776;14887345000;14401455555;14901455555;10240;10228
2775;14887437000;14401455555;14901455555;10240;10228
2777;14891993000;14401455555;14901455555;10240;10228
2778;14893179000;14401455555;14901455555;10240;10228
2779;14893382000;14401455555;14901455555;10240;10228
2780;14893585000;14401455555;14901455555;10240;10228
2781;14893595000;14401455555;14901455555;10240;10228
2783;14893777000;14401733333;14901733333;10240;10228
2782;14893788000;14401466666;14901466666;10240;10228
2784;14893943000;14401733333;14901733333;10240;10228
2785;14894151000;14401733333;14901733333;10240;10228
2786;14894162000;14443100000;14943100000;10240;10228
2787;14894166000;14443100000;14943100000;10240;10228
2790;14927775000;14443100000;14943100000;10240;10228
2792;14933612000;14443100000;14943100000;10240;10228
2793;14933623000;14443122222;14943122222;10240;10228
2794;14933743000;14443533333;14943533333;10240;10228
2795;14933808000;14443533333;14943533333;10240;10228
2796;14933989000;14443533333;14943533333;10240;10228
2797;14934206000;14484766666;14984766666;10240;10228
2801;14934375000;14484766666;14984766666;10240;10228
2802;14934386000;14484766666;14984766666;10240;10228
2803;14934391000;14484766666;14984766666;10240;10228
2798;14934567000;14484766666;14984766666;10240;10228
2799;14934773000;14484766666;14984766666;10240;10228
2788;14939612000;14443100000;14943100000;10240;10228
2789;14939625000;14443100000;14943100000;10240;10228
2791;14939629000;14443100000;14943100000;10240;10228
2804;14939634000;14484788888;14984788888;10240;10228
2805;14968013000;14485166666;14985166666;10240;10228
2806;14968025000;14485166666;14985166666;10240;10228
2807;14968030000;14485166666;14985166666;10240;10228
2808;14973894000;14526455555;15026455555;10240;10228
2810;14974183000;14526455555;15026455555;10240;10228
2811;14974367000;14526455555;15026455555;10240;10228
2812;14974573000;14526455555;15026455555;10240;10228
2814;14974591000;14526455555;15026455555;10240;10228
2815;14974596000;14526466666;15026466666;10240;10228
2813;14974784000;14526455555;15026455555;10240;10228
2817;14975006000;14526755555;15026755555;10240;10228
2818;14975218000;14526755555;15026755555;10240;10228
2819;14975238000;14568100000;15068100000;10240;10228
2820;14979839000;14568100000;15068100000;10240;10228
2800;14980320000;14484766666;14984766666;10240;10228
2821;14980338000;14568100000;15068100000;10240;10228
2822;14980343000;14568100000;15068100000;10240;10228
2823;15008280000;14568100000;15068100000;10240;10228
2824;15008557000;14568100000;15068100000;10240;10228
2825;15014172000;14568100000;15068100000;10240;10228
2826;15014580000;14568122222;15068122222;10240;10228
2828;15014826000;14568511111;15068511111;10240;10228
2829;15014836000;14568511111;15068511111;10240;10228
2830;15014841000;14609777777;15109777777;10240;10228
2827;15014854000;14568511111;15068511111;10240;10228
2809;15015057000;14526455555;15026455555;10240;10228
2831;15015679000;14609777777;15109777777;10240;10228
2832;15015885000;14609777777;15109777777;10240;10228
2833;15020109000;14609777777;15109777777;10240;10228
2834;15020590000;14609777777;15109777777;10240;10228
2816;15020611000;14526755555;15026755555;10240;10228
2835;15049076000;14609777777;15109777777;10240;10228
2836;15055007000;14609777777;15109777777;10240;10228
2837;15055113000;14609788888;15109788888;10240;10228
2840;15055124000;14610066666;15110066666;10240;10228
2841;15055141000;14651433333;15151433333;10240;10228
2838;15055279000;14610066666;15110066666;10240;10228
2839;15055486000;14610066666;15110066666;10240;10228
2842;15055514000;14651433333;15151433333;10240;10228
2843;15056111000;14651433333;15151433333;10240;10228
2844;15056301000;14651433333;15151433333;10240;10228
2845;15060390000;14651433333;15151433333;10240;10228
2846;15060825000;14651433333;15151433333;10240;10228
2847;15060836000;14651433333;15151433333;10240;10228
2848;15060849000;14651455555;15151455555;10240;10228
2852;15095368000;14693122222;15193122222;10240;10228
2853;15095391000;14693122222;15193122222;10240;10228
2849;15095470000;14651811111;15151811111;10240;10228
2850;15095676000;14651811111;15151811111;10240;10228
2854;15095925000;14693122222;15193122222;10240;10228
2855;15096145000;14693122222;15193122222;10240;10228
2856;15096161000;14693122222;15193122222;10240;10228
2857;15096509000;14693122222;15193122222;10240;10228
2858;15096715000;14693122222;15193122222;10240;10228
2859;15100683000;14693133333;15193133333;10240;10228
2860;15100876000;14693444444;15193444444;10240;10228
2861;15101146000;14693444444;15193444444;10240;10228
2862;15101164000;14693444444;15193444444;10240;10228
2863;15101168000;14734788888;15234788888;10240;10228
2864;15101172000;14734788888;15234788888;10240;10228
2865;15135690000;14734788888;15234788888;10240;10228
2866;15135709000;14734788888;15234788888;10240;10228
2867;15135934000;14734788888;15234788888;10240;10228
2868;15136139000;14734788888;15234788888;10240;10228
2869;15136340000;14734788888;15234788888;10240;10228
2870;15136543000;14734800000;15234800000;10240;10228
2871;15136746000;14735077777;15235077777;10240;10228
2872;15136916000;14735077777;15235077777;10240;10228
2873;15136925000;14735077777;15235077777;10240;10228
2874;15137122000;14776433333;15276433333;10240;10228
2851;15141164000;14651811111;15151811111;10240;10228
2875;15141429000;14776433333;15276433333;10240;10228
2876;15141439000;14776433333;15276433333;10240;10228
2877;15141453000;14776433333;15276433333;10240;10228
2878;15175968000;14776433333;15276433333;10240;10228
2879;15175980000;14776433333;15276433333;10240;10228
2880;15175984000;14776433333;15276433333;10240;10228
2881;15176315000;14776455555;15276455555;10240;10228
2882;15176521000;14776788888;15276788888;10240;10228
2883;15176717000;14776788888;15276788888;10240;10228
2884;15176728000;14776788888;15276788888;10240;10228
2885;15177177000;14818088888;15318088888;10240;10228
2886;15177390000;14818088888;15318088888;10240;10228
2887;15177401000;14818088888;15318088888;10240;10228
2888;15177584000;14818088888;15318088888;10240;10228
2889;15177784000;14818088888;15318088888;10240;10228
2890;15181659000;14818088888;15318088888;10240;10228
2891;15181672000;14818088888;15318088888;10240;10228
2892;15181680000;14818111111;15318111111;10240;10228
2893;15210670000;14818433333;15318433333;10240;10228
2894;15216287000;14818433333;15318433333;10240;10228
2895;15216298000;14818433333;15318433333;10240;10228
2896;15216303000;14859755555;15359755555;10240;10228
2897;15216307000;14859755555;15359755555;10240;10228
2898;15216310000;14859755555;15359755555;10240;10228
2900;15217171000;14859755555;15359755555;10240;10228
2901;15217379000;14859755555;15359755555;10240;10228
2902;15217394000;14859755555;15359755555;10240;10228
2903;15217770000;14859777777;15359777777;10240;10228
2904;15217984000;14860044444;15360044444;10240;10228
2905;15218199000;14860044444;15360044444;10240;10228
2906;15218214000;14860044444;15360044444;10240;10228
2907;15218392000;14901433333;15401433333;10240;10228
2910;15221940000;14901433333;15401433333;10240;10228
2908;15222117000;14901433333;15401433333;10240;10228
2909;15222312000;14901433333;15401433333;10240;10228
2911;15256555000;14901433333;15401433333;10240;10228
2912;15256565000;14901433333;15401433333;10240;10228
2913;15256570000;14901433333;15401433333;10240;10228
2914;15256575000;14901455555;15401455555;10240;10228
2915;15256580000;14901800000;15401800000;10240;10228
2916;15256585000;14901800000;15401800000;10240;10228
2917;15256589000;14901800000;15401800000;10240;10228
2919;15257625000;14943100000;15443100000;10240;10228
2920;15257797000;14943100000;15443100000;10240;10228
2921;15257998000;14943100000;15443100000;10240;10228
2899;15258214000;14859755555;15359755555;10240;10228
2922;15258836000;14943100000;15443100000;10240;10228
2923;15262236000;14943100000;15443100000;10240;10228
2924;15262556000;14943100000;15443100000;10240;10228
2925;15262758000;14943122222;15443122222;10240;10228
2926;15296864000;14943500000;15443500000;10240;10228
2927;15296874000;14943500000;15443500000;10240;10228
2928;15296880000;14943500000;15443500000;10240;10228
2929;15296889000;14984777777;15484777777;10240;10228
2930;15296894000;14984777777;15484777777;10240;10228
2931;15296898000;14984777777;15484777777;10240;10228
2932;15296912000;14984777777;15484777777;10240;10228
2933;15298118000;14984777777;15484777777;10240;10228
2934;15298299000;14984777777;15484777777;10240;10228
2935;15298505000;14984777777;15484777777;10240;10228
2936;15298518000;14984800000;15484800000;10240;10228
2937;15298694000;14985055555;15485055555;10240;10228
2938;15299260000;14985055555;15485055555;10240;10228
2939;15302513000;14985055555;15485055555;10240;10228
2941;15303167000;15026433333;15526433333;10240;10228
2942;15337357000;15026433333;15526433333;10240;10228
2918;15337371000;14943100000;15443100000;10240;10228
2943;15337393000;15026433333;15526433333;10240;10228
2945;15337398000;15026433333;15526433333;10240;10228
2946;15338538000;15026433333;15526433333;10240;10228
2947;15338734000;15026455555;15526455555;10240;10228
2948;15338940000;15026777777;15526777777;10240;10228
2949;15338950000;15026777777;15526777777;10240;10228
2950;15339149000;15026777777;15526777777;10240;10228
2951;15339361000;15068122222;15568122222;10240;10228
2952;15339684000;15068122222;15568122222;10240;10228
2953;15342827000;15068122222;15568122222;10240;10228
2954;15343612000;15068122222;15568122222;10240;10228
2955;15377629000;15068122222;15568122222;10240;10228
2956;15377643000;15068122222;15568122222;10240;10228
2957;15377649000;15068122222;15568122222;10240;10228
2958;15377653000;15068133333;15568133333;10240;10228
2959;15377667000;15068422222;15568422222;10240;10228
2960;15378995000;15068422222;15568422222;10240;10228
2940;15379205000;15026433333;15526433333;10240;10228
2961;15379595000;15068422222;15568422222;10240;10228
2962;15379795000;15109788888;15609788888;10240;10228
2964;15383158000;15109788888;15609788888;10240;10228
2965;15384066000;15109788888;15609788888;10240;10228
2944;15417907000;15026433333;15526433333;10240;10228
2966;15417933000;15109788888;15609788888;10240;10228
2967;15417940000;15109788888;15609788888;10240;10228
2968;15417944000;15109788888;15609788888;10240;10228
2969;15419367000;15109800000;15609800000;10240;10228
2972;15420036000;15110066666;15610066666;10240;10228
2973;15420251000;15151455555;15651455555;10240;10228
2974;15423450000;15151455555;15651455555;10240;10228
2975;15424513000;15151455555;15651455555;10240;10228
2976;15458200000;15151455555;15651455555;10240;10228
2977;15458211000;15151455555;15651455555;10240;10228
2979;15458216000;15151455555;15651455555;10240;10228
2980;15458221000;15151466666;15651466666;10240;10228
2981;15459825000;15151733333;15651733333;10240;10228
2963;15460502000;15109788888;15609788888;10240;10228
2982;15463745000;15151733333;15651733333;10240;10228
2970;15464831000;15110066666;15610066666;10240;10228
2971;15464859000;15110066666;15610066666;10240;10228
2983;15464969000;15151733333;15651733333;10240;10228
2984;15498477000;15193122222;15693122222;10240;10228
2985;15498486000;15193122222;15693122222;10240;10228
2986;15498491000;15193122222;15693122222;10240;10228
2988;15500296000;15193122222;15693122222;10240;10228
2989;15500943000;15193122222;15693122222;10240;10228
2978;15504037000;15151455555;15651455555;10240;10228
2990;15505093000;15193122222;15693122222;10240;10228
2991;15505345000;15193133333;15693133333;10240;10228
2992;15538765000;15193422222;15693422222;10240;10228
2993;15538779000;15193422222;15693422222;10240;10228
2994;15538793000;15193422222;15693422222;10240;10228
2995;15540760000;15234800000;15734800000;10240;10228
2996;15541374000;15234800000;15734800000;10240;10228
2997;15544316000;15234800000;15734800000;10240;10228
2998;15544326000;15234800000;15734800000;10240;10228
2999;15545406000;15234800000;15734800000;10240;10228
2987;15545568000;15193122222;15693122222;10240;10228
3000;15545821000;15234800000;15734800000;10240;10228
3001;15579037000;15234800000;15734800000;10240;10228
3002;15579055000;15234822222;15734822222;10240;10228
3003;15581223000;15235088888;15735088888;10240;10228
3004;15581422000;15235088888;15735088888;10240;10228
3005;15581823000;15235088888;15735088888;10240;10228
3007;15584601000;15276455555;15776455555;10240;10228
3008;15584626000;15276455555;15776455555;10240;10228
3009;15585688000;15276455555;15776455555;10240;10228
3010;15585700000;15276455555;15776455555;10240;10228
3011;15612057000;15276455555;15776455555;10240;10228
3012;15619337000;15276455555;15776455555;10240;10228
3013;15619348000;15276477777;15776477777;10240;10228
3014;15621903000;15276744444;15776744444;10240;10228
3015;15622115000;15276744444;15776744444;10240;10228
3017;15622306000;15318111111;15818111111;10240;10228
3018;15624889000;15318111111;15818111111;10240;10228
3019;15624898000;15318111111;15818111111;10240;10228
3006;15625949000;15276455555;15776455555;10240;10228
3020;15652554000;15318111111;15818111111;10240;10228
3021;15659627000;15318111111;15818111111;10240;10228
3022;15659636000;15318111111;15818111111;10240;10228
3024;15662523000;15318122222;15818122222;10240;10228
3026;15662756000;15318433333;15818433333;10240;10228
3027;15665172000;15318433333;15818433333;10240;10228
3028;15665182000;15359811111;15859811111;10240;10228
3029;15666212000;15359811111;15859811111;10240;10228
3030;15666223000;15359811111;15859811111;10240;10228
3032;15699917000;15359811111;15859811111;10240;10228
3033;15699929000;15359811111;15859811111;10240;10228
3016;15703008000;15276744444;15776744444;10240;10228
3034;15705419000;15359811111;15859811111;10240;10228
3035;15705437000;15359822222;15859822222;10240;10228
3036;15706462000;15360088888;15860088888;10240;10228
3037;15706473000;15360088888;15860088888;10240;10228
3038;15706477000;15360088888;15860088888;10240;10228
3041;15743483000;15401455555;15901455555;10240;10228
3043;15745698000;15401455555;15901455555;10240;10228
3044;15746745000;15401455555;15901455555;10240;10228
3045;15746760000;15401455555;15901455555;10240;10228
3046;15746765000;15401466666;15901466666;10240;10228
3047;15746769000;15401722222;15901722222;10240;10228
3023;15783779000;15318111111;15818111111;10240;10228
3048;15783986000;15401722222;15901722222;10240;10228
3049;15787034000;15401722222;15901722222;10240;10228
3039;15787062000;15401455555;15901455555;10240;10228
3040;15787068000;15401455555;15901455555;10240;10228
3042;15787084000;15401455555;15901455555;10240;10228
3025;15814275000;15318433333;15818433333;10240;10228
3050;15814512000;15443122222;15943122222;10240;10228
3051;15824462000;15443122222;15943122222;10240;10228
3052;15827327000;15443122222;15943122222;10240;10228
3054;15854554000;15443122222;15943122222;10240;10228
3055;15854566000;15443122222;15943122222;10240;10228
3031;15854717000;15359811111;15859811111;10240;10228
3056;15854978000;15443122222;15943122222;10240;10228
3057;15855175000;15443133333;15943133333;10240;10228
3058;15864906000;15443466666;15943466666;10240;10228
3059;15865091000;15443466666;15943466666;10240;10228
3061;15894881000;15484788888;15984788888;10240;10228
3062;15894892000;15484788888;15984788888;10240;10228
3063;15895404000;15484788888;15984788888;10240;10228
3064;15895589000;15484788888;15984788888;10240;10228
3065;15905338000;15484788888;15984788888;10240;10228
3067;15935153000;15484788888;15984788888;10240;10228
3053;15935322000;15443122222;15943122222;10240;10228
3066;15935524000;15484788888;15984788888;10240;10228
3069;15935823000;15485100000;15985100000;10240;10228
3070;15936030000;15485100000;15985100000;10240;10228
3071;15936304000;15485100000;15985100000;10240;10228
3060;15936516000;15443466666;15943466666;10240;10228
3072;15975489000;15526455555;16026455555;10240;10228
3076;15976624000;15526455555;16026455555;10240;10228
3077;15976906000;15526455555;16026455555;10240;10228
3078;15982174000;15526455555;16026455555;10240;10228
3068;15982210000;15484800000;15984800000;10240;10228
3079;16015802000;15526466666;16026466666;10240;10228
3080;16016938000;15526733333;16026733333;10240;10228
3081;16017315000;15526733333;16026733333;10240;10228
3082;16022505000;15526733333;16026733333;10240;10228
3083;16022514000;15568122222;16068122222;10240;10228
3073;16022820000;15526455555;16026455555;10240;10228
3074;16022845000;15526455555;16026455555;10240;10228
3075;16022851000;15526455555;16026455555;10240;10228
3084;16023360000;15568122222;16068122222;10240;10228
3086;16056123000;15568122222;16068122222;10240;10228
3087;16056146000;15568122222;16068122222;10240;10228
3088;16057416000;15568122222;16068122222;10240;10228
3089;16057530000;15568122222;16068122222;10240;10228
3091;16062797000;15568411111;16068411111;10240;10228
3090;16062901000;15568133333;16068133333;10240;10228
3085;16063566000;15568122222;16068122222;10240;10228
3092;16093901000;15568411111;16068411111;10240;10228
3094;16096368000;15609788888;16109788888;10240;10228
3093;16096585000;15568411111;16068411111;10240;10228
3096;16097715000;15609788888;16109788888;10240;10228
3095;16097901000;15609788888;16109788888;10240;10228
3097;16098163000;15609788888;16109788888;10240;10228
3098;16103069000;15609788888;16109788888;10240;10228
3099;16103220000;15609788888;16109788888;10240;10228
3100;16136628000;15609788888;16109788888;10240;10228
3101;16136769000;15609800000;16109800000;10240;10228
3102;16136970000;15610055555;16110055555;10240;10228
3103;16138014000;15610055555;16110055555;10240;10228
3104;16138227000;15610055555;16110055555;10240;10228
3105;16138448000;15651455555;16151455555;10240;10228
3107;16143479000;15651455555;16151455555;10240;10228
3108;16143503000;15651455555;16151455555;10240;10228
3106;16143691000;15651455555;16151455555;10240;10228
3109;16145795000;15651455555;16151455555;10240;10228
3111;16177012000;15651455555;16151455555;10240;10228
3110;16177120000;15651455555;16151455555;10240;10228
3112;16178298000;15651466666;16151466666;10240;10228
3114;16178434000;15651744444;16151744444;10240;10228
3113;16178484000;15651744444;16151744444;10240;10228
3115;16183786000;15651744444;16151744444;10240;10228
3117;16183798000;15693122222;16193122222;10240;10228
3116;16183973000;15693122222;16193122222;10240;10228
3118;16184176000;15693122222;16193122222;10240;10228
3119;16184378000;15693122222;16193122222;10240;10228
3120;16191584000;15693122222;16193122222;10240;10228
3121;16191779000;15693122222;16193122222;10240;10228
3122;16215902000;15693122222;16193122222;10240;10228
3124;16217331000;15693444444;16193444444;10240;10228
3123;16217430000;15693133333;16193133333;10240;10228
3126;16218682000;15693444444;16193444444;10240;10228
3127;16218885000;15734788888;16234788888;10240;10228
3128;16224264000;15734788888;16234788888;10240;10228
3129;16224448000;15734788888;16234788888;10240;10228
3125;16231594000;15693444444;16193444444;10240;10228
3133;16232003000;15734788888;16234788888;10240;10228
3130;16232134000;15734788888;16234788888;10240;10228
3131;16232321000;15734788888;16234788888;10240;10228
3132;16232348000;15734788888;16234788888;10240;10228
3134;16256298000;15734800000;16234800000;10240;10228
3135;16256488000;15735077777;16235077777;10240;10228
3136;16256690000;15735077777;16235077777;10240;10228
3138;16257633000;15776455555;16276455555;10240;10228
3137;16257791000;15735077777;16235077777;10240;10228
3139;16259016000;15776455555;16276455555;10240;10228
3141;16259086000;15776455555;16276455555;10240;10228
3140;16259183000;15776455555;16276455555;10240;10228
3142;16264542000;15776455555;16276455555;10240;10228
3143;16264672000;15776455555;16276455555;10240;10228
3144;16272316000;15776455555;16276455555;10240;10228
3145;16273069000;15776466666;16276466666;10240;10228
3146;16273090000;15776722222;16276722222;10240;10228
3147;16273260000;15776722222;16276722222;10240;10228
3148;16296504000;15776722222;16276722222;10240;10228
3149;16296913000;15818122222;16318122222;10240;10228
3150;16296925000;15818122222;16318122222;10240;10228
3152;16297907000;15818122222;16318122222;10240;10228
3155;16299294000;15818122222;16318122222;10240;10228
3154;16299472000;15818122222;16318122222;10240;10228
3156;16299674000;15818133333;16318133333;10240;10228
3157;16305185000;15818455555;16318455555;10240;10228
3158;16305363000;15818455555;16318455555;10240;10228
3153;16312979000;15818122222;16318122222;10240;10228
3160;16313455000;15859788888;16359788888;10240;10228
3161;16313468000;15859788888;16359788888;10240;10228
3151;16313603000;15818122222;16318122222;10240;10228
3159;16313815000;15818455555;16318455555;10240;10228
3165;16337350000;15859788888;16359788888;10240;10228
3166;16338365000;15859788888;16359788888;10240;10228
3167;16338565000;15859800000;16359800000;10240;10228
3168;16338575000;15860077777;16360077777;10240;10228
3169;16339563000;15860077777;16360077777;10240;10228
3171;16339573000;15901455555;16401455555;10240;10228
3170;16339722000;15860077777;16360077777;10240;10228
3173;16345493000;15901455555;16401455555;10240;10228
3174;16345643000;15901455555;16401455555;10240;10228
3175;16353699000;15901455555;16401455555;10240;10228
3176;16353711000;15901455555;16401455555;10240;10228
3177;16353716000;15901455555;16401455555;10240;10228
3162;16353721000;15859788888;16359788888;10240;10228
3163;16353732000;15859788888;16359788888;10240;10228
3164;16353749000;15859788888;16359788888;10240;10228
3178;16354138000;15901466666;16401466666;10240;10228
3179;16354148000;15901744444;16401744444;10240;10228
3180;16354340000;15901744444;16401744444;10240;10228
3181;16354544000;15901744444;16401744444;10240;10228
3182;16354555000;15943122222;16443122222;10240;10228
3183;16354749000;15943122222;16443122222;10240;10228
3184;16354760000;15943122222;16443122222;10240;10228
3185;16354953000;15943122222;16443122222;10240;10228
3187;16379879000;15943122222;16443122222;10240;10228
3189;16385761000;15943133333;16443133333;10240;10228
3190;16385780000;15943444444;16443444444;10240;10228
3191;16394022000;15943444444;16443444444;10240;10228
3172;16394216000;15901455555;16401455555;10240;10228
3192;16394750000;15943444444;16443444444;10240;10228
3193;16394956000;15984788888;16484788888;10240;10228
3194;16395164000;15984788888;16484788888;10240;10228
3195;16395366000;15984788888;16484788888;10240;10228
3197;16395377000;15984788888;16484788888;10240;10228
3198;16395570000;15984788888;16484788888;10240;10228
3199;16420160000;15984788888;16484788888;10240;10228
3200;16426053000;15984800000;16484800000;10240;10228
3201;16426067000;15985066666;16485066666;10240;10228
3188;16434518000;15943122222;16443122222;10240;10228
3202;16435147000;15985066666;16485066666;10240;10228
3203;16435345000;15985066666;16485066666;10240;10228
3186;16435549000;15943122222;16443122222;10240;10228
3204;16435949000;16026455555;16526455555;10240;10228
3206;16460473000;16026455555;16526455555;10240;10228
3207;16466391000;16026455555;16526455555;10240;10228
3208;16466401000;16026455555;16526455555;10240;10228
3209;16474952000;16026455555;16526455555;10240;10228
3196;16475564000;15984788888;16484788888;10240;10228
3210;16475964000;16026455555;16526455555;10240;10228
3211;16476261000;16026466666;16526466666;10240;10228
3212;16476466000;16026733333;16526733333;10240;10228
3213;16500759000;16026733333;16526733333;10240;10228
3214;16506713000;16026733333;16526733333;10240;10228
3215;16506723000;16068100000;16568100000;10240;10228
3205;16506843000;16026455555;16526455555;10240;10228
3217;16516013000;16068100000;16568100000;10240;10228
3218;16516340000;16068100000;16568100000;10240;10228
3219;16516854000;16068100000;16568100000;10240;10228
3221;16521693000;16068100000;16568100000;10240;10228
3222;16546960000;16068122222;16568122222;10240;10228
3223;16546971000;16068500000;16568500000;10240;10228
3224;16547244000;16068500000;16568500000;10240;10228
3226;16556785000;16109766666;16609766666;10240;10228
3216;16557236000;16068100000;16568100000;10240;10228
3227;16562058000;16109766666;16609766666;10240;10228
3225;16562438000;16068500000;16568500000;10240;10228
3220;16562570000;16068100000;16568100000;10240;10228
3229;16587478000;16109766666;16609766666;10240;10228
3231;16597234000;16109766666;16609766666;10240;10228
3232;16597425000;16109766666;16609766666;10240;10228
3233;16597617000;16109788888;16609788888;10240;10228
3234;16602417000;16110166666;16610166666;10240;10228
3235;16602690000;16110166666;16610166666;10240;10228
3230;16608393000;16109766666;16609766666;10240;10228
3236;16627893000;16110166666;16610166666;10240;10228
3238;16637470000;16151455555;16651455555;10240;10228
3240;16637492000;16151455555;16651455555;10240;10228
3241;16637648000;16151455555;16651455555;10240;10228
3239;16637669000;16151455555;16651455555;10240;10228
3244;16643067000;16151477777;16651477777;10240;10228
3243;16648961000;16151455555;16651455555;10240;10228
3245;16648972000;16151755555;16651755555;10240;10228
3237;16649120000;16151455555;16651455555;10240;10228
3242;16649734000;16151455555;16651455555;10240;10228
3246;16668120000;16151755555;16651755555;10240;10228
3248;16677785000;16193122222;16693122222;10240;10228
3250;16678058000;16193122222;16693122222;10240;10228
3253;16683343000;16193122222;16693122222;10240;10228
3251;16683499000;16193122222;16693122222;10240;10228
3254;16689206000;16193122222;16693122222;10240;10228
3247;16689694000;16151755555;16651755555;10240;10228
3249;16689706000;16193122222;16693122222;10240;10228
3255;16689710000;16193133333;16693133333;10240;10228
3252;16690069000;16193122222;16693122222;10240;10228
3257;16718058000;16193444444;16693444444;10240;10228
3256;16718289000;16193444444;16693444444;10240;10228
3259;16718327000;16234766666;16734766666;10240;10228
3260;16718334000;16234766666;16734766666;10240;10228
3258;16718490000;16193444444;16693444444;10240;10228
3261;16723646000;16234766666;16734766666;10240;10228
3263;16723824000;16234766666;16734766666;10240;10228
3264;16729726000;16234766666;16734766666;10240;10228
3265;16729955000;16234766666;16734766666;10240;10228
3262;16730397000;16234766666;16734766666;10240;10228
3267;16758306000;16235155555;16735155555;10240;10228
3266;16758443000;16234788888;16734788888;10240;10228
3268;16758618000;16235155555;16735155555;10240;10228
3269;16758842000;16235155555;16735155555;10240;10228
3270;16759061000;16276433333;16776433333;10240;10228
3272;16764117000;16276433333;16776433333;10240;10228
3273;16764127000;16276433333;16776433333;10240;10228
3274;16764131000;16276433333;16776433333;10240;10228
3271;16764300000;16276433333;16776433333;10240;10228
3276;16770445000;16276433333;16776433333;10240;10228
3277;16771158000;16276455555;16776455555;10240;10228
3275;16771917000;16276433333;16776433333;10240;10228
3278;16798532000;16276800000;16776800000;10240;10228
3281;16799108000;16318088888;16818088888;10240;10228
3279;16799119000;16276800000;16776800000;10240;10228
3280;16799320000;16276800000;16776800000;10240;10228
3283;16804438000;16318088888;16818088888;10240;10228
3284;16804459000;16318088888;16818088888;10240;10228
3282;16804565000;16318088888;16818088888;10240;10228
3285;16804761000;16318088888;16818088888;10240;10228
3286;16804967000;16318088888;16818088888;10240;10228
3287;16810746000;16318088888;16818088888;10240;10228
3288;16810824000;16318111111;16818111111;10240;10228
3289;16811454000;16318433333;16818433333;10240;10228
3291;16839354000;16318433333;16818433333;10240;10228
3292;16839364000;16359766666;16859766666;10240;10228
3290;16839492000;16318433333;16818433333;10240;10228
3293;16839695000;16359766666;16859766666;10240;10228
3294;16844754000;16359766666;16859766666;10240;10228
3295;16844891000;16359766666;16859766666;10240;10228
3296;16845112000;16359766666;16859766666;10240;10228
3298;16845216000;16359766666;16859766666;10240;10228
3299;16845243000;16359811111;16859811111;10240;10228
3300;16845249000;16360088888;16860088888;10240;10228
3297;16845308000;16359766666;16859766666;10240;10228
3301;16851053000;16360088888;16860088888;10240;10228
3302;16851254000;16360088888;16860088888;10240;10228
3303;16852339000;16401455555;16901455555;10240;10228
3304;16857736000;16401455555;16901455555;10240;10228
3305;16879634000;16401455555;16901455555;10240;10228
3306;16879815000;16401455555;16901455555;10240;10228
3307;16885283000;16401455555;16901455555;10240;10228
3310;16885294000;16401466666;16901466666;10240;10228
3311;16885312000;16401733333;16901733333;10240;10228
3308;16885463000;16401455555;16901455555;10240;10228
3313;16885500000;16401733333;16901733333;10240;10228
3309;16885666000;16401455555;16901455555;10240;10228
3312;16885850000;16401733333;16901733333;10240;10228
3314;16885886000;16443122222;16943122222;10240;10228
3315;16886070000;16443122222;16943122222;10240;10228
3316;16891538000;16443122222;16943122222;10240;10228
3317;16891699000;16443122222;16943122222;10240;10228
3319;16898182000;16443122222;16943122222;10240;10228
3320;16898204000;16443122222;16943122222;10240;10228
3318;16898332000;16443122222;16943122222;10240;10228
3321;16898368000;16443133333;16943133333;10240;10228
3323;16925597000;16443444444;16943444444;10240;10228
3325;16925616000;16484788888;16984788888;10240;10228
3326;16925622000;16484788888;16984788888;10240;10228
3322;16925787000;16443444444;16943444444;10240;10228
3324;16926017000;16443444444;16943444444;10240;10228
3327;16926053000;16484788888;16984788888;10240;10228
3330;16926089000;16484788888;16984788888;10240;10228
3328;16926240000;16484788888;16984788888;10240;10228
3329;16926436000;16484788888;16984788888;10240;10228
3331;16926632000;16484788888;16984788888;10240;10228
3332;16926651000;16484800000;16984800000;10240;10228
3333;16931945000;16485088888;16985088888;10240;10228
3334;16932161000;16485088888;16985088888;10240;10228
3335;16938449000;16485088888;16985088888;10240;10228
3336;16938469000;16526455555;17026455555;10240;10228
3338;16938582000;16526455555;17026455555;10240;10228
3337;16938781000;16526455555;17026455555;10240;10228
3339;16939492000;16526455555;17026455555;10240;10228
3341;16965887000;16526455555;17026455555;10240;10228
3342;16965908000;16526455555;17026455555;10240;10228
3343;16965999000;16526466666;17026466666;10240;10228
3340;16966027000;16526455555;17026455555;10240;10228
3344;16966223000;16526744444;17026744444;10240;10228
3346;16966343000;16526744444;17026744444;10240;10228
3345;16966518000;16526744444;17026744444;10240;10228
3347;16966750000;16568122222;17068122222;10240;10228
3348;16966919000;16568122222;17068122222;10240;10228
3349;16966930000;16568122222;17068122222;10240;10228
3351;16967153000;16568122222;17068122222;10240;10228
3353;16972593000;16568122222;17068122222;10240;10228
3354;16978694000;16568133333;17068133333;10240;10228
3355;16978717000;16568444444;17068444444;10240;10228
3356;16978798000;16568444444;17068444444;10240;10228
3357;16978809000;16568444444;17068444444;10240;10228
3358;16979183000;16609788888;17109788888;10240;10228
3359;17006171000;16609788888;17109788888;10240;10228
3361;17006182000;16609788888;17109788888;10240;10228
3362;17006187000;16609788888;17109788888;10240;10228
3360;17006342000;16609788888;17109788888;10240;10228
3363;17006543000;16609788888;17109788888;10240;10228
3364;17006642000;16609788888;17109788888;10240;10228
3365;17006652000;16609800000;17109800000;10240;10228
3366;17006657000;16610066666;17110066666;10240;10228
3367;17006890000;16610066666;17110066666;10240;10228
3368;17007305000;16610066666;17110066666;10240;10228
3369;17007505000;16651455555;17151455555;10240;10228
3370;17007712000;16651455555;17151455555;10240;10228
3371;17007721000;16651455555;17151455555;10240;10228
3372;17007915000;16651455555;17151455555;10240;10228
3373;17013026000;16651455555;17151455555;10240;10228
3374;17019009000;16651455555;17151455555;10240;10228
3352;17019180000;16568122222;17068122222;10240;10228
3350;17019560000;16568122222;17068122222;10240;10228
3375;17046419000;16651455555;17151455555;10240;10228
3376;17046429000;16651466666;17151466666;10240;10228
3377;17046443000;16651744444;17151744444;10240;10228
3378;17046904000;16651744444;17151744444;10240;10228
3379;17046917000;16651744444;17151744444;10240;10228
3380;17046921000;16693122222;17193122222;10240;10228
3381;17047912000;16693122222;17193122222;10240;10228
3382;17048118000;16693122222;17193122222;10240;10228
3383;17048302000;16693122222;17193122222;10240;10228
3384;17048506000;16693122222;17193122222;10240;10228
3385;17048517000;16693122222;17193122222;10240;10228
3386;17053471000;16693122222;17193122222;10240;10228
3387;17059381000;16693133333;17193133333;10240;10228
3388;17059403000;16693455555;17193455555;10240;10228
3389;17059615000;16693455555;17193455555;10240;10228
3390;17059977000;16693455555;17193455555;10240;10228
3391;17086696000;16734766666;17234766666;10240;10228
3392;17086718000;16734766666;17234766666;10240;10228
3393;17087190000;16734766666;17234766666;10240;10228
3394;17087202000;16734766666;17234766666;10240;10228
3395;17087215000;16734766666;17234766666;10240;10228
3397;17088173000;16734766666;17234766666;10240;10228
3396;17088326000;16734766666;17234766666;10240;10228
3398;17088589000;16734788888;17234788888;10240;10228
3400;17088928000;16735166666;17235166666;10240;10228
3402;17089118000;16776444444;17276444444;10240;10228
3403;17093904000;16776444444;17276444444;10240;10228
3404;17099709000;16776444444;17276444444;10240;10228
3406;17099840000;16776444444;17276444444;10240;10228
3405;17100016000;16776444444;17276444444;10240;10228
3407;17100363000;16776444444;17276444444;10240;10228
3409;17126989000;16776455555;17276455555;10240;10228
3410;17127001000;16776800000;17276800000;10240;10228
3411;17127437000;16776800000;17276800000;10240;10228
3412;17127457000;16776800000;17276800000;10240;10228
3414;17128438000;16818088888;17318088888;10240;10228
3415;17128721000;16818088888;17318088888;10240;10228
3417;17129320000;16818088888;17318088888;10240;10228
3418;17129522000;16818088888;17318088888;10240;10228
3399;17134313000;16735166666;17235166666;10240;10228
3419;17140031000;16818088888;17318088888;10240;10228
3420;17140051000;16818111111;17318111111;10240;10228
3421;17140056000;16818422222;17318422222;10240;10228
3401;17140226000;16735166666;17235166666;10240;10228
3422;17167306000;16818422222;17318422222;10240;10228
3408;17167717000;16776444444;17276444444;10240;10228
3423;17169745000;16818422222;17318422222;10240;10228
3424;17169929000;16859788888;17359788888;10240;10228
3425;17174736000;16859788888;17359788888;10240;10228
3413;17180377000;16818088888;17318088888;10240;10228
3426;17180406000;16859788888;17359788888;10240;10228
3427;17207569000;16859788888;17359788888;10240;10228
3428;17208009000;16859788888;17359788888;10240;10228
3416;17210009000;16818088888;17318088888;10240;10228
3429;17210203000;16859788888;17359788888;10240;10228
3430;17210397000;16859788888;17359788888;10240;10228
3431;17210603000;16859800000;17359800000;10240;10228
3434;17220707000;16860088888;17360088888;10240;10228
3435;17247851000;16901455555;17401455555;10240;10228
3436;17248239000;16901455555;17401455555;10240;10228
3437;17250276000;16901455555;17401455555;10240;10228
3438;17250841000;16901455555;17401455555;10240;10228
3439;17251024000;16901455555;17401455555;10240;10228
3441;17251231000;16901455555;17401455555;10240;10228
3442;17261016000;16901466666;17401466666;10240;10228
3443;17261028000;16901755555;17401755555;10240;10228
3444;17288143000;16901755555;17401755555;10240;10228
3433;17288549000;16860088888;17360088888;10240;10228
3445;17291261000;16901755555;17401755555;10240;10228
3446;17291463000;16943111111;17443111111;10240;10228
3432;17291663000;16860088888;17360088888;10240;10228
3447;17301353000;16943111111;17443111111;10240;10228
3448;17301364000;16943111111;17443111111;10240;10228
3449;17328382000;16943111111;17443111111;10240;10228
3450;17328857000;16943111111;17443111111;10240;10228
3451;17328866000;16943111111;17443111111;10240;10228
3440;17331742000;16901455555;17401455555;10240;10228
3452;17331930000;16943111111;17443111111;10240;10228
3453;17332119000;16943122222;17443122222;10240;10228
3454;17332128000;16943433333;17443433333;10240;10228
3455;17332310000;16943433333;17443433333;10240;10228
3456;17341674000;16943433333;17443433333;10240;10228
3457;17368679000;16984766666;17484766666;10240;10228
3458;17369157000;16984766666;17484766666;10240;10228
3459;17369168000;16984766666;17484766666;10240;10228
3460;17369182000;16984766666;17484766666;10240;10228
3461;17372073000;16984766666;17484766666;10240;10228
3462;17372341000;16984766666;17484766666;10240;10228
3463;17372539000;16984766666;17484766666;10240;10228
3464;17372733000;16984788888;17484788888;10240;10228
3465;17372938000;16985166666;17485166666;10240;10228
3466;17372944000;16985166666;17485166666;10240;10228
3467;17381997000;16985166666;17485166666;10240;10228
3468;17409436000;17026455555;17526455555;10240;10228
3469;17409447000;17026455555;17526455555;10240;10228
3471;17409453000;17026455555;17526455555;10240;10228
3472;17409468000;17026455555;17526455555;10240;10228
3473;17412623000;17026455555;17526455555;10240;10228
3474;17412789000;17026455555;17526455555;10240;10228
3475;17412988000;17026466666;17526466666;10240;10228
3476;17413194000;17026777777;17526777777;10240;10228
3478;17413395000;17026777777;17526777777;10240;10228
3479;17413602000;17068111111;17568111111;10240;10228
3480;17422302000;17068111111;17568111111;10240;10228
3481;17449741000;17068111111;17568111111;10240;10228
3482;17449751000;17068111111;17568111111;10240;10228
3483;17449757000;17068111111;17568111111;10240;10228
3484;17449761000;17068111111;17568111111;10240;10228
3470;17452927000;17026455555;17526455555;10240;10228
3485;17453171000;17068111111;17568111111;10240;10228
3486;17453371000;17068122222;17568122222;10240;10228
3487;17453575000;17068466666;17568466666;10240;10228
3488;17453780000;17068466666;17568466666;10240;10228
3489;17453987000;17068466666;17568466666;10240;10228
3490;17490022000;17109788888;17609788888;10240;10228
3491;17490035000;17109788888;17609788888;10240;10228
3492;17490040000;17109788888;17609788888;10240;10228
3493;17490051000;17109788888;17609788888;10240;10228
3494;17493218000;17109788888;17609788888;10240;10228
3495;17493229000;17109788888;17609788888;10240;10228
3477;17493336000;17026777777;17526777777;10240;10228
3496;17493798000;17109788888;17609788888;10240;10228
3497;17493978000;17109800000;17609800000;10240;10228
3498;17494183000;17110088888;17610088888;10240;10228
3499;17494386000;17110088888;17610088888;10240;10228
3500;17530346000;17110088888;17610088888;10240;10228
3501;17530359000;17151455555;17651455555;10240;10228
3502;17530373000;17151455555;17651455555;10240;10228
3503;17533493000;17151455555;17651455555;10240;10228
3504;17533503000;17151455555;17651455555;10240;10228
3505;17533508000;17151455555;17651455555;10240;10228
3506;17533512000;17151455555;17651455555;10240;10228
3507;17534221000;17151455555;17651455555;10240;10228
3508;17534418000;17151466666;17651466666;10240;10228
3509;17534431000;17151755555;17651755555;10240;10228
3510;17534789000;17151755555;17651755555;10240;10228
3511;17534978000;17151755555;17651755555;10240;10228
3512;17570641000;17193122222;17693122222;10240;10228
3514;17570662000;17193122222;17693122222;10240;10228
3515;17573837000;17193122222;17693122222;10240;10228
3516;17573846000;17193122222;17693122222;10240;10228
3517;17573852000;17193122222;17693122222;10240;10228
3518;17573856000;17193122222;17693122222;10240;10228
3519;17573860000;17193133333;17693133333;10240;10228
3520;17574664000;17193455555;17693455555;10240;10228
3521;17574849000;17193455555;17693455555;10240;10228
3522;17575064000;17193455555;17693455555;10240;10228
3524;17575255000;17234788888;17734788888;10240;10228
3525;17575459000;17234788888;17734788888;10240;10228
3526;17610946000;17234788888;17734788888;10240;10228
3527;17610957000;17234788888;17734788888;10240;10228
3528;17614166000;17234788888;17734788888;10240;10228
3513;17614177000;17193122222;17693122222;10240;10228
3529;17614209000;17234788888;17734788888;10240;10228
3530;17615007000;17234800000;17734800000;10240;10228
3531;17615257000;17235077777;17735077777;10240;10228
3532;17615462000;17235077777;17735077777;10240;10228
3533;17615664000;17235077777;17735077777;10240;10228
3534;17615674000;17276455555;17776455555;10240;10228
3536;17651218000;17276455555;17776455555;10240;10228
3538;17654449000;17276455555;17776455555;10240;10228
3539;17654462000;17276455555;17776455555;10240;10228
3540;17654466000;17276455555;17776455555;10240;10228
3541;17654471000;17276466666;17776466666;10240;10228
3542;17654475000;17276722222;17776722222;10240;10228
3543;17655869000;17276722222;17776722222;10240;10228
3544;17656072000;17276722222;17776722222;10240;10228
3545;17656259000;17318122222;17818122222;10240;10228
3546;17691517000;17318122222;17818122222;10240;10228
3547;17694730000;17318122222;17818122222;10240;10228
3548;17694739000;17318122222;17818122222;10240;10228
3537;17694753000;17276455555;17776455555;10240;10228
3549;17696311000;17318122222;17818122222;10240;10228
3550;17696520000;17318122222;17818122222;10240;10228
3535;17696728000;17276455555;17776455555;10240;10228
3551;17731784000;17318122222;17818122222;10240;10228
3553;17734993000;17318444444;17818444444;10240;10228
3554;17735004000;17318444444;17818444444;10240;10228
3555;17735009000;17318444444;17818444444;10240;10228
3556;17736838000;17359788888;17859788888;10240;10228
3557;17736983000;17359788888;17859788888;10240;10228
3558;17737192000;17359788888;17859788888;10240;10228
3559;17772111000;17359788888;17859788888;10240;10228
3560;17775263000;17359788888;17859788888;10240;10228
3561;17775274000;17359788888;17859788888;10240;10228
3552;17775278000;17318133333;17818133333;10240;10228
3562;17777273000;17359788888;17859788888;10240;10228
3563;17777499000;17359800000;17859800000;10240;10228
3566;17812371000;17360088888;17860088888;10240;10228
3567;17815523000;17401455555;17901455555;10240;10228
3568;17815534000;17401455555;17901455555;10240;10228
3569;17815548000;17401455555;17901455555;10240;10228
3570;17817747000;17401455555;17901455555;10240;10228
3571;17817944000;17401455555;17901455555;10240;10228
3572;17852670000;17401455555;17901455555;10240;10228
3573;17852691000;17401455555;17901455555;10240;10228
3564;17854465000;17360088888;17860088888;10240;10228
3574;17854634000;17401466666;17901466666;10240;10228
3575;17854844000;17401744444;17901744444;10240;10228
3576;17858223000;17401744444;17901744444;10240;10228
3577;17858432000;17401744444;17901744444;10240;10228
3578;17892945000;17443122222;17943122222;10240;10228
3579;17892958000;17443122222;17943122222;10240;10228
3580;17894746000;17443122222;17943122222;10240;10228
3581;17895138000;17443122222;17943122222;10240;10228
3582;17895316000;17443122222;17943122222;10240;10228
3583;17895524000;17443122222;17943122222;10240;10228
3585;17933226000;17443133333;17943133333;10240;10228
3586;17933238000;17443444444;17943444444;10240;10228
3587;17933242000;17443444444;17943444444;10240;10228
3588;17935028000;17443444444;17943444444;10240;10228
3590;17935818000;17484788888;17984788888;10240;10228
3591;17936002000;17484788888;17984788888;10240;10228
3584;17940991000;17443122222;17943122222;10240;10228
3593;17941002000;17484788888;17984788888;10240;10228
3594;17941007000;17484788888;17984788888;10240;10228
3595;17973496000;17484788888;17984788888;10240;10228
3596;17975463000;17484800000;17984800000;10240;10228
3597;17976269000;17485088888;17985088888;10240;10228
3600;17981273000;17526455555;18026455555;10240;10228
3589;17981674000;17484788888;17984788888;10240;10228
3598;17981686000;17485088888;17985088888;10240;10228
3592;17981894000;17484788888;17984788888;10240;10228
3599;17982124000;17485088888;17985088888;10240;10228
3601;17982144000;17526455555;18026455555;10240;10228
3602;18013995000;17526455555;18026455555;10240;10228
3603;18014205000;17526455555;18026455555;10240;10228
3604;18015777000;17526455555;18026455555;10240;10228
3605;18016582000;17526455555;18026455555;10240;10228
3606;18021591000;17526455555;18026455555;10240;10228
3607;18021925000;17526466666;18026466666;10240;10228
3608;18022440000;17526755555;18026755555;10240;10228
3609;18022467000;17526755555;18026755555;10240;10228
3610;18054239000;17526755555;18026755555;10240;10228
3611;18054427000;17568122222;18068122222;10240;10228
3612;18056258000;17568122222;18068122222;10240;10228
3613;18057139000;17568122222;18068122222;10240;10228
3614;18062090000;17568122222;18068122222;10240;10228
3615;18062374000;17568122222;18068122222;10240;10228
3616;18062661000;17568122222;18068122222;10240;10228
3617;18062681000;17568122222;18068122222;10240;10228
3618;18094681000;17568133333;18068133333;10240;10228
3619;18094872000;17568433333;18068433333;10240;10228
3621;18097363000;17568433333;18068433333;10240;10228
3622;18102382000;17609788888;18109788888;10240;10228
3623;18102643000;17609788888;18109788888;10240;10228
3624;18103162000;17609788888;18109788888;10240;10228
3625;18103367000;17609788888;18109788888;10240;10228
3620;18104070000;17568433333;18068433333;10240;10228
3626;18134948000;17609788888;18109788888;10240;10228
3627;18135106000;17609788888;18109788888;10240;10228
3628;18137831000;17609788888;18109788888;10240;10228
3629;18138033000;17609800000;18109800000;10240;10228
3630;18142876000;17610077777;18110077777;10240;10228
3631;18143112000;17610077777;18110077777;10240;10228
3632;18143442000;17610077777;18110077777;10240;10228
3633;18143647000;17651455555;18151455555;10240;10228
3634;18175428000;17651455555;18151455555;10240;10228
3635;18175643000;17651455555;18151455555;10240;10228
3636;18178119000;17651455555;18151455555;10240;10228
3637;18178269000;17651455555;18151455555;10240;10228
3638;18183163000;17651455555;18151455555;10240;10228
3639;18183321000;17651455555;18151455555;10240;10228
3640;18183884000;17651466666;18151466666;10240;10228
3641;18184102000;17651744444;18151744444;10240;10228
3642;18215690000;17651744444;18151744444;10240;10228
3643;18215884000;17651744444;18151744444;10240;10228
3644;18218576000;17693122222;18193122222;10240;10228
3645;18218786000;17693122222;18193122222;10240;10228
3646;18223642000;17693122222;18193122222;10240;10228
3647;18223849000;17693122222;18193122222;10240;10228
3648;18224152000;17693122222;18193122222;10240;10228
3649;18231560000;17693122222;18193122222;10240;10228
3650;18256171000;17693122222;18193122222;10240;10228
3651;18256376000;17693133333;18193133333;10240;10228
3655;18264152000;17734788888;18234788888;10240;10228
3656;18264634000;17734788888;18234788888;10240;10228
3657;18271919000;17734788888;18234788888;10240;10228
3652;18272233000;17693444444;18193444444;10240;10228
3653;18272260000;17693444444;18193444444;10240;10228
3654;18272439000;17693444444;18193444444;10240;10228
3658;18296368000;17734788888;18234788888;10240;10228
3660;18304660000;17734788888;18234788888;10240;10228
3662;18304895000;17734800000;18234800000;10240;10228
3664;18304906000;17735100000;18235100000;10240;10228
3661;18312647000;17734788888;18234788888;10240;10228
3663;18312668000;17735100000;18235100000;10240;10228
3659;18312990000;17734788888;18234788888;10240;10228
3665;18313201000;17735100000;18235100000;10240;10228
3666;18336831000;17776455555;18276455555;10240;10228
3667;18344982000;17776455555;18276455555;10240;10228
3669;18345140000;17776455555;18276455555;10240;10228
3670;18345172000;17776455555;18276455555;10240;10228
3672;18345188000;17776455555;18276455555;10240;10228
3668;18345192000;17776455555;18276455555;10240;10228
3671;18345372000;17776455555;18276455555;10240;10228
3673;18353557000;17776466666;18276466666;10240;10228
3674;18377149000;17776733333;18276733333;10240;10228
3679;18385469000;17818122222;18318122222;10240;10228
3675;18385509000;17776733333;18276733333;10240;10228
3677;18385677000;17818122222;18318122222;10240;10228
3678;18385688000;17818122222;18318122222;10240;10228
3680;18385882000;17818122222;18318122222;10240;10228
3681;18393873000;17818122222;18318122222;10240;10228
3682;18417579000;17818122222;18318122222;10240;10228
3686;18425787000;17818466666;18318466666;10240;10228
3687;18425808000;17818466666;18318466666;10240;10228
3685;18425974000;17818466666;18318466666;10240;10228
3688;18426134000;17859822222;18359822222;10240;10228
3689;18434355000;17859822222;18359822222;10240;10228
3684;18439795000;17818133333;18318133333;10240;10228
3690;18457844000;17859822222;18359822222;10240;10228
3692;18466166000;17859822222;18359822222;10240;10228
3693;18466175000;17859822222;18359822222;10240;10228
3691;18466326000;17859822222;18359822222;10240;10228
3694;18466527000;17859822222;18359822222;10240;10228
3695;18466546000;17859833333;18359833333;10240;10228
3696;18466738000;17860100000;18360100000;10240;10228
3697;18474661000;17860100000;18360100000;10240;10228
3698;18498338000;17860100000;18360100000;10240;10228
3699;18506470000;17901455555;18401455555;10240;10228
3700;18506681000;17901455555;18401455555;10240;10228
3702;18506832000;17901455555;18401455555;10240;10228
3703;18506854000;17901455555;18401455555;10240;10228
3701;18506859000;17901455555;18401455555;10240;10228
3705;18515134000;17901455555;18401455555;10240;10228
3704;18521849000;17901455555;18401455555;10240;10228
3706;18538551000;17901466666;18401466666;10240;10228
3708;18546932000;17901733333;18401733333;10240;10228
3707;18546944000;17901733333;18401733333;10240;10228
3710;18547039000;17943122222;18443122222;10240;10228
3709;18547276000;17901733333;18401733333;10240;10228
3712;18555370000;17943122222;18443122222;10240;10228
3713;18555587000;17943122222;18443122222;10240;10228
3711;18561894000;17943122222;18443122222;10240;10228
3714;18579005000;17943122222;18443122222;10240;10228
3715;18587200000;17943122222;18443122222;10240;10228
3718;18587209000;17943433333;18443433333;10240;10228
3716;18587402000;17943122222;18443122222;10240;10228
3717;18587609000;17943133333;18443133333;10240;10228
3720;18595676000;17943433333;18443433333;10240;10228
3721;18595853000;17984788888;18484788888;10240;10228
3719;18595864000;17943433333;18443433333;10240;10228
3722;18619260000;17984788888;18484788888;10240;10228
3724;18627539000;17984788888;18484788888;10240;10228
3726;18627563000;17984788888;18484788888;10240;10228
3723;18627705000;17984788888;18484788888;10240;10228
3725;18627909000;17984788888;18484788888;10240;10228
3727;18635955000;17984788888;18484788888;10240;10228
3729;18636244000;17985066666;18485066666;10240;10228
3728;18648350000;17984800000;18484800000;10240;10228
3730;18659720000;17985066666;18485066666;10240;10228
3731;18667886000;17985066666;18485066666;10240;10228
3733;18667907000;18026433333;18526433333;10240;10228
3732;18668081000;18026433333;18526433333;10240;10228
3734;18668277000;18026433333;18526433333;10240;10228
3735;18676481000;18026433333;18526433333;10240;10228
3736;18676490000;18026433333;18526433333;10240;10228
3737;18676505000;18026433333;18526433333;10240;10228
3738;18699994000;18026433333;18526433333;10240;10228
3740;18708193000;18026800000;18526800000;10240;10228
3739;18708342000;18026455555;18526455555;10240;10228
3742;18708503000;18026800000;18526800000;10240;10228
3741;18708526000;18026800000;18526800000;10240;10228
3743;18716716000;18068100000;18568100000;10240;10228
3744;18716944000;18068100000;18568100000;10240;10228
3745;18717166000;18068100000;18568100000;10240;10228
3746;18740497000;18068100000;18568100000;10240;10228
3748;18748686000;18068100000;18568100000;10240;10228
3750;18748836000;18068111111;18568111111;10240;10228
3749;18748963000;18068100000;18568100000;10240;10228
3752;18757169000;18068533333;18568533333;10240;10228
3751;18757252000;18068533333;18568533333;10240;10228
3753;18757378000;18068533333;18568533333;10240;10228
3747;18770698000;18068100000;18568100000;10240;10228
3754;18780797000;18109788888;18609788888;10240;10228
3755;18789186000;18109788888;18609788888;10240;10228
3758;18789197000;18109788888;18609788888;10240;10228
3756;18789363000;18109788888;18609788888;10240;10228
3757;18789574000;18109788888;18609788888;10240;10228
3760;18797465000;18109788888;18609788888;10240;10228
3759;18797631000;18109788888;18609788888;10240;10228
3761;18797842000;18109811111;18609811111;10240;10228
3762;18821305000;18110077777;18610077777;10240;10228
3765;18829479000;18151455555;18651455555;10240;10228
3766;18829501000;18151455555;18651455555;10240;10228
3763;18829669000;18110077777;18610077777;10240;10228
3764;18829879000;18110077777;18610077777;10240;10228
3767;18837784000;18151455555;18651455555;10240;10228
3768;18838124000;18151455555;18651455555;10240;10228
3769;18857036000;18151455555;18651455555;10240;10228
3770;18861562000;18151455555;18651455555;10240;10228
3771;18869767000;18151455555;18651455555;10240;10228
3773;18869777000;18151744444;18651744444;10240;10228
3772;18869927000;18151466666;18651466666;10240;10228
3774;18870160000;18151744444;18651744444;10240;10228
3776;18878229000;18193122222;18693122222;10240;10228
3777;18878417000;18193122222;18693122222;10240;10228
3778;18878616000;18193122222;18693122222;10240;10228
3779;18897298000;18193122222;18693122222;10240;10228
3775;18897771000;18151744444;18651744444;10240;10228
3780;18898522000;18193122222;18693122222;10240;10228
3781;18898531000;18193122222;18693122222;10240;10228
3782;18902024000;18193122222;18693122222;10240;10228
3783;18910159000;18193133333;18693133333;10240;10228
3784;18910361000;18193433333;18693433333;10240;10228
3785;18918395000;18193433333;18693433333;10240;10228
3786;18918409000;18193433333;18693433333;10240;10228
3787;18918588000;18234788888;18734788888;10240;10228
3788;18918782000;18234788888;18734788888;10240;10228
3789;18938248000;18234788888;18734788888;10240;10228
3790;18939298000;18234788888;18734788888;10240;10228
3792;18942267000;18234788888;18734788888;10240;10228
3793;18950577000;18234788888;18734788888;10240;10228
3794;18958734000;18234800000;18734800000;10240;10228
3795;18958943000;18235066666;18735066666;10240;10228
3796;18959160000;18235066666;18735066666;10240;10228
3797;18959370000;18235066666;18735066666;10240;10228
3798;18978504000;18276444444;18776444444;10240;10228
3799;18978519000;18276444444;18776444444;10240;10228
3791;18979183000;18234788888;18734788888;10240;10228
3802;18979535000;18276444444;18776444444;10240;10228
3800;18979650000;18276444444;18776444444;10240;10228
3801;18979849000;18276444444;18776444444;10240;10228
3804;18982575000;18276444444;18776444444;10240;10228
3803;18982743000;18276444444;18776444444;10240;10228
3805;18982935000;18276488888;18776488888;10240;10228
3806;18991076000;18276800000;18776800000;10240;10228
3807;18999119000;18276800000;18776800000;10240;10228
3808;18999358000;18276800000;18776800000;10240;10228
3809;18999505000;18318122222;18818122222;10240;10228
3810;19018999000;18318122222;18818122222;10240;10228
3811;19019982000;18318122222;18818122222;10240;10228
3814;19019993000;18318122222;18818122222;10240;10228
3813;19020015000;18318122222;18818122222;10240;10228
3815;19020766000;18318122222;18818122222;10240;10228
3816;19020772000;18318133333;18818133333;10240;10228
3817;19023070000;18318422222;18818422222;10240;10228
3819;19039835000;18318422222;18818422222;10240;10228
3820;19040014000;18359766666;18859766666;10240;10228
3821;19040248000;18359766666;18859766666;10240;10228
3822;19040255000;18359766666;18859766666;10240;10228
3823;19060269000;18359766666;18859766666;10240;10228
3825;19060293000;18359766666;18859766666;10240;10228
3826;19060322000;18359766666;18859766666;10240;10228
3827;19060330000;18359788888;18859788888;10240;10228
3828;19060338000;18360166666;18860166666;10240;10228
3829;19060346000;18360166666;18860166666;10240;10228
3824;19060556000;18359766666;18859766666;10240;10228
3830;19061262000;18360166666;18860166666;10240;10228
3831;19061471000;18401455555;18901455555;10240;10228
3832;19065883000;18401455555;18901455555;10240;10228
3818;19065999000;18318422222;18818422222;10240;10228
3833;19066662000;18401455555;18901455555;10240;10228
3834;19080254000;18401455555;18901455555;10240;10228
3836;19080418000;18401455555;18901455555;10240;10228
3838;19100572000;18401466666;18901466666;10240;10228
3840;19100587000;18401733333;18901733333;10240;10228
3837;19100780000;18401455555;18901455555;10240;10228
3839;19100976000;18401733333;18901733333;10240;10228
3841;19100983000;18401733333;18901733333;10240;10228
3842;19101197000;18443122222;18943122222;10240;10228
3843;19101408000;18443122222;18943122222;10240;10228
3844;19101417000;18443122222;18943122222;10240;10228
3845;19101459000;18443122222;18943122222;10240;10228
3846;19101678000;18443122222;18943122222;10240;10228
3847;19106097000;18443122222;18943122222;10240;10228
3835;19106718000;18401455555;18901455555;10240;10228
3848;19107531000;18443122222;18943122222;10240;10228
3849;19120786000;18443133333;18943133333;10240;10228
3853;19140876000;18484788888;18984788888;10240;10228
3852;19141096000;18443444444;18943444444;10240;10228
3855;19141241000;18484788888;18984788888;10240;10228
3854;19141339000;18484788888;18984788888;10240;10228
3856;19141422000;18484788888;18984788888;10240;10228
3857;19141642000;18484788888;18984788888;10240;10228
3858;19141652000;18484788888;18984788888;10240;10228
3859;19141880000;18484788888;18984788888;10240;10228
3860;19142122000;18484800000;18984800000;10240;10228
3861;19146510000;18485077777;18985077777;10240;10228
3850;19147212000;18443444444;18943444444;10240;10228
3851;19147460000;18443444444;18943444444;10240;10228
3862;19148038000;18485077777;18985077777;10240;10228
3863;19148287000;18485077777;18985077777;10240;10228
3865;19181200000;18526444444;19026444444;10240;10228
3868;19181227000;18526444444;19026444444;10240;10228
3866;19181338000;18526444444;19026444444;10240;10228
3869;19181519000;18526444444;19026444444;10240;10228
3867;19181542000;18526444444;19026444444;10240;10228
3871;19181732000;18526455555;19026455555;10240;10228
3873;19182037000;18526811111;19026811111;10240;10228
3874;19182073000;18526811111;19026811111;10240;10228
3875;19186749000;18568111111;19068111111;10240;10228
3870;19188028000;18526444444;19026444444;10240;10228
3872;19188049000;18526811111;19026811111;10240;10228
3864;19188155000;18526444444;19026444444;10240;10228
3878;19188703000;18568111111;19068111111;10240;10228
3879;19188731000;18568111111;19068111111;10240;10228
3876;19188798000;18568111111;19068111111;10240;10228
3877;19188965000;18568111111;19068111111;10240;10228
3884;19221448000;18568433333;19068433333;10240;10228
3880;19221634000;18568111111;19068111111;10240;10228
3881;19221833000;18568111111;19068111111;10240;10228
3886;19221942000;18609788888;19109788888;10240;10228
3887;19221953000;18609788888;19109788888;10240;10228
3883;19222024000;18568433333;19068433333;10240;10228
3885;19222029000;18568433333;19068433333;10240;10228
3888;19222236000;18609788888;19109788888;10240;10228
3889;19222251000;18609788888;19109788888;10240;10228
3891;19227211000;18609788888;19109788888;10240;10228
3890;19228771000;18609788888;19109788888;10240;10228
3892;19228949000;18609788888;19109788888;10240;10228
3882;19229108000;18568122222;19068122222;10240;10228
3893;19229712000;18609800000;19109800000;10240;10228
3894;19229724000;18610055555;19110055555;10240;10228
3896;19261766000;18610055555;19110055555;10240;10228
3897;19261798000;18651444444;19151444444;10240;10228
3899;19261818000;18651444444;19151444444;10240;10228
3895;19261892000;18610055555;19110055555;10240;10228
3898;19262118000;18651444444;19151444444;10240;10228
3900;19262192000;18651444444;19151444444;10240;10228
3901;19262357000;18651444444;19151444444;10240;10228
3902;19262559000;18651444444;19151444444;10240;10228
3903;19262759000;18651444444;19151444444;10240;10228
3904;19262765000;18651455555;19151455555;10240;10228
3905;19267436000;18651733333;19151733333;10240;10228
3906;19267448000;18651733333;19151733333;10240;10228
3907;19269198000;18651733333;19151733333;10240;10228
3908;19270104000;18693111111;19193111111;10240;10228
3909;19270335000;18693111111;19193111111;10240;10228
3910;19275587000;18693111111;19193111111;10240;10228
3911;19275783000;18693111111;19193111111;10240;10228
3913;19302068000;18693111111;19193111111;10240;10228
3916;19302095000;18693455555;19193455555;10240;10228
3912;19302257000;18693111111;19193111111;10240;10228
3914;19302462000;18693111111;19193111111;10240;10228
3915;19302478000;18693122222;19193122222;10240;10228
3917;19302690000;18693455555;19193455555;10240;10228
3918;19302710000;18693455555;19193455555;10240;10228
3919;19302982000;18734788888;19234788888;10240;10228
3920;19303003000;18734788888;19234788888;10240;10228
3921;19307973000;18734788888;19234788888;10240;10228
3922;19308151000;18734788888;19234788888;10240;10228
3923;19309687000;18734788888;19234788888;10240;10228
3926;19314827000;18734800000;19234800000;10240;10228
3927;19314851000;18735100000;19235100000;10240;10228
3928;19315977000;18735100000;19235100000;10240;10228
3929;19315988000;18735100000;19235100000;10240;10228
3924;19316123000;18734788888;19234788888;10240;10228
3925;19316319000;18734788888;19234788888;10240;10228
3930;19342311000;18776455555;19276455555;10240;10228
3933;19342324000;18776455555;19276455555;10240;10228
3931;19342521000;18776455555;19276455555;10240;10228
3932;19342727000;18776455555;19276455555;10240;10228
3934;19342919000;18776455555;19276455555;10240;10228
3936;19342995000;18776455555;19276455555;10240;10228
3935;19343220000;18776455555;19276455555;10240;10228
3937;19343430000;18776466666;19276466666;10240;10228
3939;19348428000;18776722222;19276722222;10240;10228
3940;19348452000;18776722222;19276722222;10240;10228
3943;19355346000;18818122222;19318122222;10240;10228
3944;19355553000;18818122222;19318122222;10240;10228
3945;19355574000;18818122222;19318122222;10240;10228
3938;19356184000;18776722222;19276722222;10240;10228
3941;19356211000;18818122222;19318122222;10240;10228
3942;19357326000;18818122222;19318122222;10240;10228
3946;19357363000;18818122222;19318122222;10240;10228
3947;19357521000;18818122222;19318122222;10240;10228
3948;19357542000;18818133333;19318133333;10240;10228
3949;19357751000;18818466666;19318466666;10240;10228
3951;19382565000;18818466666;19318466666;10240;10228
3950;19382779000;18818466666;19318466666;10240;10228
3952;19382972000;18859788888;19359788888;10240;10228
3953;19383255000;18859788888;19359788888;10240;10228
3955;19383265000;18859788888;19359788888;10240;10228
3956;19383282000;18859788888;19359788888;10240;10228
3954;19383497000;18859788888;19359788888;10240;10228
3957;19383689000;18859788888;19359788888;10240;10228
3959;19388699000;18859800000;19359800000;10240;10228
3958;19388914000;18859788888;19359788888;10240;10228
3960;19389155000;18860077777;19360077777;10240;10228
3961;19389331000;18860077777;19360077777;10240;10228
3963;19395588000;18901433333;19401433333;10240;10228
3964;19395614000;18901433333;19401433333;10240;10228
3966;19395770000;18901433333;19401433333;10240;10228
3962;19395780000;18860077777;19360077777;10240;10228
3968;19397743000;18901433333;19401433333;10240;10228
3969;19397757000;18901433333;19401433333;10240;10228
3965;19398072000;18901433333;19401433333;10240;10228
3967;19398307000;18901433333;19401433333;10240;10228
3972;19422811000;18901844444;19401844444;10240;10228
3971;19423001000;18901844444;19401844444;10240;10228
3973;19423531000;18901844444;19401844444;10240;10228
3975;19423544000;18943122222;19443122222;10240;10228
3974;19423692000;18943122222;19443122222;10240;10228
3976;19423921000;18943122222;19443122222;10240;10228
3977;19424150000;18943122222;19443122222;10240;10228
3978;19429156000;18943122222;19443122222;10240;10228
3980;19429364000;18943122222;19443122222;10240;10228
3983;19436036000;18943444444;19443444444;10240;10228
3985;19436270000;18984788888;19484788888;10240;10228
3986;19436292000;18984788888;19484788888;10240;10228
3987;19436475000;18984788888;19484788888;10240;10228
3988;19437688000;18984788888;19484788888;10240;10228
3989;19437699000;18984788888;19484788888;10240;10228
3970;19438019000;18901455555;19401455555;10240;10228
3990;19438184000;18984788888;19484788888;10240;10228
3979;19438642000;18943122222;19443122222;10240;10228
3981;19438677000;18943133333;19443133333;10240;10228
3982;19438836000;18943444444;19443444444;10240;10228
3984;19438855000;18943444444;19443444444;10240;10228
3992;19463068000;18984800000;19484800000;10240;10228
3991;19463301000;18984788888;19484788888;10240;10228
3993;19463502000;18985066666;19485066666;10240;10228
3995;19463811000;18985066666;19485066666;10240;10228
3994;19463991000;18985066666;19485066666;10240;10228
3997;19464135000;19026455555;19526455555;10240;10228
3996;19464232000;19026455555;19526455555;10240;10228
3998;19464363000;19026455555;19526455555;10240;10228
3999;19469456000;19026455555;19526455555;10240;10228
4000;19469603000;19026455555;19526455555;10240;10228
4001;19469793000;19026455555;19526455555;10240;10228
4002;19476357000;19026455555;19526455555;10240;10228
4003;19476459000;19026466666;19526466666;10240;10228
4004;19476681000;19026733333;19526733333;10240;10228
4005;19476878000;19026733333;19526733333;10240;10228
4006;19477921000;19026733333;19526733333;10240;10228
4007;19477935000;19068100000;19568100000;10240;10228
4008;19477940000;19068100000;19568100000;10240;10228
4009;19478471000;19068100000;19568100000;10240;10228
4010;19479258000;19068100000;19568100000;10240;10228
4011;19484032000;19068100000;19568100000;10240;10228
4012;19503535000;19068100000;19568100000;10240;10228
4013;19503969000;19068100000;19568100000;10240;10228
4014;19504173000;19068122222;19568122222;10240;10228
4015;19504183000;19068511111;19568511111;10240;10228
4016;19504387000;19068511111;19568511111;10240;10228
4017;19504624000;19068511111;19568511111;10240;10228
4018;19509692000;19109788888;19609788888;10240;10228
4019;19509704000;19109788888;19609788888;10240;10228
4020;19509777000;19109788888;19609788888;10240;10228
4022;19516624000;19109788888;19609788888;10240;10228
4023;19516884000;19109788888;19609788888;10240;10228
4024;19517138000;19109788888;19609788888;10240;10228
4025;19517501000;19109800000;19609800000;10240;10228
4026;19518163000;19110077777;19610077777;10240;10228
4027;19518178000;19110077777;19610077777;10240;10228
4028;19518192000;19110077777;19610077777;10240;10228
4029;19518200000;19151433333;19651433333;10240;10228
4030;19518707000;19151433333;19651433333;10240;10228
4031;19523969000;19151433333;19651433333;10240;10228
4032;19543787000;19151433333;19651433333;10240;10228
4033;19543988000;19151433333;19651433333;10240;10228
4035;19544232000;19151433333;19651433333;10240;10228
4034;19544424000;19151433333;19651433333;10240;10228
4036;19544637000;19151455555;19651455555;10240;10228
4037;19544650000;19151822222;19651822222;10240;10228
4038;19544665000;19151822222;19651822222;10240;10228
4039;19545087000;19151822222;19651822222;10240;10228
4040;19549976000;19193100000;19693100000;10240;10228
4041;19549990000;19193100000;19693100000;10240;10228
4042;19556884000;19193100000;19693100000;10240;10228
4043;19556898000;19193100000;19693100000;10240;10228
4044;19557349000;19193100000;19693100000;10240;10228
4045;19557553000;19193100000;19693100000;10240;10228
4021;19557715000;19109788888;19609788888;10240;10228
4048;19558462000;19193533333;19693533333;10240;10228
4049;19558488000;19193533333;19693533333;10240;10228
4050;19558922000;19193533333;19693533333;10240;10228
4051;19584457000;19234766666;19734766666;10240;10228
4052;19584469000;19234766666;19734766666;10240;10228
4053;19584872000;19234766666;19734766666;10240;10228
4054;19585123000;19234766666;19734766666;10240;10228
4057;19585534000;19234766666;19734766666;10240;10228
4058;19597216000;19234788888;19734788888;10240;10228
4059;19597230000;19235155555;19735155555;10240;10228
4060;19597239000;19235155555;19735155555;10240;10228
4061;19597247000;19235155555;19735155555;10240;10228
4062;19597807000;19276433333;19776433333;10240;10228
4063;19598011000;19276433333;19776433333;10240;10228
4064;19598020000;19276433333;19776433333;10240;10228
4067;19598778000;19276433333;19776433333;10240;10228
4046;19599191000;19193100000;19693100000;10240;10228
4047;19599231000;19193122222;19693122222;10240;10228
4068;19624937000;19276433333;19776433333;10240;10228
4069;19625212000;19276455555;19776455555;10240;10228
4070;19626013000;19276777777;19776777777;10240;10228
4071;19626223000;19276777777;19776777777;10240;10228
4055;19637531000;19234766666;19734766666;10240;10228
4056;19637561000;19234766666;19734766666;10240;10228
4072;19638278000;19276777777;19776777777;10240;10228
4074;19638484000;19318100000;19818100000;10240;10228
4075;19638692000;19318100000;19818100000;10240;10228
4076;19639484000;19318100000;19818100000;10240;10228
4077;19665415000;19318100000;19818100000;10240;10228
4078;19665662000;19318100000;19818100000;10240;10228
4079;19666493000;19318100000;19818100000;10240;10228
4080;19666703000;19318122222;19818122222;10240;10228
4081;19677811000;19318511111;19818511111;10240;10228
4082;19677826000;19318511111;19818511111;10240;10228
4083;19678748000;19318511111;19818511111;10240;10228
4084;19678942000;19359766666;19859766666;10240;10228
4085;19679158000;19359766666;19859766666;10240;10228
4086;19679736000;19359766666;19859766666;10240;10228
4073;19705867000;19318100000;19818100000;10240;10228
4087;19706945000;19359766666;19859766666;10240;10228
4088;19718102000;19359766666;19859766666;10240;10228
4089;19718117000;19359766666;19859766666;10240;10228
4090;19718125000;19359766666;19859766666;10240;10228
4065;19718306000;19276433333;19776433333;10240;10228
4066;19718548000;19276433333;19776433333;10240;10228
4091;19719508000;19359777777;19859777777;10240;10228
4092;19719755000;19360144444;19860144444;10240;10228
4093;19719968000;19360144444;19860144444;10240;10228
4094;19746344000;19360144444;19860144444;10240;10228
4095;19746559000;19401433333;19901433333;10240;10228
4097;19758371000;19401433333;19901433333;10240;10228
4098;19758397000;19401433333;19901433333;10240;10228
4099;19758406000;19401433333;19901433333;10240;10228
4100;19758423000;19401433333;19901433333;10240;10228
4101;19758770000;19401433333;19901433333;10240;10228
4102;19758961000;19401444444;19901444444;10240;10228
4103;19759971000;19401800000;19901800000;10240;10228
4104;19760259000;19401800000;19901800000;10240;10228
4105;19760473000;19401800000;19901800000;10240;10228
4106;19786768000;19443155555;19943155555;10240;10228
4108;19798644000;19443155555;19943155555;10240;10228
4110;19798657000;19443155555;19943155555;10240;10228
4111;19798664000;19443155555;19943155555;10240;10228
4112;19798689000;19443155555;19943155555;10240;10228
4113;19798698000;19443166666;19943166666;10240;10228
4109;19798890000;19443155555;19943155555;10240;10228
4114;19799220000;19443466666;19943466666;10240;10228
4096;19800432000;19401433333;19901433333;10240;10228
4115;19800522000;19443466666;19943466666;10240;10228
4116;19827252000;19443466666;19943466666;10240;10228
4117;19838931000;19484788888;19984788888;10240;10228
4118;19838945000;19484788888;19984788888;10240;10228
4119;19838954000;19484788888;19984788888;10240;10228
4120;19838967000;19484788888;19984788888;10240;10228
4121;19838987000;19484788888;19984788888;10240;10228
4122;19838996000;19484788888;19984788888;10240;10228
4123;19839375000;19484788888;19984788888;10240;10228
4126;19840790000;19485088888;19985088888;10240;10228
4125;19840898000;19485088888;19985088888;10240;10228
4107;19867486000;19443155555;19943155555;10240;10228
4127;19879235000;19485088888;19985088888;10240;10228
4128;19879248000;19526455555;20026455555;10240;10228
4129;19879257000;19526455555;20026455555;10240;10228
4130;19879265000;19526455555;20026455555;10240;10228
4131;19879272000;19526455555;20026455555;10240;10228
4132;19879279000;19526455555;20026455555;10240;10228
4133;19879831000;19526455555;20026455555;10240;10228
4134;19880036000;19526455555;20026455555;10240;10228
4135;19881082000;19526466666;20026466666;10240;10228
4136;19881335000;19526755555;20026755555;10240;10228
4137;19907759000;19526755555;20026755555;10240;10228
4138;19919502000;19526755555;20026755555;10240;10228
4139;19919515000;19568122222;20068122222;10240;10228
4140;19919525000;19568122222;20068122222;10240;10228
4141;19919532000;19568122222;20068122222;10240;10228
4142;19919555000;19568122222;20068122222;10240;10228
4143;19919563000;19568122222;20068122222;10240;10228
4144;19919570000;19568122222;20068122222;10240;10228
4145;19920298000;19568122222;20068122222;10240;10228
4124;19920309000;19484800000;19984800000;10240;10228
4146;19920509000;19568133333;20068133333;10240;10228
4147;19921853000;19568444444;20068444444;10240;10228
4148;19922066000;19568444444;20068444444;10240;10228
4149;19948083000;19568444444;20068444444;10240;10228
4150;19959814000;19609788888;20109788888;10240;10228
4151;19959828000;19609788888;20109788888;10240;10228
4152;19959837000;19609788888;20109788888;10240;10228
4153;19959855000;19609788888;20109788888;10240;10228
4154;19959863000;19609788888;20109788888;10240;10228
4155;19959870000;19609788888;20109788888;10240;10228
4156;19959876000;19609788888;20109788888;10240;10228
4157;19959880000;19609800000;20109800000;10240;10228
4158;19959884000;19610066666;20110066666;10240;10228
4159;19960787000;19610066666;20110066666;10240;10228
4160;19960979000;19610066666;20110066666;10240;10228
4161;19962532000;19651455555;20151455555;10240;10228
4162;19962733000;19651455555;20151455555;10240;10228
4163;19962754000;19651455555;20151455555;10240;10228
4164;19988542000;19651455555;20151455555;10240;10228
4165;20000204000;19651455555;20151455555;10240;10228
4166;20000221000;19651455555;20151455555;10240;10228
4167;20000231000;19651455555;20151455555;10240;10228
4168;20000238000;19651466666;20151466666;10240;10228
4169;20000255000;19651766666;20151766666;10240;10228
4170;20000265000;19651766666;20151766666;10240;10228
4171;20000272000;19651766666;20151766666;10240;10228
4172;20000280000;19693111111;20193111111;10240;10228
4173;20000287000;19693111111;20193111111;10240;10228
4175;20001017000;19693111111;20193111111;10240;10228
4174;20001223000;19693111111;20193111111;10240;10228
4176;20001444000;19693111111;20193111111;10240;10228
4177;20003178000;19693111111;20193111111;10240;10228
4178;20003382000;19693111111;20193111111;10240;10228
4179;20003401000;19693133333;20193133333;10240;10228
4180;20028788000;19693477777;20193477777;10240;10228
4181;20029026000;19693477777;20193477777;10240;10228
4182;20040525000;19693477777;20193477777;10240;10228
4183;20040539000;19734788888;20234788888;10240;10228
4184;20040548000;19734788888;20234788888;10240;10228
4185;20040555000;19734788888;20234788888;10240;10228
4186;20040562000;19734788888;20234788888;10240;10228
4187;20040582000;19734788888;20234788888;10240;10228
4188;20040591000;19734788888;20234788888;10240;10228
4189;20040599000;19734788888;20234788888;10240;10228
4190;20040606000;19734800000;20234800000;10240;10228
4191;20040615000;19735088888;20235088888;10240;10228
4192;20040622000;19735088888;20235088888;10240;10228
4193;20041242000;19735088888;20235088888;10240;10228
4194;20041661000;19776455555;20276455555;10240;10228
4196;20043611000;19776455555;20276455555;10240;10228
4197;20043816000;19776455555;20276455555;10240;10228
4198;20044018000;19776455555;20276455555;10240;10228
4199;20044030000;19776455555;20276455555;10240;10228
4200;20069246000;19776455555;20276455555;10240;10228
4201;20069416000;19776466666;20276466666;10240;10228
4202;20080814000;19776733333;20276733333;10240;10228
4203;20080829000;19776733333;20276733333;10240;10228
4204;20080843000;19776733333;20276733333;10240;10228
4205;20080854000;19818122222;20318122222;10240;10228
4206;20080872000;19818122222;20318122222;10240;10228
4207;20080883000;19818122222;20318122222;10240;10228
4208;20080891000;19818122222;20318122222;10240;10228
4209;20080897000;19818122222;20318122222;10240;10228
4210;20080915000;19818122222;20318122222;10240;10228
4211;20080924000;19818122222;20318122222;10240;10228
4212;20080932000;19818133333;20318133333;10240;10228
4213;20080940000;19818455555;20318455555;10240;10228
4215;20084082000;19818455555;20318455555;10240;10228
4195;20084281000;19776455555;20276455555;10240;10228
4216;20084323000;19859788888;20359788888;10240;10228
4217;20084331000;19859788888;20359788888;10240;10228
4219;20109859000;19859788888;20359788888;10240;10228
4220;20121098000;19859788888;20359788888;10240;10228
4222;20121121000;19859788888;20359788888;10240;10228
4223;20121131000;19859800000;20359800000;10240;10228
4224;20121140000;19860111111;20360111111;10240;10228
4225;20121149000;19860111111;20360111111;10240;10228
4226;20121168000;19860111111;20360111111;10240;10228
4227;20121178000;19901555555;20401555555;10240;10228
4228;20121186000;19901555555;20401555555;10240;10228
4229;20121194000;19901555555;20401555555;10240;10228
4230;20121203000;19901555555;20401555555;10240;10228
4231;20121215000;19901555555;20401555555;10240;10228
4232;20121223000;19901555555;20401555555;10240;10228
4235;20124584000;19901844444;20401844444;10240;10228
4233;20124598000;19901555555;20401555555;10240;10228
4234;20124768000;19901566666;20401566666;10240;10228
4236;20124964000;19901844444;20401844444;10240;10228
4237;20150288000;19901844444;20401844444;10240;10228
4238;20161353000;19943122222;20443122222;10240;10228
4221;20161364000;19859788888;20359788888;10240;10228
4240;20161374000;19943122222;20443122222;10240;10228
4241;20164878000;19943122222;20443122222;10240;10228
4218;20164991000;19859788888;20359788888;10240;10228
4242;20165102000;19943122222;20443122222;10240;10228
4243;20165441000;19943122222;20443122222;10240;10228
4244;20165644000;19943122222;20443122222;10240;10228
4245;20190693000;19943133333;20443133333;10240;10228
4246;20201689000;19943466666;20443466666;10240;10228
4248;20205216000;19943466666;20443466666;10240;10228
4249;20205227000;19984788888;20484788888;10240;10228
4250;20205575000;19984788888;20484788888;10240;10228
4252;20206170000;19984788888;20484788888;10240;10228
4253;20206321000;19984788888;20484788888;10240;10228
4239;20241955000;19943122222;20443122222;10240;10228
4255;20246063000;19984788888;20484788888;10240;10228
4256;20246478000;19984800000;20484800000;10240;10228
4257;20246773000;19985077777;20485077777;10240;10228
4258;20282273000;19985077777;20485077777;10240;10228
4251;20286535000;19984788888;20484788888;10240;10228
4254;20287018000;19984788888;20484788888;10240;10228
4259;20287215000;19985077777;20485077777;10240;10228
4260;20287429000;20026455555;20526455555;10240;10228
4263;20327312000;20026455555;20526455555;10240;10228
4265;20327912000;20026455555;20526455555;10240;10228
4266;20367590000;20026455555;20526455555;10240;10228
4267;20367609000;20026466666;20526466666;10240;10228
4268;20368391000;20026744444;20526744444;10240;10228
4269;20407881000;20026744444;20526744444;10240;10228
4270;20407902000;20026744444;20526744444;10240;10228
4271;20408878000;20068122222;20568122222;10240;10228
4272;20448176000;20068122222;20568122222;10240;10228
4273;20448186000;20068122222;20568122222;10240;10228
4274;20448191000;20068122222;20568122222;10240;10228
4261;20449167000;20026455555;20526455555;10240;10228
4262;20449179000;20026455555;20526455555;10240;10228
4264;20449184000;20026455555;20526455555;10240;10228
4275;20449336000;20068122222;20568122222;10240;10228
4276;20449528000;20068122222;20568122222;10240;10228
4277;20449730000;20068122222;20568122222;10240;10228
4278;20489481000;20068133333;20568133333;10240;10228
4279;20489492000;20068488888;20568488888;10240;10228
4280;20489497000;20068488888;20568488888;10240;10228
4282;20489753000;20109788888;20609788888;10240;10228
4283;20489954000;20109788888;20609788888;10240;10228
4284;20490150000;20109788888;20609788888;10240;10228
4285;20529782000;20109788888;20609788888;10240;10228
4286;20529793000;20109788888;20609788888;10240;10228
4287;20529798000;20109788888;20609788888;10240;10228
4288;20529802000;20109788888;20609788888;10240;10228
4290;20530362000;20110088888;20610088888;10240;10228
4291;20530562000;20110088888;20610088888;10240;10228
4294;20570109000;20151455555;20651455555;10240;10228
4295;20570131000;20151455555;20651455555;10240;10228
4296;20570800000;20151455555;20651455555;10240;10228
4297;20570985000;20151455555;20651455555;10240;10228
4289;20607373000;20109800000;20609800000;10240;10228
4292;20607532000;20110088888;20610088888;10240;10228
4298;20610444000;20151455555;20651455555;10240;10228
4299;20610456000;20151455555;20651455555;10240;10228
4300;20610461000;20151466666;20651466666;10240;10228
4301;20611227000;20151755555;20651755555;10240;10228
4302;20611430000;20151755555;20651755555;10240;10228
4303;20647972000;20151755555;20651755555;10240;10228
4305;20648084000;20193122222;20693122222;10240;10228
4304;20648152000;20193122222;20693122222;10240;10228
4293;20648337000;20151455555;20651455555;10240;10228
4306;20650911000;20193122222;20693122222;10240;10228
4307;20651123000;20193122222;20693122222;10240;10228
4308;20651700000;20193122222;20693122222;10240;10228
4309;20688240000;20193122222;20693122222;10240;10228
4311;20688563000;20193133333;20693133333;10240;10228
4313;20688594000;20193444444;20693444444;10240;10228
4312;20688722000;20193444444;20693444444;10240;10228
4310;20689215000;20193122222;20693122222;10240;10228
4314;20691153000;20193444444;20693444444;10240;10228
4315;20691310000;20234788888;20734788888;10240;10228
4316;20692177000;20234788888;20734788888;10240;10228
4317;20728714000;20234788888;20734788888;10240;10228
4319;20728797000;20234788888;20734788888;10240;10228
4321;20728867000;20234788888;20734788888;10240;10228
4318;20728955000;20234788888;20734788888;10240;10228
4320;20729176000;20234788888;20734788888;10240;10228
4322;20731526000;20234800000;20734800000;10240;10228
4323;20732440000;20235088888;20735088888;10240;10228
4324;20732622000;20235088888;20735088888;10240;10228
4325;20768968000;20235088888;20735088888;10240;10228
4327;20769036000;20276455555;20776455555;10240;10228
4326;20769264000;20276455555;20776455555;10240;10228
4328;20769474000;20276455555;20776455555;10240;10228
4329;20770815000;20276455555;20776455555;10240;10228
4330;20771775000;20276455555;20776455555;10240;10228
4332;20772856000;20276455555;20776455555;10240;10228
4331;20772892000;20276455555;20776455555;10240;10228
4334;20809272000;20276722222;20776722222;10240;10228
4333;20809366000;20276466666;20776466666;10240;10228
4335;20809568000;20276722222;20776722222;10240;10228
4337;20811225000;20318122222;20818122222;10240;10228
4340;20813127000;20318122222;20818122222;10240;10228
4339;20813289000;20318122222;20818122222;10240;10228
4336;20816381000;20276722222;20776722222;10240;10228
4338;20816585000;20318122222;20818122222;10240;10228
4341;20849528000;20318122222;20818122222;10240;10228
4342;20849698000;20318122222;20818122222;10240;10228
4343;20849802000;20318122222;20818122222;10240;10228
4345;20851439000;20318433333;20818433333;10240;10228
4344;20851503000;20318133333;20818133333;10240;10228
4347;20853446000;20318433333;20818433333;10240;10228
4346;20853573000;20318433333;20818433333;10240;10228
4348;20856773000;20359788888;20859788888;10240;10228
4350;20889897000;20359788888;20859788888;10240;10228
4349;20890020000;20359788888;20859788888;10240;10228
4351;20890228000;20359788888;20859788888;10240;10228
4353;20891733000;20359788888;20859788888;10240;10228
4352;20891921000;20359788888;20859788888;10240;10228
4354;20893716000;20359788888;20859788888;10240;10228
4355;20893881000;20359800000;20859800000;10240;10228
4356;20897005000;20360088888;20860088888;10240;10228
4357;20930144000;20360088888;20860088888;10240;10228
4358;20930365000;20360088888;20860088888;10240;10228
4359;20930506000;20401455555;20901455555;10240;10228
4361;20932107000;20401455555;20901455555;10240;10228
4360;20932257000;20401455555;20901455555;10240;10228
4363;20934182000;20401455555;20901455555;10240;10228
4362;20934207000;20401455555;20901455555;10240;10228
4364;20937522000;20401455555;20901455555;10240;10228
4366;20970607000;20401466666;20901466666;10240;10228
4365;20970659000;20401455555;20901455555;10240;10228
4367;20970934000;20401744444;20901744444;10240;10228
4368;20972361000;20401744444;20901744444;10240;10228
4369;20972597000;20401744444;20901744444;10240;10228
4371;20974503000;20443122222;20943122222;10240;10228
4370;20974682000;20443122222;20943122222;10240;10228
4372;20977798000;20443122222;20943122222;10240;10228
4374;21011116000;20443122222;20943122222;10240;10228
4376;21012869000;20443122222;20943122222;10240;10228
4377;21012887000;20443133333;20943133333;10240;10228
4378;21014889000;20443444444;20943444444;10240;10228
4379;21015068000;20443444444;20943444444;10240;10228
4380;21018263000;20443444444;20943444444;10240;10228
4373;21024867000;20443122222;20943122222;10240;10228
4375;21025037000;20443122222;20943122222;10240;10228
4381;21051349000;20484788888;20984788888;10240;10228
4382;21051537000;20484788888;20984788888;10240;10228
4383;21053130000;20484788888;20984788888;10240;10228
4384;21053313000;20484788888;20984788888;10240;10228
4385;21053517000;20484788888;20984788888;10240;10228
4387;21055248000;20484788888;20984788888;10240;10228
4386;21055348000;20484788888;20984788888;10240;10228
4388;21058528000;20484800000;20984800000;10240;10228
4390;21091775000;20485088888;20985088888;10240;10228
4389;21091799000;20485088888;20985088888;10240;10228
4392;21093514000;20526455555;21026455555;10240;10228
4393;21093712000;20526455555;21026455555;10240;10228
4394;21095520000;20526455555;21026455555;10240;10228
4395;21095733000;20526455555;21026455555;10240;10228
4396;21099020000;20526455555;21026455555;10240;10228
4391;21106134000;20485088888;20985088888;10240;10228
4397;21132121000;20526455555;21026455555;10240;10228
4398;21132248000;20526455555;21026455555;10240;10228
4400;21133843000;20526766666;21026766666;10240;10228
4399;21133944000;20526466666;21026466666;10240;10228
4401;21134120000;20526766666;21026766666;10240;10228
4403;21135977000;20568122222;21068122222;10240;10228
4402;21136003000;20526766666;21026766666;10240;10228
4404;21139325000;20568122222;21068122222;10240;10228
4406;21172463000;20568122222;21068122222;10240;10228
4405;21172577000;20568122222;21068122222;10240;10228
4407;21174129000;20568122222;21068122222;10240;10228
4409;21174311000;20568122222;21068122222;10240;10228
4408;21174339000;20568122222;21068122222;10240;10228
4411;21176273000;20568433333;21068433333;10240;10228
4410;21176384000;20568133333;21068133333;10240;10228
4412;21179792000;20568433333;21068433333;10240;10228
4414;21212794000;20609788888;21109788888;10240;10228
4413;21212901000;20568433333;21068433333;10240;10228
4415;21214575000;20609788888;21109788888;10240;10228
4417;21214585000;20609788888;21109788888;10240;10228
4416;21214743000;20609788888;21109788888;10240;10228
4418;21216574000;20609788888;21109788888;10240;10228
4419;21216736000;20609788888;21109788888;10240;10228
4420;21220073000;20609788888;21109788888;10240;10228
4421;21253088000;20609800000;21109800000;10240;10228
4422;21253242000;20610077777;21110077777;10240;10228
4423;21254796000;20610077777;21110077777;10240;10228
4425;21254807000;20651455555;21151455555;10240;10228
4424;21254976000;20610077777;21110077777;10240;10228
4427;21256988000;20651455555;21151455555;10240;10228
4428;21274170000;20651455555;21151455555;10240;10228
4430;21293480000;20651455555;21151455555;10240;10228
4429;21293554000;20651455555;21151455555;10240;10228
4432;21295088000;20651466666;21151466666;10240;10228
4431;21295270000;20651455555;21151455555;10240;10228
4433;21295472000;20651777777;21151777777;10240;10228
4434;21297266000;20651777777;21151777777;10240;10228
4435;21297450000;20651777777;21151777777;10240;10228
4436;21314401000;20693111111;21193111111;10240;10228
4438;21333793000;20693111111;21193111111;10240;10228
4437;21333955000;20693111111;21193111111;10240;10228
4439;21335318000;20693111111;21193111111;10240;10228
4440;21335489000;20693111111;21193111111;10240;10228
4441;21335666000;20693111111;21193111111;10240;10228
4443;21337655000;20693122222;21193122222;10240;10228
4444;21354856000;20693444444;21193444444;10240;10228
4442;21355618000;20693111111;21193111111;10240;10228
4446;21374149000;20693444444;21193444444;10240;10228
4445;21374302000;20693444444;21193444444;10240;10228
4448;21375697000;20734822222;21234822222;10240;10228
4447;21375733000;20734822222;21234822222;10240;10228
4449;21376162000;20734822222;21234822222;10240;10228
4450;21377971000;20734822222;21234822222;10240;10228
4451;21378141000;20734822222;21234822222;10240;10228
4452;21395125000;20734822222;21234822222;10240;10228
4454;21414568000;20734833333;21234833333;10240;10228
4456;21416012000;20735122222;21235122222;10240;10228
4455;21416172000;20735122222;21235122222;10240;10228
4457;21416329000;20735122222;21235122222;10240;10228
4459;21418350000;20776455555;21276455555;10240;10228
4458;21418427000;20776455555;21276455555;10240;10228
4460;21435614000;20776455555;21276455555;10240;10228
4453;21437291000;20734822222;21234822222;10240;10228
4461;21454812000;20776455555;21276455555;10240;10228
4462;21454978000;20776455555;21276455555;10240;10228
4463;21456305000;20776455555;21276455555;10240;10228
4465;21456684000;20776466666;21276466666;10240;10228
4467;21458649000;20776733333;21276733333;10240;10228
4466;21458808000;20776733333;21276733333;10240;10228
4468;21475857000;20776733333;21276733333;10240;10228
4464;21482961000;20776455555;21276455555;10240;10228
4470;21495243000;20818122222;21318122222;10240;10228
4469;21495266000;20818122222;21318122222;10240;10228
4471;21496759000;20818122222;21318122222;10240;10228
4472;21496921000;20818122222;21318122222;10240;10228
4473;21496933000;20818122222;21318122222;10240;10228
4475;21498958000;20818122222;21318122222;10240;10228
4474;21523677000;20818122222;21318122222;10240;10228
4476;21523713000;20818133333;21318133333;10240;10228
4477;21535591000;20818444444;21318444444;10240;10228
4478;21535725000;20818444444;21318444444;10240;10228
4479;21537057000;20818444444;21318444444;10240;10228
4480;21537351000;20859755555;21359755555;10240;10228
4481;21537553000;20859755555;21359755555;10240;10228
4483;21539277000;20859755555;21359755555;10240;10228
4482;21539431000;20859755555;21359755555;10240;10228
4484;21563953000;20859755555;21359755555;10240;10228
4486;21576001000;20859755555;21359755555;10240;10228
4485;21576098000;20859755555;21359755555;10240;10228
4487;21577484000;20859777777;21359777777;10240;10228
4488;21577590000;20860133333;21360133333;10240;10228
4489;21577729000;20860133333;21360133333;10240;10228
4490;21579573000;20860133333;21360133333;10240;10228
4491;21579753000;20901444444;21401444444;10240;10228
4492;21604479000;20901444444;21401444444;10240;10228
4493;21616369000;20901444444;21401444444;10240;10228
4494;21616535000;20901444444;21401444444;10240;10228
4495;21617766000;20901444444;21401444444;10240;10228
4496;21618001000;20901444444;21401444444;10240;10228
4497;21618207000;20901444444;21401444444;10240;10228
4498;21619949000;20901466666;21401466666;10240;10228
4499;21619978000;20901733333;21401733333;10240;10228
4500;21644728000;20901733333;21401733333;10240;10228
4502;21656777000;20943122222;21443122222;10240;10228
4501;21656911000;20901733333;21401733333;10240;10228
4504;21658215000;20943122222;21443122222;10240;10228
4503;21658248000;20943122222;21443122222;10240;10228
4505;21658398000;20943122222;21443122222;10240;10228
4506;21660172000;20943122222;21443122222;10240;10228
4507;21660427000;20943122222;21443122222;10240;10228
4508;21685244000;20943122222;21443122222;10240;10228
4509;21697122000;20943133333;21443133333;10240;10228
4510;21697289000;20943455555;21443455555;10240;10228
4512;21698560000;20943455555;21443455555;10240;10228
4513;21698825000;20984788888;21484788888;10240;10228
4514;21700676000;20984788888;21484788888;10240;10228
4515;21700715000;20984788888;21484788888;10240;10228
4511;21732427000;20943455555;21443455555;10240;10228
4516;21732960000;20984788888;21484788888;10240;10228
4518;21737619000;20984788888;21484788888;10240;10228
4517;21737642000;20984788888;21484788888;10240;10228
4519;21738883000;20984788888;21484788888;10240;10228
4520;21738989000;20984800000;21484800000;10240;10228
4521;21739180000;20985055555;21485055555;10240;10228
4522;21740984000;20985055555;21485055555;10240;10228
4523;21741195000;20985055555;21485055555;10240;10228
4524;21773142000;21026455555;21526455555;10240;10228
4526;21777902000;21026455555;21526455555;10240;10228
4525;21778110000;21026455555;21526455555;10240;10228
4527;21778290000;21026455555;21526455555;10240;10228
4529;21779263000;21026455555;21526455555;10240;10228
4528;21779388000;21026455555;21526455555;10240;10228
4530;21779624000;21026455555;21526455555;10240;10228
4531;21781387000;21026466666;21526466666;10240;10228
4532;21781490000;21026722222;21526722222;10240;10228
4533;21813399000;21026722222;21526722222;10240;10228
4535;21818407000;21068122222;21568122222;10240;10228
4537;21818553000;21068122222;21568122222;10240;10228
4536;21818575000;21068122222;21568122222;10240;10228
4539;21819610000;21068122222;21568122222;10240;10228
4538;21819737000;21068122222;21568122222;10240;10228
4540;21819868000;21068122222;21568122222;10240;10228
4541;21821702000;21068122222;21568122222;10240;10228
4543;21853906000;21068422222;21568422222;10240;10228
4534;21854609000;21026722222;21526722222;10240;10228
4542;21854643000;21068133333;21568133333;10240;10228
4544;21855465000;21068422222;21568422222;10240;10228
4545;21855475000;21068422222;21568422222;10240;10228
4546;21858864000;21109788888;21609788888;10240;10228
4547;21859108000;21109788888;21609788888;10240;10228
4549;21859946000;21109788888;21609788888;10240;10228
4548;21860141000;21109788888;21609788888;10240;10228
4550;21860300000;21109788888;21609788888;10240;10228
4551;21860517000;21109788888;21609788888;10240;10228
4552;21862187000;21109788888;21609788888;10240;10228
4554;21894215000;21110066666;21610066666;10240;10228
4553;21895803000;21109800000;21609800000;10240;10228
4555;21896218000;21110066666;21610066666;10240;10228
4556;21896229000;21110066666;21610066666;10240;10228
4557;21896419000;21151455555;21651455555;10240;10228
4558;21899333000;21151455555;21651455555;10240;10228
4559;21900230000;21151455555;21651455555;10240;10228
4560;21900475000;21151455555;21651455555;10240;10228
4561;21900568000;21151455555;21651455555;10240;10228
4562;21900786000;21151455555;21651455555;10240;10228
4563;21902494000;21151455555;21651455555;10240;10228
4566;21936675000;21151744444;21651744444;10240;10228
4567;21936878000;21151744444;21651744444;10240;10228
4568;21936899000;21193122222;21693122222;10240;10228
4569;21937082000;21193122222;21693122222;10240;10228
4570;21939808000;21193122222;21693122222;10240;10228
4571;21940536000;21193122222;21693122222;10240;10228
4573;21940797000;21193122222;21693122222;10240;10228
4574;21940807000;21193122222;21693122222;10240;10228
4572;21940934000;21193122222;21693122222;10240;10228
4575;21940941000;21193133333;21693133333;10240;10228
4564;21941175000;21151466666;21651466666;10240;10228
4565;21941216000;21151744444;21651744444;10240;10228
4576;21942018000;21193433333;21693433333;10240;10228
4577;21942239000;21193433333;21693433333;10240;10228
4578;21942250000;21193433333;21693433333;10240;10228
4579;21942966000;21234788888;21734788888;10240;10228
4580;21977109000;21234788888;21734788888;10240;10228
4584;21980990000;21234788888;21734788888;10240;10228
4585;21981013000;21234788888;21734788888;10240;10228
4586;21981242000;21234811111;21734811111;10240;10228
4587;21981443000;21235100000;21735100000;10240;10228
4588;21981454000;21235100000;21735100000;10240;10228
4581;21982383000;21234788888;21734788888;10240;10228
4582;21982408000;21234788888;21734788888;10240;10228
4583;21982543000;21234788888;21734788888;10240;10228
4589;21982750000;21235100000;21735100000;10240;10228
4590;21982948000;21276455555;21776455555;10240;10228
4592;21983184000;21276455555;21776455555;10240;10228
4591;21983212000;21276455555;21776455555;10240;10228
4593;22017606000;21276455555;21776455555;10240;10228
4594;22021276000;21276455555;21776455555;10240;10228
4599;22021447000;21276700000;21776700000;10240;10228
4595;22021484000;21276455555;21776455555;10240;10228
4600;22021635000;21276700000;21776700000;10240;10228
4596;22021656000;21276455555;21776455555;10240;10228
4597;22021679000;21276466666;21776466666;10240;10228
4601;22021847000;21318122222;21818122222;10240;10228
4598;22021860000;21276700000;21776700000;10240;10228
4602;22023559000;21318122222;21818122222;10240;10228
4603;22023748000;21318122222;21818122222;10240;10228
4604;22023766000;21318122222;21818122222;10240;10228
4605;22023946000;21318122222;21818122222;10240;10228
4606;22057851000;21318122222;21818122222;10240;10228
4609;22061723000;21318433333;21818433333;10240;10228
4611;22061759000;21318433333;21818433333;10240;10228
4612;22061775000;21359788888;21859788888;10240;10228
4607;22061793000;21318122222;21818122222;10240;10228
4608;22061959000;21318133333;21818133333;10240;10228
4613;22062175000;21359788888;21859788888;10240;10228
4614;22062383000;21359788888;21859788888;10240;10228
4610;22064116000;21318433333;21818433333;10240;10228
4618;22064142000;21359788888;21859788888;10240;10228
4615;22064346000;21359788888;21859788888;10240;10228
4616;22064521000;21359788888;21859788888;10240;10228
4617;22064557000;21359788888;21859788888;10240;10228
4619;22098256000;21359800000;21859800000;10240;10228
4620;22102000000;21360066666;21860066666;10240;10228
4622;22102020000;21360066666;21860066666;10240;10228
4621;22102256000;21360066666;21860066666;10240;10228
4626;22102462000;21401455555;21901455555;10240;10228
4623;22102488000;21401455555;21901455555;10240;10228
4624;22102511000;21401455555;21901455555;10240;10228
4627;22102629000;21401455555;21901455555;10240;10228
4625;22102650000;21401455555;21901455555;10240;10228
4629;22105029000;21401455555;21901455555;10240;10228
4630;22105053000;21401466666;21901466666;10240;10228
4631;22105275000;21401744444;21901744444;10240;10228
4635;22142477000;21443100000;21943100000;10240;10228
4633;22142492000;21401744444;21901744444;10240;10228
4634;22142689000;21443100000;21943100000;10240;10228
4636;22142895000;21443100000;21943100000;10240;10228
4638;22142920000;21443100000;21943100000;10240;10228
4639;22142931000;21443100000;21943100000;10240;10228
4637;22142938000;21443100000;21943100000;10240;10228
4641;22145422000;21443111111;21943111111;10240;10228
4642;22145633000;21443533333;21943533333;10240;10228
4643;22145835000;21443533333;21943533333;10240;10228
4644;22145854000;21443533333;21943533333;10240;10228
4632;22150312000;21401744444;21901744444;10240;10228
4645;22150923000;21484788888;21984788888;10240;10228
4646;22151099000;21484788888;21984788888;10240;10228
4647;22151339000;21484788888;21984788888;10240;10228
4648;22182941000;21484788888;21984788888;10240;10228
4649;22183165000;21484788888;21984788888;10240;10228
4651;22183386000;21484788888;21984788888;10240;10228
4652;22183600000;21484800000;21984800000;10240;10228
4653;22185685000;21485077777;21985077777;10240;10228
4654;22185701000;21485077777;21985077777;10240;10228
4655;22185828000;21485077777;21985077777;10240;10228
4656;22186066000;21526455555;22026455555;10240;10228
4657;22186076000;21526455555;22026455555;10240;10228
4650;22190890000;21484788888;21984788888;10240;10228
4658;22191518000;21526455555;22026455555;10240;10228
4659;22191721000;21526455555;22026455555;10240;10228
4660;22191740000;21526455555;22026455555;10240;10228
4661;22223157000;21526455555;22026455555;10240;10228
4662;22223397000;21526455555;22026455555;10240;10228
4663;22223562000;21526466666;22026466666;10240;10228
4664;22223648000;21526733333;22026733333;10240;10228
4665;22223797000;21526733333;22026733333;10240;10228
4666;22226181000;21526733333;22026733333;10240;10228
4667;22226388000;21568122222;22068122222;10240;10228
4668;22226597000;21568122222;22068122222;10240;10228
4669;22226799000;21568122222;22068122222;10240;10228
4670;22231747000;21568122222;22068122222;10240;10228
4671;22232506000;21568122222;22068122222;10240;10228
4672;22232708000;21568122222;22068122222;10240;10228
4673;22232728000;21568122222;22068122222;10240;10228
4674;22263615000;21568133333;22068133333;10240;10228
4675;22263848000;21568411111;22068411111;10240;10228
4676;22264051000;21568411111;22068411111;10240;10228
4677;22264261000;21568411111;22068411111;10240;10228
4678;22264271000;21609788888;22109788888;10240;10228
4679;22266459000;21609788888;22109788888;10240;10228
4680;22266630000;21609788888;22109788888;10240;10228
4681;22266796000;21609788888;22109788888;10240;10228
4682;22266997000;21609788888;22109788888;10240;10228
4683;22271985000;21609788888;22109788888;10240;10228
4685;22273369000;21609800000;22109800000;10240;10228
4686;22273552000;21610055555;22110055555;10240;10228
4687;22304040000;21610055555;22110055555;10240;10228
4688;22304074000;21610055555;22110055555;10240;10228
4689;22304470000;21651455555;22151455555;10240;10228
4690;22304486000;21651455555;22151455555;10240;10228
4691;22304496000;21651455555;22151455555;10240;10228
4692;22306936000;21651455555;22151455555;10240;10228
4693;22307314000;21651455555;22151455555;10240;10228
4694;22307516000;21651455555;22151455555;10240;10228
4695;22307725000;21651455555;22151455555;10240;10228
4684;22313231000;21609788888;22109788888;10240;10228
4696;22313313000;21651466666;22151466666;10240;10228
4697;22314075000;21651733333;22151733333;10240;10228
4698;22314278000;21651733333;22151733333;10240;10228
4699;22314290000;21651733333;22151733333;10240;10228
4700;22344507000;21693122222;22193122222;10240;10228
4701;22344711000;21693122222;22193122222;10240;10228
4702;22344913000;21693122222;22193122222;10240;10228
4703;22345129000;21693122222;22193122222;10240;10228
4704;22345142000;21693122222;22193122222;10240;10228
4705;22347157000;21693122222;22193122222;10240;10228
4708;22348024000;21693466666;22193466666;10240;10228
4709;22353620000;21693466666;22193466666;10240;10228
4706;22354501000;21693122222;22193122222;10240;10228
4707;22354522000;21693133333;22193133333;10240;10228
4710;22354901000;21693466666;22193466666;10240;10228
4711;22355077000;21734788888;22234788888;10240;10228
4712;22355089000;21734788888;22234788888;10240;10228
4713;22384744000;21734788888;22234788888;10240;10228
4714;22384904000;21734788888;22234788888;10240;10228
4715;22385151000;21734788888;22234788888;10240;10228
4717;22385416000;21734788888;22234788888;10240;10228
4718;22387791000;21734811111;22234811111;10240;10228
4719;22388738000;21735077777;22235077777;10240;10228
4720;22388932000;21735077777;22235077777;10240;10228
4721;22389174000;21735077777;22235077777;10240;10228
4722;22394322000;21776455555;22276455555;10240;10228
4723;22395384000;21776455555;22276455555;10240;10228
4724;22395594000;21776455555;22276455555;10240;10228
4725;22399978000;21776455555;22276455555;10240;10228
4716;22400496000;21734788888;22234788888;10240;10228
4726;22400713000;21776455555;22276455555;10240;10228
4727;22400895000;21776455555;22276455555;10240;10228
4728;22400906000;21776455555;22276455555;10240;10228
4729;22425176000;21776466666;22276466666;10240;10228
4730;22425385000;21776722222;22276722222;10240;10228
4731;22425630000;21776722222;22276722222;10240;10228
4733;22425845000;21818177777;22318177777;10240;10228
4734;22429457000;21818177777;22318177777;10240;10228
4735;22434621000;21818177777;22318177777;10240;10228
4736;22435707000;21818177777;22318177777;10240;10228
4738;22440274000;21818177777;22318177777;10240;10228
4732;22440757000;21776722222;22276722222;10240;10228
4737;22441185000;21818177777;22318177777;10240;10228
4740;22441374000;21818200000;22318200000;10240;10228
4741;22441395000;21818511111;22318511111;10240;10228
4742;22465546000;21818511111;22318511111;10240;10228
4743;22465805000;21818511111;22318511111;10240;10228
4744;22465819000;21859822222;22359822222;10240;10228
4745;22466153000;21859822222;22359822222;10240;10228
4746;22466172000;21859822222;22359822222;10240;10228
4747;22469937000;21859822222;22359822222;10240;10228
4748;22475148000;21859822222;22359822222;10240;10228
4749;22476201000;21859822222;22359822222;10240;10228
4750;22481224000;21859822222;22359822222;10240;10228
4751;22481432000;21859855555;22359855555;10240;10228
4739;22481478000;21818177777;22318177777;10240;10228
4752;22482156000;21860200000;22360200000;10240;10228
4753;22482354000;21860200000;22360200000;10240;10228
4754;22482374000;21860200000;22360200000;10240;10228
4755;22506062000;21901455555;22401455555;10240;10228
4756;22506265000;21901455555;22401455555;10240;10228
4757;22506479000;21901455555;22401455555;10240;10228
4758;22506675000;21901455555;22401455555;10240;10228
4759;22506696000;21901455555;22401455555;10240;10228
4760;22510314000;21901455555;22401455555;10240;10228
4761;22515489000;21901455555;22401455555;10240;10228
4762;22516528000;21901466666;22401466666;10240;10228
4764;22521760000;21901755555;22401755555;10240;10228
4763;22523018000;21901755555;22401755555;10240;10228
4765;22523225000;21901755555;22401755555;10240;10228
4766;22523434000;21943088888;22443088888;10240;10228
4769;22546628000;21943088888;22443088888;10240;10228
4770;22546781000;21943088888;22443088888;10240;10228
4771;22546937000;21943088888;22443088888;10240;10228
4772;22546949000;21943088888;22443088888;10240;10228
4774;22556171000;21943444444;22443444444;10240;10228
4775;22557205000;21943444444;22443444444;10240;10228
4776;22562424000;21943444444;22443444444;10240;10228
4777;22562638000;21984766666;22484766666;10240;10228
4767;22563200000;21943088888;22443088888;10240;10228
4773;22563213000;21943111111;22443111111;10240;10228
4768;22563381000;21943088888;22443088888;10240;10228
4778;22563994000;21984766666;22484766666;10240;10228
4779;22564006000;21984766666;22484766666;10240;10228
4780;22564202000;21984766666;22484766666;10240;10228
4781;22587092000;21984766666;22484766666;10240;10228
4782;22587285000;21984766666;22484766666;10240;10228
4783;22587492000;21984766666;22484766666;10240;10228
4784;22587511000;21984788888;22484788888;10240;10228
4785;22587744000;21985177777;22485177777;10240;10228
4787;22596486000;21985177777;22485177777;10240;10228
4788;22597542000;22026433333;22526433333;10240;10228
4789;22602760000;22026433333;22526433333;10240;10228
4790;22602915000;22026433333;22526433333;10240;10228
4791;22604436000;22026433333;22526433333;10240;10228
4792;22604641000;22026433333;22526433333;10240;10228
4793;22604662000;22026433333;22526433333;10240;10228
4786;22609231000;21985177777;22485177777;10240;10228
4794;22609849000;22026433333;22526433333;10240;10228
4795;22609859000;22026455555;22526455555;10240;10228
4797;22627799000;22026811111;22526811111;10240;10228
4798;22627961000;22026811111;22526811111;10240;10228
4799;22636962000;22068100000;22568100000;10240;10228
4800;22637169000;22068100000;22568100000;10240;10228
4801;22638008000;22068100000;22568100000;10240;10228
4804;22644805000;22068100000;22568100000;10240;10228
4805;22644844000;22068100000;22568100000;10240;10228
4806;22644851000;22068111111;22568111111;10240;10228
4796;22649857000;22026811111;22526811111;10240;10228
4802;22649888000;22068100000;22568100000;10240;10228
4803;22649906000;22068100000;22568100000;10240;10228
4807;22650500000;22068522222;22568522222;10240;10228
4808;22650681000;22068522222;22568522222;10240;10228
4809;22650880000;22068522222;22568522222;10240;10228
4810;22668270000;22109755555;22609755555;10240;10228
4811;22668480000;22109755555;22609755555;10240;10228
4814;22678339000;22109755555;22609755555;10240;10228
4815;22685200000;22109755555;22609755555;10240;10228
4816;22685393000;22109755555;22609755555;10240;10228
4818;22685582000;22110066666;22610066666;10240;10228
4819;22685603000;22110066666;22610066666;10240;10228
4812;22690900000;22109755555;22609755555;10240;10228
4813;22691084000;22109755555;22609755555;10240;10228
4817;22691339000;22109777777;22609777777;10240;10228
4820;22691518000;22110066666;22610066666;10240;10228
4821;22691719000;22151433333;22651433333;10240;10228
4822;22691731000;22151433333;22651433333;10240;10228
4823;22708588000;22151433333;22651433333;10240;10228
4824;22708769000;22151433333;22651433333;10240;10228
4825;22718853000;22151433333;22651433333;10240;10228
4826;22719038000;22151433333;22651433333;10240;10228
4827;22719057000;22151433333;22651433333;10240;10228
4828;22725665000;22151455555;22651455555;10240;10228
4829;22725686000;22151844444;22651844444;10240;10228
4831;22725945000;22151844444;22651844444;10240;10228
4832;22725969000;22193111111;22693111111;10240;10228
4830;22726066000;22151844444;22651844444;10240;10228
4833;22732380000;22193111111;22693111111;10240;10228
4834;22732550000;22193111111;22693111111;10240;10228
4835;22732562000;22193111111;22693111111;10240;10228
4836;22749059000;22193111111;22693111111;10240;10228
4837;22749261000;22193111111;22693111111;10240;10228
4838;22759121000;22193111111;22693111111;10240;10228
4839;22759343000;22193122222;22693122222;10240;10228
4840;22759363000;22193444444;22693444444;10240;10228
4841;22765985000;22193444444;22693444444;10240;10228
4844;22766237000;22234788888;22734788888;10240;10228
4843;22766434000;22234788888;22734788888;10240;10228
4845;22766631000;22234788888;22734788888;10240;10228
4842;22772391000;22193444444;22693444444;10240;10228
4846;22773184000;22234788888;22734788888;10240;10228
4847;22773369000;22234788888;22734788888;10240;10228
4848;22773381000;22234788888;22734788888;10240;10228
4850;22789590000;22234800000;22734800000;10240;10228
4851;22799674000;22235088888;22735088888;10240;10228
4852;22799878000;22235088888;22735088888;10240;10228
4856;22806530000;22276433333;22776433333;10240;10228
4857;22806551000;22276433333;22776433333;10240;10228
4858;22806918000;22276433333;22776433333;10240;10228
4853;22813228000;22235088888;22735088888;10240;10228
4859;22813917000;22276433333;22776433333;10240;10228
4860;22813929000;22276433333;22776433333;10240;10228
4861;22814131000;22276455555;22776455555;10240;10228
4862;22830050000;22276811111;22776811111;10240;10228
4863;22830248000;22276811111;22776811111;10240;10228
4864;22839972000;22276811111;22776811111;10240;10228
4865;22840078000;22318088888;22818088888;10240;10228
4867;22847005000;22318088888;22818088888;10240;10228
4870;22847214000;22318088888;22818088888;10240;10228
4871;22847418000;22318088888;22818088888;10240;10228
4872;22854358000;22318111111;22818111111;10240;10228
4873;22854587000;22318422222;22818422222;10240;10228
4874;22854773000;22318422222;22818422222;10240;10228
4866;22859477000;22318088888;22818088888;10240;10228
4868;22859660000;22318088888;22818088888;10240;10228
4869;22859840000;22318088888;22818088888;10240;10228
4875;22859851000;22318422222;22818422222;10240;10228
4876;22859990000;22359766666;22859766666;10240;10228
4877;22860273000;22359766666;22859766666;10240;10228
4878;22880585000;22359766666;22859766666;10240;10228
4879;22880601000;22359766666;22859766666;10240;10228
4881;22887451000;22359766666;22859766666;10240;10228
4880;22887481000;22359766666;22859766666;10240;10228
4884;22887628000;22360166666;22860166666;10240;10228
4882;22887679000;22359766666;22859766666;10240;10228
4883;22887900000;22359777777;22859777777;10240;10228
4885;22894593000;22360166666;22860166666;10240;10228
4886;22894794000;22360166666;22860166666;10240;10228
4887;22894976000;22401433333;22901433333;10240;10228
4888;22900698000;22401433333;22901433333;10240;10228
4890;22900888000;22401433333;22901433333;10240;10228
4892;22920950000;22401433333;22901433333;10240;10228
4893;22927723000;22401433333;22901433333;10240;10228
4894;22927864000;22401455555;22901455555;10240;10228
4896;22927875000;22401822222;22901822222;10240;10228
4897;22927883000;22401822222;22901822222;10240;10228
4895;22928083000;22401822222;22901822222;10240;10228
4898;22935128000;22443111111;22943111111;10240;10228
4899;22935337000;22443111111;22943111111;10240;10228
4900;22935525000;22443111111;22943111111;10240;10228
4889;22940654000;22401433333;22901433333;10240;10228
4891;22940854000;22401433333;22901433333;10240;10228
4901;22941448000;22443111111;22943111111;10240;10228
4902;22941460000;22443111111;22943111111;10240;10228
4904;22961529000;22443111111;22943111111;10240;10228
4905;22961542000;22443122222;22943122222;10240;10228
4906;22968261000;22443455555;22943455555;10240;10228
4907;22968471000;22443455555;22943455555;10240;10228
4908;22968486000;22443455555;22943455555;10240;10228
4909;22975586000;22484788888;22984788888;10240;10228
4910;22975780000;22484788888;22984788888;10240;10228
4903;22981514000;22443111111;22943111111;10240;10228
4911;22982026000;22484788888;22984788888;10240;10228
4912;22982234000;22484788888;22984788888;10240;10228
4913;22982245000;22484788888;22984788888;10240;10228
4914;22982430000;22484788888;22984788888;10240;10228
4915;22982593000;22484788888;22984788888;10240;10228
4916;22982623000;22484800000;22984800000;10240;10228
4917;23008739000;22485100000;22985100000;10240;10228
4918;23008754000;22485100000;22985100000;10240;10228
4920;23016225000;22526455555;23026455555;10240;10228
4919;23022341000;22485100000;22985100000;10240;10228
4921;23022735000;22526455555;23026455555;10240;10228
4927;23022850000;22526466666;23026466666;10240;10228
4928;23022873000;22526811111;23026811111;10240;10228
4929;23022882000;22526811111;23026811111;10240;10228
4930;23022899000;22526811111;23026811111;10240;10228
4931;23022906000;22568111111;23068111111;10240;10228
4922;23022919000;22526455555;23026455555;10240;10228
4924;23023146000;22526455555;23026455555;10240;10228
4925;23023162000;22526455555;23026455555;10240;10228
4926;23023363000;22526455555;23026455555;10240;10228
4932;23049222000;22568111111;23068111111;10240;10228
4933;23049455000;22568111111;23068111111;10240;10228
4935;23056647000;22568111111;23068111111;10240;10228
4923;23063229000;22526455555;23026455555;10240;10228
4937;23063273000;22568111111;23068111111;10240;10228
4940;23063285000;22568433333;23068433333;10240;10228
4941;23063293000;22568433333;23068433333;10240;10228
4942;23063313000;22609777777;23109777777;10240;10228
4934;23063795000;22568111111;23068111111;10240;10228
4936;23064206000;22568111111;23068111111;10240;10228
4939;23064221000;22568433333;23068433333;10240;10228
4943;23064404000;22609777777;23109777777;10240;10228
4944;23064417000;22609777777;23109777777;10240;10228
4946;23064616000;22609777777;23109777777;10240;10228
4947;23089368000;22609777777;23109777777;10240;10228
4948;23089696000;22609777777;23109777777;10240;10228
4949;23097036000;22609788888;23109788888;10240;10228
4950;23097266000;22610077777;23110077777;10240;10228
4951;23097511000;22610077777;23110077777;10240;10228
4952;23103530000;22610077777;23110077777;10240;10228
4954;23103544000;22651444444;23151444444;10240;10228
4953;23103739000;22651444444;23151444444;10240;10228
4958;23104725000;22651444444;23151444444;10240;10228
4959;23104903000;22651444444;23151444444;10240;10228
4960;23105154000;22651455555;23151455555;10240;10228
4961;23105163000;22651755555;23151755555;10240;10228
4962;23105332000;22651755555;23151755555;10240;10228
4945;23108870000;22609777777;23109777777;10240;10228
4964;23129629000;22693122222;23193122222;10240;10228
4963;23129828000;22651755555;23151755555;10240;10228
4965;23130126000;22693122222;23193122222;10240;10228
4966;23137467000;22693122222;23193122222;10240;10228
4967;23137722000;22693122222;23193122222;10240;10228
4969;23143826000;22693122222;23193122222;10240;10228
4968;23144010000;22693122222;23193122222;10240;10228
4970;23144252000;22693122222;23193122222;10240;10228
4971;23145098000;22693133333;23193133333;10240;10228
4973;23145554000;22693477777;23193477777;10240;10228
4974;23145756000;22693477777;23193477777;10240;10228
4975;23145777000;22734755555;23234755555;10240;10228
4976;23149554000;22734755555;23234755555;10240;10228
4977;23149567000;22734755555;23234755555;10240;10228
4955;23149763000;22651444444;23151444444;10240;10228
4956;23149955000;22651444444;23151444444;10240;10228
4957;23149963000;22651444444;23151444444;10240;10228
4978;23169847000;22734755555;23234755555;10240;10228
4980;23170028000;22734755555;23234755555;10240;10228
4979;23170057000;22734755555;23234755555;10240;10228
4981;23170492000;22734755555;23234755555;10240;10228
4982;23177681000;22734777777;23234777777;10240;10228
4983;23177696000;22735077777;23235077777;10240;10228
4984;23177951000;22735077777;23235077777;10240;10228
4985;23184072000;22735077777;23235077777;10240;10228
4986;23184447000;22776455555;23276455555;10240;10228
4987;23184663000;22776455555;23276455555;10240;10228
4988;23185568000;22776455555;23276455555;10240;10228
4989;23185995000;22776455555;23276455555;10240;10228
4990;23186220000;22776455555;23276455555;10240;10228
4991;23189858000;22776455555;23276455555;10240;10228
4992;23189873000;22776455555;23276455555;10240;10228
4993;23210286000;22776466666;23276466666;10240;10228
4994;23210302000;22776744444;23276744444;10240;10228
4995;23217949000;22776744444;23276744444;10240;10228
4996;23217964000;22776744444;23276744444;10240;10228
4997;23218179000;22818088888;23318088888;10240;10228
4998;23224356000;22818088888;23318088888;10240;10228
4999;23224897000;22818088888;23318088888;10240;10228
5000;23225103000;22818088888;23318088888;10240;10228
5001;23226012000;22818088888;23318088888;10240;10228
5002;23226418000;22818088888;23318088888;10240;10228
5003;23226664000;22818088888;23318088888;10240;10228
5004;23226874000;22818111111;23318111111;10240;10228
5005;23230153000;22818433333;23318433333;10240;10228
5006;23230166000;22818433333;23318433333;10240;10228
5007;23250489000;22818433333;23318433333;10240;10228
5009;23258232000;22859766666;23359766666;10240;10228
5010;23258359000;22859766666;23359766666;10240;10228
5011;23264626000;22859766666;23359766666;10240;10228
5012;23265371000;22859766666;23359766666;10240;10228
5013;23265583000;22859766666;23359766666;10240;10228
5014;23266480000;22859766666;23359766666;10240;10228
5015;23266793000;22859788888;23359788888;10240;10228
5016;23267090000;22860188888;23360188888;10240;10228
5017;23267310000;22860188888;23360188888;10240;10228
5018;23267516000;22860188888;23360188888;10240;10228
5019;23270398000;22901433333;23401433333;10240;10228
5020;23290670000;22901433333;23401433333;10240;10228
5021;23290685000;22901433333;23401433333;10240;10228
5022;23298456000;22901433333;23401433333;10240;10228
5023;23298527000;22901433333;23401433333;10240;10228
5008;23305155000;22859766666;23359766666;10240;10228
5024;23306036000;22901433333;23401433333;10240;10228
5025;23306951000;22901433333;23401433333;10240;10228
5026;23307161000;22901455555;23401455555;10240;10228
5027;23307553000;22901833333;23401833333;10240;10228
5028;23307736000;22901833333;23401833333;10240;10228
5029;23307913000;22901833333;23401833333;10240;10228
5030;23310674000;22943111111;23443111111;10240;10228
5031;23330878000;22943111111;23443111111;10240;10228
5032;23330890000;22943111111;23443111111;10240;10228
5033;23338725000;22943111111;23443111111;10240;10228
5034;23338738000;22943111111;23443111111;10240;10228
5035;23345608000;22943111111;23443111111;10240;10228
5037;23346465000;22943122222;23443122222;10240;10228
5038;23347443000;22943444444;23443444444;10240;10228
5039;23347654000;22943444444;23443444444;10240;10228
5040;23347988000;22943444444;23443444444;10240;10228
5041;23348209000;22984766666;23484766666;10240;10228
5042;23348413000;22984766666;23484766666;10240;10228
5043;23350934000;22984766666;23484766666;10240;10228
5044;23350953000;22984766666;23484766666;10240;10228
5045;23371129000;22984766666;23484766666;10240;10228
5046;23371142000;22984766666;23484766666;10240;10228
5047;23379001000;22984766666;23484766666;10240;10228
5048;23379014000;22984788888;23484788888;10240;10228
5049;23386085000;22985166666;23485166666;10240;10228
5050;23386938000;22985166666;23485166666;10240;10228
5036;23388111000;22943111111;23443111111;10240;10228
5052;23388847000;23026433333;23526433333;10240;10228
5053;23391183000;23026433333;23526433333;10240;10228
5054;23391200000;23026433333;23526433333;10240;10228
5055;23391208000;23026433333;23526433333;10240;10228
5056;23411306000;23026433333;23526433333;10240;10228
5057;23411319000;23026433333;23526433333;10240;10228
5058;23419287000;23026433333;23526433333;10240;10228
5059;23419300000;23026455555;23526455555;10240;10228
5060;23426564000;23026822222;23526822222;10240;10228
5062;23428564000;23026822222;23526822222;10240;10228
5063;23429306000;23068088888;23568088888;10240;10228
5064;23431477000;23068088888;23568088888;10240;10228
5065;23431497000;23068088888;23568088888;10240;10228
5066;23431507000;23068088888;23568088888;10240;10228
5067;23431515000;23068088888;23568088888;10240;10228
5068;23451605000;23068088888;23568088888;10240;10228
5069;23451618000;23068088888;23568088888;10240;10228
5070;23459591000;23068111111;23568111111;10240;10228
5071;23459604000;23068444444;23568444444;10240;10228
5072;23467040000;23068444444;23568444444;10240;10228
5051;23468858000;22985166666;23485166666;10240;10228
5076;23471705000;23109811111;23609811111;10240;10228
5077;23491805000;23109811111;23609811111;10240;10228
5078;23491820000;23109811111;23609811111;10240;10228
5079;23499912000;23109811111;23609811111;10240;10228
5080;23499927000;23109811111;23609811111;10240;10228
5061;23507368000;23026822222;23526822222;10240;10228
5081;23507500000;23109822222;23609822222;10240;10228
5082;23507711000;23110111111;23610111111;10240;10228
5083;23511910000;23110111111;23610111111;10240;10228
5084;23532091000;23110111111;23610111111;10240;10228
5073;23532105000;23068444444;23568444444;10240;10228
5074;23532115000;23109811111;23609811111;10240;10228
5075;23532124000;23109811111;23609811111;10240;10228
5085;23547678000;23151455555;23651455555;10240;10228
5086;23547979000;23151455555;23651455555;10240;10228
5087;23548192000;23151455555;23651455555;10240;10228
5088;23552152000;23151455555;23651455555;10240;10228
5089;23572256000;23151455555;23651455555;10240;10228
5090;23572271000;23151455555;23651455555;10240;10228
5091;23572290000;23151455555;23651455555;10240;10228
5092;23572350000;23151466666;23651466666;10240;10228
5093;23572360000;23151755555;23651755555;10240;10228
5094;23587964000;23151755555;23651755555;10240;10228
5096;23588648000;23193122222;23693122222;10240;10228
5097;23588862000;23193122222;23693122222;10240;10228
5098;23592379000;23193122222;23693122222;10240;10228
5100;23612484000;23193122222;23693122222;10240;10228
5101;23612497000;23193122222;23693122222;10240;10228
5102;23612506000;23193122222;23693122222;10240;10228
5103;23612588000;23193133333;23693133333;10240;10228
5104;23612602000;23193455555;23693455555;10240;10228
5105;23628241000;23193455555;23693455555;10240;10228
5106;23629152000;23193455555;23693455555;10240;10228
5107;23629337000;23234788888;23734788888;10240;10228
5108;23632612000;23234788888;23734788888;10240;10228
5095;23647907000;23151755555;23651755555;10240;10228
5109;23648166000;23234788888;23734788888;10240;10228
5110;23652716000;23234788888;23734788888;10240;10228
5099;23652739000;23193122222;23693122222;10240;10228
5111;23668491000;23234788888;23734788888;10240;10228
5112;23669593000;23234788888;23734788888;10240;10228
5113;23669775000;23234788888;23734788888;10240;10228
5114;23672864000;23234800000;23734800000;10240;10228
5115;23688190000;23235088888;23735088888;10240;10228
5117;23692987000;23235088888;23735088888;10240;10228
5118;23693015000;23276444444;23776444444;10240;10228
5119;23693025000;23276444444;23776444444;10240;10228
5120;23708788000;23276444444;23776444444;10240;10228
5122;23710259000;23276444444;23776444444;10240;10228
5123;23713135000;23276444444;23776444444;10240;10228
5124;23728469000;23276444444;23776444444;10240;10228
5127;23733208000;23276722222;23776722222;10240;10228
5128;23733224000;23276722222;23776722222;10240;10228
5129;23733232000;23318122222;23818122222;10240;10228
5125;23733384000;23276455555;23776455555;10240;10228
5126;23733589000;23276722222;23776722222;10240;10228
5116;23749097000;23235088888;23735088888;10240;10228
5130;23750730000;23318122222;23818122222;10240;10228
5131;23768776000;23318122222;23818122222;10240;10228
5121;23769975000;23276444444;23776444444;10240;10228
5134;23773615000;23318122222;23818122222;10240;10228
5132;23773711000;23318122222;23818122222;10240;10228
5133;23773877000;23318122222;23818122222;10240;10228
5135;23789321000;23318122222;23818122222;10240;10228
5136;23791152000;23318144444;23818144444;10240;10228
5137;23791333000;23318444444;23818444444;10240;10228
5138;23809072000;23318444444;23818444444;10240;10228
5139;23810296000;23318444444;23818444444;10240;10228
5140;23813923000;23359788888;23859788888;10240;10228
5141;23814206000;23359788888;23859788888;10240;10228
5142;23814418000;23359788888;23859788888;10240;10228
5143;23815823000;23359788888;23859788888;10240;10228
5144;23831387000;23359788888;23859788888;10240;10228
5145;23831400000;23359788888;23859788888;10240;10228
5146;23831599000;23359788888;23859788888;10240;10228
5147;23850714000;23359800000;23859800000;10240;10228
5148;23850899000;23360088888;23860088888;10240;10228
5149;23854205000;23360088888;23860088888;10240;10228
5150;23854624000;23360088888;23860088888;10240;10228
5151;23854809000;23401455555;23901455555;10240;10228
5152;23856077000;23401455555;23901455555;10240;10228
5153;23856503000;23401455555;23901455555;10240;10228
5155;23890969000;23401455555;23901455555;10240;10228
5156;23890997000;23401455555;23901455555;10240;10228
5157;23891138000;23401455555;23901455555;10240;10228
5158;23894647000;23401466666;23901466666;10240;10228
5159;23894829000;23401744444;23901744444;10240;10228
5160;23894840000;23401744444;23901744444;10240;10228
5161;23895212000;23401744444;23901744444;10240;10228
5162;23896336000;23443122222;23943122222;10240;10228
5163;23896755000;23443122222;23943122222;10240;10228
5154;23897159000;23401455555;23901455555;10240;10228
5164;23931261000;23443122222;23943122222;10240;10228
5168;23935175000;23443122222;23943122222;10240;10228
5170;23935299000;23443444444;23943444444;10240;10228
5171;23935439000;23443444444;23943444444;10240;10228
5172;23936636000;23443444444;23943444444;10240;10228
5173;23937426000;23484788888;23984788888;10240;10228
5174;23937441000;23484788888;23984788888;10240;10228
5165;23937924000;23443122222;23943122222;10240;10228
5166;23937954000;23443122222;23943122222;10240;10228
5169;23937965000;23443133333;23943133333;10240;10228
5175;23937995000;23484788888;23984788888;10240;10228
5167;23938307000;23443122222;23943122222;10240;10228
5176;23975435000;23484788888;23984788888;10240;10228
5178;23975448000;23484788888;23984788888;10240;10228
5179;23975511000;23484788888;23984788888;10240;10228
5180;23975521000;23484800000;23984800000;10240;10228
5177;23975638000;23484788888;23984788888;10240;10228
5181;23975844000;23485088888;23985088888;10240;10228
5182;23977138000;23485088888;23985088888;10240;10228
5183;23977709000;23485088888;23985088888;10240;10228
5184;23977723000;23526455555;24026455555;10240;10228
5186;23978663000;23526455555;24026455555;10240;10228
5187;23978686000;23526455555;24026455555;10240;10228
5189;24015954000;23526455555;24026455555;10240;10228
5190;24016164000;23526455555;24026455555;10240;10228
5192;24017385000;23526755555;24026755555;10240;10228
5194;24018036000;23526755555;24026755555;10240;10228
5193;24018239000;23526755555;24026755555;10240;10228
5195;24018913000;23568133333;24068133333;10240;10228
5196;24018928000;23568133333;24068133333;10240;10228
5197;24024512000;23568133333;24068133333;10240;10228
5198;24024523000;23568133333;24068133333;10240;10228
5185;24024690000;23526455555;24026455555;10240;10228
5188;24024889000;23526455555;24026455555;10240;10228
5191;24024924000;23526466666;24026466666;10240;10228
5199;24056257000;23568133333;24068133333;10240;10228
5201;24056427000;23568133333;24068133333;10240;10228
5200;24056453000;23568133333;24068133333;10240;10228
5202;24057855000;23568166666;24068166666;10240;10228
5205;24058510000;23568477777;24068477777;10240;10228
5204;24058537000;23568477777;24068477777;10240;10228
5206;24059248000;23609788888;24109788888;10240;10228
5207;24059273000;23609788888;24109788888;10240;10228
5208;24064816000;23609788888;24109788888;10240;10228
5209;24064828000;23609788888;24109788888;10240;10228
5203;24065257000;23568477777;24068477777;10240;10228
5210;24096743000;23609788888;24109788888;10240;10228
5211;24096937000;23609788888;24109788888;10240;10228
5212;24098103000;23609788888;24109788888;10240;10228
5213;24098820000;23609800000;24109800000;10240;10228
5214;24099025000;23610077777;24110077777;10240;10228
5215;24099526000;23610077777;24110077777;10240;10228
5216;24105140000;23610077777;24110077777;10240;10228
5217;24105525000;23651455555;24151455555;10240;10228
5218;24105938000;23651455555;24151455555;10240;10228
5220;24137224000;23651455555;24151455555;10240;10228
5221;24138621000;23651455555;24151455555;10240;10228
5222;24139273000;23651455555;24151455555;10240;10228
5223;24139288000;23651455555;24151455555;10240;10228
5224;24139968000;23651466666;24151466666;10240;10228
5226;24145673000;23651744444;24151744444;10240;10228
5227;24145795000;23651744444;24151744444;10240;10228
5228;24146200000;23693088888;24193088888;10240;10228
5229;24146715000;23693088888;24193088888;10240;10228
5219;24146869000;23651455555;24151455555;10240;10228
5230;24178879000;23693088888;24193088888;10240;10228
5232;24179785000;23693088888;24193088888;10240;10228
5233;24180223000;23693088888;24193088888;10240;10228
5234;24185921000;23693088888;24193088888;10240;10228
5235;24186157000;23693111111;24193111111;10240;10228
5236;24186360000;23693444444;24193444444;10240;10228
5237;24186477000;23693444444;24193444444;10240;10228
5238;24186490000;23693444444;24193444444;10240;10228
5225;24187000000;23651744444;24151744444;10240;10228
5231;24187399000;23693088888;24193088888;10240;10228
5239;24220009000;23734788888;24234788888;10240;10228
5241;24226422000;23734788888;24234788888;10240;10228
5240;24226449000;23734788888;24234788888;10240;10228
5242;24226635000;23734788888;24234788888;10240;10228
5243;24226935000;23734788888;24234788888;10240;10228
5244;24227181000;23734788888;24234788888;10240;10228
5245;24227275000;23734788888;24234788888;10240;10228
5246;24227297000;23734800000;24234800000;10240;10228
5247;24233310000;23735088888;24235088888;10240;10228
5248;24233323000;23735088888;24235088888;10240;10228
5249;24266754000;23735088888;24235088888;10240;10228
5250;24266934000;23776455555;24276455555;10240;10228
5251;24267146000;23776455555;24276455555;10240;10228
5252;24267172000;23776455555;24276455555;10240;10228
5253;24267392000;23776455555;24276455555;10240;10228
5254;24267695000;23776455555;24276455555;10240;10228
5255;24273601000;23776455555;24276455555;10240;10228
5256;24273615000;23776455555;24276455555;10240;10228
5257;24273624000;23776466666;24276466666;10240;10228
5259;24273982000;23776733333;24276733333;10240;10228
5260;24274006000;23776733333;24276733333;10240;10228
5261;24307148000;23818122222;24318122222;10240;10228
5262;24307414000;23818122222;24318122222;10240;10228
5263;24307850000;23818122222;24318122222;10240;10228
5264;24307969000;23818122222;24318122222;10240;10228
5265;24314092000;23818122222;24318122222;10240;10228
5267;24314217000;23818122222;24318122222;10240;10228
5268;24314240000;23818133333;24318133333;10240;10228
5266;24314301000;23818122222;24318122222;10240;10228
5269;24314712000;23818466666;24318466666;10240;10228
5270;24314725000;23818466666;24318466666;10240;10228
5271;24314748000;23818466666;24318466666;10240;10228
5258;24314873000;23776733333;24276733333;10240;10228
5272;24347880000;23859788888;24359788888;10240;10228
5273;24348104000;23859788888;24359788888;10240;10228
5275;24354371000;23859788888;24359788888;10240;10228
5276;24354398000;23859788888;24359788888;10240;10228
5277;24354435000;23859788888;24359788888;10240;10228
5278;24354696000;23859788888;24359788888;10240;10228
5279;24354950000;23859800000;24359800000;10240;10228
5280;24354960000;23860088888;24360088888;10240;10228
5281;24354968000;23860088888;24360088888;10240;10228
5274;24355435000;23859788888;24359788888;10240;10228
5282;24355476000;23860088888;24360088888;10240;10228
5283;24355512000;23901455555;24401455555;10240;10228
5284;24355531000;23901455555;24401455555;10240;10228
5285;24355544000;23901455555;24401455555;10240;10228
5286;24388081000;23901455555;24401455555;10240;10228
5288;24394932000;23901455555;24401455555;10240;10228
5289;24394960000;23901455555;24401455555;10240;10228
5291;24395429000;23901744444;24401744444;10240;10228
5292;24395614000;23901744444;24401744444;10240;10228
5293;24395742000;23901744444;24401744444;10240;10228
5294;24395756000;23943100000;24443100000;10240;10228
5295;24395765000;23943100000;24443100000;10240;10228
5290;24396200000;23901466666;24401466666;10240;10228
5287;24396577000;23901455555;24401455555;10240;10228
5297;24435199000;23943100000;24443100000;10240;10228
5298;24435338000;23943100000;24443100000;10240;10228
5299;24435539000;23943100000;24443100000;10240;10228
5300;24435671000;23943100000;24443100000;10240;10228
5301;24435686000;23943122222;24443122222;10240;10228
5302;24435841000;23943544444;24443544444;10240;10228
5304;24435974000;23943544444;24443544444;10240;10228
5305;24435985000;23984788888;24484788888;10240;10228
5303;24436197000;23943544444;24443544444;10240;10228
5306;24436961000;23984788888;24484788888;10240;10228
5308;24436991000;23984788888;24484788888;10240;10228
5296;24437114000;23943100000;24443100000;10240;10228
5309;24475578000;23984788888;24484788888;10240;10228
5310;24475748000;23984788888;24484788888;10240;10228
5311;24476135000;23984788888;24484788888;10240;10228
5312;24476321000;23984800000;24484800000;10240;10228
5313;24476334000;23985077777;24485077777;10240;10228
5316;24476343000;24026455555;24526455555;10240;10228
5314;24476503000;23985077777;24485077777;10240;10228
5317;24477244000;24026455555;24526455555;10240;10228
5318;24477258000;24026455555;24526455555;10240;10228
5307;24482931000;23984788888;24484788888;10240;10228
5315;24483349000;23985077777;24485077777;10240;10228
5319;24516057000;24026455555;24526455555;10240;10228
5320;24516243000;24026455555;24526455555;10240;10228
5321;24516363000;24026455555;24526455555;10240;10228
5323;24516549000;24026466666;24526466666;10240;10228
5324;24516586000;24026744444;24526744444;10240;10228
5325;24516713000;24026744444;24526744444;10240;10228
5326;24517534000;24026744444;24526744444;10240;10228
5327;24517550000;24068111111;24568111111;10240;10228
5328;24523513000;24068111111;24568111111;10240;10228
5329;24523530000;24068111111;24568111111;10240;10228
5330;24523538000;24068111111;24568111111;10240;10228
5331;24523545000;24068111111;24568111111;10240;10228
5322;24523855000;24026455555;24526455555;10240;10228
5333;24556453000;24068111111;24568111111;10240;10228
5335;24556978000;24068433333;24568433333;10240;10228
5336;24557198000;24068433333;24568433333;10240;10228
5338;24557789000;24109788888;24609788888;10240;10228
5339;24563763000;24109788888;24609788888;10240;10228
5340;24563778000;24109788888;24609788888;10240;10228
5341;24563787000;24109788888;24609788888;10240;10228
5342;24563794000;24109788888;24609788888;10240;10228
5334;24564170000;24068122222;24568122222;10240;10228
5337;24564195000;24068433333;24568433333;10240;10228
5332;24564325000;24068111111;24568111111;10240;10228
5343;24564731000;24109788888;24609788888;10240;10228
5344;24596938000;24109788888;24609788888;10240;10228
5345;24597124000;24109800000;24609800000;10240;10228
5346;24597136000;24110088888;24610088888;10240;10228
5347;24597400000;24110088888;24610088888;10240;10228
5348;24598073000;24110088888;24610088888;10240;10228
5349;24604073000;24151455555;24651455555;10240;10228
5350;24604100000;24151455555;24651455555;10240;10228
5351;24604473000;24151455555;24651455555;10240;10228
5352;24605414000;24151455555;24651455555;10240;10228
5353;24637361000;24151455555;24651455555;10240;10228
5354;24637383000;24151455555;24651455555;10240;10228
5355;24637389000;24151455555;24651455555;10240;10228
5356;24637790000;24151466666;24651466666;10240;10228
5357;24638546000;24151755555;24651755555;10240;10228
5359;24644329000;24151755555;24651755555;10240;10228
5360;24644357000;24193100000;24693100000;10240;10228
5361;24644754000;24193100000;24693100000;10240;10228
5358;24645529000;24151755555;24651755555;10240;10228
5362;24674273000;24193100000;24693100000;10240;10228
5363;24674288000;24193100000;24693100000;10240;10228
5364;24677821000;24193100000;24693100000;10240;10228
5365;24677992000;24193100000;24693100000;10240;10228
5366;24678003000;24193100000;24693100000;10240;10228
5369;24678008000;24193522222;24693522222;10240;10228
5367;24678197000;24193122222;24693122222;10240;10228
5368;24678416000;24193522222;24693522222;10240;10228
5371;24684626000;24234788888;24734788888;10240;10228
5372;24684653000;24234788888;24734788888;10240;10228
5373;24685016000;24234788888;24734788888;10240;10228
5370;24691254000;24193522222;24693522222;10240;10228
5375;24691802000;24234788888;24734788888;10240;10228
5376;24691996000;24234788888;24734788888;10240;10228
5377;24692007000;24234788888;24734788888;10240;10228
5378;24714655000;24234800000;24734800000;10240;10228
5379;24714866000;24235077777;24735077777;10240;10228
5380;24718270000;24235077777;24735077777;10240;10228
5381;24718285000;24235077777;24735077777;10240;10228
5382;24718516000;24276444444;24776444444;10240;10228
5383;24718611000;24276444444;24776444444;10240;10228
5384;24724868000;24276444444;24776444444;10240;10228
5386;24732246000;24276444444;24776444444;10240;10228
5387;24732456000;24276444444;24776444444;10240;10228
5390;24755133000;24276722222;24776722222;10240;10228
5391;24755327000;24276722222;24776722222;10240;10228
5392;24758576000;24276722222;24776722222;10240;10228
5393;24758591000;24318122222;24818122222;10240;10228
5395;24758811000;24318122222;24818122222;10240;10228
5394;24758953000;24318122222;24818122222;10240;10228
5396;24765129000;24318122222;24818122222;10240;10228
5397;24772754000;24318122222;24818122222;10240;10228
5398;24772915000;24318122222;24818122222;10240;10228
5399;24773136000;24318122222;24818122222;10240;10228
5400;24795223000;24318133333;24818133333;10240;10228
5401;24795509000;24318433333;24818433333;10240;10228
5402;24795725000;24318433333;24818433333;10240;10228
5403;24795925000;24318433333;24818433333;10240;10228
5404;24795932000;24359766666;24859766666;10240;10228
5405;24798877000;24359766666;24859766666;10240;10228
5406;24798893000;24359766666;24859766666;10240;10228
5407;24799008000;24359766666;24859766666;10240;10228
5408;24799345000;24359766666;24859766666;10240;10228
5409;24805422000;24359766666;24859766666;10240;10228
5410;24813156000;24359766666;24859766666;10240;10228
5411;24813352000;24359788888;24859788888;10240;10228
5412;24813557000;24360177777;24860177777;10240;10228
5413;24835469000;24360177777;24860177777;10240;10228
5414;24835909000;24360177777;24860177777;10240;10228
5417;24836335000;24401455555;24901455555;10240;10228
5418;24839125000;24401455555;24901455555;10240;10228
5419;24839141000;24401455555;24901455555;10240;10228
5420;24839150000;24401455555;24901455555;10240;10228
5421;24839744000;24401455555;24901455555;10240;10228
5422;24845681000;24401466666;24901466666;10240;10228
5423;24845698000;24401766666;24901766666;10240;10228
5424;24845707000;24401766666;24901766666;10240;10228
5425;24853575000;24401766666;24901766666;10240;10228
5426;24853758000;24443111111;24943111111;10240;10228
5427;24853964000;24443111111;24943111111;10240;10228
5428;24853975000;24443111111;24943111111;10240;10228
5429;24875751000;24443111111;24943111111;10240;10228
5430;24876345000;24443111111;24943111111;10240;10228
5431;24876752000;24443111111;24943111111;10240;10228
5432;24879462000;24443111111;24943111111;10240;10228
5433;24879476000;24443122222;24943122222;10240;10228
5434;24879485000;24443444444;24943444444;10240;10228
5435;24880150000;24443444444;24943444444;10240;10228
5436;24885994000;24443444444;24943444444;10240;10228
5437;24886010000;24484788888;24984788888;10240;10228
5438;24886020000;24484788888;24984788888;10240;10228
5415;24894003000;24401455555;24901455555;10240;10228
5416;24894190000;24401455555;24901455555;10240;10228
5440;24894394000;24484788888;24984788888;10240;10228
5441;24916036000;24484788888;24984788888;10240;10228
5442;24916775000;24484788888;24984788888;10240;10228
5443;24917153000;24484788888;24984788888;10240;10228
5445;24919816000;24485088888;24985088888;10240;10228
5446;24919830000;24485088888;24985088888;10240;10228
5447;24920529000;24485088888;24985088888;10240;10228
5448;24926285000;24526444444;25026444444;10240;10228
5450;24926302000;24526444444;25026444444;10240;10228
5451;24926311000;24526444444;25026444444;10240;10228
5452;24934390000;24526444444;25026444444;10240;10228
5453;24934593000;24526444444;25026444444;10240;10228
5454;24934798000;24526444444;25026444444;10240;10228
5455;24934809000;24526466666;25026466666;10240;10228
5456;24956308000;24526788888;25026788888;10240;10228
5457;24957228000;24526788888;25026788888;10240;10228
5458;24957502000;24526788888;25026788888;10240;10228
5459;24960123000;24568111111;25068111111;10240;10228
5439;24960138000;24484788888;24984788888;10240;10228
5460;24960947000;24568111111;25068111111;10240;10228
5444;24966696000;24484800000;24984800000;10240;10228
5461;24974817000;24568111111;25068111111;10240;10228
5462;24974991000;24568111111;25068111111;10240;10228
5463;24975205000;24568111111;25068111111;10240;10228
5464;24975410000;24568111111;25068111111;10240;10228
5465;24996586000;24568111111;25068111111;10240;10228
5449;24996759000;24526444444;25026444444;10240;10228
5466;24997842000;24568122222;25068122222;10240;10228
5468;25000381000;24568433333;25068433333;10240;10228
5470;25001359000;24609777777;25109777777;10240;10228
5472;25015242000;24609777777;25109777777;10240;10228
5473;25015427000;24609777777;25109777777;10240;10228
5474;25015633000;24609777777;25109777777;10240;10228
5475;25015643000;24609777777;25109777777;10240;10228
5476;25015838000;24609777777;25109777777;10240;10228
5478;25037196000;24610088888;25110088888;10240;10228
5479;25038252000;24610088888;25110088888;10240;10228
5480;25040647000;24610088888;25110088888;10240;10228
5482;25055679000;24651444444;25151444444;10240;10228
5483;25055861000;24651444444;25151444444;10240;10228
5471;25056065000;24609777777;25109777777;10240;10228
5484;25077618000;24651444444;25151444444;10240;10228
5485;25078675000;24651444444;25151444444;10240;10228
5486;25080928000;24651444444;25151444444;10240;10228
5487;25096155000;24651444444;25151444444;10240;10228
5488;25096366000;24651455555;25151455555;10240;10228
5489;25096561000;24651744444;25151744444;10240;10228
5490;25117907000;24651744444;25151744444;10240;10228
5491;25117919000;24651744444;25151744444;10240;10228
5481;25118077000;24651444444;25151444444;10240;10228
5493;25121233000;24693088888;25193088888;10240;10228
5495;25136837000;24693088888;25193088888;10240;10228
5496;25137039000;24693088888;25193088888;10240;10228
5497;25158171000;24693088888;25193088888;10240;10228
5498;25158186000;24693088888;25193088888;10240;10228
5499;25158436000;24693111111;25193111111;10240;10228
