seqnum;now;rtptime;deadline
6;8129895000;7570911111;8070911111
38;8558670000;7695900000;8195900000
114;8558816000;7987588888;8487588888
116;8558821000;7987588888;8487588888
117;8558823000;7987588888;8487588888
118;8558826000;7987588888;8487588888
119;8558828000;7987588888;8487588888
120;8558895000;7987600000;8487600000
121;8558899000;7987900000;8487900000
123;8558902000;7987900000;8487900000
124;8558922000;8029233333;8529233333
125;8558924000;8029233333;8529233333
126;8558925000;8029233333;8529233333
127;8558937000;8029233333;8529233333
128;8558938000;8029233333;8529233333
129;8558940000;8029233333;8529233333
130;8558941000;8029233333;8529233333
131;8559030000;8029244444;8529244444
132;8559034000;8029544444;8529544444
133;8559035000;8029544444;8529544444
134;8559037000;8029544444;8529544444
135;8609836000;8070900000;8570900000
137;8609856000;8070900000;8570900000
138;8609858000;8070900000;8570900000
139;8609859000;8070900000;8570900000
140;8609861000;8070900000;8570900000
141;8609863000;8070900000;8570900000
142;8654690000;8070911111;8570911111
215;8654712000;8362566666;8862566666
216;8654715000;8362566666;8862566666
217;8654718000;8362566666;8862566666
218;8654719000;8362566666;8862566666
219;8868064000;8362577777;8862577777
292;8868079000;8654222222;9154222222
293;8868081000;8654222222;9154222222
294;8868082000;8654222222;9154222222
295;8868084000;8654222222;9154222222
296;9063946000;8654233333;9154233333
297;9063960000;8654500000;9154500000
298;9063978000;8654500000;9154500000
299;9063979000;8654500000;9154500000
300;9112468000;8695888888;9195888888
363;9306988000;8904544444;9404544444
369;9412542000;8945900000;9445900000
436;9546250000;9195888888;9695888888
441;9641867000;9196188888;9696188888
493;9813520000;9404222222;9904222222
527;9937213000;9529300000;10029300000
561;9937221000;9654522222;10154522222
562;9937223000;9654522222;10154522222
563;9937224000;9654522222;10154522222
564;10197134000;9695922222;10195922222
641;10402728000;9987588888;10487588888
696;10626223000;10195922222;10695922222
748;10776291000;10362944444;10862944444
793;10954718000;10529644444;11029644444
830;11097350000;10695922222;11195922222
866;11231209000;10820911111;11320911111
898;11343377000;10945922222;11445922222
926;11443059000;11029622222;11529622222
960;11596742000;11195922222;11695922222
993;11765244000;11320922222;11820922222
1031;11864359000;11445922222;11945922222
1062;11946086000;11570911111;12070911111
1086;12062640000;11654255555;12154255555
1112;12066220000;11737933333;12237933333
1117;12104401000;11779244444;12279244444
1125;12268524000;11820911111;12320911111
1166;12359253000;11946222222;12446222222
1202;12517110000;12112577777;12612577777
1237;12680975000;12237588888;12737588888
1274;12762976000;12362622222;12862622222
1294;12925255000;12445922222;12945922222
1339;12964332000;12612588888;13112588888
1352;12964535000;12654288888;13154288888
1353;12964551000;12654611111;13154611111
1354;12964552000;12654611111;13154611111
1355;12964553000;12654611111;13154611111
1356;12964567000;12695911111;13195911111
1357;12964568000;12695911111;13195911111
1358;12964579000;12695911111;13195911111
1359;12964580000;12695911111;13195911111
1360;12964581000;12695911111;13195911111
1361;12964583000;12695911111;13195911111
1362;12964584000;12695911111;13195911111
1363;12975431000;12695966666;13195966666
1364;12975447000;12696244444;13196244444
1365;12975448000;12696244444;13196244444
1366;12975449000;12696244444;13196244444
1368;12982592000;12737588888;13237588888
1369;12982596000;12737588888;13237588888
1371;12982597000;12737588888;13237588888
1372;12982598000;12737588888;13237588888
1373;12982599000;12737588888;13237588888
1374;12982708000;12737633333;13237633333
1375;12982724000;12737966666;13237966666
1376;12982725000;12737966666;13237966666
1377;12982726000;12737966666;13237966666
1378;12989354000;12779244444;13279244444
1388;13219635000;12779622222;13279622222
1442;13442230000;12987922222;13487922222
1503;13655851000;13237577777;13737577777
1552;13839038000;13404622222;13904622222
1599;14031150000;13612577777;14112577777
1647;14197412000;13779244444;14279244444
1691;14299962000;13945911111;14445911111
1714;14462507000;14029244444;14529244444
1758;14625041000;14195933333;14695933333
1795;14751802000;14321288888;14821288888
1833;14894168000;14487633333;14987633333
1858;14911653000;14570988888;15070988888
1869;14932280000;14612633333;15112633333
1870;14932285000;14612944444;15112944444
1871;14932287000;14612944444;15112944444
1880;15088726000;14654311111;15154311111
1926;15097368000;14821277777;15321277777
1927;15097370000;14821277777;15321277777
1928;15292475000;14862577777;15362577777
1965;15446442000;14987600000;15487600000
2009;15580358000;15154555555;15654555555
2050;15799559000;15321188888;15821188888
2103;15948337000;15488233333;15988233333
2148;16113910000;15696222222;16196222222
2187;16123433000;15821200000;16321200000
2188;16138114000;15821244444;16321244444
2189;16138129000;15821611111;16321611111
2190;16138131000;15821611111;16321611111
2191;16138131000;15821611111;16321611111
2192;16150017000;15862888888;16362888888
2207;16327335000;15904544444;16404544444
2250;16481006000;16071166666;16571166666
2293;16600803000;16237855555;16737855555
2323;16600916000;16321522222;16821522222
2324;16647689000;16362844444;16862844444
2335;16647811000;16404544444;16904544444
2336;16647815000;16404544444;16904544444
2337;16647818000;16404544444;16904544444
2338;16647819000;16404544444;16904544444
2339;16647820000;16404544444;16904544444
2340;16647822000;16404544444;16904544444
2342;16651205000;16404600000;16904600000
2346;16678105000;16446166666;16946166666
2348;16678108000;16446166666;16946166666
2351;16678114000;16446166666;16946166666
2352;16678115000;16446166666;16946166666
2353;16865232000;16446211111;16946211111
2405;16865247000;16654500000;17154500000
2406;16865248000;16654500000;17154500000
2407;16865249000;16654500000;17154500000
2408;17077428000;16654566666;17154566666
2455;17077445000;16821544444;17321544444
2456;17282760000;16862855555;17362855555
2511;17346177000;17071133333;17571133333
2529;17544904000;17112855555;17612855555
2580;17547295000;17321144444;17821144444
2582;17547297000;17321144444;17821144444
2583;17547299000;17321144444;17821144444
2584;17646963000;17321155555;17821155555
2609;17646979000;17404822222;17904822222
2612;17850026000;17446155555;17946155555
2663;18075243000;17612922222;18112922222
2712;18230537000;17821133333;18321133333
2751;18376544000;17946255555;18446255555
2789;18484190000;18112800000;18612800000
2818;18626464000;18196422222;18696422222
2845;18750294000;18321133333;18821133333
2880;18861764000;18445988888;18945988888
2901;19031091000;18529311111;19029311111
2948;19072750000;18696388888;19196388888
2954;19077776000;18737611111;19237611111
2958;19077998000;18737622222;19237622222
2961;19078015000;18737900000;19237900000
2962;19269727000;18779466666;19279466666
3009;19432012000;18945988888;19445988888
3043;19563836000;19071088888;19571088888
3075;19677165000;19196100000;19696100000
3095;19778156000;19279444444;19779444444
3118;19884587000;19362733333;19862733333
3145;19923230000;19445977777;19945977777
3157;19937151000;19488077777;19988077777
3158;19937153000;19488077777;19988077777
3159;19937163000;19488077777;19988077777
3160;19965613000;19529244444;20029244444
3174;19970519000;19571100000;20071100000
3175;19970522000;19571100000;20071100000
3177;19970524000;19571100000;20071100000
3178;19970740000;19571111111;20071111111
3180;19970755000;19571377777;20071377777
3181;19970757000;19571377777;20071377777
3182;19990137000;19612766666;20112766666
3185;19990141000;19612766666;20112766666
3186;19990142000;19612766666;20112766666
3187;19990143000;19612766666;20112766666
3188;19990144000;19612766666;20112766666
3189;19990344000;19612777777;20112777777
3190;19990360000;19613088888;20113088888
3192;19990361000;19613088888;20113088888
3193;19990471000;19654355555;20154355555
3194;19990475000;19654355555;20154355555
3195;19990476000;19654355555;20154355555
3196;19990477000;19654355555;20154355555
3197;19990478000;19654355555;20154355555
3198;19990479000;19654355555;20154355555
3199;19990480000;19654355555;20154355555
3200;19990577000;19654366666;20154366666
3201;19990592000;19654633333;20154633333
3202;19990593000;19654633333;20154633333
3203;19990594000;19654633333;20154633333
3204;20014152000;19696100000;20196100000
3205;20014155000;19696100000;20196100000
3206;20014156000;19696100000;20196100000
3207;20014158000;19696100000;20196100000
3208;20014158000;19696100000;20196100000
3209;20014159000;19696100000;20196100000
3211;20014311000;19696111111;20196111111
3212;20014317000;19696377777;20196377777
3213;20014318000;19696377777;20196377777
3214;20014319000;19696377777;20196377777
3216;20044580000;19737588888;20237588888
3217;20044583000;19737588888;20237588888
3218;20044584000;19737588888;20237588888
3219;20044585000;19737588888;20237588888
3221;20044586000;19737588888;20237588888
3222;20044708000;19737600000;20237600000
3223;20044723000;19737900000;20237900000
3225;20044724000;19737900000;20237900000
3226;20077361000;19779444444;20279444444
3227;20077365000;19779444444;20279444444
3228;20077366000;19779444444;20279444444
3229;20077367000;19779444444;20279444444
3230;20077368000;19779444444;20279444444
3231;20077369000;19779444444;20279444444
3232;20077370000;19779444444;20279444444
3234;20077454000;19779788888;20279788888
3235;20077458000;19779788888;20279788888
3238;20114030000;19821066666;20321066666
3239;20114033000;19821066666;20321066666
3240;20114034000;19821066666;20321066666
3241;20114035000;19821066666;20321066666
3242;20114036000;19821066666;20321066666
3244;20114158000;19821077777;20321077777
3245;20114174000;19821366666;20321366666
3246;20114175000;19821366666;20321366666
3247;20135952000;19821366666;20321366666
3248;20202601000;19862722222;20362722222
3254;20202605000;19862722222;20362722222
3255;20202760000;19862733333;20362733333
3256;20202767000;19863033333;20363033333
3257;20202768000;19863033333;20363033333
3258;20202769000;19863033333;20363033333
3259;20244422000;19904433333;20404433333
3260;20244432000;19904433333;20404433333
3261;20244434000;19904433333;20404433333
3262;20244435000;19904433333;20404433333
3263;20244437000;19904433333;20404433333
3264;20244438000;19904433333;20404433333
3265;20244440000;19904433333;20404433333
3266;20244576000;19904444444;20404444444
3267;20244583000;19904733333;20404733333
3269;20244584000;19904733333;20404733333
3270;20285723000;19945977777;20445977777
3271;20285728000;19945977777;20445977777
3272;20285730000;19945977777;20445977777
3273;20285732000;19945977777;20445977777
3274;20285733000;19945977777;20445977777
3275;20285735000;19945977777;20445977777
3276;20285736000;19945977777;20445977777
3277;20285945000;19945988888;20445988888
3278;20285961000;19946233333;20446233333
3279;20285962000;19946233333;20446233333
3280;20285964000;19946233333;20446233333
3281;20326924000;19987766666;20487766666
3282;20326928000;19987766666;20487766666
3283;20326929000;19987766666;20487766666
3284;20326930000;19987766666;20487766666
3285;20326931000;19987766666;20487766666
3287;20326932000;19987766666;20487766666
3288;20327145000;19987777777;20487777777
3289;20327160000;19988066666;20488066666
3290;20327161000;19988066666;20488066666
3291;20327162000;19988066666;20488066666
3292;20367444000;20029233333;20529233333
3293;20367447000;20029233333;20529233333
3294;20367448000;20029233333;20529233333
3295;20367449000;20029233333;20529233333
3296;20367450000;20029233333;20529233333
3297;20367451000;20029233333;20529233333
3298;20367452000;20029233333;20529233333
3299;20367669000;20029244444;20529244444
3300;20367675000;20029522222;20529522222
3301;20367676000;20029522222;20529522222
3302;20367677000;20029522222;20529522222
3303;20407525000;20071077777;20571077777
3304;20407528000;20071077777;20571077777
3305;20407529000;20071077777;20571077777
3306;20407530000;20071077777;20571077777
3307;20407531000;20071077777;20571077777
3308;20407532000;20071077777;20571077777
3309;20407533000;20071077777;20571077777
3310;20407746000;20071088888;20571088888
3311;20407749000;20071355555;20571355555
3312;20407750000;20071355555;20571355555
3313;20407751000;20071355555;20571355555
3314;20446482000;20112744444;20612744444
3315;20446486000;20112744444;20612744444
3316;20446495000;20112744444;20612744444
3317;20446496000;20112744444;20612744444
3318;20446497000;20112744444;20612744444
3320;20446498000;20112744444;20612744444
3321;20446699000;20112755555;20612755555
3322;20446706000;20113066666;20613066666
3323;20446707000;20113066666;20613066666
3324;20446708000;20113066666;20613066666
3325;20485853000;20154333333;20654333333
3326;20485856000;20154333333;20654333333
3327;20485857000;20154333333;20654333333
3328;20485858000;20154333333;20654333333
3329;20485859000;20154333333;20654333333
3330;20485860000;20154333333;20654333333
3331;20485861000;20154333333;20654333333
3332;20486061000;20154344444;20654344444
3333;20486067000;20154677777;20654677777
3334;20486068000;20154677777;20654677777
3335;20486069000;20154677777;20654677777
3336;20524914000;20196077777;20696077777
3337;20524918000;20196077777;20696077777
3338;20524919000;20196077777;20696077777
3339;20524920000;20196077777;20696077777
3340;20524921000;20196077777;20696077777
3341;20524922000;20196077777;20696077777
3342;20524923000;20196077777;20696077777
3343;20525131000;20196088888;20696088888
3344;20525137000;20196377777;20696377777
3345;20525138000;20196377777;20696377777
3346;20525139000;20196377777;20696377777
3347;20563218000;20237611111;20737611111
3348;20563222000;20237611111;20737611111
3349;20563223000;20237611111;20737611111
3350;20563224000;20237611111;20737611111
3351;20563224000;20237611111;20737611111
3352;20563226000;20237611111;20737611111
3353;20563226000;20237611111;20737611111
3354;20563425000;20237622222;20737622222
3355;20563431000;20237911111;20737911111
3356;20563433000;20237911111;20737911111
3357;20563434000;20237911111;20737911111
3358;20601810000;20279411111;20779411111
3359;20601813000;20279411111;20779411111
3361;20651308000;20279411111;20779411111
3362;20651313000;20279411111;20779411111
3363;20651314000;20279411111;20779411111
3364;20651316000;20279411111;20779411111
3365;20656558000;20279422222;20779422222
3366;20656565000;20279700000;20779700000
3367;20656567000;20279700000;20779700000
3368;20656568000;20279700000;20779700000
3369;20692666000;20321088888;20821088888
3376;20692880000;20321100000;20821100000
3377;20692896000;20321377777;20821377777
3378;20692897000;20321377777;20821377777
3379;20692899000;20321377777;20821377777
3380;20734010000;20362711111;20862711111
3391;20774862000;20404411111;20904411111
3400;20774974000;20404711111;20904711111
3401;20774978000;20404711111;20904711111
3402;20814770000;20445966666;20945966666
3420;20853907000;20487755555;20987755555
3425;20853923000;20529233333;21029233333
3426;20853924000;20529233333;21029233333
3427;20853926000;20529233333;21029233333
3428;20853927000;20529233333;21029233333
3429;20853928000;20529233333;21029233333
3430;20853929000;20529233333;21029233333
3431;20892820000;20529244444;21029244444
3435;20892835000;20571077777;21071077777
3436;20892836000;20571077777;21071077777
3437;20892837000;20571077777;21071077777
3438;20892838000;20571077777;21071077777
3439;20892839000;20571077777;21071077777
3440;20892840000;20571077777;21071077777
3441;20892841000;20571077777;21071077777
3442;20924678000;20571088888;21071088888
3455;20924693000;20613066666;21113066666
3456;20924695000;20613066666;21113066666
3457;20992944000;20654288888;21154288888
3470;21026074000;20696077777;21196077777
3480;21058492000;20737600000;21237600000
3497;21076252000;20779433333;21279433333
3505;21076258000;20821044444;21321044444
3506;21076268000;20821044444;21321044444
3507;21076269000;20821044444;21321044444
3508;21100345000;20821055555;21321055555
3512;21100360000;20862711111;21362711111
3513;21100362000;20862711111;21362711111
3514;21100363000;20862711111;21362711111
3515;21100364000;20862711111;21362711111
3516;21100365000;20862711111;21362711111
3517;21100366000;20862711111;21362711111
3518;21100367000;20862711111;21362711111
3519;21129454000;20862722222;21362722222
3520;21129469000;20863033333;21363033333
3521;21129470000;20863033333;21363033333
3522;21129471000;20863033333;21363033333
3523;21158406000;20904411111;21404411111
3528;21158409000;20904411111;21404411111
3530;21158634000;20904422222;21404422222
3531;21158650000;20904711111;21404711111
3532;21158651000;20904711111;21404711111
3534;21180397000;20945933333;21445933333
3535;21180401000;20945933333;21445933333
3536;21180402000;20945933333;21445933333
3537;21180403000;20945933333;21445933333
3538;21180404000;20945933333;21445933333
3539;21180405000;20945933333;21445933333
3540;21180406000;20945933333;21445933333
3541;21180506000;20945944444;21445944444
3542;21180522000;20946211111;21446211111
3543;21180523000;20946211111;21446211111
3544;21180524000;20946211111;21446211111
3545;21211753000;20987755555;21487755555
3549;21211756000;20987755555;21487755555
3550;21211757000;20987755555;21487755555
3552;21211956000;20987766666;21487766666
3553;21211971000;20988066666;21488066666
3554;21211973000;20988066666;21488066666
3555;21211973000;20988066666;21488066666
3556;21246455000;21029233333;21529233333
3560;21246458000;21029233333;21529233333
3561;21246459000;21029233333;21529233333
3562;21246460000;21029233333;21529233333
3563;21246660000;21029244444;21529244444
3564;21246675000;21029555555;21529555555
3565;21246677000;21029555555;21529555555
3566;21246677000;21029555555;21529555555
3567;21279419000;21070911111;21570911111
3568;21279422000;21070911111;21570911111
3571;21279424000;21070911111;21570911111
3572;21279425000;21070911111;21570911111
3573;21279426000;21070911111;21570911111
3574;21279659000;21070922222;21570922222
3575;21279666000;21071233333;21571233333
3576;21279667000;21071233333;21571233333
3577;21279668000;21071233333;21571233333
3578;21303857000;21112588888;21612588888
3581;21303861000;21112588888;21612588888
3582;21303862000;21112588888;21612588888
3583;21303863000;21112588888;21612588888
3584;21303863000;21112588888;21612588888
3585;21304014000;21112611111;21612611111
3586;21304018000;21112944444;21612944444
3587;21304020000;21112944444;21612944444
3588;21304020000;21112944444;21612944444
3589;21338028000;21154244444;21654244444
3590;21338032000;21154244444;21654244444
3591;21338033000;21154244444;21654244444
3592;21338034000;21154244444;21654244444
3593;21338035000;21154244444;21654244444
3594;21338036000;21154244444;21654244444
3595;21338037000;21154244444;21654244444
3596;21338302000;21154255555;21654255555
3597;21338308000;21154577777;21654577777
3598;21338309000;21154577777;21654577777
3599;21338310000;21154577777;21654577777
3600;21691696000;21195922222;21695922222
3683;21914390000;21487611111;21987611111
3743;22150135000;21737611111;22237611111
3795;22311415000;21904600000;22404600000
3835;22417792000;22070944444;22570944444
3869;22552288000;22195944444;22695944444
3894;22638195000;22279622222;22779622222
3918;22800739000;22362977777;22862977777
3959;22935434000;22529300000;23029300000
3984;22935449000;22612944444;23112944444
3985;23039323000;22654266666;23154266666
4020;23162413000;22779277777;23279277777
4050;23162547000;22862922222;23362922222
4051;23167814000;22904266666;23404266666
4055;23167817000;22904266666;23404266666
4056;23167819000;22904266666;23404266666
4057;23167820000;22904266666;23404266666
4058;23315936000;22904300000;23404300000
4096;23315952000;23070944444;23570944444
4097;23315953000;23070944444;23570944444
4098;23315954000;23070944444;23570944444
4099;23315955000;23070944444;23570944444
4103;23479511000;23071233333;23571233333
4139;23606458000;23237588888;23737588888
4171;23705235000;23321244444;23821244444
4204;23839982000;23446222222;23946222222
4233;23888175000;23570944444;24070944444
4241;23893590000;23612600000;24112600000
4243;23893594000;23612600000;24112600000
4244;23893595000;23612600000;24112600000
4245;23893693000;23612633333;24112633333
4246;23893708000;23612933333;24112933333
4247;23893710000;23612933333;24112933333
4248;23893711000;23612933333;24112933333
4249;23898657000;23654266666;24154266666
4250;23898660000;23654266666;24154266666
4251;23898662000;23654266666;24154266666
4252;23898663000;23654266666;24154266666
4253;23898674000;23654266666;24154266666
4254;23898676000;23654266666;24154266666
4255;23898677000;23654266666;24154266666
4256;24077330000;23654300000;24154300000
4311;24287228000;23862644444;24362644444
4361;24287247000;24070933333;24570933333
4362;24287248000;24070933333;24570933333
4363;24287250000;24070933333;24570933333
4364;24287261000;24070933333;24570933333
4365;24287262000;24070933333;24570933333
4366;24430695000;24070966666;24570966666
4404;24430699000;24237588888;24737588888
4405;24430700000;24237588888;24737588888
4406;24430701000;24237588888;24737588888
4407;24430702000;24237588888;24737588888
4408;24430703000;24237588888;24737588888
4409;24430704000;24237588888;24737588888
4410;24649213000;24237600000;24737600000
4463;24649229000;24445933333;24945933333
4464;24649230000;24445933333;24945933333
4465;24851575000;24445955555;24945955555
4513;24851656000;24654266666;25154266666
4514;24851658000;24654266666;25154266666
4515;24851669000;24654266666;25154266666
4516;24851670000;24654266666;25154266666
4517;24851671000;24654266666;25154266666
4518;24851672000;24654266666;25154266666
4519;24851673000;24654266666;25154266666
4520;25104360000;24654277777;25154277777
4585;25104378000;24904255555;25404255555
4586;25285890000;24904266666;25404266666
4624;25285905000;25070922222;25570922222
4625;25285906000;25070922222;25570922222
4628;25290642000;25070922222;25570922222
4630;25525291000;25070933333;25570933333
4685;25662144000;25279266666;25779266666
4720;25662150000;25404544444;25904544444
4721;25662151000;25404544444;25904544444
4722;25855106000;25445922222;25945922222
4766;26062623000;25612588888;26112588888
4815;26256208000;25779255555;26279255555
4858;26337614000;25945922222;26445922222
4878;26505884000;26029255555;26529255555
4922;26573610000;26195922222;26695922222
4932;26586142000;26237566666;26737566666
4933;26586146000;26237566666;26737566666
4934;26586147000;26237566666;26737566666
4936;26586148000;26237566666;26737566666
4937;26586149000;26237566666;26737566666
4938;26586272000;26237588888;26737588888
4939;26586277000;26237877777;26737877777
4940;26586278000;26237877777;26737877777
4941;26586279000;26237877777;26737877777
4944;26600877000;26279255555;26779255555
4948;26600880000;26279255555;26779255555
4949;26600954000;26279266666;26779266666
4950;26600959000;26279555555;26779555555
4951;26600960000;26279555555;26779555555
4952;26600961000;26279555555;26779555555
4953;26606211000;26320922222;26820922222
4954;26606214000;26320922222;26820922222
4956;26606215000;26320922222;26820922222
4957;26606216000;26320922222;26820922222
4958;26606217000;26320922222;26820922222
4959;26606218000;26320922222;26820922222
4960;26814300000;26320933333;26820933333
5001;26814317000;26487600000;26987600000
5002;26814318000;26487600000;26987600000
5003;26814319000;26487600000;26987600000
5006;26988626000;26487922222;26987922222
5045;27047859000;26654244444;27154244444
5056;27071086000;26695922222;27195922222
5071;27091452000;26737900000;27237900000
5073;27091455000;26737900000;27237900000
5074;27107396000;26779255555;27279255555
5075;27107399000;26779255555;27279255555
5076;27107400000;26779255555;27279255555
5077;27107401000;26779255555;27279255555
5078;27107402000;26779255555;27279255555
5079;27107403000;26779255555;27279255555
5080;27107404000;26779255555;27279255555
5081;27107527000;26779266666;27279266666
5082;27107543000;26779555555;27279555555
5084;27107544000;26779555555;27279555555
5086;27114816000;26820922222;27320922222
5087;27114819000;26820922222;27320922222
5088;27114820000;26820922222;27320922222
5089;27114821000;26820922222;27320922222
5090;27114822000;26820922222;27320922222
5091;27114823000;26820922222;27320922222
5092;27114942000;26820933333;27320933333
5093;27114957000;26821211111;27321211111
5094;27114958000;26821211111;27321211111
5095;27114959000;26821211111;27321211111
5096;27138657000;26862577777;27362577777
5097;27138660000;26862577777;27362577777
5098;27138661000;26862577777;27362577777
5099;27138662000;26862577777;27362577777
5100;27138663000;26862577777;27362577777
5101;27138664000;26862577777;27362577777
5102;27138665000;26862577777;27362577777
5103;27138865000;26862588888;27362588888
5104;27138880000;26862888888;27362888888
5105;27138881000;26862888888;27362888888
5106;27138890000;26862888888;27362888888
5107;27164166000;26904255555;27404255555
5108;27164170000;26904255555;27404255555
5109;27164171000;26904255555;27404255555
5110;27164171000;26904255555;27404255555
5111;27164172000;26904255555;27404255555
5113;27170911000;26904255555;27404255555
5114;27221837000;26904266666;27404266666
5117;27221852000;26904555555;27404555555
5118;27263347000;26945911111;27445911111
5124;27263350000;26945911111;27445911111
5125;27489885000;26945922222;27445922222
5184;27489907000;27195922222;27695922222
5185;27489908000;27195922222;27695922222
5188;27536665000;27195922222;27695922222
5189;27536667000;27195922222;27695922222
5190;27536669000;27195922222;27695922222
5191;27568231000;27195933333;27695933333
5196;27568246000;27237577777;27737577777
5197;27568248000;27237577777;27737577777
5198;27568249000;27237577777;27737577777
5199;27568251000;27237577777;27737577777
5200;27568252000;27237577777;27737577777
5201;27568253000;27237577777;27737577777
5202;27590910000;27237588888;27737588888
5204;27590925000;27237866666;27737866666
5205;27590927000;27237866666;27737866666
5206;27613400000;27279255555;27779255555
5212;27613403000;27279255555;27779255555
5214;27613515000;27279588888;27779588888
5215;27613518000;27279588888;27779588888
5216;27613519000;27279588888;27779588888
5217;27632426000;27320911111;27820911111
5218;27632429000;27320911111;27820911111
5219;27632430000;27320911111;27820911111
5220;27632431000;27320911111;27820911111
5221;27632432000;27320911111;27820911111
5222;27632433000;27320911111;27820911111
5223;27632434000;27320911111;27820911111
5224;27632634000;27320922222;27820922222
5225;27632649000;27321211111;27821211111
5226;27632650000;27321211111;27821211111
5227;27632651000;27321211111;27821211111
5228;27655718000;27362588888;27862588888
5229;27655722000;27362588888;27862588888
5230;27655723000;27362588888;27862588888
5231;27655724000;27362588888;27862588888
5232;27655725000;27362588888;27862588888
5233;27655726000;27362588888;27862588888
5234;27655727000;27362588888;27862588888
5235;27655927000;27362600000;27862600000
5236;27655942000;27362900000;27862900000
5237;27655943000;27362900000;27862900000
5238;27655944000;27362900000;27862900000
5239;27686768000;27404255555;27904255555
5240;27686771000;27404255555;27904255555
5241;27686773000;27404255555;27904255555
5242;27686774000;27404255555;27904255555
5243;27686775000;27404255555;27904255555
5246;27743981000;27404266666;27904266666
5250;27743997000;27445911111;27945911111
5251;27743998000;27445911111;27945911111
5252;27743999000;27445911111;27945911111
5253;27744000000;27445911111;27945911111
5254;27744001000;27445911111;27945911111
5255;27744002000;27445911111;27945911111
5256;27744002000;27445911111;27945911111
5257;27785607000;27445922222;27945922222
5261;27785623000;27487577777;27987577777
5263;27826685000;27487577777;27987577777
5264;27826689000;27487577777;27987577777
5265;27826690000;27487577777;27987577777
5266;27826691000;27487577777;27987577777
5267;27826692000;27487577777;27987577777
5269;27847352000;27487922222;27987922222
5274;27867765000;27529233333;28029233333
5275;27867775000;27529233333;28029233333
5276;27867776000;27529233333;28029233333
5277;27867778000;27529233333;28029233333
5278;27867779000;27529233333;28029233333
5279;27867998000;27529244444;28029244444
5281;27868014000;27529566666;28029566666
5282;27868016000;27529566666;28029566666
5283;27908189000;27570922222;28070922222
5286;27908193000;27570922222;28070922222
5287;27908194000;27570922222;28070922222
5288;27908196000;27570922222;28070922222
5289;27908197000;27570922222;28070922222
5290;27908397000;27570933333;28070933333
5291;27908412000;27571211111;28071211111
5292;27908414000;27571211111;28071211111
5293;27908415000;27571211111;28071211111
5296;27945958000;27612588888;28112588888
5301;27946161000;27612600000;28112600000
5302;27946167000;27612900000;28112900000
5303;27946168000;27612900000;28112900000
5304;27946169000;27612900000;28112900000
5305;27983583000;27654244444;28154244444
5316;28023764000;27695922222;28195922222
5319;28023784000;27695922222;28195922222
5320;28023785000;27695922222;28195922222
5321;28023786000;27695922222;28195922222
5322;28023787000;27695922222;28195922222
5323;28023986000;27695933333;28195933333
5324;28024002000;27696222222;28196222222
5325;28024003000;27696222222;28196222222
5326;28024004000;27696222222;28196222222
5327;28055391000;27737566666;28237566666
5328;28055394000;27737566666;28237566666
5329;28055395000;27737566666;28237566666
5330;28055397000;27737566666;28237566666
5331;28055398000;27737566666;28237566666
5332;28055398000;27737566666;28237566666
5333;28055399000;27737566666;28237566666
5334;28055625000;27737588888;28237588888
5335;28055640000;27737877777;28237877777
5336;28055641000;27737877777;28237877777
5337;28055642000;27737877777;28237877777
5338;28089567000;27779277777;28279277777
5342;28089571000;27779277777;28279277777
5343;28089572000;27779277777;28279277777
5344;28089573000;27779277777;28279277777
5346;28089700000;27779588888;28279588888
5347;28089703000;27779588888;28279588888
5348;28089704000;27779588888;28279588888
5349;28127735000;27820922222;28320922222
5350;28127739000;27820922222;28320922222
5352;28127740000;27820922222;28320922222
5354;28127741000;27820922222;28320922222
5355;28127742000;27820922222;28320922222
5356;28127941000;27820933333;28320933333
5357;28127956000;27821211111;28321211111
5358;28127957000;27821211111;28321211111
5359;28127958000;27821211111;28321211111
5360;28159207000;27862588888;28362588888
5361;28159211000;27862588888;28362588888
5362;28159212000;27862588888;28362588888
5363;28159213000;27862588888;28362588888
5364;28159214000;27862588888;28362588888
5365;28159214000;27862588888;28362588888
5366;28159215000;27862588888;28362588888
5367;28159338000;27862600000;28362600000
5368;28159344000;27862888888;28362888888
5369;28159345000;27862888888;28362888888
5370;28159346000;27862888888;28362888888
5371;28193782000;27904255555;28404255555
5372;28193786000;27904255555;28404255555
5373;28193787000;27904255555;28404255555
5374;28193788000;27904255555;28404255555
5375;28193789000;27904255555;28404255555
5376;28193790000;27904255555;28404255555
5377;28193791000;27904255555;28404255555
5378;28193917000;27904266666;28404266666
5379;28193923000;27904577777;28404577777
5380;28193924000;27904577777;28404577777
5381;28193925000;27904577777;28404577777
5382;28229231000;27945911111;28445911111
5390;28229295000;27946177777;28446177777
5392;28229309000;27946177777;28446177777
5393;28262649000;27987611111;28487611111
5398;28262652000;27987611111;28487611111
5399;28262653000;27987611111;28487611111
5400;28262757000;27987622222;28487622222
5401;28262762000;27987922222;28487922222
5402;28262763000;27987922222;28487922222
5403;28262764000;27987922222;28487922222
5404;28299204000;28029233333;28529233333
5407;28299207000;28029233333;28529233333
5408;28299208000;28029233333;28529233333
5409;28299209000;28029233333;28529233333
5410;28299210000;28029233333;28529233333
5411;28299333000;28029244444;28529244444
5413;28299338000;28029533333;28529533333
5414;28299339000;28029533333;28529533333
5415;28324606000;28070922222;28570922222
5420;28324609000;28070922222;28570922222
5421;28324610000;28070922222;28570922222
5423;28324674000;28071211111;28571211111
5424;28324676000;28071211111;28571211111
5425;28324686000;28071211111;28571211111
5426;28361005000;28112588888;28612588888
5428;28361009000;28112588888;28612588888
5429;28361010000;28112588888;28612588888
5430;28361011000;28112588888;28612588888
5431;28361012000;28112588888;28612588888
5432;28361013000;28112588888;28612588888
5433;28361129000;28112600000;28612600000
5434;28361135000;28112911111;28612911111
5435;28361137000;28112911111;28612911111
5436;28361138000;28112911111;28612911111
5437;28390504000;28154244444;28654244444
5438;28390508000;28154244444;28654244444
5439;28390509000;28154244444;28654244444
5440;28390510000;28154244444;28654244444
5441;28390511000;28154244444;28654244444
5442;28390512000;28154244444;28654244444
5443;28390513000;28154244444;28654244444
5444;28390639000;28154255555;28654255555
5445;28390644000;28154555555;28654555555
5446;28390663000;28154555555;28654555555
5447;28390665000;28154555555;28654555555
5448;28423591000;28195922222;28695922222
5449;28423594000;28195922222;28695922222
5450;28423595000;28195922222;28695922222
5451;28423596000;28195922222;28695922222
5452;28423598000;28195922222;28695922222
5453;28423599000;28195922222;28695922222
5454;28423600000;28195922222;28695922222
5455;28423725000;28195933333;28695933333
5456;28423730000;28196288888;28696288888
5457;28423731000;28196288888;28696288888
5458;28423733000;28196288888;28696288888
5459;28458786000;28237588888;28737588888
5460;28458798000;28237588888;28737588888
5461;28458799000;28237588888;28737588888
5462;28458800000;28237588888;28737588888
5463;28458801000;28237588888;28737588888
5466;28458903000;28237600000;28737600000
5467;28458908000;28237888888;28737888888
5468;28458909000;28237888888;28737888888
5470;28494820000;28279255555;28779255555
5471;28494823000;28279255555;28779255555
5472;28494824000;28279255555;28779255555
5473;28494825000;28279255555;28779255555
5475;28494826000;28279255555;28779255555
5476;28494827000;28279255555;28779255555
5477;28494898000;28279266666;28779266666
5478;28494902000;28279544444;28779544444
5479;28494904000;28279544444;28779544444
5480;28494905000;28279544444;28779544444
5481;28529916000;28320966666;28820966666
5482;28529919000;28320966666;28820966666
5483;28529920000;28320966666;28820966666
5484;28529921000;28320966666;28820966666
5485;28529922000;28320966666;28820966666
5486;28529923000;28320966666;28820966666
5487;28529924000;28320966666;28820966666
5488;28530059000;28320988888;28820988888
5489;28530074000;28321266666;28821266666
5490;28530076000;28321266666;28821266666
5491;28530077000;28321266666;28821266666
5492;28560831000;28362577777;28862577777
5493;28560835000;28362577777;28862577777
5494;28560836000;28362577777;28862577777
5495;28560837000;28362577777;28862577777
5496;28560838000;28362577777;28862577777
5497;28560839000;28362577777;28862577777
5498;28560840000;28362577777;28862577777
5499;28876001000;28362588888;28862588888
