seqnum;now;rtptime;deadline
2;16125229000;12331622222;12831622222
3;16205220000;12363044444;12863044444
56;16367504000;12530011111;13030011111
57;16367512000;12530011111;13030011111
58;16402743000;12571355555;13071355555
59;16402753000;12571355555;13071355555
60;16402755000;12571355555;13071355555
61;16402757000;12571355555;13071355555
62;16402759000;12571355555;13071355555
63;16402761000;12571355555;13071355555
64;16402763000;12571355555;13071355555
65;16402970000;12571366666;13071366666
66;16402986000;12571677777;13071677777
67;16402988000;12571677777;13071677777
68;16402989000;12571677777;13071677777
69;16433492000;12613022222;13113022222
135;16552824000;12863022222;13363022222
136;16552827000;12863022222;13363022222
137;16552828000;12863022222;13363022222
138;16552829000;12863022222;13363022222
139;16552830000;12863022222;13363022222
140;16552831000;12863022222;13363022222
141;16552832000;12863022222;13363022222
142;16553047000;12863033333;13363033333
143;16553064000;12863322222;13363322222
144;16553065000;12863322222;13363322222
145;16553066000;12863322222;13363322222
146;16569964000;12904688888;13404688888
147;16569968000;12904688888;13404688888
148;16569969000;12904688888;13404688888
149;16569970000;12904688888;13404688888
150;16569971000;12904688888;13404688888
151;16569972000;12904688888;13404688888
152;16569973000;12904688888;13404688888
153;16570146000;12904700000;13404700000
154;16570151000;12905022222;13405022222
155;16570152000;12905022222;13405022222
156;16570153000;12905022222;13405022222
157;16586817000;12946355555;13446355555
158;16724522000;12946355555;13446355555
159;16724680000;12946355555;13446355555
160;16724986000;12946355555;13446355555
161;16725173000;12946355555;13446355555
162;16725411000;12946355555;13446355555
163;16725413000;12946355555;13446355555
164;16775954000;12946366666;13446366666
215;16775969000;13154688888;13654688888
216;16775970000;13154688888;13654688888
217;16775971000;13154688888;13654688888
218;16775972000;13154688888;13654688888
219;16978254000;13154700000;13654700000
220;16978274000;13155022222;13655022222
221;16978276000;13155022222;13655022222
222;16978277000;13155022222;13655022222
223;17011661000;13196355555;13696355555
224;17011665000;13196355555;13696355555
225;17011667000;13196355555;13696355555
226;17011668000;13196355555;13696355555
227;17011670000;13196355555;13696355555
228;17011671000;13196355555;13696355555
229;17011672000;13196355555;13696355555
230;17011876000;13196366666;13696366666
231;17011892000;13196677777;13696677777
232;17011893000;13196677777;13696677777
233;17011895000;13196677777;13696677777
234;17041603000;13238022222;13738022222
292;17141750000;13446355555;13946355555
295;17141758000;13446355555;13946355555
296;17141979000;13446366666;13946366666
297;17141995000;13446644444;13946644444
298;17141997000;13446644444;13946644444
299;17141998000;13446644444;13946644444
300;17155307000;13488022222;13988022222
301;17155311000;13488022222;13988022222
302;17155313000;13488022222;13988022222
303;17155315000;13488022222;13988022222
304;17155316000;13488022222;13988022222
305;17155317000;13488022222;13988022222
306;17155318000;13488022222;13988022222
307;17155520000;13488033333;13988033333
308;17155536000;13488300000;13988300000
309;17155537000;13488300000;13988300000
310;17155538000;13488300000;13988300000
311;17171140000;13529688888;14029688888
312;17171145000;13529688888;14029688888
313;17171147000;13529688888;14029688888
314;17171148000;13529688888;14029688888
315;17171150000;13529688888;14029688888
316;17171151000;13529688888;14029688888
317;17326128000;13529688888;14029688888
318;17378327000;13529700000;14029700000
373;17578971000;13738033333;14238033333
374;17578997000;13738277777;14238277777
375;17579000000;13738277777;14238277777
376;17579001000;13738277777;14238277777
377;17612589000;13779688888;14279688888
378;17612594000;13779688888;14279688888
379;17612596000;13779688888;14279688888
380;17612597000;13779688888;14279688888
381;17612599000;13779688888;14279688888
382;17612601000;13779688888;14279688888
383;17612602000;13779688888;14279688888
384;17612812000;13779700000;14279700000
385;17612852000;13780000000;14280000000
386;17612853000;13780000000;14280000000
387;17612855000;13780000000;14280000000
388;17642535000;13821366666;14321366666
450;17742891000;14029700000;14529700000
453;17742907000;14029988888;14529988888
454;17756428000;14071355555;14571355555
455;17756432000;14071355555;14571355555
456;17756433000;14071355555;14571355555
457;17756434000;14071355555;14571355555
458;17756435000;14071355555;14571355555
459;17756436000;14071355555;14571355555
460;17756437000;14071355555;14571355555
461;17756638000;14071366666;14571366666
462;17756654000;14071644444;14571644444
463;17756655000;14071644444;14571644444
464;17756656000;14071644444;14571644444
465;17772262000;14113022222;14613022222
466;17772267000;14113022222;14613022222
467;17772268000;14113022222;14613022222
468;17772270000;14113022222;14613022222
469;17772271000;14113022222;14613022222
470;17772272000;14113022222;14613022222
471;17772273000;14113022222;14613022222
472;17772447000;14113033333;14613033333
473;17772452000;14113322222;14613322222
474;17772453000;14113322222;14613322222
475;17927361000;14113322222;14613322222
476;17977916000;14154688888;14654688888
531;18180284000;14363022222;14863022222
532;18180292000;14363022222;14863022222
533;18180294000;14363022222;14863022222
534;18180297000;14363022222;14863022222
535;18180298000;14363022222;14863022222
536;18180300000;14363022222;14863022222
537;18180301000;14363022222;14863022222
538;18180528000;14363033333;14863033333
539;18180544000;14363322222;14863322222
540;18180546000;14363322222;14863322222
541;18180547000;14363322222;14863322222
542;18213891000;14404688888;14904688888
543;18213895000;14404688888;14904688888
544;18213896000;14404688888;14904688888
545;18213898000;14404688888;14904688888
546;18213899000;14404688888;14904688888
547;18213901000;14404688888;14904688888
548;18213902000;14404688888;14904688888
549;18214105000;14404700000;14904700000
550;18214130000;14405022222;14905022222
551;18214132000;14405022222;14905022222
552;18214133000;14405022222;14905022222
553;18244422000;14446355555;14946355555
606;18337609000;14613333333;15113333333
611;18355359000;14654688888;15154688888
612;18355363000;14654688888;15154688888
613;18355364000;14654688888;15154688888
614;18355366000;14654688888;15154688888
615;18355569000;14654711111;15154711111
616;18355585000;14655033333;15155033333
617;18355586000;14655033333;15155033333
618;18355588000;14655033333;15155033333
619;18372551000;14696355555;15196355555
620;18372555000;14696355555;15196355555
621;18372557000;14696355555;15196355555
622;18372558000;14696355555;15196355555
623;18372559000;14696355555;15196355555
624;18372560000;14696355555;15196355555
625;18372561000;14696355555;15196355555
626;18372779000;14696366666;15196366666
627;18372794000;14696677777;15196677777
628;18372796000;14696677777;15196677777
629;18372797000;14696677777;15196677777
630;18391269000;14738022222;15238022222
631;18391275000;14738022222;15238022222
632;18391277000;14738022222;15238022222
633;18391279000;14738022222;15238022222
634;18528532000;14738022222;15238022222
635;18529262000;14738022222;15238022222
636;18529462000;14738022222;15238022222
637;18579950000;14738033333;15238033333
688;18579966000;14946355555;15446355555
689;18579968000;14946355555;15446355555
690;18579969000;14946355555;15446355555
691;18579970000;14946355555;15446355555
692;18782282000;14946366666;15446366666
695;18782300000;14946677777;15446677777
696;18815757000;14988022222;15488022222
697;18815761000;14988022222;15488022222
698;18815762000;14988022222;15488022222
699;18815764000;14988022222;15488022222
700;18815765000;14988022222;15488022222
701;18815766000;14988022222;15488022222
702;18815767000;14988022222;15488022222
703;18815895000;14988033333;15488033333
704;18815900000;14988333333;15488333333
705;18815902000;14988333333;15488333333
706;18815903000;14988333333;15488333333
707;18846289000;15029688888;15529688888
763;18957896000;15238022222;15738022222
770;18958011000;15238311111;15738311111
771;18958014000;15238311111;15738311111
772;18958015000;15238311111;15738311111
773;18974320000;15279688888;15779688888
774;18974323000;15279688888;15779688888
775;18974325000;15279688888;15779688888
776;18974326000;15279688888;15779688888
777;18974327000;15279688888;15779688888
778;18974328000;15279688888;15779688888
779;18974329000;15279688888;15779688888
780;18974529000;15279700000;15779700000
781;18974544000;15280033333;15780033333
782;18974546000;15280033333;15780033333
783;18974547000;15280033333;15780033333
784;18991330000;15321355555;15821355555
785;18991334000;15321355555;15821355555
786;18991336000;15321355555;15821355555
787;18991337000;15321355555;15821355555
788;18991338000;15321355555;15821355555
789;18991340000;15321355555;15821355555
790;18991341000;15321355555;15821355555
791;18991543000;15321366666;15821366666
792;19130313000;15321677777;15821677777
793;19130465000;15321677777;15821677777
794;19130720000;15321677777;15821677777
795;19222231000;15363022222;15863022222
848;19382481000;15530022222;16030022222
849;19382487000;15530022222;16030022222
850;19416334000;15571355555;16071355555
851;19416349000;15571355555;16071355555
852;19416350000;15571355555;16071355555
853;19416351000;15571355555;16071355555
854;19416353000;15571355555;16071355555
855;19416354000;15571355555;16071355555
856;19416355000;15571355555;16071355555
857;19416621000;15571366666;16071366666
858;19416637000;15571688888;16071688888
859;19416639000;15571688888;16071688888
860;19416640000;15571688888;16071688888
861;19446310000;15613022222;16113022222
921;19546911000;15821355555;16321355555
927;19561255000;15863022222;16363022222
928;19561259000;15863022222;16363022222
929;19561260000;15863022222;16363022222
930;19561261000;15863022222;16363022222
931;19561262000;15863022222;16363022222
932;19561264000;15863022222;16363022222
933;19561265000;15863022222;16363022222
934;19561469000;15863033333;16363033333
935;19561485000;15863333333;16363333333
936;19561486000;15863333333;16363333333
937;19561487000;15863333333;16363333333
938;19577049000;15904688888;16404688888
939;19577053000;15904688888;16404688888
940;19577055000;15904688888;16404688888
941;19577056000;15904688888;16404688888
942;19577057000;15904688888;16404688888
943;19577059000;15904688888;16404688888
944;19577060000;15904688888;16404688888
945;19577300000;15904700000;16404700000
946;19577315000;15905022222;16405022222
947;19577317000;15905022222;16405022222
948;19577318000;15905022222;16405022222
949;19595569000;15946366666;16446366666
950;19731502000;15946366666;16446366666
951;19731806000;15946366666;16446366666
952;19732008000;15946366666;16446366666
953;19732290000;15946366666;16446366666
954;19732470000;15946366666;16446366666
955;19732645000;15946366666;16446366666
956;19783180000;15946388888;16446388888
1002;19783196000;16113333333;16613333333
1003;19783197000;16113333333;16613333333
1004;19985333000;16154677777;16654677777
1008;19985340000;16154677777;16654677777
1009;19985341000;16154677777;16654677777
1010;19985342000;16154677777;16654677777
1011;19985552000;16154688888;16654688888
1012;19985567000;16155055555;16655055555
1013;19985569000;16155055555;16655055555
1014;19985570000;16155055555;16655055555
1015;20018906000;16196355555;16696355555
1016;20018910000;16196355555;16696355555
1017;20018912000;16196355555;16696355555
1018;20018913000;16196355555;16696355555
1019;20018914000;16196355555;16696355555
1020;20018915000;16196355555;16696355555
1021;20018916000;16196355555;16696355555
1022;20019057000;16196366666;16696366666
1023;20019061000;16196688888;16696688888
1024;20019062000;16196688888;16696688888
1025;20019063000;16196688888;16696688888
1026;20049763000;16238022222;16738022222
1079;20146774000;16405011111;16905011111
1086;20166498000;16446355555;16946355555
1087;20166503000;16446355555;16946355555
1088;20166745000;16446377777;16946377777
1089;20166758000;16446688888;16946688888
1090;20166761000;16446688888;16946688888
1091;20166763000;16446688888;16946688888
1092;20185359000;16488022222;16988022222
1093;20185368000;16488022222;16988022222
1094;20185369000;16488022222;16988022222
1095;20185371000;16488022222;16988022222
1096;20185372000;16488022222;16988022222
1097;20185387000;16488022222;16988022222
1098;20185389000;16488022222;16988022222
1099;20185625000;16488033333;16988033333
1100;20185641000;16488300000;16988300000
1101;20185643000;16488300000;16988300000
1102;20185644000;16488300000;16988300000
1103;20204628000;16529688888;17029688888
1104;20204632000;16529688888;17029688888
1105;20204633000;16529688888;17029688888
1106;20204635000;16529688888;17029688888
1107;20204636000;16529688888;17029688888
1108;20204637000;16529688888;17029688888
1109;20333278000;16529688888;17029688888
1110;20383924000;16529700000;17029700000
1159;20383941000;16738011111;17238011111
1160;20383942000;16738011111;17238011111
1161;20383943000;16738011111;17238011111
1162;20383944000;16738011111;17238011111
1163;20383945000;16738011111;17238011111
1164;20383946000;16738011111;17238011111
1165;20586271000;16738033333;17238033333
1169;20586290000;16779677777;17279677777
1170;20586292000;16779677777;17279677777
1171;20586293000;16779677777;17279677777
1172;20586295000;16779677777;17279677777
1173;20586296000;16779677777;17279677777
1174;20586297000;16779677777;17279677777
1175;20586299000;16779677777;17279677777
1176;20619800000;16779688888;17279688888
1177;20619806000;16780011111;17280011111
1178;20619808000;16780011111;17280011111
1179;20619809000;16780011111;17280011111
1180;20649708000;16821355555;17321355555
1236;20750255000;17029655555;17529655555
1245;20750391000;17029966666;17529966666
1246;20764570000;17071344444;17571344444
1247;20764573000;17071344444;17571344444
1248;20764575000;17071344444;17571344444
1249;20764577000;17071344444;17571344444
1250;20764578000;17071344444;17571344444
1251;20764579000;17071344444;17571344444
1252;20764580000;17071344444;17571344444
1253;20764783000;17071355555;17571355555
1254;20764798000;17071644444;17571644444
1255;20764800000;17071644444;17571644444
1256;20764801000;17071644444;17571644444
1257;20780354000;17113022222;17613022222
1258;20780358000;17113022222;17613022222
1259;20780359000;17113022222;17613022222
1260;20780360000;17113022222;17613022222
1261;20780361000;17113022222;17613022222
1262;20780363000;17113022222;17613022222
1263;20780364000;17113022222;17613022222
1264;20780565000;17113033333;17613033333
1265;20780581000;17113311111;17613311111
1266;20780582000;17113311111;17613311111
1267;20934406000;17113311111;17613311111
1268;20984952000;17154688888;17654688888
1317;21149466000;17321355555;17821355555
1323;21186500000;17363011111;17863011111
1324;21186504000;17363011111;17863011111
1325;21186506000;17363011111;17863011111
1326;21186508000;17363011111;17863011111
1327;21186509000;17363011111;17863011111
1328;21186510000;17363011111;17863011111
1329;21186511000;17363011111;17863011111
1330;21186717000;17363022222;17863022222
1331;21186733000;17363311111;17863311111
1332;21186735000;17363311111;17863311111
1333;21186736000;17363311111;17863311111
1334;21220966000;17404677777;17904677777
1335;21220970000;17404677777;17904677777
1336;21220971000;17404677777;17904677777
1337;21220973000;17404677777;17904677777
1338;21220974000;17404677777;17904677777
1339;21220975000;17404677777;17904677777
1340;21220977000;17404677777;17904677777
1341;21221107000;17404688888;17904688888
1342;21221133000;17405022222;17905022222
1343;21221135000;17405022222;17905022222
1344;21221137000;17405022222;17905022222
1345;21251831000;17446355555;17946355555
1394;21349264000;17613022222;18113022222
1401;21368878000;17654677777;18154677777
1404;21368884000;17654677777;18154677777
1405;21368885000;17654677777;18154677777
1406;21368887000;17654677777;18154677777
1407;21369025000;17654688888;18154688888
1408;21369030000;17655000000;18155000000
1409;21369031000;17655000000;18155000000
1410;21369032000;17655000000;18155000000
1411;21387381000;17696355555;18196355555
1412;21387388000;17696355555;18196355555
1413;21387399000;17696355555;18196355555
1414;21387400000;17696355555;18196355555
1415;21387402000;17696355555;18196355555
1416;21387403000;17696355555;18196355555
1417;21387404000;17696355555;18196355555
1418;21387540000;17696366666;18196366666
1419;21387546000;17696677777;18196677777
1420;21387563000;17696677777;18196677777
1421;21387564000;17696677777;18196677777
1422;21407343000;17738022222;18238022222
1423;21407347000;17738022222;18238022222
1424;21407348000;17738022222;18238022222
1425;21407350000;17738022222;18238022222
1426;21535610000;17738022222;18238022222
1427;21536436000;17738022222;18238022222
1428;21536627000;17738022222;18238022222
1429;21587189000;17738033333;18238033333
1475;21587205000;17905011111;18405011111
1476;21587206000;17905011111;18405011111
1477;21789351000;17946344444;18446344444
1483;21789357000;17946344444;18446344444
1484;21789566000;17946355555;18446355555
1485;21789581000;17946666666;18446666666
1486;21789583000;17946666666;18446666666
1487;21789585000;17946666666;18446666666
1488;21822950000;17988011111;18488011111
1489;21822954000;17988011111;18488011111
1490;21822955000;17988011111;18488011111
1491;21822956000;17988011111;18488011111
1492;21822958000;17988011111;18488011111
1493;21822959000;17988011111;18488011111
1494;21822960000;17988011111;18488011111
1495;21823095000;17988022222;18488022222
1496;21823100000;17988322222;18488322222
1497;21823102000;17988322222;18488322222
1498;21823103000;17988322222;18488322222
1499;21853753000;18029688888;18529688888
1552;21950888000;18196666666;18696666666
1559;21970530000;18238011111;18738011111
1562;21970650000;18238300000;18738300000
1563;21970653000;18238300000;18738300000
1564;21970655000;18238300000;18738300000
1565;21989433000;18279677777;18779677777
1566;21989438000;18279677777;18779677777
1567;21989440000;18279677777;18779677777
1568;21989441000;18279677777;18779677777
1569;21989443000;18279677777;18779677777
1570;21989444000;18279677777;18779677777
1571;21989446000;18279677777;18779677777
1572;21989569000;18279688888;18779688888
1573;21989575000;18280011111;18780011111
1574;21989576000;18280011111;18780011111
1575;21989577000;18280011111;18780011111
1576;22008695000;18321344444;18821344444
1577;22008699000;18321344444;18821344444
1578;22008700000;18321344444;18821344444
1579;22008702000;18321344444;18821344444
1580;22008703000;18321344444;18821344444
1581;22008704000;18321344444;18821344444
1582;22008705000;18321344444;18821344444
1583;22008905000;18321355555;18821355555
1584;22137470000;18321677777;18821677777
1585;22137650000;18321677777;18821677777
1586;22137845000;18321677777;18821677777
1587;22229361000;18363011111;18863011111
1637;22389681000;18529688888;19029688888
1641;22389794000;18530044444;19030044444
1642;22423497000;18571344444;19071344444
1643;22423501000;18571344444;19071344444
1644;22423502000;18571344444;19071344444
1645;22423503000;18571344444;19071344444
1646;22423505000;18571344444;19071344444
1647;22423506000;18571344444;19071344444
1648;22423507000;18571344444;19071344444
1649;22423710000;18571355555;19071355555
1650;22423726000;18571688888;19071688888
1651;22423728000;18571688888;19071688888
1652;22423729000;18571688888;19071688888
1653;22454018000;18613022222;19113022222
1709;22565257000;18821355555;19321355555
1719;22582223000;18863022222;19363022222
1720;22582236000;18863022222;19363022222
1721;22582238000;18863022222;19363022222
1722;22582239000;18863022222;19363022222
1723;22582240000;18863022222;19363022222
1724;22582241000;18863022222;19363022222
1725;22582242000;18863022222;19363022222
1726;22582465000;18863033333;19363033333
1727;22582482000;18863322222;19363322222
1728;22582483000;18863322222;19363322222
1729;22582484000;18863322222;19363322222
1730;22599151000;18904688888;19404688888
1731;22599157000;18904688888;19404688888
1732;22599159000;18904688888;19404688888
1733;22599161000;18904688888;19404688888
1734;22599164000;18904688888;19404688888
1735;22599177000;18904688888;19404688888
1736;22599179000;18904688888;19404688888
1737;22599421000;18904700000;19404700000
1738;22599426000;18905022222;19405022222
1739;22599427000;18905022222;19405022222
1740;22599429000;18905022222;19405022222
1741;22616308000;18946355555;19446355555
1742;22738671000;18946355555;19446355555
1743;22738825000;18946355555;19446355555
1744;22739523000;18946355555;19446355555
1745;22739744000;18946355555;19446355555
1746;22739753000;18946355555;19446355555
1747;22739916000;18946355555;19446355555
1748;22790430000;18946366666;19446366666
1790;22790446000;19113022222;19613022222
1791;22790447000;19113022222;19613022222
1792;22954924000;19113033333;19613033333
1799;22954944000;19154688888;19654688888
1800;22954945000;19154688888;19654688888
1801;22954947000;19154688888;19654688888
1802;22954948000;19154688888;19654688888
1803;22991923000;19154700000;19654700000
1804;22991939000;19155022222;19655022222
1805;22991941000;19155022222;19655022222
1806;22991943000;19155022222;19655022222
1807;23026255000;19196355555;19696355555
1808;23026259000;19196355555;19696355555
1809;23026261000;19196355555;19696355555
1810;23026262000;19196355555;19696355555
1811;23026264000;19196355555;19696355555
1812;23026265000;19196355555;19696355555
1813;23026266000;19196355555;19696355555
1814;23026467000;19196366666;19696366666
1815;23026483000;19196677777;19696677777
1816;23026484000;19196677777;19696677777
1817;23026485000;19196677777;19696677777
1818;23057013000;19238022222;19738022222
1865;23154200000;19404688888;19904688888
1873;23173814000;19446344444;19946344444
1877;23173818000;19446344444;19946344444
1878;23173820000;19446344444;19946344444
1879;23173822000;19446344444;19946344444
1880;23174026000;19446355555;19946355555
1881;23174041000;19446644444;19946644444
1882;23174043000;19446644444;19946644444
1883;23174044000;19446644444;19946644444
1884;23192741000;19488022222;19988022222
1885;23192746000;19488022222;19988022222
1886;23192748000;19488022222;19988022222
1887;23192749000;19488022222;19988022222
1888;23192750000;19488022222;19988022222
1889;23192751000;19488022222;19988022222
1890;23192753000;19488022222;19988022222
1891;23192972000;19488033333;19988033333
1892;23192978000;19488300000;19988300000
1893;23192989000;19488300000;19988300000
1894;23192991000;19488300000;19988300000
1895;23212555000;19529711111;20029711111
1896;23212561000;19529711111;20029711111
1897;23212563000;19529711111;20029711111
1898;23212565000;19529711111;20029711111
1899;23212566000;19529711111;20029711111
1900;23212567000;19529711111;20029711111
1901;23340697000;19529711111;20029711111
1902;23391330000;19529722222;20029722222
1947;23391348000;19696666666;20196666666
1948;23391349000;19696666666;20196666666
1949;23391350000;19696666666;20196666666
1950;23593556000;19738011111;20238011111
1958;23593680000;19738300000;20238300000
1959;23593694000;19738300000;20238300000
1960;23593696000;19738300000;20238300000
1961;23627141000;19779688888;20279688888
1962;23627154000;19779688888;20279688888
1963;23627155000;19779688888;20279688888
1964;23627156000;19779688888;20279688888
1965;23627158000;19779688888;20279688888
1966;23627160000;19779688888;20279688888
1967;23627161000;19779688888;20279688888
1968;23627334000;19779700000;20279700000
1969;23627339000;19779988888;20279988888
1970;23627341000;19779988888;20279988888
1971;23627342000;19779988888;20279988888
1972;23657948000;19821355555;20321355555
2021;23755073000;19988022222;20488022222
2030;23774771000;20029688888;20529688888
2035;23774885000;20029977777;20529977777
2036;23774888000;20029977777;20529977777
2037;23774890000;20029977777;20529977777
2038;23793668000;20071344444;20571344444
2039;23793671000;20071344444;20571344444
2040;23793672000;20071344444;20571344444
2041;23793673000;20071344444;20571344444
2042;23793675000;20071344444;20571344444
2043;23793676000;20071344444;20571344444
2044;23793677000;20071344444;20571344444
2045;23793877000;20071355555;20571355555
2046;23793892000;20071644444;20571644444
2047;23793893000;20071644444;20571644444
2048;23793894000;20071644444;20571644444
2049;23813449000;20113022222;20613022222
2050;23813453000;20113022222;20613022222
2051;23813455000;20113022222;20613022222
2052;23813456000;20113022222;20613022222
2053;23813457000;20113022222;20613022222
2054;23813459000;20113022222;20613022222
2055;23813460000;20113022222;20613022222
2056;23813662000;20113044444;20613044444
2057;23813677000;20113322222;20613322222
2058;23813678000;20113322222;20613322222
2059;23941846000;20113322222;20613322222
2060;23992452000;20154688888;20654688888
2102;24116941000;20280000000;20780000000
2115;24194177000;20363011111;20863011111
2116;24194181000;20363011111;20863011111
2117;24194182000;20363011111;20863011111
2118;24194184000;20363011111;20863011111
2119;24194185000;20363011111;20863011111
2120;24194186000;20363011111;20863011111
2121;24194188000;20363011111;20863011111
2122;24194390000;20363022222;20863022222
2123;24194406000;20363333333;20863333333
2124;24194408000;20363333333;20863333333
2125;24194409000;20363333333;20863333333
2126;24229030000;20404677777;20904677777
2127;24229034000;20404677777;20904677777
2128;24229035000;20404677777;20904677777
2129;24229036000;20404677777;20904677777
2130;24229038000;20404677777;20904677777
2131;24229039000;20404677777;20904677777
2132;24229040000;20404677777;20904677777
2133;24229212000;20404688888;20904688888
2134;24229216000;20405022222;20905022222
2135;24229217000;20405022222;20905022222
2136;24229218000;20405022222;20905022222
2137;24261724000;20446344444;20946344444
2179;24346711000;20571700000;21071700000
2188;24371226000;20613033333;21113033333
2192;24371233000;20654677777;21154677777
2193;24371234000;20654677777;21154677777
2194;24371236000;20654677777;21154677777
2195;24371237000;20654677777;21154677777
2196;24371238000;20654677777;21154677777
2197;24371240000;20654677777;21154677777
2198;24371241000;20654677777;21154677777
2199;24395128000;20654688888;21154688888
2201;24395135000;20655011111;21155011111
2202;24395136000;20655011111;21155011111
2203;24417125000;20696366666;21196366666
2204;24417141000;20696366666;21196366666
2205;24417142000;20696366666;21196366666
2206;24417143000;20696366666;21196366666
2207;24417145000;20696366666;21196366666
2208;24417146000;20696366666;21196366666
2209;24417148000;20696366666;21196366666
2210;24417269000;20696400000;21196400000
2211;24417273000;20696711111;21196711111
2212;24417275000;20696711111;21196711111
2213;24417276000;20696711111;21196711111
2214;24439515000;20738022222;21238022222
2215;24439519000;20738022222;21238022222
2216;24439520000;20738022222;21238022222
2217;24439522000;20738022222;21238022222
2218;24542919000;20738022222;21238022222
2219;24543645000;20738022222;21238022222
2220;24543839000;20738022222;21238022222
2221;24594316000;20738033333;21238033333
2259;24594332000;20904688888;21404688888
2260;24594334000;20904688888;21404688888
2261;24594335000;20904688888;21404688888
2262;24594336000;20904688888;21404688888
2263;24594337000;20904688888;21404688888
2264;24594338000;20904688888;21404688888
2265;24758806000;20904700000;21404700000
2274;24758815000;20946344444;21446344444
2275;24758817000;20946344444;21446344444
2276;24795815000;20946355555;21446355555
2277;24795830000;20946700000;21446700000
2278;24795832000;20946700000;21446700000
2279;24795833000;20946700000;21446700000
2280;24830206000;20988022222;21488022222
2281;24830209000;20988022222;21488022222
2282;24830211000;20988022222;21488022222
2283;24830212000;20988022222;21488022222
2284;24830213000;20988022222;21488022222
2285;24830214000;20988022222;21488022222
2286;24830215000;20988022222;21488022222
2287;24830385000;20988033333;21488033333
2288;24830390000;20988344444;21488344444
2289;24830391000;20988344444;21488344444
2290;24830392000;20988344444;21488344444
2291;24861008000;21029688888;21529688888
2336;24958274000;21196355555;21696355555
2346;24977352000;21238033333;21738033333
2350;24977356000;21238033333;21738033333
2351;24977357000;21238033333;21738033333
2352;24977358000;21238033333;21738033333
2353;24977560000;21238055555;21738055555
2354;24977575000;21238400000;21738400000
2355;24977576000;21238400000;21738400000
2356;24977577000;21238400000;21738400000
2357;24995874000;21279677777;21779677777
2358;24995878000;21279677777;21779677777
2359;24995880000;21279677777;21779677777
2360;24995881000;21279677777;21779677777
2361;24995882000;21279677777;21779677777
2362;24995883000;21279677777;21779677777
2363;24995884000;21279677777;21779677777
2364;24996002000;21279688888;21779688888
2365;24996006000;21280022222;21780022222
2366;24996018000;21280022222;21780022222
2367;24996019000;21280022222;21780022222
2368;25015947000;21321355555;21821355555
2369;25015951000;21321355555;21821355555
2370;25015952000;21321355555;21821355555
2371;25015954000;21321355555;21821355555
2372;25015955000;21321355555;21821355555
2373;25015956000;21321355555;21821355555
2374;25015957000;21321355555;21821355555
2375;25016167000;21321366666;21821366666
2376;25144610000;21321666666;21821666666
2377;25144802000;21321666666;21821666666
2378;25145173000;21321666666;21821666666
2379;25236536000;21363022222;21863022222
2424;25396831000;21529688888;22029688888
2433;25396953000;21530011111;22030011111
2434;25430670000;21571344444;22071344444
2435;25430674000;21571344444;22071344444
2436;25430676000;21571344444;22071344444
2437;25430677000;21571344444;22071344444
2438;25430678000;21571344444;22071344444
2439;25430680000;21571344444;22071344444
2440;25430681000;21571344444;22071344444
2441;25430882000;21571355555;22071355555
2442;25430898000;21571677777;22071677777
2443;25430899000;21571677777;22071677777
2444;25430900000;21571677777;22071677777
2445;25461500000;21613022222;22113022222
2494;25558882000;21779688888;22279688888
2503;25578612000;21821355555;22321355555
2508;25578728000;21821666666;22321666666
2509;25578732000;21821666666;22321666666
2510;25578733000;21821666666;22321666666
2511;25597582000;21863011111;22363011111
2512;25597586000;21863011111;22363011111
2513;25597588000;21863011111;22363011111
2514;25597589000;21863011111;22363011111
2515;25597591000;21863011111;22363011111
2516;25597592000;21863011111;22363011111
2517;25597593000;21863011111;22363011111
2518;25597777000;21863022222;22363022222
2519;25597783000;21863322222;22363322222
2520;25597785000;21863322222;22363322222
2521;25597787000;21863322222;22363322222
2522;25617416000;21904688888;22404688888
2523;25617420000;21904688888;22404688888
2524;25617422000;21904688888;22404688888
2525;25617424000;21904688888;22404688888
2526;25617425000;21904688888;22404688888
2527;25617426000;21904688888;22404688888
2528;25617427000;21904688888;22404688888
2529;25617566000;21904700000;22404700000
2530;25617568000;21905011111;22405011111
2531;25617570000;21905011111;22405011111
2532;25617571000;21905011111;22405011111
2533;25639534000;21946355555;22446355555
2534;25745710000;21946355555;22446355555
2535;25746135000;21946355555;22446355555
2536;25746332000;21946355555;22446355555
2537;25746707000;21946355555;22446355555
2538;25746937000;21946355555;22446355555
2539;25746939000;21946355555;22446355555
2540;25797782000;21946366666;22446366666
2575;25797798000;22071688888;22571688888
2576;25797799000;22071688888;22571688888
2577;25962203000;22113022222;22613022222
2591;25999258000;22154677777;22654677777
2592;25999262000;22154677777;22654677777
2593;25999264000;22154677777;22654677777
2594;25999265000;22154677777;22654677777
2595;25999466000;22154688888;22654688888
2596;25999482000;22155022222;22655022222
2597;25999483000;22155022222;22655022222
2598;25999485000;22155022222;22655022222
2599;26034242000;22196344444;22696344444
2600;26034245000;22196344444;22696344444
2601;26034247000;22196344444;22696344444
2602;26034248000;22196344444;22696344444
2603;26034249000;22196344444;22696344444
2604;26034250000;22196344444;22696344444
2605;26034251000;22196344444;22696344444
2606;26034451000;22196355555;22696355555
2607;26034466000;22196677777;22696677777
2608;26034468000;22196677777;22696677777
2609;26034469000;22196677777;22696677777
2610;26066882000;22238000000;22738000000
2651;26151486000;22363311111;22863311111
2660;26175796000;22404688888;22904688888
2665;26199641000;22446344444;22946344444
2667;26199658000;22446344444;22946344444
2668;26199661000;22446344444;22946344444
2669;26199664000;22446344444;22946344444
2670;26199666000;22446344444;22946344444
2671;26199668000;22446344444;22946344444
2672;26200233000;22446355555;22946355555
2673;26200248000;22446644444;22946644444
2674;26200249000;22446644444;22946644444
2675;26200251000;22446644444;22946644444
2676;26221970000;22488011111;22988011111
2677;26221974000;22488011111;22988011111
2678;26221989000;22488011111;22988011111
2679;26221990000;22488011111;22988011111
2680;26221991000;22488011111;22988011111
2681;26221993000;22488011111;22988011111
2682;26221994000;22488011111;22988011111
2683;26222176000;22488022222;22988022222
2684;26222182000;22488322222;22988322222
2685;26222183000;22488322222;22988322222
2686;26222184000;22488322222;22988322222
2687;26244135000;22529688888;23029688888
2688;26244139000;22529688888;23029688888
2689;26244140000;22529688888;23029688888
2690;26244141000;22529688888;23029688888
2691;26244143000;22529688888;23029688888
2692;26244152000;22529688888;23029688888
2693;26347658000;22529688888;23029688888
2694;26398323000;22529700000;23029700000
2732;26398339000;22696355555;23196355555
2733;26398341000;22696355555;23196355555
2734;26398342000;22696355555;23196355555
2735;26398343000;22696355555;23196355555
2736;26398344000;22696355555;23196355555
2737;26398345000;22696355555;23196355555
2738;26562756000;22696366666;23196366666
2749;26599709000;22738033333;23238033333
2750;26599715000;22738311111;23238311111
2751;26599717000;22738311111;23238311111
2752;26599718000;22738311111;23238311111
2753;26634524000;22779677777;23279677777
2754;26634528000;22779677777;23279677777
2755;26634529000;22779677777;23279677777
2756;26634531000;22779677777;23279677777
2757;26634532000;22779677777;23279677777
2758;26634533000;22779677777;23279677777
2759;26634534000;22779677777;23279677777
2760;26634734000;22779688888;23279688888
2761;26634749000;22779988888;23279988888
2762;26634751000;22779988888;23279988888
2763;26634752000;22779988888;23279988888
2764;26666435000;22821344444;23321344444
2808;26771088000;22988022222;23488022222
2821;26793001000;23029688888;23529688888
2825;26793006000;23029688888;23529688888
2826;26793243000;23029700000;23529700000
2827;26793258000;23029977777;23529977777
2828;26793259000;23029977777;23529977777
2829;26793260000;23029977777;23529977777
2830;26812722000;23071344444;23571344444
2831;26812727000;23071344444;23571344444
2832;26812729000;23071344444;23571344444
2833;26812730000;23071344444;23571344444
2834;26812731000;23071344444;23571344444
2835;26812733000;23071344444;23571344444
2836;26812734000;23071344444;23571344444
2837;26812908000;23071355555;23571355555
2838;26812912000;23071644444;23571644444
2839;26812914000;23071644444;23571644444
2840;26812915000;23071644444;23571644444
2841;26831812000;23113011111;23613011111
2842;26831815000;23113011111;23613011111
2843;26831816000;23113011111;23613011111
2844;26831817000;23113011111;23613011111
2845;26831818000;23113011111;23613011111
2846;26831819000;23113011111;23613011111
2847;26831830000;23113011111;23613011111
2848;26831963000;23113022222;23613022222
2849;26844755000;23113322222;23613322222
2850;26844932000;23113322222;23613322222
2851;26948773000;23113322222;23613322222
2852;26999411000;23154688888;23654688888
2888;27123876000;23279688888;23779688888
2905;27163237000;23321666666;23821666666
2907;27200920000;23363011111;23863011111
2908;27200924000;23363011111;23863011111
2909;27200925000;23363011111;23863011111
2910;27200927000;23363011111;23863011111
2911;27200928000;23363011111;23863011111
2912;27200929000;23363011111;23863011111
2913;27200930000;23363011111;23863011111
2914;27201131000;23363022222;23863022222
2915;27201138000;23363300000;23863300000
2916;27201139000;23363300000;23863300000
2917;27201140000;23363300000;23863300000
2918;27235978000;23404677777;23904677777
2919;27235982000;23404677777;23904677777
2920;27235984000;23404677777;23904677777
2921;27235985000;23404677777;23904677777
2922;27235986000;23404677777;23904677777
2923;27235987000;23404677777;23904677777
2924;27235988000;23404677777;23904677777
2925;27236192000;23404688888;23904688888
2926;27236207000;23404988888;23904988888
2927;27236208000;23404988888;23904988888
2928;27236210000;23404988888;23904988888
2929;27268726000;23446355555;23946355555
2965;27353789000;23571355555;24071355555
2974;27378038000;23613022222;24113022222
2979;27378051000;23613022222;24113022222
2980;27378321000;23613044444;24113044444
2981;27378336000;23613322222;24113322222
2982;27378347000;23613322222;24113322222
2983;27378348000;23613322222;24113322222
2984;27401959000;23654677777;24154677777
2985;27401963000;23654677777;24154677777
2986;27401965000;23654677777;24154677777
2987;27401966000;23654677777;24154677777
2988;27401967000;23654677777;24154677777
2989;27401968000;23654677777;24154677777
2990;27401969000;23654677777;24154677777
2991;27402198000;23654700000;24154700000
2992;27402213000;23654988888;24154988888
2993;27402215000;23654988888;24154988888
2994;27402216000;23654988888;24154988888
2995;27424525000;23696355555;24196355555
2996;27424529000;23696355555;24196355555
2997;27424530000;23696355555;24196355555
2998;27424532000;23696355555;24196355555
2999;27424533000;23696355555;24196355555
3000;27424534000;23696355555;24196355555
3001;27424535000;23696355555;24196355555
3002;27424734000;23696366666;24196366666
3003;27424750000;23696666666;24196666666
3004;27424752000;23696666666;24196666666
3005;27424753000;23696666666;24196666666
3006;27448319000;23738022222;24238022222
3007;27448322000;23738022222;24238022222
3008;27473145000;23738022222;24238022222
3009;27473365000;23738022222;24238022222
3010;27549977000;23738022222;24238022222
3011;27550738000;23738022222;24238022222
3012;27550876000;23738022222;24238022222
3013;27601597000;23738033333;24238033333
3046;27725939000;23863033333;24363033333
3062;27725947000;23946355555;24446355555
3063;27725949000;23946355555;24446355555
3064;27725950000;23946355555;24446355555
3065;27725951000;23946355555;24446355555
3066;27725953000;23946355555;24446355555
3067;27725954000;23946355555;24446355555
3068;27803276000;23946366666;24446366666
3072;27803291000;23988011111;24488011111
3073;27803293000;23988011111;24488011111
3074;27803294000;23988011111;24488011111
3075;27803295000;23988011111;24488011111
3076;27803296000;23988011111;24488011111
3077;27803297000;23988011111;24488011111
3078;27803299000;23988011111;24488011111
3079;27838084000;23988022222;24488022222
3080;27838099000;23988300000;24488300000
3081;27838101000;23988300000;24488300000
3082;27838102000;23988300000;24488300000
3083;27870700000;24029677777;24529677777
3123;27955588000;24154700000;24654700000
3132;27955605000;24196355555;24696355555
3133;27955606000;24196355555;24696355555
3134;27979855000;24196366666;24696366666
3138;27979871000;24238033333;24738033333
3139;27979873000;24238033333;24738033333
3140;27979874000;24238033333;24738033333
3141;27979875000;24238033333;24738033333
3142;27979876000;24238033333;24738033333
3143;27979877000;24238033333;24738033333
3144;27979879000;24238033333;24738033333
3145;28003158000;24238044444;24738044444
3146;28003175000;24238388888;24738388888
3147;28003177000;24238388888;24738388888
3148;28003178000;24238388888;24738388888
3149;28025684000;24279688888;24779688888
3150;28025688000;24279688888;24779688888
3151;28025689000;24279688888;24779688888
3152;28025691000;24279688888;24779688888
3153;28025692000;24279688888;24779688888
3154;28025693000;24279688888;24779688888
3155;28025694000;24279688888;24779688888
3156;28025895000;24279700000;24779700000
3157;28025911000;24280000000;24780000000
3158;28025912000;24280000000;24780000000
3159;28025914000;24280000000;24780000000
3160;28049463000;24321355555;24821355555
3161;28049466000;24321355555;24821355555
3162;28049467000;24321355555;24821355555
3163;28049468000;24321355555;24821355555
3164;28049469000;24321355555;24821355555
3165;28049470000;24321355555;24821355555
3166;28074524000;24321355555;24821355555
3167;28125162000;24321366666;24821366666
3168;28151696000;24321655555;24821655555
3169;28151879000;24321655555;24821655555
3170;28152067000;24321655555;24821655555
3171;28243620000;24363022222;24863022222
3211;28366212000;24488033333;24988033333
3222;28403304000;24529700000;25029700000
3225;28403319000;24530000000;25030000000
3226;28438131000;24571355555;25071355555
3227;28438135000;24571355555;25071355555
3228;28438136000;24571355555;25071355555
3229;28438137000;24571355555;25071355555
3230;28438138000;24571355555;25071355555
3231;28438140000;24571355555;25071355555
3232;28438141000;24571355555;25071355555
3233;28438328000;24571366666;25071366666
3234;28438331000;24571677777;25071677777
3235;28438332000;24571677777;25071677777
3236;28438333000;24571677777;25071677777
3237;28470056000;24613022222;25113022222
3281;28574622000;24779688888;25279688888
3292;28596564000;24821355555;25321355555
3296;28596568000;24821355555;25321355555
3297;28596569000;24821355555;25321355555
3298;28596570000;24821355555;25321355555
3299;28596770000;24821366666;25321366666
3300;28596785000;24821666666;25321666666
3301;28596787000;24821666666;25321666666
3302;28596788000;24821666666;25321666666
3303;28616805000;24863022222;25363022222
3304;28616810000;24863022222;25363022222
3305;28616811000;24863022222;25363022222
3306;28616813000;24863022222;25363022222
3307;28616814000;24863022222;25363022222
3308;28616815000;24863022222;25363022222
3309;28616816000;24863022222;25363022222
3310;28617028000;24863033333;25363033333
3311;28617044000;24863311111;25363311111
3312;28617045000;24863311111;25363311111
3313;28617046000;24863311111;25363311111
3314;28636012000;24904688888;25404688888
3315;28636015000;24904688888;25404688888
3316;28636016000;24904688888;25404688888
3317;28636017000;24904688888;25404688888
3318;28636018000;24904688888;25404688888
3319;28636019000;24904688888;25404688888
3320;28636020000;24904688888;25404688888
3321;28636239000;24904711111;25404711111
3322;28648210000;24905022222;25405022222
3323;28648411000;24905022222;25405022222
3324;28675645000;24905022222;25405022222
3325;28740013000;24946355555;25446355555
3326;28752853000;24946355555;25446355555
3327;28753028000;24946355555;25446355555
3328;28753609000;24946355555;25446355555
3329;28753795000;24946355555;25446355555
3330;28753799000;24946355555;25446355555
3331;28753989000;24946355555;25446355555
3332;28804695000;24946366666;25446366666
3361;28804711000;25071355555;25571355555
3362;28804712000;25071355555;25571355555
3363;28804713000;25071355555;25571355555
3364;28804714000;25071355555;25571355555
3365;28929151000;25071366666;25571366666
3378;28929167000;25113311111;25613311111
3379;28929168000;25113311111;25613311111
3380;29006314000;25154677777;25654677777
3384;29006318000;25154677777;25654677777
3385;29006319000;25154677777;25654677777
3386;29006320000;25154677777;25654677777
3387;29006520000;25154688888;25654688888
3388;29006535000;25155000000;25655000000
3389;29006536000;25155000000;25655000000
3390;29006537000;25155000000;25655000000
3391;29041138000;25196355555;25696355555
3392;29041142000;25196355555;25696355555
3393;29041143000;25196355555;25696355555
3394;29041144000;25196355555;25696355555
3395;29041145000;25196355555;25696355555
3396;29041146000;25196355555;25696355555
3397;29041148000;25196355555;25696355555
3398;29041345000;25196366666;25696366666
3399;29041360000;25196655555;25696655555
3400;29041362000;25196655555;25696655555
3401;29041363000;25196655555;25696655555
3402;29073812000;25238022222;25738022222
3438;29158572000;25363022222;25863022222
3447;29182856000;25404688888;25904688888
3450;29182860000;25404688888;25904688888
3451;29182861000;25404688888;25904688888
3452;29182863000;25404688888;25904688888
3453;29183076000;25404700000;25904700000
3454;29183093000;25405000000;25905000000
3455;29183095000;25405000000;25905000000
3456;29183096000;25405000000;25905000000
3457;29206746000;25446355555;25946355555
3458;29206751000;25446355555;25946355555
3459;29206753000;25446355555;25946355555
3460;29206755000;25446355555;25946355555
3461;29206756000;25446355555;25946355555
3462;29206757000;25446355555;25946355555
3463;29206758000;25446355555;25946355555
3464;29206979000;25446366666;25946366666
3465;29206996000;25446722222;25946722222
3466;29206997000;25446722222;25946722222
3467;29206999000;25446722222;25946722222
3468;29229228000;25488022222;25988022222
3469;29229232000;25488022222;25988022222
3470;29229234000;25488022222;25988022222
3471;29229235000;25488022222;25988022222
3472;29229237000;25488022222;25988022222
3473;29229238000;25488022222;25988022222
3474;29229239000;25488022222;25988022222
3475;29229438000;25488033333;25988033333
3476;29229454000;25488311111;25988311111
3477;29229470000;25488311111;25988311111
3478;29229472000;25488311111;25988311111
3479;29252926000;25529688888;26029688888
3480;29252929000;25529688888;26029688888
3481;29276574000;25529688888;26029688888
3482;29276775000;25529688888;26029688888
3483;29304017000;25529688888;26029688888
3484;29304225000;25529688888;26029688888
3485;29354746000;25529688888;26029688888
3486;29405388000;25529700000;26029700000
3519;29529805000;25654800000;26154800000
3536;29529813000;25738022222;26238022222
3537;29529815000;25738022222;26238022222
3538;29529816000;25738022222;26238022222
3539;29529818000;25738022222;26238022222
3540;29529819000;25738022222;26238022222
3541;29607100000;25738033333;26238033333
3545;29607144000;25779688888;26279688888
3546;29607147000;25779688888;26279688888
3547;29607148000;25779688888;26279688888
3548;29607150000;25779688888;26279688888
3549;29607160000;25779688888;26279688888
3550;29607161000;25779688888;26279688888
3551;29607162000;25779688888;26279688888
3552;29641945000;25779700000;26279700000
3553;29641960000;25780000000;26280000000
3554;29641961000;25780000000;26280000000
3555;29641962000;25780000000;26280000000
3556;29674551000;25821355555;26321355555
3596;29759337000;25946366666;26446366666
3605;29759353000;25988022222;26488022222
3606;29759354000;25988022222;26488022222
3607;29783683000;25988033333;26488033333
3610;29783698000;25988333333;26488333333
3611;29807425000;26029688888;26529688888
3612;29807428000;26029688888;26529688888
3613;29807430000;26029688888;26529688888
3614;29807431000;26029688888;26529688888
3615;29807432000;26029688888;26529688888
3616;29807433000;26029688888;26529688888
3617;29807434000;26029688888;26529688888
3618;29807641000;26029700000;26529700000
3619;29807657000;26030000000;26530000000
3620;29807658000;26030000000;26530000000
3621;29807659000;26030000000;26530000000
3622;29829909000;26071355555;26571355555
3623;29829912000;26071355555;26571355555
3624;29829914000;26071355555;26571355555
3625;29829915000;26071355555;26571355555
3626;29829916000;26071355555;26571355555
3627;29829918000;26071355555;26571355555
3628;29829919000;26071355555;26571355555
3629;29830131000;26071366666;26571366666
3630;29830146000;26071655555;26571655555
3631;29830147000;26071655555;26571655555
3632;29830149000;26071655555;26571655555
3633;29853629000;26113022222;26613022222
3634;29853632000;26113022222;26613022222
3635;29853633000;26113022222;26613022222
3636;29853634000;26113022222;26613022222
3637;29853635000;26113022222;26613022222
3638;29853636000;26113022222;26613022222
3639;29877505000;26113022222;26613022222
3640;29929574000;26113033333;26613033333
3641;29929593000;26113311111;26613311111
3642;29929595000;26113311111;26613311111
3643;29955698000;26113311111;26613311111
3644;29969566000;26154688888;26654688888
3675;30053079000;26238311111;26738311111
3684;30093780000;26279700000;26779700000
3687;30093795000;26280011111;26780011111
3688;30133098000;26321355555;26821355555
3695;30133331000;26321366666;26821366666
3696;30133347000;26321644444;26821644444
3697;30133349000;26321644444;26821644444
3698;30133350000;26321644444;26821644444
3699;30170399000;26363011111;26863011111
3700;30170402000;26363011111;26863011111
3701;30170404000;26363011111;26863011111
3702;30170405000;26363011111;26863011111
3703;30170406000;26363011111;26863011111
3704;30170407000;26363011111;26863011111
3705;30170408000;26363011111;26863011111
3706;30170592000;26363022222;26863022222
3707;30170599000;26363300000;26863300000
3708;30170600000;26363300000;26863300000
3709;30170601000;26363300000;26863300000
3710;30205727000;26404688888;26904688888
3711;30205730000;26404688888;26904688888
3712;30205732000;26404688888;26904688888
3713;30205733000;26404688888;26904688888
3714;30205734000;26404688888;26904688888
3715;30205735000;26404688888;26904688888
3716;30205736000;26404688888;26904688888
3717;30205934000;26404700000;26904700000
3718;30205949000;26405000000;26905000000
3719;30205950000;26405000000;26905000000
3720;30205951000;26405000000;26905000000
3721;30239361000;26446355555;26946355555
3722;30256125000;26446355555;26946355555
3723;30256349000;26446355555;26946355555
3724;30256563000;26446355555;26946355555
3725;30256757000;26446355555;26946355555
3726;30256968000;26446355555;26946355555
3727;30256970000;26446355555;26946355555
3728;30307592000;26446366666;26946366666
3756;30307607000;26571355555;27071355555
3757;30307609000;26571355555;27071355555
3758;30307610000;26571355555;27071355555
3759;30307611000;26571355555;27071355555
3760;30307612000;26571355555;27071355555
3761;30432134000;26571366666;27071366666
3773;30432141000;26613311111;27113311111
3774;30432143000;26613311111;27113311111
3775;30432144000;26613311111;27113311111
3776;30509239000;26654677777;27154677777
3779;30509243000;26654677777;27154677777
3780;30509244000;26654677777;27154677777
3781;30509246000;26654677777;27154677777
3782;30509247000;26654677777;27154677777
3783;30509449000;26654688888;27154688888
3784;30509464000;26654988888;27154988888
3785;30509466000;26654988888;27154988888
3786;30509467000;26654988888;27154988888
3787;30544055000;26696355555;27196355555
3788;30544059000;26696355555;27196355555
3789;30544060000;26696355555;27196355555
3790;30544062000;26696355555;27196355555
3791;30544063000;26696355555;27196355555
3792;30544064000;26696355555;27196355555
3793;30544065000;26696355555;27196355555
3794;30544270000;26696366666;27196366666
3795;30544285000;26696677777;27196677777
3796;30544287000;26696677777;27196677777
3797;30544288000;26696677777;27196677777
3798;30576760000;26738022222;27238022222
3833;30661437000;26863022222;27363022222
3842;30685774000;26904688888;27404688888
3845;30685777000;26904688888;27404688888
3846;30685779000;26904688888;27404688888
3847;30685780000;26904688888;27404688888
3848;30685781000;26904688888;27404688888
3849;30685980000;26904700000;27404700000
3850;30685995000;26905000000;27405000000
3851;30685997000;26905000000;27405000000
3852;30685998000;26905000000;27405000000
3853;30709642000;26946355555;27446355555
3854;30709645000;26946355555;27446355555
3855;30709647000;26946355555;27446355555
3856;30709648000;26946355555;27446355555
3857;30709649000;26946355555;27446355555
3858;30709650000;26946355555;27446355555
3859;30709651000;26946355555;27446355555
3860;30709867000;26946366666;27446366666
3861;30709883000;26946666666;27446666666
3862;30709884000;26946666666;27446666666
3863;30709885000;26946666666;27446666666
3864;30732137000;26988022222;27488022222
3865;30732142000;26988022222;27488022222
3866;30732143000;26988022222;27488022222
3867;30732144000;26988022222;27488022222
3868;30732146000;26988022222;27488022222
3869;30732147000;26988022222;27488022222
3870;30732148000;26988022222;27488022222
3871;30732352000;26988033333;27488033333
3872;30732367000;26988322222;27488322222
3873;30732368000;26988322222;27488322222
3874;30732369000;26988322222;27488322222
3875;30755772000;27029688888;27529688888
3876;30778894000;27029688888;27529688888
3877;30779091000;27029688888;27529688888
3878;30806449000;27029688888;27529688888
3879;30806656000;27029688888;27529688888
3880;30857048000;27029688888;27529688888
3881;30857276000;27029688888;27529688888
3882;30907910000;27029700000;27529700000
3914;30907927000;27154688888;27654688888
3915;31032419000;27154700000;27654700000
3931;31032425000;27238022222;27738022222
3932;31032426000;27238022222;27738022222
3933;31032427000;27238022222;27738022222
3934;31032438000;27238022222;27738022222
3935;31032439000;27238022222;27738022222
3936;31032440000;27238022222;27738022222
3937;31109637000;27238033333;27738033333
3941;31109653000;27279688888;27779688888
3942;31109654000;27279688888;27779688888
3943;31109655000;27279688888;27779688888
3944;31109657000;27279688888;27779688888
3945;31109658000;27279688888;27779688888
3946;31109659000;27279688888;27779688888
3947;31109660000;27279688888;27779688888
3948;31144530000;27279700000;27779700000
3949;31144549000;27280000000;27780000000
3950;31144551000;27280000000;27780000000
3951;31144552000;27280000000;27780000000
3952;31177052000;27321355555;27821355555
3991;31261835000;27446355555;27946355555
4000;31286173000;27488022222;27988022222
4003;31286379000;27488033333;27988033333
4004;31286408000;27488300000;27988300000
4005;31286409000;27488300000;27988300000
4006;31286411000;27488300000;27988300000
4007;31310020000;27529688888;28029688888
4008;31310024000;27529688888;28029688888
4009;31310025000;27529688888;28029688888
4010;31310027000;27529688888;28029688888
4011;31310028000;27529688888;28029688888
4012;31310029000;27529688888;28029688888
4013;31310030000;27529688888;28029688888
4014;31310101000;27529700000;28029700000
4015;31310105000;27530000000;28030000000
4016;31310107000;27530000000;28030000000
4017;31310108000;27530000000;28030000000
4018;31332522000;27571355555;28071355555
4019;31332526000;27571355555;28071355555
4020;31332527000;27571355555;28071355555
4021;31332529000;27571355555;28071355555
4022;31332531000;27571355555;28071355555
4023;31332532000;27571355555;28071355555
4024;31332533000;27571355555;28071355555
4025;31332736000;27571366666;28071366666
4026;31332742000;27571677777;28071677777
4027;31332744000;27571677777;28071677777
4028;31332745000;27571677777;28071677777
4029;31356275000;27613022222;28113022222
4030;31356279000;27613022222;28113022222
4031;31356280000;27613022222;28113022222
4032;31356281000;27613022222;28113022222
4033;31356282000;27613022222;28113022222
4034;31379853000;27613022222;28113022222
4035;31380042000;27613022222;28113022222
4036;31457809000;27613033333;28113033333
4037;31457824000;27613322222;28113322222
4038;31457970000;27613322222;28113322222
4039;31458161000;27613322222;28113322222
4040;31499282000;27654688888;28154688888
4072;31582489000;27738288888;28238288888
4081;31622730000;27779988888;28279988888
4084;31661518000;27821355555;28321355555
4091;31661726000;27821366666;28321366666
4092;31661742000;27821677777;28321677777
4093;31661743000;27821677777;28321677777
4094;31661745000;27821677777;28321677777
4095;31698191000;27863011111;28363011111
4096;31698195000;27863011111;28363011111
4097;31698196000;27863011111;28363011111
4098;31698198000;27863011111;28363011111
4099;31698199000;27863011111;28363011111
4100;31698201000;27863011111;28363011111
4101;31698202000;27863011111;28363011111
4102;31698402000;27863022222;28363022222
4103;31698417000;27863300000;28363300000
4104;31698419000;27863300000;28363300000
4105;31698420000;27863300000;28363300000
4106;31733142000;27904688888;28404688888
4107;31733145000;27904688888;28404688888
4108;31733146000;27904688888;28404688888
4109;31733147000;27904688888;28404688888
4110;31733149000;27904688888;28404688888
4111;31733149000;27904688888;28404688888
4112;31733151000;27904688888;28404688888
4113;31733364000;27904700000;28404700000
4114;31733379000;27905000000;28405000000
4115;31733380000;27905000000;28405000000
4116;31733381000;27905000000;28405000000
4117;31766149000;27946355555;28446355555
4143;31827764000;28029666666;28529666666
4156;31856505000;28071355555;28571355555
4159;31856617000;28071644444;28571644444
4160;31856621000;28071644444;28571644444
4161;31884777000;28113022222;28613022222
4162;31884781000;28113022222;28613022222
4163;31884782000;28113022222;28613022222
4164;31884783000;28113022222;28613022222
4165;31884794000;28113022222;28613022222
4166;31884795000;28113022222;28613022222
4167;31884796000;28113022222;28613022222
4168;31885054000;28113033333;28613033333
4169;31885060000;28113311111;28613311111
4170;31885062000;28113311111;28613311111
4171;31885063000;28113311111;28613311111
4172;31911406000;28154688888;28654688888
4173;31911410000;28154688888;28654688888
4174;31911411000;28154688888;28654688888
4175;31911412000;28154688888;28654688888
4176;31911413000;28154688888;28654688888
4177;31911414000;28154688888;28654688888
4178;31911415000;28154688888;28654688888
4179;31911646000;28154700000;28654700000
4180;31911662000;28155022222;28655022222
4181;31911663000;28155022222;28655022222
4182;31911664000;28155022222;28655022222
4183;31937865000;28196355555;28696355555
4184;31937869000;28196355555;28696355555
4185;31937870000;28196355555;28696355555
4186;31937871000;28196355555;28696355555
4187;31937872000;28196355555;28696355555
4188;31937873000;28196355555;28696355555
4189;31937874000;28196355555;28696355555
4190;31938091000;28196366666;28696366666
4191;31953513000;28196666666;28696666666
4192;31980735000;28196666666;28696666666
4193;31980973000;28196666666;28696666666
4194;32045130000;28238022222;28738022222
4195;32045143000;28238022222;28738022222
4196;32058898000;28238022222;28738022222
4197;32059131000;28238022222;28738022222
4198;32059323000;28238022222;28738022222
4199;32059509000;28238022222;28738022222
4200;32059709000;28238022222;28738022222
4201;32110368000;28238033333;28738033333
4230;32110383000;28363022222;28863022222
4231;32110385000;28363022222;28863022222
4232;32110386000;28363022222;28863022222
4233;32110387000;28363022222;28863022222
4234;32234406000;28363033333;28863033333
4247;32234423000;28405022222;28905022222
4248;32234426000;28405022222;28905022222
4249;32312020000;28446355555;28946355555
4253;32312025000;28446355555;28946355555
4254;32312026000;28446355555;28946355555
4255;32312027000;28446355555;28946355555
4256;32312259000;28446366666;28946366666
4257;32312267000;28446677777;28946677777
4258;32312269000;28446677777;28946677777
4259;32312270000;28446677777;28946677777
4260;32346892000;28488022222;28988022222
4261;32346908000;28488022222;28988022222
4262;32346910000;28488022222;28988022222
4263;32346911000;28488022222;28988022222
4264;32346913000;28488022222;28988022222
4265;32346915000;28488022222;28988022222
4266;32346916000;28488022222;28988022222
4267;32347124000;28488033333;28988033333
4268;32347131000;28488311111;28988311111
4269;32347132000;28488311111;28988311111
4270;32347133000;28488311111;28988311111
4271;32379584000;28529688888;29029688888
4306;32464363000;28654688888;29154688888
4316;32488704000;28696355555;29196355555
4319;32488708000;28696355555;29196355555
4320;32488709000;28696355555;29196355555
4321;32488712000;28696355555;29196355555
4322;32488927000;28696366666;29196366666
4323;32488930000;28696666666;29196666666
4324;32488932000;28696666666;29196666666
4325;32488933000;28696666666;29196666666
4326;32512603000;28738022222;29238022222
4327;32512607000;28738022222;29238022222
4328;32512608000;28738022222;29238022222
4329;32512609000;28738022222;29238022222
4330;32512610000;28738022222;29238022222
4331;32512611000;28738022222;29238022222
4332;32512612000;28738022222;29238022222
4333;32512801000;28738033333;29238033333
4334;32512805000;28738300000;29238300000
4335;32512806000;28738300000;29238300000
4336;32512807000;28738300000;29238300000
4337;32535107000;28779688888;29279688888
4338;32535137000;28779688888;29279688888
4339;32535139000;28779688888;29279688888
4340;32535141000;28779688888;29279688888
4341;32535143000;28779688888;29279688888
4342;32535154000;28779688888;29279688888
4343;32535155000;28779688888;29279688888
4344;32535372000;28779700000;29279700000
4345;32535375000;28780000000;29280000000
4346;32535376000;28780000000;29280000000
4347;32535378000;28780000000;29280000000
4348;32558843000;28821355555;29321355555
4349;32558847000;28821355555;29321355555
4350;32581696000;28821355555;29321355555
4351;32581915000;28821355555;29321355555
4352;32609309000;28821355555;29321355555
4353;32609497000;28821355555;29321355555
4354;32659862000;28821355555;29321355555
4355;32710532000;28821366666;29321366666
4377;32793790000;28904800000;29404800000
4378;32793801000;28905122222;29405122222
4379;32793803000;28905122222;29405122222
4380;32793805000;28905122222;29405122222
4381;32834540000;28946355555;29446355555
4382;32834548000;28946355555;29446355555
4383;32834549000;28946355555;29446355555
4384;32834552000;28946355555;29446355555
4385;32834553000;28946355555;29446355555
4386;32834555000;28946355555;29446355555
4387;32834556000;28946355555;29446355555
4388;32834769000;28946366666;29446366666
4389;32834785000;28946666666;29446666666
4390;32834787000;28946666666;29446666666
4391;32834788000;28946666666;29446666666
4392;32874299000;28988022222;29488022222
4393;32874302000;28988022222;29488022222
4394;32874304000;28988022222;29488022222
4395;32874305000;28988022222;29488022222
4396;32874307000;28988022222;29488022222
4397;32874308000;28988022222;29488022222
4398;32874328000;28988022222;29488022222
4399;32874530000;28988033333;29488033333
