seqnum;now;rtptime;deadline
1;3369921000;3276377777;3776377777
3;3411788000;3307733333;3807733333
11;3411929000;3308055555;3808055555
12;3411932000;3308055555;3808055555
13;3411934000;3308055555;3808055555
14;3451389000;3349377777;3849377777
15;3451399000;3349377777;3849377777
16;3451408000;3349377777;3849377777
17;3451409000;3349377777;3849377777
18;3451412000;3349377777;3849377777
19;3451414000;3349377777;3849377777
20;3451416000;3349377777;3849377777
21;3451542000;3349388888;3849388888
22;3451548000;3349766666;3849766666
23;3451550000;3349766666;3849766666
24;3451552000;3349766666;3849766666
25;3492964000;3391044444;3891044444
26;3492983000;3391044444;3891044444
27;3492985000;3391044444;3891044444
28;3492987000;3391044444;3891044444
29;3492988000;3391044444;3891044444
30;3492990000;3391044444;3891044444
31;3492991000;3391044444;3891044444
32;3493106000;3391055555;3891055555
33;3493113000;3391388888;3891388888
34;3493114000;3391388888;3891388888
35;3493116000;3391388888;3891388888
36;3537584000;3432711111;3932711111
44;3537668000;3433055555;3933055555
45;3537672000;3433055555;3933055555
46;3537673000;3433055555;3933055555
47;3575390000;3474377777;3974377777
48;3575401000;3474377777;3974377777
49;3575403000;3474377777;3974377777
50;3575405000;3474377777;3974377777
51;3575416000;3474377777;3974377777
52;3575418000;3474377777;3974377777
53;3575419000;3474377777;3974377777
54;3575520000;3474388888;3974388888
55;3575526000;3474700000;3974700000
56;3575528000;3474700000;3974700000
57;3575529000;3474700000;3974700000
58;3616272000;3516066666;4016066666
59;3616280000;3516066666;4016066666
60;3616282000;3516066666;4016066666
61;3616284000;3516066666;4016066666
62;3616286000;3516066666;4016066666
63;3616287000;3516066666;4016066666
64;3616289000;3516066666;4016066666
65;3616406000;3516077777;4016077777
67;3616412000;3516422222;4016422222
68;3616414000;3516422222;4016422222
69;3656437000;3557688888;4057688888
70;3656449000;3557688888;4057688888
71;3656450000;3557688888;4057688888
72;3656452000;3557688888;4057688888
73;3656453000;3557688888;4057688888
74;3656455000;3557688888;4057688888
75;3656456000;3557688888;4057688888
76;3656568000;3557700000;4057700000
77;3656574000;3558044444;4058044444
78;3656575000;3558044444;4058044444
79;3656576000;3558044444;4058044444
80;3696376000;3599377777;4099377777
81;3696380000;3599377777;4099377777
82;3696381000;3599377777;4099377777
83;3696382000;3599377777;4099377777
84;3696384000;3599377777;4099377777
85;3696385000;3599377777;4099377777
86;3696386000;3599377777;4099377777
87;3696489000;3599388888;4099388888
88;3696495000;3599700000;4099700000
89;3696496000;3599700000;4099700000
90;3696498000;3599700000;4099700000
91;3735980000;3641044444;4141044444
92;3735992000;3641044444;4141044444
93;3735994000;3641044444;4141044444
94;3735996000;3641044444;4141044444
95;3736006000;3641044444;4141044444
96;3736008000;3641044444;4141044444
97;3736009000;3641044444;4141044444
98;3736123000;3641055555;4141055555
99;3736129000;3641377777;4141377777
100;3736131000;3641377777;4141377777
101;3736133000;3641377777;4141377777
102;3775082000;3682711111;4182711111
103;3775085000;3682711111;4182711111
104;3775087000;3682711111;4182711111
105;3775088000;3682711111;4182711111
106;3775089000;3682711111;4182711111
107;3775091000;3682711111;4182711111
108;3775092000;3682711111;4182711111
109;3775205000;3682722222;4182722222
110;3775211000;3682988888;4182988888
111;3775213000;3682988888;4182988888
112;3775214000;3682988888;4182988888
113;3814099000;3724377777;4224377777
114;3814103000;3724377777;4224377777
115;3814104000;3724377777;4224377777
116;3814106000;3724377777;4224377777
117;3814107000;3724377777;4224377777
118;3814108000;3724377777;4224377777
119;3814109000;3724377777;4224377777
120;3814231000;3724388888;4224388888
121;3814237000;3724688888;4224688888
122;3814239000;3724688888;4224688888
123;3814240000;3724688888;4224688888
124;3852963000;3766044444;4266044444
125;3852966000;3766044444;4266044444
126;3852968000;3766044444;4266044444
127;3852969000;3766044444;4266044444
129;3853090000;3766044444;4266044444
131;3853223000;3766055555;4266055555
132;3853257000;3766355555;4266355555
133;3853259000;3766355555;4266355555
134;3853260000;3766355555;4266355555
136;3891885000;3807711111;4307711111
137;3891889000;3807711111;4307711111
138;3891890000;3807711111;4307711111
140;3891891000;3807711111;4307711111
141;3891893000;3807711111;4307711111
142;3891977000;3807722222;4307722222
143;3891992000;3807988888;4307988888
144;3891993000;3807988888;4307988888
145;3891994000;3807988888;4307988888
146;3930800000;3849377777;4349377777
147;3930804000;3849377777;4349377777
148;3930805000;3849377777;4349377777
149;3930806000;3849377777;4349377777
150;3930808000;3849377777;4349377777
151;3930809000;3849377777;4349377777
152;3930810000;3849377777;4349377777
153;3930903000;3849388888;4349388888
154;3930909000;3849700000;4349700000
155;3930910000;3849700000;4349700000
156;3930912000;3849700000;4349700000
157;3970007000;3891044444;4391044444
158;3970011000;3891044444;4391044444
159;3970012000;3891044444;4391044444
160;3970013000;3891044444;4391044444
161;3970015000;3891044444;4391044444
162;3970016000;3891044444;4391044444
163;3970017000;3891044444;4391044444
164;3970119000;3891055555;4391055555
165;3970125000;3891366666;4391366666
166;3970126000;3891366666;4391366666
167;3970127000;3891366666;4391366666
168;4009514000;3932722222;4432722222
169;4009517000;3932722222;4432722222
170;4009518000;3932722222;4432722222
171;4009519000;3932722222;4432722222
173;4009608000;3932722222;4432722222
174;4009610000;3932722222;4432722222
175;4009742000;3932733333;4432733333
176;4009748000;3933055555;4433055555
178;4009750000;3933055555;4433055555
179;4049416000;3974377777;4474377777
181;4049420000;3974377777;4474377777
182;4049421000;3974377777;4474377777
183;4049422000;3974377777;4474377777
184;4049423000;3974377777;4474377777
185;4049424000;3974377777;4474377777
186;4049537000;3974388888;4474388888
187;4049542000;3974677777;4474677777
188;4049544000;3974677777;4474677777
189;4049545000;3974677777;4474677777
190;4089657000;4016044444;4516044444
191;4089660000;4016044444;4516044444
192;4089661000;4016044444;4516044444
193;4089663000;4016044444;4516044444
194;4089664000;4016044444;4516044444
195;4089665000;4016044444;4516044444
196;4089666000;4016044444;4516044444
197;4089779000;4016055555;4516055555
198;4089785000;4016333333;4516333333
199;4089786000;4016333333;4516333333
200;4089787000;4016333333;4516333333
201;4130211000;4057711111;4557711111
202;4130223000;4057711111;4557711111
203;4130224000;4057711111;4557711111
204;4130226000;4057711111;4557711111
205;4130227000;4057711111;4557711111
206;4130228000;4057711111;4557711111
207;4130229000;4057711111;4557711111
208;4130341000;4057722222;4557722222
209;4130347000;4057988888;4557988888
210;4130348000;4057988888;4557988888
211;4130349000;4057988888;4557988888
212;4171088000;4099377777;4599377777
213;4171090000;4099377777;4599377777
214;4171092000;4099377777;4599377777
217;4171132000;4099377777;4599377777
218;4171134000;4099377777;4599377777
219;4171226000;4099388888;4599388888
220;4171231000;4099711111;4599711111
221;4171232000;4099711111;4599711111
222;4171234000;4099711111;4599711111
227;4212293000;4141044444;4641044444
228;4212296000;4141044444;4641044444
229;4212297000;4141044444;4641044444
230;4212362000;4141055555;4641055555
231;4212377000;4141355555;4641355555
232;4212378000;4141355555;4641355555
234;4253656000;4182711111;4682711111
235;4253658000;4182711111;4682711111
236;4253659000;4182711111;4682711111
237;4253660000;4182711111;4682711111
238;4253662000;4182711111;4682711111
239;4253663000;4182711111;4682711111
240;4253664000;4182711111;4682711111
241;4253727000;4182722222;4682722222
242;4253743000;4183011111;4683011111
243;4253744000;4183011111;4683011111
244;4253745000;4183011111;4683011111
245;4295114000;4224377777;4724377777
246;4295126000;4224377777;4724377777
247;4295127000;4224377777;4724377777
248;4295128000;4224377777;4724377777
249;4295129000;4224377777;4724377777
250;4295131000;4224377777;4724377777
251;4295132000;4224377777;4724377777
252;4295235000;4224388888;4724388888
253;4295241000;4224700000;4724700000
254;4295249000;4224700000;4724700000
255;4295250000;4224700000;4724700000
256;4336679000;4266044444;4766044444
257;4336682000;4266044444;4766044444
258;4336683000;4266044444;4766044444
259;4336684000;4266044444;4766044444
260;4336685000;4266044444;4766044444
261;4336686000;4266044444;4766044444
262;4336687000;4266044444;4766044444
263;4336799000;4266055555;4766055555
264;4336804000;4266344444;4766344444
265;4336806000;4266344444;4766344444
266;4336807000;4266344444;4766344444
267;4378298000;4307711111;4807711111
268;4378300000;4307711111;4807711111
269;4378301000;4307711111;4807711111
270;4378303000;4307711111;4807711111
271;4378304000;4307711111;4807711111
272;4378305000;4307711111;4807711111
273;4378306000;4307711111;4807711111
274;4378417000;4307722222;4807722222
275;4378422000;4307977777;4807977777
276;4378423000;4307977777;4807977777
277;4378425000;4307977777;4807977777
278;4419942000;4349377777;4849377777
279;4419945000;4349377777;4849377777
280;4419946000;4349377777;4849377777
281;4419947000;4349377777;4849377777
282;4419948000;4349377777;4849377777
283;4419949000;4349377777;4849377777
284;4419950000;4349377777;4849377777
285;4420070000;4349388888;4849388888
286;4420076000;4349688888;4849688888
287;4420077000;4349688888;4849688888
288;4420078000;4349688888;4849688888
289;4461606000;4391044444;4891044444
290;4461609000;4391044444;4891044444
291;4461610000;4391044444;4891044444
292;4461622000;4391044444;4891044444
294;4461686000;4391044444;4891044444
295;4461699000;4391044444;4891044444
296;4461809000;4391055555;4891055555
297;4461815000;4391322222;4891322222
298;4461816000;4391322222;4891322222
299;4461818000;4391322222;4891322222
300;4503324000;4432711111;4932711111
301;4503328000;4432711111;4932711111
302;4503329000;4432711111;4932711111
304;4503330000;4432711111;4932711111
305;4503331000;4432711111;4932711111
306;4503333000;4432711111;4932711111
307;4503435000;4432722222;4932722222
308;4503441000;4433000000;4933000000
309;4503443000;4433000000;4933000000
310;4503444000;4433000000;4933000000
311;4544979000;4474377777;4974377777
312;4544982000;4474377777;4974377777
313;4544984000;4474377777;4974377777
314;4544985000;4474377777;4974377777
315;4544986000;4474377777;4974377777
316;4544987000;4474377777;4974377777
317;4544988000;4474377777;4974377777
318;4545122000;4474388888;4974388888
319;4545128000;4474688888;4974688888
320;4545129000;4474688888;4974688888
321;4545130000;4474688888;4974688888
322;4586645000;4516044444;5016044444
323;4586648000;4516044444;5016044444
324;4586650000;4516044444;5016044444
325;4586651000;4516044444;5016044444
326;4586652000;4516044444;5016044444
327;4586653000;4516044444;5016044444
328;4586654000;4516044444;5016044444
329;4586767000;4516055555;5016055555
330;4586772000;4516344444;5016344444
331;4586774000;4516344444;5016344444
332;4586775000;4516344444;5016344444
333;4628268000;4557711111;5057711111
334;4628271000;4557711111;5057711111
335;4628272000;4557711111;5057711111
336;4628273000;4557711111;5057711111
337;4628274000;4557711111;5057711111
338;4628275000;4557711111;5057711111
339;4628276000;4557711111;5057711111
340;4628382000;4557722222;5057722222
341;4628388000;4557988888;5057988888
342;4628389000;4557988888;5057988888
343;4628390000;4557988888;5057988888
344;4669933000;4599377777;5099377777
345;4669935000;4599377777;5099377777
346;4669936000;4599377777;5099377777
347;4669937000;4599377777;5099377777
348;4669939000;4599377777;5099377777
349;4669940000;4599377777;5099377777
350;4669941000;4599377777;5099377777
351;4670054000;4599388888;5099388888
352;4670059000;4599688888;5099688888
353;4670060000;4599688888;5099688888
354;4670062000;4599688888;5099688888
355;4711645000;4641044444;5141044444
356;4711648000;4641044444;5141044444
357;4711649000;4641044444;5141044444
358;4711650000;4641044444;5141044444
359;4711652000;4641044444;5141044444
360;4711653000;4641044444;5141044444
361;4711654000;4641044444;5141044444
362;4711766000;4641055555;5141055555
363;4711772000;4641333333;5141333333
364;4711773000;4641333333;5141333333
365;4711775000;4641333333;5141333333
366;4753312000;4682711111;5182711111
367;4753323000;4682711111;5182711111
368;4753324000;4682711111;5182711111
369;4753326000;4682711111;5182711111
370;4753327000;4682711111;5182711111
371;4753328000;4682711111;5182711111
372;4753329000;4682711111;5182711111
373;4753449000;4682722222;5182722222
374;4753455000;4682988888;5182988888
375;4753457000;4682988888;5182988888
376;4753458000;4682988888;5182988888
377;4794977000;4724377777;5224377777
378;4794981000;4724377777;5224377777
379;4794982000;4724377777;5224377777
380;4794984000;4724377777;5224377777
381;4794985000;4724377777;5224377777
382;4794986000;4724377777;5224377777
383;4794987000;4724377777;5224377777
384;4795096000;4724400000;5224400000
385;4795102000;4724688888;5224688888
386;4795103000;4724688888;5224688888
387;4795105000;4724688888;5224688888
388;4836597000;4766044444;5266044444
389;4836600000;4766044444;5266044444
390;4836601000;4766044444;5266044444
391;4836603000;4766044444;5266044444
392;4836604000;4766044444;5266044444
393;4836605000;4766044444;5266044444
394;4836606000;4766044444;5266044444
395;4836719000;4766055555;5266055555
396;4836724000;4766344444;5266344444
397;4836726000;4766344444;5266344444
398;4836727000;4766344444;5266344444
399;4878263000;4807711111;5307711111
400;4878266000;4807711111;5307711111
401;4878267000;4807711111;5307711111
402;4878268000;4807711111;5307711111
403;4878269000;4807711111;5307711111
404;4878270000;4807711111;5307711111
405;4878271000;4807711111;5307711111
406;4878383000;4807722222;5307722222
407;4878388000;4807977777;5307977777
408;4878390000;4807977777;5307977777
409;4878391000;4807977777;5307977777
410;4923362000;4849377777;5349377777
411;4923371000;4849377777;5349377777
412;4923374000;4849377777;5349377777
413;4923375000;4849377777;5349377777
414;4923388000;4849377777;5349377777
415;4923390000;4849377777;5349377777
416;4923391000;4849377777;5349377777
417;4923520000;4849388888;5349388888
418;4923526000;4849688888;5349688888
419;4923527000;4849688888;5349688888
420;4923529000;4849688888;5349688888
421;4961685000;4891044444;5391044444
422;4961694000;4891044444;5391044444
423;4961696000;4891044444;5391044444
424;4961697000;4891044444;5391044444
425;4961700000;4891044444;5391044444
426;4961704000;4891044444;5391044444
427;4961706000;4891044444;5391044444
428;4961854000;4891055555;5391055555
429;4961860000;4891355555;5391355555
430;4961862000;4891355555;5391355555
431;4961863000;4891355555;5391355555
432;5005273000;4932711111;5432711111
433;5005284000;4932711111;5432711111
434;5005286000;4932711111;5432711111
435;5005288000;4932711111;5432711111
436;5005290000;4932711111;5432711111
437;5005291000;4932711111;5432711111
438;5005293000;4932711111;5432711111
439;5005430000;4932722222;5432722222
440;5005437000;4933022222;5433022222
441;5005439000;4933022222;5433022222
442;5005440000;4933022222;5433022222
443;5045011000;4974377777;5474377777
444;5045020000;4974377777;5474377777
445;5045022000;4974377777;5474377777
446;5045024000;4974377777;5474377777
447;5045026000;4974377777;5474377777
448;5045027000;4974377777;5474377777
449;5045029000;4974377777;5474377777
450;5045153000;4974388888;5474388888
451;5045159000;4974666666;5474666666
452;5045161000;4974666666;5474666666
453;5045162000;4974666666;5474666666
454;5087956000;5016044444;5516044444
455;5087968000;5016044444;5516044444
456;5087971000;5016044444;5516044444
457;5087973000;5016044444;5516044444
458;5087975000;5016044444;5516044444
459;5087977000;5016044444;5516044444
460;5087979000;5016044444;5516044444
461;5088117000;5016055555;5516055555
462;5088123000;5016322222;5516322222
463;5088126000;5016322222;5516322222
464;5088127000;5016322222;5516322222
465;5128374000;5057711111;5557711111
466;5128380000;5057711111;5557711111
467;5128382000;5057711111;5557711111
468;5128384000;5057711111;5557711111
469;5128386000;5057711111;5557711111
470;5128388000;5057711111;5557711111
471;5128390000;5057711111;5557711111
472;5128511000;5057722222;5557722222
473;5128517000;5057977777;5557977777
474;5128519000;5057977777;5557977777
475;5128520000;5057977777;5557977777
476;5169977000;5099377777;5599377777
477;5169981000;5099377777;5599377777
478;5170000000;5099377777;5599377777
479;5170002000;5099377777;5599377777
480;5170003000;5099377777;5599377777
481;5170004000;5099377777;5599377777
482;5170005000;5099377777;5599377777
483;5170130000;5099388888;5599388888
484;5170135000;5099700000;5599700000
485;5170137000;5099700000;5599700000
486;5170138000;5099700000;5599700000
487;5211600000;5141044444;5641044444
488;5211602000;5141044444;5641044444
489;5211603000;5141044444;5641044444
490;5211605000;5141044444;5641044444
491;5211606000;5141044444;5641044444
492;5211607000;5141044444;5641044444
493;5211608000;5141044444;5641044444
494;5211702000;5141066666;5641066666
496;5211759000;5141366666;5641366666
497;5211760000;5141366666;5641366666
499;5253310000;5182711111;5682711111
500;5253313000;5182711111;5682711111
503;5253314000;5182711111;5682711111
504;5253315000;5182711111;5682711111
505;5253384000;5182722222;5682722222
506;5253399000;5183011111;5683011111
507;5253401000;5183011111;5683011111
508;5253402000;5183011111;5683011111
509;5294941000;5224377777;5724377777
510;5294943000;5224377777;5724377777
511;5294944000;5224377777;5724377777
512;5294945000;5224377777;5724377777
513;5294947000;5224377777;5724377777
514;5294948000;5224377777;5724377777
515;5294949000;5224377777;5724377777
516;5295069000;5224388888;5724388888
517;5295074000;5224700000;5724700000
518;5295076000;5224700000;5724700000
519;5295077000;5224700000;5724700000
520;5336600000;5266044444;5766044444
521;5336602000;5266044444;5766044444
522;5336604000;5266044444;5766044444
523;5336605000;5266044444;5766044444
524;5336606000;5266044444;5766044444
525;5336607000;5266044444;5766044444
526;5336608000;5266044444;5766044444
527;5336720000;5266055555;5766055555
528;5336726000;5266355555;5766355555
529;5336727000;5266355555;5766355555
530;5336728000;5266355555;5766355555
531;5378264000;5307711111;5807711111
532;5378267000;5307711111;5807711111
533;5378268000;5307711111;5807711111
534;5378269000;5307711111;5807711111
535;5378270000;5307711111;5807711111
536;5378271000;5307711111;5807711111
537;5378272000;5307711111;5807711111
538;5378384000;5307722222;5807722222
539;5378389000;5307988888;5807988888
540;5378390000;5307988888;5807988888
541;5378391000;5307988888;5807988888
542;5419929000;5349377777;5849377777
543;5419931000;5349377777;5849377777
544;5419933000;5349377777;5849377777
545;5419934000;5349377777;5849377777
546;5419935000;5349377777;5849377777
547;5419936000;5349377777;5849377777
548;5419937000;5349377777;5849377777
549;5420070000;5349388888;5849388888
550;5420075000;5349700000;5849700000
551;5420076000;5349700000;5849700000
552;5420077000;5349700000;5849700000
553;5461599000;5391044444;5891044444
554;5461601000;5391044444;5891044444
555;5461603000;5391044444;5891044444
556;5461604000;5391044444;5891044444
557;5461605000;5391044444;5891044444
558;5461606000;5391044444;5891044444
559;5461607000;5391044444;5891044444
560;5461712000;5391055555;5891055555
561;5461717000;5391344444;5891344444
562;5461719000;5391344444;5891344444
563;5461720000;5391344444;5891344444
564;5503351000;5432711111;5932711111
565;5503357000;5432711111;5932711111
566;5503359000;5432711111;5932711111
567;5503360000;5432711111;5932711111
568;5503362000;5432711111;5932711111
569;5503364000;5432711111;5932711111
570;5503365000;5432711111;5932711111
571;5503499000;5432722222;5932722222
572;5503505000;5433022222;5933022222
573;5503507000;5433022222;5933022222
574;5503508000;5433022222;5933022222
575;5544942000;5474377777;5974377777
576;5544954000;5474377777;5974377777
577;5544955000;5474377777;5974377777
578;5544956000;5474377777;5974377777
579;5544957000;5474377777;5974377777
580;5544958000;5474377777;5974377777
581;5544959000;5474377777;5974377777
582;5545083000;5474388888;5974388888
583;5545089000;5474700000;5974700000
584;5545090000;5474700000;5974700000
585;5545091000;5474700000;5974700000
586;5586598000;5516044444;6016044444
587;5586601000;5516044444;6016044444
588;5586602000;5516044444;6016044444
589;5586603000;5516044444;6016044444
590;5586604000;5516044444;6016044444
591;5586606000;5516044444;6016044444
592;5586607000;5516044444;6016044444
593;5586736000;5516055555;6016055555
594;5586742000;5516355555;6016355555
595;5586743000;5516355555;6016355555
596;5586744000;5516355555;6016355555
597;5628264000;5557711111;6057711111
598;5628267000;5557711111;6057711111
599;5628268000;5557711111;6057711111
600;5628269000;5557711111;6057711111
601;5628270000;5557711111;6057711111
602;5628271000;5557711111;6057711111
603;5628272000;5557711111;6057711111
604;5628387000;5557722222;6057722222
606;5628432000;5558011111;6058011111
607;5628433000;5558011111;6058011111
608;5669940000;5599377777;6099377777
609;5669952000;5599377777;6099377777
610;5669953000;5599377777;6099377777
611;5669954000;5599377777;6099377777
612;5669955000;5599377777;6099377777
613;5669956000;5599377777;6099377777
614;5669957000;5599377777;6099377777
615;5670076000;5599388888;6099388888
616;5670081000;5599700000;6099700000
617;5670083000;5599700000;6099700000
618;5670084000;5599700000;6099700000
619;5711646000;5641044444;6141044444
620;5711650000;5641044444;6141044444
621;5711651000;5641044444;6141044444
622;5711652000;5641044444;6141044444
623;5711653000;5641044444;6141044444
624;5711654000;5641044444;6141044444
625;5711656000;5641044444;6141044444
626;5711778000;5641055555;6141055555
627;5711784000;5641355555;6141355555
628;5711785000;5641355555;6141355555
629;5711786000;5641355555;6141355555
630;5753330000;5682711111;6182711111
631;5753334000;5682711111;6182711111
632;5753335000;5682711111;6182711111
634;5753336000;5682711111;6182711111
635;5753337000;5682711111;6182711111
636;5753339000;5682711111;6182711111
637;5753441000;5682722222;6182722222
638;5753447000;5683000000;6183000000
639;5753448000;5683000000;6183000000
640;5753449000;5683000000;6183000000
643;5794989000;5724377777;6224377777
644;5795001000;5724377777;6224377777
645;5795002000;5724377777;6224377777
646;5795003000;5724377777;6224377777
647;5795004000;5724377777;6224377777
648;5795093000;5724388888;6224388888
649;5795099000;5724677777;6224677777
650;5795110000;5724677777;6224677777
651;5795111000;5724677777;6224677777
652;5836600000;5766044444;6266044444
653;5836603000;5766044444;6266044444
654;5836604000;5766044444;6266044444
655;5836605000;5766044444;6266044444
656;5836607000;5766044444;6266044444
657;5836608000;5766044444;6266044444
658;5836609000;5766044444;6266044444
659;5836701000;5766055555;6266055555
660;5836707000;5766355555;6266355555
661;5836708000;5766355555;6266355555
662;5836710000;5766355555;6266355555
663;5878312000;5807711111;6307711111
664;5878315000;5807711111;6307711111
665;5878317000;5807711111;6307711111
666;5878318000;5807711111;6307711111
667;5878319000;5807711111;6307711111
668;5878320000;5807711111;6307711111
669;5878321000;5807711111;6307711111
670;5878444000;5807722222;6307722222
671;5878449000;5807988888;6307988888
672;5878451000;5807988888;6307988888
673;5878452000;5807988888;6307988888
674;5919935000;5849377777;6349377777
675;5919938000;5849377777;6349377777
676;5919939000;5849377777;6349377777
677;5919940000;5849377777;6349377777
678;5919941000;5849377777;6349377777
679;5919942000;5849377777;6349377777
680;5919943000;5849377777;6349377777
681;5920061000;5849388888;6349388888
682;5920067000;5849700000;6349700000
683;5920069000;5849700000;6349700000
684;5920080000;5849700000;6349700000
687;5961697000;5891044444;6391044444
688;5961709000;5891044444;6391044444
690;5961711000;5891044444;6391044444
691;5961712000;5891044444;6391044444
692;5961777000;5891055555;6391055555
693;5961793000;5891366666;6391366666
694;5961794000;5891366666;6391366666
697;6003313000;5932711111;6432711111
698;6003316000;5932711111;6432711111
699;6003317000;5932711111;6432711111
700;6003318000;5932711111;6432711111
701;6003319000;5932711111;6432711111
702;6003320000;5932711111;6432711111
703;6003385000;5932722222;6432722222
704;6003390000;5933055555;6433055555
705;6003391000;5933055555;6433055555
706;6003392000;5933055555;6433055555
707;6044955000;5974377777;6474377777
708;6044957000;5974377777;6474377777
711;6044959000;5974377777;6474377777
712;6044960000;5974377777;6474377777
713;6044961000;5974377777;6474377777
714;6045061000;5974388888;6474388888
715;6045066000;5974677777;6474677777
716;6045068000;5974677777;6474677777
717;6045069000;5974677777;6474677777
718;6086646000;6016044444;6516044444
719;6086650000;6016044444;6516044444
720;6086651000;6016044444;6516044444
721;6086652000;6016044444;6516044444
722;6086654000;6016044444;6516044444
723;6086655000;6016044444;6516044444
724;6086656000;6016044444;6516044444
725;6086768000;6016055555;6516055555
726;6086774000;6016344444;6516344444
727;6086776000;6016344444;6516344444
728;6086777000;6016344444;6516344444
729;6128270000;6057711111;6557711111
730;6128273000;6057711111;6557711111
731;6128274000;6057711111;6557711111
732;6128275000;6057711111;6557711111
733;6128276000;6057711111;6557711111
734;6128277000;6057711111;6557711111
735;6128279000;6057711111;6557711111
736;6128385000;6057722222;6557722222
737;6128390000;6058000000;6558000000
738;6128391000;6058000000;6558000000
739;6128392000;6058000000;6558000000
740;6169932000;6099377777;6599377777
741;6169935000;6099377777;6599377777
742;6169936000;6099377777;6599377777
743;6169937000;6099377777;6599377777
744;6169938000;6099377777;6599377777
745;6169939000;6099377777;6599377777
746;6169940000;6099377777;6599377777
747;6170060000;6099388888;6599388888
748;6170075000;6099711111;6599711111
749;6170076000;6099711111;6599711111
750;6170077000;6099711111;6599711111
751;6211600000;6141044444;6641044444
752;6211602000;6141044444;6641044444
753;6211603000;6141044444;6641044444
754;6211605000;6141044444;6641044444
755;6211606000;6141044444;6641044444
756;6211607000;6141044444;6641044444
757;6211608000;6141044444;6641044444
758;6211719000;6141055555;6641055555
759;6211725000;6141366666;6641366666
760;6211726000;6141366666;6641366666
761;6211727000;6141366666;6641366666
764;6253364000;6182711111;6682711111
765;6253367000;6182711111;6682711111
766;6253377000;6182711111;6682711111
767;6253378000;6182711111;6682711111
768;6253379000;6182711111;6682711111
769;6253436000;6182722222;6682722222
770;6253441000;6183022222;6683022222
771;6253443000;6183022222;6683022222
772;6253444000;6183022222;6683022222
773;6294936000;6224377777;6724377777
774;6294938000;6224377777;6724377777
775;6294940000;6224377777;6724377777
776;6294941000;6224377777;6724377777
777;6294942000;6224377777;6724377777
778;6294943000;6224377777;6724377777
779;6294944000;6224377777;6724377777
780;6295064000;6224388888;6724388888
781;6295079000;6224700000;6724700000
782;6295080000;6224700000;6724700000
783;6295082000;6224700000;6724700000
784;6336603000;6266044444;6766044444
785;6336606000;6266044444;6766044444
786;6336607000;6266044444;6766044444
787;6336608000;6266044444;6766044444
788;6336609000;6266044444;6766044444
789;6336610000;6266044444;6766044444
790;6336612000;6266044444;6766044444
791;6336724000;6266055555;6766055555
792;6336729000;6266366666;6766366666
793;6336730000;6266366666;6766366666
794;6336732000;6266366666;6766366666
797;6378368000;6307711111;6807711111
798;6378371000;6307711111;6807711111
799;6378381000;6307711111;6807711111
800;6378382000;6307711111;6807711111
801;6378383000;6307711111;6807711111
802;6378447000;6307722222;6807722222
803;6378462000;6308000000;6808000000
804;6378464000;6308000000;6808000000
805;6378465000;6308000000;6808000000
806;6419947000;6349388888;6849388888
807;6419950000;6349388888;6849388888
808;6419951000;6349388888;6849388888
809;6419952000;6349388888;6849388888
810;6419953000;6349388888;6849388888
811;6419955000;6349388888;6849388888
812;6419956000;6349388888;6849388888
813;6420064000;6349400000;6849400000
814;6420069000;6349722222;6849722222
815;6420071000;6349722222;6849722222
816;6420072000;6349722222;6849722222
817;6461649000;6391044444;6891044444
818;6461653000;6391044444;6891044444
819;6461654000;6391044444;6891044444
820;6461655000;6391044444;6891044444
821;6461656000;6391044444;6891044444
822;6461657000;6391044444;6891044444
823;6461658000;6391044444;6891044444
826;6461869000;6391355555;6891355555
827;6461872000;6391355555;6891355555
828;6503327000;6432711111;6932711111
829;6503331000;6432711111;6932711111
830;6503332000;6432711111;6932711111
831;6503340000;6432711111;6932711111
834;6503342000;6432711111;6932711111
835;6503455000;6432722222;6932722222
836;6503461000;6433022222;6933022222
837;6503462000;6433022222;6933022222
838;6503463000;6433022222;6933022222
839;6545024000;6474377777;6974377777
840;6545028000;6474377777;6974377777
841;6545029000;6474377777;6974377777
842;6545040000;6474377777;6974377777
844;6545041000;6474377777;6974377777
845;6545060000;6474377777;6974377777
846;6545183000;6474388888;6974388888
847;6545189000;6474700000;6974700000
848;6545190000;6474700000;6974700000
849;6545191000;6474700000;6974700000
850;6586604000;6516044444;7016044444
851;6586607000;6516044444;7016044444
852;6586608000;6516044444;7016044444
853;6586609000;6516044444;7016044444
854;6586610000;6516044444;7016044444
855;6586611000;6516044444;7016044444
856;6586612000;6516044444;7016044444
857;6586726000;6516055555;7016055555
858;6586731000;6516366666;7016366666
859;6586733000;6516366666;7016366666
860;6586734000;6516366666;7016366666
861;6628268000;6557711111;7057711111
862;6628270000;6557711111;7057711111
863;6628271000;6557711111;7057711111
864;6628273000;6557711111;7057711111
865;6628274000;6557711111;7057711111
866;6628275000;6557711111;7057711111
867;6628276000;6557711111;7057711111
868;6628388000;6557722222;7057722222
869;6628394000;6558022222;7058022222
870;6628395000;6558022222;7058022222
871;6628396000;6558022222;7058022222
872;6669935000;6599377777;7099377777
873;6669937000;6599377777;7099377777
874;6669938000;6599377777;7099377777
875;6669940000;6599377777;7099377777
876;6669941000;6599377777;7099377777
877;6669942000;6599377777;7099377777
878;6669943000;6599377777;7099377777
879;6670063000;6599388888;7099388888
880;6670078000;6599700000;7099700000
881;6670079000;6599700000;7099700000
882;6670080000;6599700000;7099700000
883;6711650000;6641044444;7141044444
884;6711654000;6641044444;7141044444
885;6711655000;6641044444;7141044444
886;6711656000;6641044444;7141044444
887;6711658000;6641044444;7141044444
888;6711659000;6641044444;7141044444
889;6711660000;6641044444;7141044444
890;6711762000;6641066666;7141066666
891;6711768000;6641366666;7141366666
892;6711770000;6641366666;7141366666
894;6753441000;6682711111;7182711111
895;6753444000;6682711111;7182711111
896;6753446000;6682711111;7182711111
897;6753447000;6682711111;7182711111
898;6753448000;6682711111;7182711111
899;6753449000;6682711111;7182711111
900;6753450000;6682711111;7182711111
901;6753531000;6682722222;7182722222
902;6753537000;6683011111;7183011111
903;6753538000;6683011111;7183011111
904;6753540000;6683011111;7183011111
905;6794983000;6724377777;7224377777
906;6794987000;6724377777;7224377777
907;6794988000;6724377777;7224377777
908;6794989000;6724377777;7224377777
909;6794990000;6724377777;7224377777
910;6794991000;6724377777;7224377777
911;6794993000;6724377777;7224377777
912;6795093000;6724388888;7224388888
913;6795098000;6724700000;7224700000
914;6795100000;6724700000;7224700000
915;6795101000;6724700000;7224700000
916;6836651000;6766044444;7266044444
917;6836655000;6766044444;7266044444
918;6836656000;6766044444;7266044444
919;6836657000;6766044444;7266044444
920;6836658000;6766044444;7266044444
921;6836659000;6766044444;7266044444
922;6836660000;6766044444;7266044444
923;6836783000;6766055555;7266055555
924;6836789000;6766366666;7266366666
925;6836791000;6766366666;7266366666
926;6836792000;6766366666;7266366666
927;6878272000;6807711111;7307711111
928;6878275000;6807711111;7307711111
929;6878276000;6807711111;7307711111
930;6878277000;6807711111;7307711111
931;6878278000;6807711111;7307711111
932;6878279000;6807711111;7307711111
933;6878280000;6807711111;7307711111
934;6878393000;6807722222;7307722222
935;6878398000;6808000000;7308000000
936;6878399000;6808000000;7308000000
937;6878401000;6808000000;7308000000
938;6919936000;6849377777;7349377777
939;6919938000;6849377777;7349377777
940;6919939000;6849377777;7349377777
941;6919941000;6849377777;7349377777
942;6919942000;6849377777;7349377777
943;6919943000;6849377777;7349377777
945;6920104000;6849388888;7349388888
946;6920109000;6849711111;7349711111
947;6920117000;6849711111;7349711111
948;6920119000;6849711111;7349711111
949;6961604000;6891044444;7391044444
950;6961607000;6891044444;7391044444
951;6961608000;6891044444;7391044444
952;6961609000;6891044444;7391044444
953;6961610000;6891044444;7391044444
954;6961611000;6891044444;7391044444
955;6961612000;6891044444;7391044444
956;6961724000;6891055555;7391055555
957;6961729000;6891377777;7391377777
958;6961730000;6891377777;7391377777
960;7003368000;6932711111;7432711111
961;7003371000;6932711111;7432711111
962;7003381000;6932711111;7432711111
963;7003382000;6932711111;7432711111
964;7003383000;6932711111;7432711111
966;7003385000;6932711111;7432711111
967;7003450000;6932722222;7432722222
968;7003465000;6933044444;7433044444
969;7003467000;6933044444;7433044444
970;7003468000;6933044444;7433044444
971;7044996000;6974377777;7474377777
972;7045000000;6974377777;7474377777
974;7045001000;6974377777;7474377777
975;7045003000;6974377777;7474377777
976;7045004000;6974377777;7474377777
977;7045005000;6974377777;7474377777
978;7045130000;6974388888;7474388888
979;7045136000;6974688888;7474688888
980;7045138000;6974688888;7474688888
981;7045139000;6974688888;7474688888
982;7086651000;7016044444;7516044444
983;7086655000;7016044444;7516044444
984;7086657000;7016044444;7516044444
985;7086658000;7016044444;7516044444
986;7086659000;7016044444;7516044444
987;7086660000;7016044444;7516044444
988;7086661000;7016044444;7516044444
989;7086754000;7016055555;7516055555
990;7086760000;7016355555;7516355555
991;7086762000;7016355555;7516355555
992;7086763000;7016355555;7516355555
993;7128274000;7057711111;7557711111
994;7128276000;7057711111;7557711111
995;7128278000;7057711111;7557711111
996;7128279000;7057711111;7557711111
997;7128280000;7057711111;7557711111
998;7128281000;7057711111;7557711111
999;7128282000;7057711111;7557711111
1000;7128394000;7057722222;7557722222
1001;7128400000;7058011111;7558011111
1002;7128401000;7058011111;7558011111
1003;7128402000;7058011111;7558011111
1004;7169937000;7099377777;7599377777
1005;7169940000;7099377777;7599377777
1006;7169941000;7099377777;7599377777
1007;7169942000;7099377777;7599377777
1008;7169943000;7099377777;7599377777
1009;7169945000;7099377777;7599377777
1010;7169946000;7099377777;7599377777
1011;7170066000;7099388888;7599388888
1012;7170081000;7099711111;7599711111
1013;7170082000;7099711111;7599711111
1014;7170083000;7099711111;7599711111
1015;7211605000;7141044444;7641044444
1016;7211607000;7141044444;7641044444
1017;7211608000;7141044444;7641044444
1018;7211609000;7141044444;7641044444
1019;7211611000;7141044444;7641044444
1020;7211612000;7141044444;7641044444
1023;7211852000;7141388888;7641388888
1024;7211864000;7141388888;7641388888
1025;7211865000;7141388888;7641388888
1026;7253329000;7182711111;7682711111
1027;7253333000;7182711111;7682711111
1028;7253334000;7182711111;7682711111
1029;7253335000;7182711111;7682711111
1030;7253336000;7182711111;7682711111
1032;7253338000;7182711111;7682711111
1033;7253460000;7182722222;7682722222
1034;7253466000;7183022222;7683022222
1035;7253468000;7183022222;7683022222
1036;7253469000;7183022222;7683022222
1037;7294985000;7224377777;7724377777
1038;7294988000;7224377777;7724377777
1039;7294990000;7224377777;7724377777
1040;7294991000;7224377777;7724377777
1041;7294992000;7224377777;7724377777
1042;7294993000;7224377777;7724377777
1043;7294994000;7224377777;7724377777
1044;7295093000;7224388888;7724388888
1045;7295099000;7224711111;7724711111
1046;7295101000;7224711111;7724711111
1047;7295102000;7224711111;7724711111
1048;7336608000;7266044444;7766044444
1049;7336610000;7266044444;7766044444
1050;7336611000;7266044444;7766044444
1051;7336612000;7266044444;7766044444
1052;7336614000;7266044444;7766044444
1054;7336640000;7266044444;7766044444
1056;7336774000;7266344444;7766344444
1057;7336777000;7266344444;7766344444
1058;7336778000;7266344444;7766344444
1059;7378290000;7307711111;7807711111
1060;7378293000;7307711111;7807711111
1061;7378294000;7307711111;7807711111
1062;7378296000;7307711111;7807711111
1063;7378297000;7307711111;7807711111
1064;7378304000;7307711111;7807711111
1065;7378306000;7307711111;7807711111
1066;7378394000;7307722222;7807722222
1067;7378400000;7307977777;7807977777
1068;7378401000;7307977777;7807977777
1069;7378402000;7307977777;7807977777
1070;7419968000;7349377777;7849377777
1071;7419979000;7349377777;7849377777
1072;7419981000;7349377777;7849377777
1073;7419982000;7349377777;7849377777
1074;7419983000;7349377777;7849377777
1075;7419984000;7349377777;7849377777
1076;7419985000;7349377777;7849377777
1077;7420105000;7349388888;7849388888
1078;7420111000;7349688888;7849688888
1079;7420112000;7349688888;7849688888
1080;7420113000;7349688888;7849688888
1081;7461606000;7391044444;7891044444
1082;7461609000;7391044444;7891044444
1083;7461610000;7391044444;7891044444
1084;7461611000;7391044444;7891044444
1085;7461612000;7391044444;7891044444
1086;7461613000;7391044444;7891044444
1087;7461615000;7391044444;7891044444
1088;7461727000;7391055555;7891055555
1089;7461732000;7391333333;7891333333
1090;7461733000;7391333333;7891333333
1091;7461735000;7391333333;7891333333
1092;7503271000;7432711111;7932711111
1093;7503273000;7432711111;7932711111
1094;7503275000;7432711111;7932711111
1095;7503276000;7432711111;7932711111
1096;7503277000;7432711111;7932711111
1097;7503278000;7432711111;7932711111
1098;7503279000;7432711111;7932711111
1099;7503391000;7432722222;7932722222
1100;7503396000;7433011111;7933011111
1101;7503398000;7433011111;7933011111
1102;7503399000;7433011111;7933011111
1103;7544937000;7474377777;7974377777
1104;7544940000;7474377777;7974377777
1105;7544941000;7474377777;7974377777
1106;7544942000;7474377777;7974377777
1107;7544943000;7474377777;7974377777
1108;7544944000;7474377777;7974377777
1109;7544946000;7474377777;7974377777
1110;7545064000;7474388888;7974388888
1111;7545079000;7474677777;7974677777
1112;7545081000;7474677777;7974677777
1113;7545082000;7474677777;7974677777
1114;7586595000;7516033333;8016033333
1115;7586598000;7516033333;8016033333
1116;7586599000;7516033333;8016033333
1117;7586600000;7516033333;8016033333
1118;7586601000;7516033333;8016033333
1119;7586602000;7516033333;8016033333
1120;7586603000;7516033333;8016033333
1121;7586715000;7516044444;8016044444
1122;7586721000;7516488888;8016488888
1123;7586722000;7516488888;8016488888
1124;7586723000;7516488888;8016488888
1125;7628273000;7557711111;8057711111
1126;7628275000;7557711111;8057711111
1127;7628276000;7557711111;8057711111
1128;7628277000;7557711111;8057711111
1129;7628278000;7557711111;8057711111
1130;7628280000;7557711111;8057711111
1131;7628281000;7557711111;8057711111
1132;7628393000;7557722222;8057722222
1133;7628398000;7558011111;8058011111
1134;7628400000;7558011111;8058011111
1135;7628401000;7558011111;8058011111
1136;7669939000;7599377777;8099377777
1137;7669941000;7599377777;8099377777
1138;7669942000;7599377777;8099377777
1139;7669943000;7599377777;8099377777
1140;7669945000;7599377777;8099377777
1141;7669946000;7599377777;8099377777
1142;7669947000;7599377777;8099377777
1143;7670059000;7599388888;8099388888
1144;7670064000;7599688888;8099688888
1145;7670066000;7599688888;8099688888
1146;7670068000;7599688888;8099688888
1147;7711608000;7641044444;8141044444
1148;7711611000;7641044444;8141044444
1149;7711612000;7641044444;8141044444
1152;7711686000;7641044444;8141044444
1153;7711688000;7641044444;8141044444
1154;7711802000;7641055555;8141055555
1155;7711807000;7641344444;8141344444
1157;7711809000;7641344444;8141344444
1158;7753273000;7682711111;8182711111
1159;7753276000;7682711111;8182711111
1160;7753277000;7682711111;8182711111
1161;7753278000;7682711111;8182711111
1162;7753279000;7682711111;8182711111
1163;7753280000;7682711111;8182711111
1164;7753282000;7682711111;8182711111
1165;7753365000;7682722222;8182722222
1166;7753370000;7682988888;8182988888
1167;7753372000;7682988888;8182988888
1168;7753373000;7682988888;8182988888
1169;7794939000;7724377777;8224377777
1170;7794941000;7724377777;8224377777
1171;7794943000;7724377777;8224377777
1172;7794944000;7724377777;8224377777
1173;7794945000;7724377777;8224377777
1174;7794946000;7724377777;8224377777
1175;7794953000;7724377777;8224377777
1176;7795062000;7724388888;8224388888
1177;7795068000;7724677777;8224677777
1178;7795070000;7724677777;8224677777
1179;7795071000;7724677777;8224677777
1180;7836607000;7766044444;8266044444
1181;7836609000;7766044444;8266044444
1182;7836610000;7766044444;8266044444
1183;7836612000;7766044444;8266044444
1184;7836613000;7766044444;8266044444
1185;7836614000;7766044444;8266044444
1186;7836615000;7766044444;8266044444
1187;7836729000;7766055555;8266055555
1188;7836734000;7766344444;8266344444
1189;7836736000;7766344444;8266344444
1190;7836737000;7766344444;8266344444
1191;7878270000;7807711111;8307711111
1192;7878272000;7807711111;8307711111
1193;7878273000;7807711111;8307711111
1194;7878274000;7807711111;8307711111
1195;7878276000;7807711111;8307711111
1196;7878277000;7807711111;8307711111
1197;7878278000;7807711111;8307711111
1198;7878389000;7807722222;8307722222
1199;7878394000;7807988888;8307988888
1200;7878395000;7807988888;8307988888
1201;7878396000;7807988888;8307988888
1202;7919936000;7849377777;8349377777
1203;7919938000;7849377777;8349377777
1204;7919939000;7849377777;8349377777
1205;7919941000;7849377777;8349377777
1206;7919942000;7849377777;8349377777
1207;7919943000;7849377777;8349377777
1208;7919944000;7849377777;8349377777
1209;7920063000;7849388888;8349388888
1210;7920077000;7849700000;8349700000
1211;7920079000;7849700000;8349700000
1212;7920080000;7849700000;8349700000
1213;7961605000;7891044444;8391044444
1214;7961607000;7891044444;8391044444
1215;7961608000;7891044444;8391044444
1216;7961610000;7891044444;8391044444
1217;7961611000;7891044444;8391044444
1218;7961612000;7891044444;8391044444
1219;7961613000;7891044444;8391044444
1220;7961727000;7891055555;8391055555
1221;7961733000;7891355555;8391355555
1222;7961734000;7891355555;8391355555
1223;7961735000;7891355555;8391355555
1224;8003275000;7932711111;8432711111
1225;8003278000;7932711111;8432711111
1226;8003279000;7932711111;8432711111
1227;8003280000;7932711111;8432711111
1228;8003281000;7932711111;8432711111
1229;8003282000;7932711111;8432711111
1230;8003283000;7932711111;8432711111
1231;8003388000;7932722222;8432722222
1232;8003394000;7933022222;8433022222
1233;8003395000;7933022222;8433022222
1234;8003396000;7933022222;8433022222
1235;8044940000;7974377777;8474377777
1236;8044942000;7974377777;8474377777
1237;8044944000;7974377777;8474377777
1238;8044945000;7974377777;8474377777
1239;8044946000;7974377777;8474377777
1240;8044947000;7974377777;8474377777
1241;8044948000;7974377777;8474377777
1242;8045033000;7974388888;8474388888
1243;8045038000;7974666666;8474666666
1244;8045040000;7974666666;8474666666
1245;8045041000;7974666666;8474666666
1246;8086606000;8016044444;8516044444
1247;8086609000;8016044444;8516044444
1248;8086610000;8016044444;8516044444
1249;8086611000;8016044444;8516044444
1250;8086612000;8016044444;8516044444
1251;8086613000;8016044444;8516044444
1252;8086614000;8016044444;8516044444
1253;8086726000;8016055555;8516055555
1254;8086731000;8016333333;8516333333
1255;8086732000;8016333333;8516333333
1256;8086734000;8016333333;8516333333
1257;8128271000;8057711111;8557711111
1258;8128273000;8057711111;8557711111
1259;8128275000;8057711111;8557711111
1260;8128276000;8057711111;8557711111
1261;8128277000;8057711111;8557711111
1262;8128278000;8057711111;8557711111
1263;8128279000;8057711111;8557711111
1264;8128390000;8057722222;8557722222
1265;8128396000;8057988888;8557988888
1266;8128397000;8057988888;8557988888
1267;8128399000;8057988888;8557988888
1268;8169938000;8099377777;8599377777
1269;8169940000;8099377777;8599377777
1270;8169941000;8099377777;8599377777
1271;8169942000;8099377777;8599377777
1272;8169943000;8099377777;8599377777
1273;8169945000;8099377777;8599377777
1274;8169946000;8099377777;8599377777
1275;8170064000;8099388888;8599388888
1276;8170079000;8099700000;8599700000
1277;8170080000;8099700000;8599700000
1278;8170081000;8099700000;8599700000
1279;8211604000;8141044444;8641044444
1280;8211606000;8141044444;8641044444
1281;8211607000;8141044444;8641044444
1282;8211614000;8141044444;8641044444
1283;8211615000;8141044444;8641044444
1284;8211616000;8141044444;8641044444
1285;8211618000;8141044444;8641044444
1286;8211731000;8141055555;8641055555
1287;8211736000;8141355555;8641355555
1288;8211737000;8141355555;8641355555
1289;8211738000;8141355555;8641355555
1290;8253269000;8182711111;8682711111
1291;8253271000;8182711111;8682711111
1292;8253272000;8182711111;8682711111
1293;8253274000;8182711111;8682711111
1295;8253305000;8182711111;8682711111
1296;8253306000;8182711111;8682711111
1297;8253428000;8182722222;8682722222
1298;8253433000;8183011111;8683011111
1299;8253434000;8183011111;8683011111
1300;8253435000;8183011111;8683011111
1301;8294955000;8224377777;8724377777
1302;8294958000;8224377777;8724377777
1303;8294959000;8224377777;8724377777
1304;8294960000;8224377777;8724377777
1306;8294961000;8224377777;8724377777
1307;8294962000;8224377777;8724377777
1308;8295080000;8224388888;8724388888
1309;8295085000;8224700000;8724700000
1310;8295087000;8224700000;8724700000
1311;8295088000;8224700000;8724700000
1312;8336602000;8266044444;8766044444
1313;8336604000;8266044444;8766044444
1314;8336606000;8266044444;8766044444
1315;8336607000;8266044444;8766044444
1316;8336608000;8266044444;8766044444
1317;8336609000;8266044444;8766044444
1318;8336610000;8266044444;8766044444
1319;8336721000;8266055555;8766055555
1320;8336726000;8266355555;8766355555
1321;8336727000;8266355555;8766355555
1322;8336729000;8266355555;8766355555
1323;8378269000;8307711111;8807711111
1324;8378271000;8307711111;8807711111
1325;8378272000;8307711111;8807711111
1326;8378273000;8307711111;8807711111
1327;8378274000;8307711111;8807711111
1328;8378275000;8307711111;8807711111
1329;8378276000;8307711111;8807711111
1330;8378387000;8307722222;8807722222
1331;8378392000;8307988888;8807988888
1332;8378394000;8307988888;8807988888
1333;8378395000;8307988888;8807988888
1334;8419935000;8349377777;8849377777
1335;8419937000;8349377777;8849377777
1336;8419938000;8349377777;8849377777
1337;8419939000;8349377777;8849377777
1338;8419941000;8349377777;8849377777
1339;8419942000;8349377777;8849377777
1340;8419943000;8349377777;8849377777
1341;8420062000;8349400000;8849400000
1342;8420076000;8349711111;8849711111
1343;8420077000;8349711111;8849711111
1344;8420079000;8349711111;8849711111
1345;8461607000;8391044444;8891044444
1346;8461610000;8391044444;8891044444
1348;8461682000;8391044444;8891044444
1349;8461684000;8391044444;8891044444
1350;8461685000;8391044444;8891044444
1351;8461686000;8391044444;8891044444
1352;8461813000;8391055555;8891055555
1353;8461819000;8391344444;8891344444
1354;8461820000;8391344444;8891344444
1355;8461821000;8391344444;8891344444
1356;8503272000;8432711111;8932711111
1357;8503274000;8432711111;8932711111
1358;8503275000;8432711111;8932711111
1359;8503277000;8432711111;8932711111
1360;8503278000;8432711111;8932711111
1361;8503279000;8432711111;8932711111
1362;8503280000;8432711111;8932711111
1363;8503391000;8432722222;8932722222
1364;8503397000;8433022222;8933022222
1365;8503399000;8433022222;8933022222
1366;8503400000;8433022222;8933022222
1367;8544937000;8474377777;8974377777
1369;8544972000;8474377777;8974377777
1370;8544973000;8474377777;8974377777
1371;8544974000;8474377777;8974377777
1372;8544975000;8474377777;8974377777
1373;8544977000;8474377777;8974377777
1374;8545105000;8474388888;8974388888
1375;8545111000;8474700000;8974700000
1376;8545112000;8474700000;8974700000
1377;8545113000;8474700000;8974700000
1378;8586604000;8516044444;9016044444
1379;8586606000;8516044444;9016044444
1380;8586608000;8516044444;9016044444
1381;8586609000;8516044444;9016044444
1382;8586610000;8516044444;9016044444
1383;8586611000;8516044444;9016044444
1384;8586612000;8516044444;9016044444
1385;8586724000;8516055555;9016055555
1386;8586729000;8516355555;9016355555
1387;8586730000;8516355555;9016355555
1388;8586731000;8516355555;9016355555
1389;8628268000;8557711111;9057711111
1390;8628271000;8557711111;9057711111
1391;8628272000;8557711111;9057711111
1392;8628273000;8557711111;9057711111
1393;8628274000;8557711111;9057711111
1394;8628293000;8557711111;9057711111
1395;8628294000;8557711111;9057711111
1396;8628417000;8557722222;9057722222
1397;8628422000;8558011111;9058011111
1398;8628424000;8558011111;9058011111
1399;8628425000;8558011111;9058011111
1400;8669935000;8599377777;9099377777
1401;8669937000;8599377777;9099377777
1402;8669938000;8599377777;9099377777
1403;8669940000;8599377777;9099377777
1404;8669941000;8599377777;9099377777
1405;8669942000;8599377777;9099377777
1406;8669943000;8599377777;9099377777
1407;8670062000;8599388888;9099388888
1408;8670077000;8599700000;9099700000
1409;8670078000;8599700000;9099700000
1410;8670079000;8599700000;9099700000
1411;8711651000;8641044444;9141044444
1412;8711654000;8641044444;9141044444
1413;8711655000;8641044444;9141044444
1414;8711657000;8641044444;9141044444
1415;8711658000;8641044444;9141044444
1416;8711659000;8641044444;9141044444
1417;8711660000;8641044444;9141044444
1418;8711782000;8641055555;9141055555
1419;8711788000;8641355555;9141355555
1420;8711789000;8641355555;9141355555
1421;8711791000;8641355555;9141355555
1422;8753315000;8682711111;9182711111
1423;8753319000;8682711111;9182711111
1424;8753320000;8682711111;9182711111
1425;8753321000;8682711111;9182711111
1426;8753322000;8682711111;9182711111
1427;8753324000;8682711111;9182711111
1428;8753325000;8682711111;9182711111
1429;8753447000;8682722222;9182722222
1430;8753453000;8683000000;9183000000
1431;8753455000;8683000000;9183000000
1432;8753456000;8683000000;9183000000
1434;8795070000;8724377777;9224377777
1435;8795083000;8724377777;9224377777
1436;8795084000;8724377777;9224377777
1437;8795085000;8724377777;9224377777
1438;8795086000;8724377777;9224377777
1439;8795088000;8724377777;9224377777
1440;8795155000;8724388888;9224388888
1441;8795160000;8724700000;9224700000
1442;8795161000;8724700000;9224700000
1443;8795162000;8724700000;9224700000
1444;8836606000;8766044444;9266044444
1445;8836609000;8766044444;9266044444
1446;8836610000;8766044444;9266044444
1447;8836611000;8766044444;9266044444
1448;8836612000;8766044444;9266044444
1449;8836613000;8766044444;9266044444
1450;8836614000;8766044444;9266044444
1451;8836697000;8766055555;9266055555
1452;8836703000;8766355555;9266355555
1453;8836704000;8766355555;9266355555
1454;8836705000;8766355555;9266355555
1455;8878272000;8807711111;9307711111
1456;8878274000;8807711111;9307711111
1457;8878276000;8807711111;9307711111
1458;8878277000;8807711111;9307711111
1459;8878278000;8807711111;9307711111
1460;8878279000;8807711111;9307711111
1461;8878280000;8807711111;9307711111
1462;8878372000;8807722222;9307722222
1463;8878378000;8807988888;9307988888
1464;8878379000;8807988888;9307988888
1465;8878380000;8807988888;9307988888
1466;8919937000;8849377777;9349377777
1467;8919939000;8849377777;9349377777
1468;8919941000;8849377777;9349377777
1469;8919942000;8849377777;9349377777
1470;8919943000;8849377777;9349377777
1471;8919944000;8849377777;9349377777
1472;8919945000;8849377777;9349377777
1473;8920065000;8849388888;9349388888
1474;8920080000;8849700000;9349700000
1475;8920081000;8849700000;9349700000
1476;8920082000;8849700000;9349700000
1477;8961602000;8891044444;9391044444
1478;8961605000;8891044444;9391044444
1479;8961606000;8891044444;9391044444
1481;8961637000;8891044444;9391044444
1482;8961638000;8891044444;9391044444
1483;8961639000;8891044444;9391044444
1484;8961761000;8891055555;9391055555
1485;8961766000;8891366666;9391366666
1486;8961767000;8891366666;9391366666
1487;8961768000;8891366666;9391366666
1488;9003281000;8932711111;9432711111
1489;9003284000;8932711111;9432711111
1490;9003286000;8932711111;9432711111
1491;9003287000;8932711111;9432711111
1492;9003288000;8932711111;9432711111
1493;9003289000;8932711111;9432711111
1494;9003290000;8932711111;9432711111
1495;9003407000;8932722222;9432722222
1496;9003413000;8933033333;9433033333
1497;9003414000;8933033333;9433033333
1498;9003415000;8933033333;9433033333
1499;9044984000;8974377777;9474377777
1500;9044988000;8974377777;9474377777
1501;9044989000;8974377777;9474377777
1502;9044990000;8974377777;9474377777
1503;9044991000;8974377777;9474377777
1504;9044999000;8974377777;9474377777
1505;9045000000;8974377777;9474377777
1506;9045133000;8974388888;9474388888
1507;9045139000;8974677777;9474677777
1508;9045140000;8974677777;9474677777
1509;9045141000;8974677777;9474677777
1510;9086700000;9016044444;9516044444
1511;9086710000;9016044444;9516044444
1512;9086711000;9016044444;9516044444
1513;9086714000;9016044444;9516044444
1514;9086715000;9016044444;9516044444
1515;9086717000;9016044444;9516044444
1517;9086842000;9016055555;9516055555
1518;9086848000;9016344444;9516344444
1519;9086850000;9016344444;9516344444
1520;9086852000;9016344444;9516344444
1521;9128383000;9057711111;9557711111
1522;9128389000;9057711111;9557711111
1523;9128391000;9057711111;9557711111
1524;9128392000;9057711111;9557711111
1525;9128394000;9057711111;9557711111
1526;9128396000;9057711111;9557711111
1527;9128398000;9057711111;9557711111
1528;9128528000;9057722222;9557722222
1529;9128533000;9057988888;9557988888
1530;9128535000;9057988888;9557988888
1531;9128536000;9057988888;9557988888
1532;9169965000;9099388888;9599388888
1533;9169968000;9099388888;9599388888
1534;9169969000;9099388888;9599388888
1535;9169970000;9099388888;9599388888
1536;9169971000;9099388888;9599388888
1537;9169972000;9099388888;9599388888
1538;9169974000;9099388888;9599388888
1539;9170102000;9099400000;9599400000
1540;9170108000;9099733333;9599733333
1541;9170110000;9099733333;9599733333
1542;9170111000;9099733333;9599733333
1543;9211615000;9141055555;9641055555
1544;9211618000;9141055555;9641055555
1545;9211619000;9141055555;9641055555
1546;9211620000;9141055555;9641055555
1547;9211621000;9141055555;9641055555
1548;9211622000;9141055555;9641055555
1549;9211623000;9141055555;9641055555
1550;9211736000;9141066666;9641066666
1551;9211741000;9141388888;9641388888
1552;9211742000;9141388888;9641388888
1553;9211743000;9141388888;9641388888
1554;9253268000;9182711111;9682711111
1555;9253270000;9182711111;9682711111
1556;9253271000;9182711111;9682711111
1557;9253273000;9182711111;9682711111
1558;9253274000;9182711111;9682711111
1559;9253275000;9182711111;9682711111
1560;9253276000;9182711111;9682711111
1561;9253388000;9182722222;9682722222
1562;9253393000;9183022222;9683022222
1564;9253431000;9183022222;9683022222
1565;9294934000;9224377777;9724377777
1566;9294937000;9224377777;9724377777
1567;9294938000;9224377777;9724377777
1568;9294939000;9224377777;9724377777
1569;9294940000;9224377777;9724377777
1570;9294941000;9224377777;9724377777
1571;9294942000;9224377777;9724377777
1572;9295063000;9224388888;9724388888
1574;9295111000;9224700000;9724700000
1575;9295113000;9224700000;9724700000
1576;9336602000;9266044444;9766044444
1577;9336604000;9266044444;9766044444
1578;9336605000;9266044444;9766044444
1579;9336606000;9266044444;9766044444
1580;9336608000;9266044444;9766044444
1581;9336609000;9266044444;9766044444
1582;9336610000;9266044444;9766044444
1583;9336722000;9266055555;9766055555
1584;9336727000;9266366666;9766366666
1585;9336729000;9266366666;9766366666
1586;9336730000;9266366666;9766366666
1587;9378267000;9307711111;9807711111
1588;9378270000;9307711111;9807711111
1589;9378271000;9307711111;9807711111
1590;9378272000;9307711111;9807711111
1591;9378273000;9307711111;9807711111
1592;9378275000;9307711111;9807711111
1593;9378276000;9307711111;9807711111
1595;9378460000;9308000000;9808000000
1596;9378472000;9308000000;9808000000
1597;9378473000;9308000000;9808000000
1598;9419982000;9349377777;9849377777
1599;9419986000;9349377777;9849377777
1600;9419987000;9349377777;9849377777
1601;9419989000;9349377777;9849377777
1602;9419990000;9349377777;9849377777
1603;9419991000;9349377777;9849377777
1604;9419992000;9349377777;9849377777
1605;9420101000;9349388888;9849388888
1606;9420107000;9349711111;9849711111
1607;9420109000;9349711111;9849711111
1608;9420110000;9349711111;9849711111
1609;9461646000;9391044444;9891044444
1610;9461650000;9391044444;9891044444
1611;9461651000;9391044444;9891044444
1612;9461652000;9391044444;9891044444
1613;9461654000;9391044444;9891044444
1614;9461655000;9391044444;9891044444
1616;9461764000;9391055555;9891055555
1617;9461787000;9391355555;9891355555
1618;9461789000;9391355555;9891355555
1619;9461790000;9391355555;9891355555
1620;9503316000;9432711111;9932711111
1621;9503320000;9432711111;9932711111
1622;9503322000;9432711111;9932711111
1623;9503323000;9432711111;9932711111
1624;9503324000;9432711111;9932711111
1625;9503325000;9432711111;9932711111
1626;9503326000;9432711111;9932711111
1628;9503558000;9433022222;9933022222
1629;9503561000;9433022222;9933022222
1630;9503562000;9433022222;9933022222
1631;9544982000;9474377777;9974377777
1632;9544985000;9474377777;9974377777
1633;9544987000;9474377777;9974377777
1634;9544988000;9474377777;9974377777
1635;9544989000;9474377777;9974377777
1636;9544990000;9474377777;9974377777
1637;9544991000;9474377777;9974377777
1638;9545092000;9474388888;9974388888
1639;9545098000;9474700000;9974700000
1640;9545099000;9474700000;9974700000
1641;9545101000;9474700000;9974700000
1642;9586653000;9516044444;10016044444
1643;9586657000;9516044444;10016044444
1644;9586658000;9516044444;10016044444
1645;9586659000;9516044444;10016044444
1646;9586660000;9516044444;10016044444
1647;9586661000;9516044444;10016044444
1648;9586662000;9516044444;10016044444
1649;9586774000;9516055555;10016055555
1650;9586779000;9516388888;10016388888
1651;9586781000;9516388888;10016388888
1652;9586782000;9516388888;10016388888
1653;9628347000;9557722222;10057722222
1654;9628351000;9557722222;10057722222
1655;9628352000;9557722222;10057722222
1657;9628353000;9557722222;10057722222
1658;9628355000;9557722222;10057722222
1659;9628356000;9557722222;10057722222
1660;9628468000;9557733333;10057733333
1661;9628473000;9558033333;10058033333
1662;9628475000;9558033333;10058033333
1663;9628476000;9558033333;10058033333
1664;9669939000;9599377777;10099377777
1665;9669942000;9599377777;10099377777
1666;9669943000;9599377777;10099377777
1667;9669944000;9599377777;10099377777
1668;9669945000;9599377777;10099377777
1669;9669946000;9599377777;10099377777
1670;9669948000;9599377777;10099377777
1671;9670062000;9599388888;10099388888
1672;9670067000;9599711111;10099711111
1673;9670069000;9599711111;10099711111
1674;9670070000;9599711111;10099711111
1675;9711650000;9641044444;10141044444
1676;9711653000;9641044444;10141044444
1677;9711655000;9641044444;10141044444
1678;9711656000;9641044444;10141044444
1679;9711657000;9641044444;10141044444
1680;9711658000;9641044444;10141044444
1681;9711659000;9641044444;10141044444
1682;9711781000;9641055555;10141055555
1683;9711787000;9641366666;10141366666
1684;9711789000;9641366666;10141366666
1685;9711790000;9641366666;10141366666
1686;9753317000;9682711111;10182711111
1687;9753320000;9682711111;10182711111
1688;9753322000;9682711111;10182711111
1689;9753323000;9682711111;10182711111
1690;9753324000;9682711111;10182711111
1691;9753325000;9682711111;10182711111
1692;9753326000;9682711111;10182711111
1693;9753448000;9682722222;10182722222
1694;9753455000;9683011111;10183011111
1695;9753456000;9683011111;10183011111
1696;9753457000;9683011111;10183011111
1697;9794983000;9724377777;10224377777
1698;9794987000;9724377777;10224377777
1699;9794988000;9724377777;10224377777
1700;9794989000;9724377777;10224377777
1701;9794991000;9724377777;10224377777
1702;9794992000;9724377777;10224377777
1703;9794993000;9724377777;10224377777
1704;9795124000;9724388888;10224388888
1705;9795129000;9724700000;10224700000
1706;9795131000;9724700000;10224700000
1707;9795132000;9724700000;10224700000
1708;9836636000;9766044444;10266044444
1709;9836648000;9766044444;10266044444
1710;9836650000;9766044444;10266044444
1711;9836651000;9766044444;10266044444
1712;9836652000;9766044444;10266044444
1713;9836653000;9766044444;10266044444
1714;9836654000;9766044444;10266044444
1715;9836753000;9766055555;10266055555
1716;9836758000;9766366666;10266366666
1717;9836759000;9766366666;10266366666
1718;9836761000;9766366666;10266366666
1719;9878296000;9807711111;10307711111
1720;9878299000;9807711111;10307711111
1721;9878310000;9807711111;10307711111
1722;9878311000;9807711111;10307711111
1723;9878312000;9807711111;10307711111
1724;9878321000;9807711111;10307711111
1725;9878322000;9807711111;10307711111
1726;9878440000;9807722222;10307722222
1727;9878445000;9808000000;10308000000
1728;9878446000;9808000000;10308000000
1729;9878447000;9808000000;10308000000
1730;9919945000;9849377777;10349377777
1731;9919958000;9849377777;10349377777
1732;9919959000;9849377777;10349377777
1733;9919960000;9849377777;10349377777
1736;9919981000;9849377777;10349377777
1737;9920110000;9849388888;10349388888
1738;9920116000;9849711111;10349711111
1739;9920117000;9849711111;10349711111
1740;9920118000;9849711111;10349711111
1741;9961601000;9891044444;10391044444
1742;9961603000;9891044444;10391044444
1743;9961604000;9891044444;10391044444
1744;9961605000;9891044444;10391044444
1745;9961606000;9891044444;10391044444
1746;9961607000;9891044444;10391044444
1747;9961608000;9891044444;10391044444
1748;9961700000;9891055555;10391055555
1749;9961705000;9891377777;10391377777
1750;9961707000;9891377777;10391377777
1751;9961708000;9891377777;10391377777
1752;10003268000;9932711111;10432711111
1753;10003270000;9932711111;10432711111
1754;10003271000;9932711111;10432711111
1755;10003272000;9932711111;10432711111
1756;10003274000;9932711111;10432711111
1757;10003275000;9932711111;10432711111
1758;10003276000;9932711111;10432711111
1759;10003387000;9932722222;10432722222
1760;10003392000;9933055555;10433055555
1761;10003394000;9933055555;10433055555
1762;10003395000;9933055555;10433055555
1763;10044934000;9974377777;10474377777
1764;10044936000;9974377777;10474377777
1765;10044938000;9974377777;10474377777
1766;10044939000;9974377777;10474377777
1767;10044940000;9974377777;10474377777
1768;10044941000;9974377777;10474377777
1769;10044942000;9974377777;10474377777
1770;10045061000;9974388888;10474388888
1771;10045075000;9974700000;10474700000
1772;10045076000;9974700000;10474700000
1773;10045077000;9974700000;10474700000
1774;10086604000;10016044444;10516044444
1775;10086607000;10016044444;10516044444
1776;10086608000;10016044444;10516044444
1777;10086609000;10016044444;10516044444
1778;10086610000;10016044444;10516044444
1780;10086685000;10016044444;10516044444
1781;10086809000;10016055555;10516055555
1782;10086816000;10016355555;10516355555
1783;10086817000;10016355555;10516355555
1784;10086818000;10016355555;10516355555
1785;10128315000;10057711111;10557711111
1786;10128319000;10057711111;10557711111
1787;10128320000;10057711111;10557711111
1788;10128321000;10057711111;10557711111
1789;10128323000;10057711111;10557711111
1790;10128324000;10057711111;10557711111
1791;10128325000;10057711111;10557711111
1792;10128435000;10057722222;10557722222
1793;10128441000;10058000000;10558000000
1794;10128442000;10058000000;10558000000
1795;10128444000;10058000000;10558000000
1796;10169939000;10099377777;10599377777
1797;10169941000;10099377777;10599377777
1798;10169943000;10099377777;10599377777
1799;10169944000;10099377777;10599377777
1800;10169945000;10099377777;10599377777
1801;10169946000;10099377777;10599377777
1802;10169947000;10099377777;10599377777
1803;10170060000;10099388888;10599388888
1804;10170066000;10099722222;10599722222
1805;10170067000;10099722222;10599722222
1806;10170068000;10099722222;10599722222
1807;10211604000;10141044444;10641044444
1808;10211606000;10141044444;10641044444
1809;10211608000;10141044444;10641044444
1810;10211609000;10141044444;10641044444
1811;10211610000;10141044444;10641044444
1814;10211742000;10141055555;10641055555
1815;10211748000;10141377777;10641377777
1817;10211750000;10141377777;10641377777
1818;10253269000;10182711111;10682711111
1819;10253272000;10182711111;10682711111
1820;10253273000;10182711111;10682711111
1821;10253274000;10182711111;10682711111
1822;10253275000;10182711111;10682711111
1823;10253276000;10182711111;10682711111
1824;10253277000;10182711111;10682711111
1825;10253361000;10182722222;10682722222
1826;10253366000;10183033333;10683033333
1827;10253367000;10183033333;10683033333
1828;10253369000;10183033333;10683033333
1829;10294935000;10224377777;10724377777
1830;10294938000;10224377777;10724377777
1831;10294939000;10224377777;10724377777
1832;10294947000;10224377777;10724377777
1833;10294948000;10224377777;10724377777
1834;10294949000;10224377777;10724377777
1835;10294950000;10224377777;10724377777
1836;10295055000;10224388888;10724388888
1837;10295069000;10224711111;10724711111
1838;10295071000;10224711111;10724711111
1839;10295072000;10224711111;10724711111
1840;10336602000;10266044444;10766044444
1841;10336605000;10266044444;10766044444
1842;10336606000;10266044444;10766044444
1843;10336607000;10266044444;10766044444
1844;10336608000;10266044444;10766044444
1845;10336609000;10266044444;10766044444
1846;10336610000;10266044444;10766044444
1847;10336722000;10266055555;10766055555
1848;10336727000;10266333333;10766333333
1849;10336728000;10266333333;10766333333
1850;10336729000;10266333333;10766333333
1851;10378271000;10307711111;10807711111
1852;10378274000;10307711111;10807711111
1853;10378275000;10307711111;10807711111
1854;10378276000;10307711111;10807711111
1855;10378277000;10307711111;10807711111
1856;10378278000;10307711111;10807711111
1857;10378280000;10307711111;10807711111
1858;10378380000;10307722222;10807722222
1859;10378385000;10307977777;10807977777
1860;10378386000;10307977777;10807977777
1861;10378388000;10307977777;10807977777
1862;10419936000;10349377777;10849377777
1863;10419938000;10349377777;10849377777
1864;10419939000;10349377777;10849377777
1865;10419941000;10349377777;10849377777
1866;10419942000;10349377777;10849377777
1867;10419943000;10349377777;10849377777
1868;10419944000;10349377777;10849377777
1869;10420025000;10349388888;10849388888
1870;10420030000;10349688888;10849688888
1871;10420031000;10349688888;10849688888
1872;10420032000;10349688888;10849688888
1873;10461606000;10391044444;10891044444
1874;10461608000;10391044444;10891044444
1875;10461609000;10391044444;10891044444
1876;10461611000;10391044444;10891044444
1877;10461612000;10391044444;10891044444
1878;10461613000;10391044444;10891044444
1879;10461614000;10391044444;10891044444
1880;10461719000;10391055555;10891055555
1881;10461724000;10391333333;10891333333
1882;10461725000;10391333333;10891333333
1883;10461726000;10391333333;10891333333
1884;10503317000;10432711111;10932711111
1885;10503321000;10432711111;10932711111
1886;10503322000;10432711111;10932711111
1887;10503324000;10432711111;10932711111
1888;10503325000;10432711111;10932711111
1889;10503326000;10432711111;10932711111
1890;10503327000;10432711111;10932711111
1891;10503439000;10432722222;10932722222
1892;10503445000;10433000000;10933000000
1893;10503446000;10433000000;10933000000
1894;10503447000;10433000000;10933000000
1895;10544983000;10474377777;10974377777
1896;10544986000;10474377777;10974377777
1897;10544988000;10474377777;10974377777
1898;10544989000;10474377777;10974377777
1899;10544990000;10474377777;10974377777
1900;10544991000;10474377777;10974377777
1901;10544992000;10474377777;10974377777
1902;10545125000;10474388888;10974388888
1903;10545131000;10474677777;10974677777
1904;10545133000;10474677777;10974677777
1905;10545134000;10474677777;10974677777
1906;10586649000;10516044444;11016044444
1907;10586653000;10516044444;11016044444
1908;10586654000;10516044444;11016044444
1909;10586655000;10516044444;11016044444
1910;10586656000;10516044444;11016044444
1911;10586657000;10516044444;11016044444
1912;10586658000;10516044444;11016044444
1913;10586771000;10516055555;11016055555
1914;10586776000;10516333333;11016333333
1915;10586777000;10516333333;11016333333
1916;10586779000;10516333333;11016333333
1917;10628272000;10557711111;11057711111
1918;10628275000;10557711111;11057711111
1919;10628276000;10557711111;11057711111
1920;10628277000;10557711111;11057711111
1921;10628279000;10557711111;11057711111
1922;10628280000;10557711111;11057711111
1923;10628281000;10557711111;11057711111
1924;10628367000;10557722222;11057722222
1925;10628372000;10557988888;11057988888
1926;10628374000;10557988888;11057988888
1927;10628375000;10557988888;11057988888
1928;10669938000;10599377777;11099377777
1930;10670025000;10599377777;11099377777
1931;10670028000;10599377777;11099377777
1932;10670029000;10599377777;11099377777
1933;10670038000;10599377777;11099377777
1934;10670039000;10599377777;11099377777
1935;10670178000;10599388888;11099388888
1936;10670185000;10599677777;11099677777
1938;10670186000;10599677777;11099677777
1939;10711644000;10641044444;11141044444
1940;10711648000;10641044444;11141044444
1941;10711650000;10641044444;11141044444
1942;10711651000;10641044444;11141044444
1943;10711652000;10641044444;11141044444
1944;10711653000;10641044444;11141044444
1945;10711654000;10641044444;11141044444
1946;10711746000;10641055555;11141055555
1947;10711752000;10641333333;11141333333
1948;10711754000;10641333333;11141333333
1949;10711755000;10641333333;11141333333
1950;10753336000;10682711111;11182711111
1951;10753340000;10682711111;11182711111
1952;10753341000;10682711111;11182711111
1955;10753342000;10682711111;11182711111
1956;10753344000;10682711111;11182711111
1957;10753466000;10682722222;11182722222
1958;10753472000;10682988888;11182988888
1959;10753474000;10682988888;11182988888
1960;10753475000;10682988888;11182988888
1961;10794982000;10724377777;11224377777
1962;10794986000;10724377777;11224377777
1963;10794988000;10724377777;11224377777
1964;10794989000;10724377777;11224377777
1965;10794990000;10724377777;11224377777
1966;10794991000;10724377777;11224377777
1967;10794992000;10724377777;11224377777
1968;10795102000;10724388888;11224388888
1969;10795108000;10724688888;11224688888
1970;10795109000;10724688888;11224688888
1971;10795110000;10724688888;11224688888
1972;10836649000;10766044444;11266044444
1973;10836653000;10766044444;11266044444
1974;10836654000;10766044444;11266044444
1975;10836655000;10766044444;11266044444
1976;10836656000;10766044444;11266044444
1977;10836657000;10766044444;11266044444
1978;10836658000;10766044444;11266044444
1979;10836779000;10766055555;11266055555
1980;10836785000;10766344444;11266344444
1981;10836786000;10766344444;11266344444
1982;10836787000;10766344444;11266344444
1983;10878272000;10807711111;11307711111
1984;10878274000;10807711111;11307711111
1985;10878276000;10807711111;11307711111
1986;10878277000;10807711111;11307711111
1987;10878278000;10807711111;11307711111
1988;10878279000;10807711111;11307711111
1989;10878280000;10807711111;11307711111
1990;10878385000;10807722222;11307722222
1991;10878390000;10807977777;11307977777
1992;10878391000;10807977777;11307977777
1993;10878392000;10807977777;11307977777
1994;10919934000;10849377777;11349377777
1995;10919937000;10849377777;11349377777
1996;10919938000;10849377777;11349377777
1997;10919939000;10849377777;11349377777
1998;10919940000;10849377777;11349377777
1999;10919942000;10849377777;11349377777
2000;10919943000;10849377777;11349377777
2001;10920063000;10849388888;11349388888
2002;10920078000;10849688888;11349688888
2003;10920079000;10849688888;11349688888
2004;10920080000;10849688888;11349688888
2005;10961601000;10891044444;11391044444
2006;10961603000;10891044444;11391044444
2007;10961605000;10891044444;11391044444
2008;10961606000;10891044444;11391044444
2009;10961607000;10891044444;11391044444
2010;10961608000;10891044444;11391044444
2011;10961609000;10891044444;11391044444
2012;10961720000;10891055555;11391055555
2013;10961726000;10891344444;11391344444
2014;10961727000;10891344444;11391344444
2015;10961728000;10891344444;11391344444
2016;11003267000;10932711111;11432711111
2017;11003269000;10932711111;11432711111
2018;11003270000;10932711111;11432711111
2019;11003271000;10932711111;11432711111
2020;11003272000;10932711111;11432711111
2021;11003273000;10932711111;11432711111
2022;11003275000;10932711111;11432711111
2023;11003385000;10932722222;11432722222
2024;11003390000;10933022222;11433022222
2026;11003424000;10933022222;11433022222
2027;11044939000;10974377777;11474377777
2028;11044941000;10974377777;11474377777
2029;11044943000;10974377777;11474377777
2030;11044944000;10974377777;11474377777
2031;11044945000;10974377777;11474377777
2032;11044946000;10974377777;11474377777
2033;11044947000;10974377777;11474377777
2034;11045058000;10974388888;11474388888
2035;11045063000;10974666666;11474666666
2036;11045065000;10974666666;11474666666
2037;11045073000;10974666666;11474666666
2038;11086616000;11016044444;11516044444
2039;11086628000;11016044444;11516044444
2040;11086629000;11016044444;11516044444
2041;11086630000;11016044444;11516044444
2042;11086631000;11016044444;11516044444
2043;11086632000;11016044444;11516044444
2044;11086634000;11016044444;11516044444
2045;11086729000;11016055555;11516055555
2046;11086734000;11016322222;11516322222
2047;11086735000;11016322222;11516322222
2048;11086737000;11016322222;11516322222
2049;11128280000;11057711111;11557711111
2050;11128283000;11057711111;11557711111
2051;11128293000;11057711111;11557711111
2052;11128294000;11057711111;11557711111
2053;11128295000;11057711111;11557711111
2054;11128296000;11057711111;11557711111
2055;11128297000;11057711111;11557711111
2056;11128409000;11057722222;11557722222
2057;11128414000;11057977777;11557977777
2058;11128415000;11057977777;11557977777
2059;11128416000;11057977777;11557977777
2060;11169934000;11099377777;11599377777
2061;11169936000;11099377777;11599377777
2062;11169937000;11099377777;11599377777
2063;11169938000;11099377777;11599377777
2064;11169939000;11099377777;11599377777
2065;11169941000;11099377777;11599377777
2066;11169942000;11099377777;11599377777
2067;11170062000;11099388888;11599388888
2068;11170076000;11099700000;11599700000
2069;11170077000;11099700000;11599700000
2070;11170078000;11099700000;11599700000
2071;11211611000;11141044444;11641044444
2072;11211613000;11141044444;11641044444
2073;11211614000;11141044444;11641044444
2074;11211615000;11141044444;11641044444
2075;11211616000;11141044444;11641044444
2076;11211618000;11141044444;11641044444
2077;11211619000;11141044444;11641044444
2078;11211730000;11141055555;11641055555
2079;11211735000;11141355555;11641355555
2080;11211736000;11141355555;11641355555
2081;11211738000;11141355555;11641355555
2082;11253267000;11182711111;11682711111
2083;11253270000;11182711111;11682711111
2085;11253303000;11182711111;11682711111
2086;11253304000;11182711111;11682711111
2087;11253305000;11182711111;11682711111
2088;11253306000;11182711111;11682711111
2089;11253428000;11182722222;11682722222
2090;11253433000;11183011111;11683011111
2091;11253434000;11183011111;11683011111
2092;11253436000;11183011111;11683011111
2093;11294954000;11224377777;11724377777
2094;11294956000;11224377777;11724377777
2095;11294957000;11224377777;11724377777
2097;11294959000;11224377777;11724377777
2098;11294960000;11224377777;11724377777
2099;11294961000;11224377777;11724377777
2100;11295072000;11224388888;11724388888
2101;11295078000;11224688888;11724688888
2103;11295089000;11224688888;11724688888
2104;11336621000;11266044444;11766044444
2105;11336624000;11266044444;11766044444
2106;11336625000;11266044444;11766044444
2107;11336626000;11266044444;11766044444
2108;11336627000;11266044444;11766044444
2110;11336628000;11266044444;11766044444
2111;11336740000;11266055555;11766055555
2112;11336745000;11266377777;11766377777
2113;11336746000;11266377777;11766377777
2114;11336747000;11266377777;11766377777
2115;11378267000;11307711111;11807711111
2116;11378270000;11307711111;11807711111
2117;11378271000;11307711111;11807711111
2118;11378272000;11307711111;11807711111
2119;11378273000;11307711111;11807711111
2120;11378274000;11307711111;11807711111
2121;11378275000;11307711111;11807711111
2122;11378387000;11307722222;11807722222
2123;11378392000;11308011111;11808011111
2124;11378393000;11308011111;11808011111
2125;11378394000;11308011111;11808011111
2126;11419934000;11349377777;11849377777
2127;11419936000;11349377777;11849377777
2128;11419938000;11349377777;11849377777
2129;11419939000;11349377777;11849377777
2130;11419940000;11349377777;11849377777
2131;11419941000;11349377777;11849377777
2133;11420107000;11349388888;11849388888
2134;11420112000;11349722222;11849722222
2135;11420114000;11349722222;11849722222
2136;11420115000;11349722222;11849722222
2137;11461617000;11391044444;11891044444
2138;11461629000;11391044444;11891044444
2139;11461630000;11391044444;11891044444
2140;11461631000;11391044444;11891044444
2141;11461632000;11391044444;11891044444
2142;11461639000;11391044444;11891044444
2143;11461641000;11391044444;11891044444
2144;11461757000;11391055555;11891055555
2145;11461762000;11391366666;11891366666
2146;11461763000;11391366666;11891366666
2147;11461764000;11391366666;11891366666
2148;11503267000;11432711111;11932711111
2149;11503270000;11432711111;11932711111
2150;11503271000;11432711111;11932711111
2151;11503272000;11432711111;11932711111
2152;11503273000;11432711111;11932711111
2153;11503274000;11432711111;11932711111
2154;11503276000;11432711111;11932711111
2155;11503387000;11432722222;11932722222
2156;11503392000;11433033333;11933033333
2157;11503394000;11433033333;11933033333
2158;11503395000;11433033333;11933033333
2159;11544934000;11474377777;11974377777
2160;11544936000;11474377777;11974377777
2161;11544938000;11474377777;11974377777
2162;11544939000;11474377777;11974377777
2163;11544940000;11474377777;11974377777
2164;11544941000;11474377777;11974377777
2165;11544942000;11474377777;11974377777
2166;11545062000;11474388888;11974388888
2167;11545076000;11474711111;11974711111
2168;11545078000;11474711111;11974711111
2169;11545079000;11474711111;11974711111
2170;11586603000;11516044444;12016044444
2171;11586606000;11516044444;12016044444
2172;11586607000;11516044444;12016044444
2173;11586608000;11516044444;12016044444
2174;11586609000;11516044444;12016044444
2175;11586610000;11516044444;12016044444
2177;11586768000;11516055555;12016055555
2178;11586773000;11516377777;12016377777
2179;11586775000;11516377777;12016377777
2180;11586776000;11516377777;12016377777
2181;11628268000;11557711111;12057711111
2182;11628271000;11557711111;12057711111
2183;11628272000;11557711111;12057711111
2184;11628273000;11557711111;12057711111
2185;11628274000;11557711111;12057711111
2186;11628275000;11557711111;12057711111
2187;11628276000;11557711111;12057711111
2188;11628387000;11557722222;12057722222
2191;11628432000;11558022222;12058022222
2192;11669932000;11599377777;12099377777
2193;11669935000;11599377777;12099377777
2194;11669936000;11599377777;12099377777
2195;11669937000;11599377777;12099377777
2196;11669938000;11599377777;12099377777
2197;11669939000;11599377777;12099377777
2198;11669940000;11599377777;12099377777
2199;11670059000;11599388888;12099388888
2201;11670107000;11599711111;12099711111
2202;11670109000;11599711111;12099711111
2203;11711576000;11641011111;12141011111
2204;11711588000;11641011111;12141011111
2205;11711589000;11641011111;12141011111
2206;11711590000;11641011111;12141011111
2207;11711591000;11641011111;12141011111
2208;11711592000;11641011111;12141011111
2209;11711593000;11641011111;12141011111
2210;11711708000;11641022222;12141022222
2211;11711713000;11641333333;12141333333
2212;11711715000;11641333333;12141333333
2213;11711716000;11641333333;12141333333
2214;11753262000;11682711111;12182711111
2215;11753265000;11682711111;12182711111
2216;11753266000;11682711111;12182711111
2217;11753267000;11682711111;12182711111
2218;11753268000;11682711111;12182711111
2219;11753269000;11682711111;12182711111
2220;11753270000;11682711111;12182711111
2221;11753386000;11682722222;12182722222
2222;11753391000;11683022222;12183022222
2223;11753393000;11683022222;12183022222
2224;11753394000;11683022222;12183022222
2225;11794946000;11724377777;12224377777
2226;11794949000;11724377777;12224377777
2227;11794951000;11724377777;12224377777
2228;11794952000;11724377777;12224377777
2231;11794970000;11724377777;12224377777
2232;11795089000;11724388888;12224388888
2233;11795094000;11724700000;12224700000
2234;11795096000;11724700000;12224700000
2235;11795097000;11724700000;12224700000
2236;11836588000;11766044444;12266044444
2237;11836591000;11766044444;12266044444
2238;11836592000;11766044444;12266044444
2239;11836593000;11766044444;12266044444
2240;11836594000;11766044444;12266044444
2241;11836595000;11766044444;12266044444
2242;11836597000;11766044444;12266044444
2243;11836709000;11766055555;12266055555
2244;11836714000;11766377777;12266377777
2245;11836716000;11766377777;12266377777
2246;11836717000;11766377777;12266377777
2247;11878253000;11807711111;12307711111
2248;11878261000;11807711111;12307711111
2249;11878262000;11807711111;12307711111
2250;11878264000;11807711111;12307711111
2251;11878265000;11807711111;12307711111
2252;11878266000;11807711111;12307711111
2253;11878267000;11807711111;12307711111
2254;11878379000;11807722222;12307722222
2255;11878384000;11808011111;12308011111
2256;11878386000;11808011111;12308011111
2257;11878387000;11808011111;12308011111
2258;11919915000;11849377777;12349377777
2259;11919917000;11849377777;12349377777
2260;11919918000;11849377777;12349377777
2261;11919919000;11849377777;12349377777
2262;11919921000;11849377777;12349377777
2264;11919950000;11849377777;12349377777
2265;11920079000;11849388888;12349388888
2266;11920084000;11849722222;12349722222
2267;11920086000;11849722222;12349722222
2268;11920087000;11849722222;12349722222
2269;11961579000;11891044444;12391044444
2270;11961581000;11891044444;12391044444
2271;11961582000;11891044444;12391044444
2272;11961584000;11891044444;12391044444
2273;11961585000;11891044444;12391044444
2274;11961586000;11891044444;12391044444
2275;11961587000;11891044444;12391044444
2276;11961699000;11891055555;12391055555
2277;11961704000;11891377777;12391377777
2278;11961705000;11891377777;12391377777
2279;11961706000;11891377777;12391377777
2280;12003260000;11932711111;12432711111
2281;12003272000;11932711111;12432711111
2282;12003273000;11932711111;12432711111
2283;12003274000;11932711111;12432711111
2284;12003275000;11932711111;12432711111
2285;12003276000;11932711111;12432711111
2286;12003277000;11932711111;12432711111
2287;12003383000;11932722222;12432722222
2289;12003425000;11933055555;12433055555
2290;12003427000;11933055555;12433055555
2291;12044921000;11974377777;12474377777
2292;12044933000;11974377777;12474377777
2293;12044934000;11974377777;12474377777
2294;12044936000;11974377777;12474377777
2295;12044937000;11974377777;12474377777
2296;12044938000;11974377777;12474377777
2297;12044939000;11974377777;12474377777
2298;12045050000;11974388888;12474388888
2299;12045056000;11974700000;12474700000
2300;12045057000;11974700000;12474700000
2301;12045058000;11974700000;12474700000
2302;12086586000;12016044444;12516044444
2303;12086588000;12016044444;12516044444
2304;12086598000;12016044444;12516044444
2305;12086599000;12016044444;12516044444
2306;12086601000;12016044444;12516044444
2307;12086602000;12016044444;12516044444
2308;12086603000;12016044444;12516044444
2309;12086714000;12016055555;12516055555
2310;12086719000;12016366666;12516366666
2311;12086721000;12016366666;12516366666
2312;12086722000;12016366666;12516366666
2313;12128239000;12057711111;12557711111
2314;12128241000;12057711111;12557711111
2316;12128272000;12057711111;12557711111
2317;12128274000;12057711111;12557711111
2318;12128275000;12057711111;12557711111
2319;12128276000;12057711111;12557711111
2320;12128397000;12057722222;12557722222
2321;12128403000;12058011111;12558011111
2322;12128404000;12058011111;12558011111
2323;12128405000;12058011111;12558011111
2324;12169903000;12099377777;12599377777
2325;12169906000;12099377777;12599377777
2326;12169907000;12099377777;12599377777
2327;12169908000;12099377777;12599377777
2328;12169909000;12099377777;12599377777
2329;12169910000;12099377777;12599377777
2330;12169911000;12099377777;12599377777
2331;12170023000;12099388888;12599388888
2332;12170028000;12099722222;12599722222
2333;12170029000;12099722222;12599722222
2334;12170030000;12099722222;12599722222
2335;12211576000;12141044444;12641044444
2337;12211613000;12141044444;12641044444
2338;12211614000;12141044444;12641044444
2339;12211615000;12141044444;12641044444
2340;12211616000;12141044444;12641044444
2341;12211617000;12141044444;12641044444
2342;12211719000;12141055555;12641055555
2343;12211724000;12141377777;12641377777
2344;12211726000;12141377777;12641377777
2345;12211727000;12141377777;12641377777
2346;12253230000;12182711111;12682711111
2347;12253233000;12182711111;12682711111
2348;12253234000;12182711111;12682711111
2349;12253235000;12182711111;12682711111
2350;12253236000;12182711111;12682711111
2351;12253237000;12182711111;12682711111
2352;12253244000;12182711111;12682711111
2353;12253358000;12182722222;12682722222
2354;12253363000;12183033333;12683033333
2355;12253364000;12183033333;12683033333
2356;12253365000;12183033333;12683033333
2357;12294895000;12224377777;12724377777
2358;12294897000;12224377777;12724377777
2359;12294898000;12224377777;12724377777
2360;12294899000;12224377777;12724377777
2361;12294901000;12224377777;12724377777
2362;12294902000;12224377777;12724377777
2363;12294903000;12224377777;12724377777
2364;12295014000;12224388888;12724388888
2365;12295019000;12224722222;12724722222
2366;12295020000;12224722222;12724722222
2367;12295022000;12224722222;12724722222
2368;12336560000;12266044444;12766044444
2369;12336563000;12266044444;12766044444
2370;12336564000;12266044444;12766044444
2371;12336565000;12266044444;12766044444
2372;12336566000;12266044444;12766044444
2373;12336567000;12266044444;12766044444
2374;12336569000;12266044444;12766044444
2375;12336680000;12266055555;12766055555
2376;12336685000;12266366666;12766366666
2377;12336687000;12266366666;12766366666
2378;12336688000;12266366666;12766366666
2379;12378224000;12307711111;12807711111
2380;12378227000;12307711111;12807711111
2381;12378228000;12307711111;12807711111
2382;12378229000;12307711111;12807711111
2383;12378230000;12307711111;12807711111
2384;12378231000;12307711111;12807711111
2385;12378232000;12307711111;12807711111
2386;12378343000;12307722222;12807722222
2387;12378348000;12308000000;12808000000
2388;12378349000;12308000000;12808000000
2389;12378351000;12308000000;12808000000
2390;12419889000;12349377777;12849377777
2391;12419892000;12349377777;12849377777
2392;12419893000;12349377777;12849377777
2393;12419894000;12349377777;12849377777
2394;12419895000;12349377777;12849377777
2395;12419896000;12349377777;12849377777
2396;12419897000;12349377777;12849377777
2397;12420009000;12349388888;12849388888
2398;12420014000;12349711111;12849711111
2399;12420015000;12349711111;12849711111
2400;12420016000;12349711111;12849711111
2401;12461556000;12391044444;12891044444
2402;12461559000;12391044444;12891044444
2403;12461560000;12391044444;12891044444
2404;12461561000;12391044444;12891044444
2405;12461562000;12391044444;12891044444
2406;12461563000;12391044444;12891044444
2407;12461565000;12391044444;12891044444
2408;12461677000;12391055555;12891055555
2409;12461682000;12391355555;12891355555
2410;12461683000;12391355555;12891355555
2411;12461684000;12391355555;12891355555
2412;12503223000;12432711111;12932711111
2413;12503225000;12432711111;12932711111
2414;12503227000;12432711111;12932711111
2415;12503228000;12432711111;12932711111
2416;12503229000;12432711111;12932711111
2417;12503230000;12432711111;12932711111
2418;12503231000;12432711111;12932711111
2419;12503335000;12432722222;12932722222
2420;12503340000;12433022222;12933022222
2421;12503342000;12433022222;12933022222
2422;12503343000;12433022222;12933022222
2423;12544887000;12474377777;12974377777
2425;12544985000;12474377777;12974377777
2426;12544997000;12474377777;12974377777
2427;12544999000;12474377777;12974377777
2428;12545000000;12474377777;12974377777
2429;12545001000;12474377777;12974377777
2430;12545132000;12474388888;12974388888
2431;12545137000;12474700000;12974700000
2432;12545139000;12474700000;12974700000
2433;12545140000;12474700000;12974700000
2434;12586600000;12516044444;13016044444
2435;12586604000;12516044444;13016044444
2436;12586605000;12516044444;13016044444
2437;12586606000;12516044444;13016044444
2438;12586607000;12516044444;13016044444
2439;12586609000;12516044444;13016044444
2440;12586610000;12516044444;13016044444
2441;12586732000;12516055555;13016055555
2442;12586738000;12516366666;13016366666
2443;12586740000;12516366666;13016366666
2444;12586741000;12516366666;13016366666
2445;12628258000;12557711111;13057711111
2446;12628262000;12557711111;13057711111
2447;12628264000;12557711111;13057711111
2448;12628265000;12557711111;13057711111
2449;12628266000;12557711111;13057711111
2450;12628267000;12557711111;13057711111
2451;12628268000;12557711111;13057711111
2454;12628499000;12558022222;13058022222
2455;12628509000;12558022222;13058022222
2456;12669954000;12599377777;13099377777
2457;12669958000;12599377777;13099377777
2458;12669959000;12599377777;13099377777
2459;12669960000;12599377777;13099377777
2460;12669962000;12599377777;13099377777
2461;12669963000;12599377777;13099377777
2463;12670063000;12599388888;13099388888
2464;12670069000;12599700000;13099700000
2465;12670071000;12599700000;13099700000
2466;12670072000;12599700000;13099700000
2467;12711594000;12641044444;13141044444
2468;12711598000;12641044444;13141044444
2469;12711600000;12641044444;13141044444
2470;12711601000;12641044444;13141044444
2471;12711602000;12641044444;13141044444
2472;12711603000;12641044444;13141044444
2473;12711604000;12641044444;13141044444
2474;12711717000;12641055555;13141055555
2475;12711723000;12641366666;13141366666
2476;12711724000;12641366666;13141366666
2477;12711725000;12641366666;13141366666
2478;12753260000;12682711111;13182711111
2479;12753264000;12682711111;13182711111
2480;12753265000;12682711111;13182711111
2481;12753266000;12682711111;13182711111
2482;12753267000;12682711111;13182711111
2483;12753268000;12682711111;13182711111
2484;12753269000;12682711111;13182711111
2485;12753382000;12682722222;13182722222
2486;12753388000;12683011111;13183011111
2487;12753390000;12683011111;13183011111
2488;12753391000;12683011111;13183011111
2489;12794924000;12724377777;13224377777
2490;12794928000;12724377777;13224377777
2491;12794930000;12724377777;13224377777
2492;12794931000;12724377777;13224377777
2493;12794932000;12724377777;13224377777
2494;12794933000;12724377777;13224377777
2495;12794934000;12724377777;13224377777
2496;12795054000;12724388888;13224388888
2497;12795060000;12724700000;13224700000
2498;12795061000;12724700000;13224700000
2499;12795063000;12724700000;13224700000
2500;12836562000;12766044444;13266044444
2501;12836565000;12766044444;13266044444
2502;12836566000;12766044444;13266044444
2503;12836567000;12766044444;13266044444
2504;12836569000;12766044444;13266044444
2505;12836570000;12766044444;13266044444
2506;12836571000;12766044444;13266044444
2507;12836685000;12766055555;13266055555
2508;12836690000;12766366666;13266366666
2509;12836692000;12766366666;13266366666
2510;12836693000;12766366666;13266366666
2511;12878208000;12807711111;13307711111
2512;12878210000;12807711111;13307711111
2513;12878211000;12807711111;13307711111
2514;12878213000;12807711111;13307711111
2515;12878214000;12807711111;13307711111
2516;12878215000;12807711111;13307711111
2517;12878216000;12807711111;13307711111
2518;12878328000;12807722222;13307722222
2519;12878333000;12808000000;13308000000
2520;12878334000;12808000000;13308000000
2521;12878335000;12808000000;13308000000
2522;12919871000;12849377777;13349377777
2523;12919874000;12849377777;13349377777
2524;12919875000;12849377777;13349377777
2525;12919876000;12849377777;13349377777
2526;12919877000;12849377777;13349377777
2527;12919878000;12849377777;13349377777
2528;12919879000;12849377777;13349377777
2529;12919981000;12849388888;13349388888
2530;12919986000;12849711111;13349711111
2531;12919987000;12849711111;13349711111
2532;12919988000;12849711111;13349711111
2533;12961537000;12891044444;13391044444
2535;12961573000;12891044444;13391044444
2536;12961574000;12891044444;13391044444
2537;12961575000;12891044444;13391044444
2538;12961577000;12891044444;13391044444
2539;12961578000;12891044444;13391044444
2540;12961699000;12891055555;13391055555
2541;12961704000;12891377777;13391377777
2542;12961706000;12891377777;13391377777
2543;12961707000;12891377777;13391377777
2544;13003202000;12932711111;13432711111
2545;13003204000;12932711111;13432711111
2546;13003205000;12932711111;13432711111
2547;13003207000;12932711111;13432711111
2548;13003208000;12932711111;13432711111
2549;13003209000;12932711111;13432711111
2550;13003210000;12932711111;13432711111
2551;13003321000;12932722222;13432722222
2552;13003326000;12933044444;13433044444
2553;13003328000;12933044444;13433044444
2554;13003329000;12933044444;13433044444
2555;13044867000;12974377777;13474377777
2556;13044876000;12974377777;13474377777
2557;13044877000;12974377777;13474377777
2558;13044878000;12974377777;13474377777
2559;13044880000;12974377777;13474377777
2560;13044881000;12974377777;13474377777
2561;13044882000;12974377777;13474377777
2562;13044995000;12974388888;13474388888
2563;13045000000;12974688888;13474688888
2564;13045001000;12974688888;13474688888
2565;13045003000;12974688888;13474688888
2566;13086533000;13016044444;13516044444
2567;13086535000;13016044444;13516044444
2568;13086536000;13016044444;13516044444
2569;13086537000;13016044444;13516044444
2570;13086538000;13016044444;13516044444
2571;13086540000;13016044444;13516044444
2572;13086541000;13016044444;13516044444
2573;13086652000;13016055555;13516055555
2574;13086657000;13016355555;13516355555
2575;13086658000;13016355555;13516355555
2576;13086659000;13016355555;13516355555
2577;13128198000;13057711111;13557711111
2578;13128200000;13057711111;13557711111
2579;13128202000;13057711111;13557711111
2580;13128203000;13057711111;13557711111
2581;13128204000;13057711111;13557711111
2582;13128205000;13057711111;13557711111
2583;13128206000;13057711111;13557711111
2584;13128317000;13057722222;13557722222
2585;13128322000;13058000000;13558000000
2588;13169934000;13099377777;13599377777
2589;13169937000;13099377777;13599377777
2590;13169938000;13099377777;13599377777
2591;13169939000;13099377777;13599377777
2592;13169940000;13099377777;13599377777
2593;13169941000;13099377777;13599377777
2594;13169942000;13099377777;13599377777
2595;13170009000;13099388888;13599388888
2596;13170024000;13099711111;13599711111
2597;13170026000;13099711111;13599711111
2598;13170027000;13099711111;13599711111
2599;13211533000;13141044444;13641044444
2600;13211535000;13141044444;13641044444
2601;13211537000;13141044444;13641044444
2602;13211538000;13141044444;13641044444
2603;13211539000;13141044444;13641044444
2604;13211540000;13141044444;13641044444
2605;13211541000;13141044444;13641044444
2606;13211653000;13141055555;13641055555
2607;13211659000;13141377777;13641377777
2608;13211660000;13141377777;13641377777
2609;13211661000;13141377777;13641377777
2610;13253198000;13182711111;13682711111
2611;13253201000;13182711111;13682711111
2612;13253202000;13182711111;13682711111
2613;13253203000;13182711111;13682711111
2614;13253204000;13182711111;13682711111
2615;13253205000;13182711111;13682711111
2616;13253206000;13182711111;13682711111
2617;13253318000;13182722222;13682722222
2618;13253324000;13183022222;13683022222
2619;13253325000;13183022222;13683022222
2620;13253326000;13183022222;13683022222
2621;13294862000;13224377777;13724377777
2622;13294865000;13224377777;13724377777
2624;13294896000;13224377777;13724377777
2625;13294897000;13224377777;13724377777
2626;13294898000;13224377777;13724377777
2627;13294900000;13224377777;13724377777
2628;13295021000;13224388888;13724388888
2629;13295026000;13224711111;13724711111
2630;13295028000;13224711111;13724711111
2631;13295029000;13224711111;13724711111
2632;13336526000;13266044444;13766044444
2633;13336529000;13266044444;13766044444
2634;13336531000;13266044444;13766044444
2635;13336532000;13266044444;13766044444
2636;13336533000;13266044444;13766044444
2637;13336534000;13266044444;13766044444
2638;13336535000;13266044444;13766044444
2639;13336637000;13266055555;13766055555
2640;13336642000;13266344444;13766344444
2641;13336643000;13266344444;13766344444
2642;13336644000;13266344444;13766344444
2643;13378191000;13307711111;13807711111
2644;13378194000;13307711111;13807711111
2645;13378195000;13307711111;13807711111
2646;13378196000;13307711111;13807711111
2647;13378197000;13307711111;13807711111
2648;13378198000;13307711111;13807711111
2649;13378199000;13307711111;13807711111
2650;13378311000;13307722222;13807722222
2651;13378316000;13307977777;13807977777
2652;13378317000;13307977777;13807977777
2653;13378318000;13307977777;13807977777
2654;13419857000;13349377777;13849377777
2655;13419859000;13349377777;13849377777
2656;13419860000;13349377777;13849377777
2657;13419861000;13349377777;13849377777
2658;13419862000;13349377777;13849377777
2659;13419869000;13349377777;13849377777
2660;13419870000;13349377777;13849377777
2661;13419983000;13349388888;13849388888
2662;13419988000;13349688888;13849688888
2663;13419989000;13349688888;13849688888
2664;13419991000;13349688888;13849688888
2665;13461527000;13391044444;13891044444
2666;13461529000;13391044444;13891044444
2667;13461531000;13391044444;13891044444
2668;13461532000;13391044444;13891044444
2669;13461533000;13391044444;13891044444
2670;13461534000;13391044444;13891044444
2671;13461535000;13391044444;13891044444
2672;13461647000;13391055555;13891055555
2673;13461652000;13391333333;13891333333
2674;13461653000;13391333333;13891333333
2675;13461654000;13391333333;13891333333
2676;13503190000;13432711111;13932711111
2677;13503192000;13432711111;13932711111
2678;13503194000;13432711111;13932711111
2679;13503195000;13432711111;13932711111
2680;13503196000;13432711111;13932711111
2681;13503197000;13432711111;13932711111
2682;13503198000;13432711111;13932711111
2683;13503309000;13432722222;13932722222
2684;13503315000;13433011111;13933011111
2685;13503316000;13433011111;13933011111
2686;13503317000;13433011111;13933011111
2687;13544854000;13474377777;13974377777
2688;13544856000;13474377777;13974377777
2689;13544857000;13474377777;13974377777
2690;13544859000;13474377777;13974377777
2691;13544860000;13474377777;13974377777
2692;13544861000;13474377777;13974377777
2693;13544862000;13474377777;13974377777
2694;13544973000;13474388888;13974388888
2695;13544978000;13474677777;13974677777
2696;13544980000;13474677777;13974677777
2697;13544981000;13474677777;13974677777
2698;13586521000;13516044444;14016044444
2699;13586524000;13516044444;14016044444
2700;13586525000;13516044444;14016044444
2701;13586526000;13516044444;14016044444
2702;13586527000;13516044444;14016044444
2703;13586528000;13516044444;14016044444
2704;13586529000;13516044444;14016044444
2705;13586633000;13516055555;14016055555
2706;13586638000;13516344444;14016344444
2707;13586639000;13516344444;14016344444
2708;13586640000;13516344444;14016344444
2709;13628187000;13557711111;14057711111
2710;13628190000;13557711111;14057711111
2711;13628191000;13557711111;14057711111
2712;13628192000;13557711111;14057711111
2713;13628193000;13557711111;14057711111
2714;13628194000;13557711111;14057711111
2715;13628195000;13557711111;14057711111
2716;13628300000;13557722222;14057722222
2717;13628304000;13558000000;14058000000
2718;13628306000;13558000000;14058000000
2719;13628307000;13558000000;14058000000
2720;13669851000;13599377777;14099377777
2721;13669854000;13599377777;14099377777
2722;13669855000;13599377777;14099377777
2723;13669856000;13599377777;14099377777
2724;13669857000;13599377777;14099377777
2725;13669858000;13599377777;14099377777
2726;13669860000;13599377777;14099377777
2727;13669971000;13599388888;14099388888
2728;13669976000;13599688888;14099688888
2729;13669977000;13599688888;14099688888
2730;13669978000;13599688888;14099688888
2731;13711586000;13641044444;14141044444
2733;13711590000;13641044444;14141044444
2736;13711591000;13641044444;14141044444
2737;13711592000;13641044444;14141044444
2738;13711714000;13641055555;14141055555
2739;13711720000;13641344444;14141344444
2740;13711722000;13641344444;14141344444
2741;13711723000;13641344444;14141344444
2742;13753231000;13682711111;14182711111
2743;13753235000;13682711111;14182711111
2744;13753236000;13682711111;14182711111
2745;13753237000;13682711111;14182711111
2746;13753239000;13682711111;14182711111
2747;13753240000;13682711111;14182711111
2748;13753241000;13682711111;14182711111
2749;13753363000;13682722222;14182722222
2750;13753369000;13682988888;14182988888
2751;13753370000;13682988888;14182988888
2752;13753372000;13682988888;14182988888
2753;13794853000;13724377777;14224377777
2754;13794855000;13724377777;14224377777
2755;13794856000;13724377777;14224377777
2756;13794857000;13724377777;14224377777
2757;13794859000;13724377777;14224377777
2758;13794860000;13724377777;14224377777
2759;13794861000;13724377777;14224377777
2760;13794974000;13724388888;14224388888
2761;13794979000;13724677777;14224677777
2762;13794998000;13724677777;14224677777
2763;13794999000;13724677777;14224677777
2764;13836519000;13766044444;14266044444
2765;13836521000;13766044444;14266044444
2766;13836523000;13766044444;14266044444
2767;13836524000;13766044444;14266044444
2769;13836550000;13766044444;14266044444
2770;13836552000;13766044444;14266044444
2771;13836674000;13766055555;14266055555
2772;13836680000;13766344444;14266344444
2773;13836681000;13766344444;14266344444
2774;13836683000;13766344444;14266344444
2775;13878186000;13807711111;14307711111
2776;13878188000;13807711111;14307711111
2777;13878189000;13807711111;14307711111
2778;13878190000;13807711111;14307711111
2779;13878192000;13807711111;14307711111
2780;13878193000;13807711111;14307711111
2781;13878194000;13807711111;14307711111
2782;13878305000;13807722222;14307722222
2783;13878311000;13807977777;14307977777
2786;13919953000;13849377777;14349377777
2787;13919956000;13849377777;14349377777
2788;13919966000;13849377777;14349377777
2789;13919967000;13849377777;14349377777
2790;13919968000;13849377777;14349377777
2791;13919969000;13849377777;14349377777
2792;13919970000;13849377777;14349377777
2793;13920035000;13849388888;14349388888
2794;13920058000;13849688888;14349688888
2795;13920059000;13849688888;14349688888
2796;13920061000;13849688888;14349688888
2797;13961525000;13891044444;14391044444
2798;13961527000;13891044444;14391044444
2799;13961529000;13891044444;14391044444
2800;13961530000;13891044444;14391044444
2801;13961531000;13891044444;14391044444
2802;13961532000;13891044444;14391044444
2803;13961533000;13891044444;14391044444
2804;13961645000;13891055555;14391055555
2805;13961651000;13891344444;14391344444
2806;13961652000;13891344444;14391344444
2807;13961653000;13891344444;14391344444
2808;14003194000;13932711111;14432711111
2809;14003197000;13932711111;14432711111
2810;14003198000;13932711111;14432711111
2811;14003199000;13932711111;14432711111
2812;14003200000;13932711111;14432711111
2813;14003201000;13932711111;14432711111
2814;14003203000;13932711111;14432711111
2815;14003315000;13932722222;14432722222
2816;14003320000;13933022222;14433022222
2817;14003322000;13933022222;14433022222
2818;14003323000;13933022222;14433022222
2819;14044860000;13974377777;14474377777
2820;14044863000;13974377777;14474377777
2821;14044864000;13974377777;14474377777
2822;14044865000;13974377777;14474377777
2823;14044866000;13974377777;14474377777
2824;14044867000;13974377777;14474377777
2825;14044868000;13974377777;14474377777
2826;14044980000;13974388888;14474388888
2827;14044985000;13974666666;14474666666
2828;14044986000;13974666666;14474666666
2829;14044987000;13974666666;14474666666
2830;14086575000;14016044444;14516044444
2831;14086579000;14016044444;14516044444
2832;14086580000;14016044444;14516044444
2833;14086581000;14016044444;14516044444
2834;14086582000;14016044444;14516044444
2835;14086583000;14016044444;14516044444
2836;14086584000;14016044444;14516044444
2837;14086706000;14016055555;14516055555
2840;14086713000;14016333333;14516333333
2841;14128242000;14057711111;14557711111
2842;14128246000;14057711111;14557711111
2843;14128247000;14057711111;14557711111
2844;14128248000;14057711111;14557711111
2845;14128249000;14057711111;14557711111
2846;14128251000;14057711111;14557711111
2847;14128252000;14057711111;14557711111
2848;14128364000;14057722222;14557722222
2849;14128369000;14057988888;14557988888
2850;14128371000;14057988888;14557988888
2851;14128372000;14057988888;14557988888
2852;14169867000;14099377777;14599377777
2853;14169870000;14099377777;14599377777
2854;14169871000;14099377777;14599377777
2855;14169872000;14099377777;14599377777
2856;14169873000;14099377777;14599377777
2857;14169874000;14099377777;14599377777
2858;14169876000;14099377777;14599377777
2859;14169988000;14099388888;14599388888
2860;14169993000;14099700000;14599700000
2861;14169995000;14099700000;14599700000
2862;14169996000;14099700000;14599700000
2863;14211532000;14141044444;14641044444
2864;14211535000;14141044444;14641044444
2865;14211536000;14141044444;14641044444
2866;14211537000;14141044444;14641044444
2867;14211546000;14141044444;14641044444
2868;14211547000;14141044444;14641044444
2869;14211548000;14141044444;14641044444
2871;14211748000;14141355555;14641355555
2872;14211760000;14141355555;14641355555
2873;14211761000;14141355555;14641355555
2874;14253250000;14182711111;14682711111
2875;14253254000;14182711111;14682711111
2877;14253255000;14182711111;14682711111
2878;14253257000;14182711111;14682711111
2879;14253258000;14182711111;14682711111
2882;14253442000;14183011111;14683011111
2883;14253446000;14183011111;14683011111
2884;14253447000;14183011111;14683011111
2885;14294915000;14224377777;14724377777
2886;14294919000;14224377777;14724377777
2887;14294921000;14224377777;14724377777
2888;14294922000;14224377777;14724377777
2889;14294923000;14224377777;14724377777
2890;14294924000;14224377777;14724377777
2891;14294925000;14224377777;14724377777
2892;14295017000;14224388888;14724388888
2893;14295022000;14224688888;14724688888
2894;14295024000;14224688888;14724688888
2895;14295025000;14224688888;14724688888
2896;14336555000;14266044444;14766044444
2897;14336558000;14266044444;14766044444
2898;14336559000;14266044444;14766044444
2899;14336560000;14266044444;14766044444
2900;14336561000;14266044444;14766044444
2901;14336562000;14266044444;14766044444
2902;14336563000;14266044444;14766044444
2903;14336678000;14266055555;14766055555
2904;14336684000;14266333333;14766333333
2905;14336685000;14266333333;14766333333
2906;14336686000;14266333333;14766333333
2907;14378206000;14307711111;14807711111
2908;14378209000;14307711111;14807711111
2909;14378210000;14307711111;14807711111
2910;14378211000;14307711111;14807711111
2911;14378212000;14307711111;14807711111
2912;14378213000;14307711111;14807711111
2913;14378214000;14307711111;14807711111
2914;14378326000;14307722222;14807722222
2915;14378331000;14307966666;14807966666
2916;14378333000;14307966666;14807966666
2917;14378334000;14307966666;14807966666
2918;14419872000;14349377777;14849377777
2919;14419874000;14349377777;14849377777
2920;14419876000;14349377777;14849377777
2921;14419877000;14349377777;14849377777
2922;14419878000;14349377777;14849377777
2923;14419879000;14349377777;14849377777
2924;14419880000;14349377777;14849377777
2925;14419991000;14349388888;14849388888
2926;14419996000;14349688888;14849688888
2927;14419998000;14349688888;14849688888
2928;14419999000;14349688888;14849688888
2929;14461559000;14391044444;14891044444
2930;14461562000;14391044444;14891044444
2931;14461563000;14391044444;14891044444
2932;14461564000;14391044444;14891044444
2933;14461565000;14391044444;14891044444
2934;14461566000;14391044444;14891044444
2935;14461568000;14391044444;14891044444
2936;14461680000;14391055555;14891055555
2937;14461685000;14391322222;14891322222
2938;14461686000;14391322222;14891322222
2939;14461688000;14391322222;14891322222
2940;14503212000;14432711111;14932711111
2941;14503215000;14432711111;14932711111
2942;14503216000;14432711111;14932711111
2943;14503217000;14432711111;14932711111
2944;14503218000;14432711111;14932711111
2945;14503219000;14432711111;14932711111
2946;14503221000;14432711111;14932711111
2949;14503459000;14432988888;14932988888
2950;14503462000;14432988888;14932988888
2951;14544935000;14474377777;14974377777
2952;14544939000;14474377777;14974377777
2955;14544940000;14474377777;14974377777
2956;14544942000;14474377777;14974377777
2958;14545065000;14474388888;14974388888
2959;14545070000;14474666666;14974666666
2960;14545072000;14474666666;14974666666
2961;14545073000;14474666666;14974666666
2962;14586592000;14516044444;15016044444
2963;14586596000;14516044444;15016044444
2964;14586597000;14516044444;15016044444
2965;14586599000;14516044444;15016044444
2966;14586600000;14516044444;15016044444
2967;14586601000;14516044444;15016044444
2968;14586602000;14516044444;15016044444
2969;14586725000;14516055555;15016055555
2970;14586731000;14516333333;15016333333
2971;14586732000;14516333333;15016333333
2972;14586733000;14516333333;15016333333
2973;14628260000;14557711111;15057711111
2974;14628264000;14557711111;15057711111
2975;14628265000;14557711111;15057711111
2976;14628273000;14557711111;15057711111
2977;14628274000;14557711111;15057711111
2978;14628275000;14557711111;15057711111
2979;14628276000;14557711111;15057711111
2980;14628425000;14557722222;15057722222
2982;14628431000;14557988888;15057988888
2983;14628432000;14557988888;15057988888
2984;14669884000;14599377777;15099377777
2985;14669887000;14599377777;15099377777
2986;14669888000;14599377777;15099377777
2987;14669889000;14599377777;15099377777
2988;14669891000;14599377777;15099377777
2989;14669892000;14599377777;15099377777
2990;14669893000;14599377777;15099377777
2991;14669998000;14599388888;15099388888
2992;14670003000;14599677777;15099677777
2993;14670004000;14599677777;15099677777
2994;14670006000;14599677777;15099677777
2995;14711618000;14641044444;15141044444
2996;14711621000;14641044444;15141044444
2997;14711623000;14641044444;15141044444
2998;14711624000;14641044444;15141044444
2999;14711625000;14641044444;15141044444
3001;14711626000;14641044444;15141044444
3002;14711738000;14641055555;15141055555
3003;14711744000;14641322222;15141322222
3004;14711746000;14641322222;15141322222
3005;14711747000;14641322222;15141322222
3006;14753264000;14682711111;15182711111
3007;14753267000;14682711111;15182711111
3008;14753269000;14682711111;15182711111
3009;14753270000;14682711111;15182711111
3010;14753271000;14682711111;15182711111
3011;14753272000;14682711111;15182711111
3012;14753273000;14682711111;15182711111
3013;14753395000;14682722222;15182722222
3014;14753401000;14682977777;15182977777
3015;14753403000;14682977777;15182977777
3016;14753404000;14682977777;15182977777
3017;14794932000;14724377777;15224377777
3018;14794936000;14724377777;15224377777
3019;14794937000;14724377777;15224377777
3020;14794938000;14724377777;15224377777
3021;14794940000;14724377777;15224377777
3022;14794941000;14724377777;15224377777
3023;14794942000;14724377777;15224377777
3024;14795071000;14724388888;15224388888
3027;14795077000;14724666666;15224666666
3028;14836558000;14766044444;15266044444
3029;14836561000;14766044444;15266044444
3030;14836562000;14766044444;15266044444
3031;14836563000;14766044444;15266044444
3032;14836564000;14766044444;15266044444
3033;14836565000;14766044444;15266044444
3034;14836566000;14766044444;15266044444
3035;14836685000;14766055555;15266055555
3037;14836699000;14766333333;15266333333
3038;14836701000;14766333333;15266333333
3039;14878232000;14807711111;15307711111
3040;14878244000;14807711111;15307711111
3041;14878245000;14807711111;15307711111
3042;14878246000;14807711111;15307711111
3043;14878247000;14807711111;15307711111
3044;14878249000;14807711111;15307711111
3046;14878352000;14807722222;15307722222
3047;14878358000;14807966666;15307966666
3048;14878359000;14807966666;15307966666
3049;14878360000;14807966666;15307966666
3050;14919887000;14849377777;15349377777
3051;14919889000;14849377777;15349377777
3052;14919890000;14849377777;15349377777
3053;14919891000;14849377777;15349377777
3054;14919893000;14849377777;15349377777
3055;14919894000;14849377777;15349377777
3056;14919895000;14849377777;15349377777
3057;14920006000;14849388888;15349388888
3058;14920011000;14849677777;15349677777
3059;14920013000;14849677777;15349677777
3060;14920014000;14849677777;15349677777
3061;14961554000;14891044444;15391044444
3062;14961556000;14891044444;15391044444
3063;14961558000;14891044444;15391044444
3064;14961559000;14891044444;15391044444
3065;14961560000;14891044444;15391044444
3066;14961561000;14891044444;15391044444
3067;14961562000;14891044444;15391044444
3068;14961673000;14891055555;15391055555
3069;14961678000;14891344444;15391344444
3070;14961679000;14891344444;15391344444
3071;14961681000;14891344444;15391344444
3072;15003222000;14932711111;15432711111
3073;15003224000;14932711111;15432711111
3074;15003225000;14932711111;15432711111
3075;15003226000;14932711111;15432711111
3076;15003228000;14932711111;15432711111
3077;15003229000;14932711111;15432711111
3078;15003230000;14932711111;15432711111
3080;15003426000;14933011111;15433011111
3081;15003428000;14933011111;15433011111
3082;15003439000;14933011111;15433011111
3083;15044937000;14974377777;15474377777
3084;15044941000;14974377777;15474377777
3085;15044942000;14974377777;15474377777
3086;15044943000;14974377777;15474377777
3087;15044944000;14974377777;15474377777
3088;15044946000;14974377777;15474377777
3089;15044947000;14974377777;15474377777
3090;15045067000;14974388888;15474388888
3091;15045073000;14974655555;15474655555
3092;15045074000;14974655555;15474655555
3093;15045075000;14974655555;15474655555
3094;15086605000;15016044444;15516044444
3095;15086609000;15016044444;15516044444
3096;15086610000;15016044444;15516044444
3097;15086612000;15016044444;15516044444
3098;15086613000;15016044444;15516044444
3099;15086614000;15016044444;15516044444
3100;15086615000;15016044444;15516044444
3101;15086727000;15016055555;15516055555
3102;15086733000;15016322222;15516322222
3103;15086734000;15016322222;15516322222
3104;15086736000;15016322222;15516322222
3105;15128229000;15057711111;15557711111
3106;15128232000;15057711111;15557711111
3107;15128233000;15057711111;15557711111
3108;15128234000;15057711111;15557711111
3109;15128235000;15057711111;15557711111
3110;15128236000;15057711111;15557711111
3111;15128238000;15057711111;15557711111
3112;15128351000;15057722222;15557722222
3113;15128356000;15057966666;15557966666
3114;15128358000;15057966666;15557966666
3115;15128359000;15057966666;15557966666
3116;15169893000;15099377777;15599377777
3117;15169895000;15099377777;15599377777
3118;15169896000;15099377777;15599377777
3119;15169898000;15099377777;15599377777
3120;15169899000;15099377777;15599377777
3121;15169900000;15099377777;15599377777
3122;15169901000;15099377777;15599377777
3123;15170013000;15099388888;15599388888
3124;15170018000;15099688888;15599688888
3125;15170020000;15099688888;15599688888
3126;15170021000;15099688888;15599688888
3127;15211561000;15141044444;15641044444
3128;15211563000;15141044444;15641044444
3129;15211564000;15141044444;15641044444
3130;15211565000;15141044444;15641044444
3131;15211566000;15141044444;15641044444
3132;15211568000;15141044444;15641044444
3133;15211569000;15141044444;15641044444
3134;15211681000;15141055555;15641055555
3135;15211686000;15141333333;15641333333
3136;15211687000;15141333333;15641333333
3137;15211688000;15141333333;15641333333
3138;15253229000;15182711111;15682711111
3139;15253232000;15182711111;15682711111
3140;15253233000;15182711111;15682711111
3141;15253234000;15182711111;15682711111
3142;15253235000;15182711111;15682711111
3144;15253307000;15182711111;15682711111
3145;15253443000;15182722222;15682722222
3146;15253449000;15182988888;15682988888
3147;15253450000;15182988888;15682988888
3148;15253451000;15182988888;15682988888
3149;15294899000;15224377777;15724377777
3150;15294901000;15224377777;15724377777
3151;15294903000;15224377777;15724377777
3152;15294904000;15224377777;15724377777
3153;15294905000;15224377777;15724377777
3154;15294906000;15224377777;15724377777
3155;15294907000;15224377777;15724377777
3156;15295010000;15224388888;15724388888
3157;15295015000;15224688888;15724688888
3158;15295017000;15224688888;15724688888
3159;15295018000;15224688888;15724688888
3160;15336565000;15266044444;15766044444
3161;15336567000;15266044444;15766044444
3162;15336569000;15266044444;15766044444
3163;15336570000;15266044444;15766044444
3164;15336571000;15266044444;15766044444
3165;15336572000;15266044444;15766044444
3166;15336573000;15266044444;15766044444
3167;15336685000;15266055555;15766055555
3168;15336691000;15266344444;15766344444
3169;15336693000;15266344444;15766344444
3170;15336694000;15266344444;15766344444
3171;15378232000;15307711111;15807711111
3172;15378235000;15307711111;15807711111
3173;15378236000;15307711111;15807711111
3174;15378237000;15307711111;15807711111
3175;15378238000;15307711111;15807711111
3176;15378239000;15307711111;15807711111
3177;15378240000;15307711111;15807711111
3178;15378352000;15307722222;15807722222
3179;15378357000;15307977777;15807977777
3180;15378359000;15307977777;15807977777
3181;15378360000;15307977777;15807977777
3182;15419901000;15349377777;15849377777
3183;15419904000;15349377777;15849377777
3184;15419914000;15349377777;15849377777
3185;15419915000;15349377777;15849377777
3186;15419916000;15349377777;15849377777
3187;15419918000;15349377777;15849377777
3188;15419919000;15349377777;15849377777
3189;15420036000;15349388888;15849388888
3190;15420041000;15349688888;15849688888
3191;15420060000;15349688888;15849688888
3192;15420061000;15349688888;15849688888
3193;15461596000;15391044444;15891044444
3196;15461607000;15391044444;15891044444
3197;15461608000;15391044444;15891044444
3198;15461609000;15391044444;15891044444
3199;15461610000;15391044444;15891044444
3200;15461714000;15391055555;15891055555
3201;15461719000;15391333333;15891333333
3202;15461720000;15391333333;15891333333
3203;15461721000;15391333333;15891333333
3204;15503232000;15432711111;15932711111
3205;15503235000;15432711111;15932711111
3206;15503236000;15432711111;15932711111
3207;15503237000;15432711111;15932711111
3208;15503239000;15432711111;15932711111
3209;15503240000;15432711111;15932711111
3210;15503241000;15432711111;15932711111
3211;15503323000;15432722222;15932722222
3212;15503328000;15433011111;15933011111
3213;15503330000;15433011111;15933011111
3214;15503331000;15433011111;15933011111
3215;15544899000;15474377777;15974377777
3216;15544902000;15474377777;15974377777
3217;15544903000;15474377777;15974377777
3218;15544904000;15474377777;15974377777
3219;15544905000;15474377777;15974377777
3220;15544906000;15474377777;15974377777
3221;15544907000;15474377777;15974377777
3222;15545019000;15474388888;15974388888
3223;15545024000;15474677777;15974677777
3224;15545025000;15474677777;15974677777
3225;15545026000;15474677777;15974677777
3226;15586569000;15516044444;16016044444
3227;15586571000;15516044444;16016044444
3228;15586573000;15516044444;16016044444
3229;15586574000;15516044444;16016044444
3230;15586575000;15516044444;16016044444
3231;15586576000;15516044444;16016044444
3232;15586577000;15516044444;16016044444
3233;15586689000;15516055555;16016055555
3234;15586694000;15516344444;16016344444
3235;15586695000;15516344444;16016344444
3236;15586697000;15516344444;16016344444
3237;15628237000;15557711111;16057711111
3238;15628239000;15557711111;16057711111
3239;15628241000;15557711111;16057711111
3240;15628242000;15557711111;16057711111
3241;15628243000;15557711111;16057711111
3242;15628244000;15557711111;16057711111
3243;15628245000;15557711111;16057711111
3244;15628357000;15557722222;16057722222
3245;15628362000;15558000000;16058000000
3246;15628363000;15558000000;16058000000
3247;15628364000;15558000000;16058000000
3248;15669915000;15599388888;16099388888
3249;15669917000;15599388888;16099388888
3250;15669919000;15599388888;16099388888
3251;15669920000;15599388888;16099388888
3252;15669921000;15599388888;16099388888
3253;15669922000;15599388888;16099388888
3254;15669923000;15599388888;16099388888
3255;15670035000;15599400000;16099400000
3256;15670040000;15599711111;16099711111
3257;15670041000;15599711111;16099711111
3258;15670057000;15599711111;16099711111
3259;15711574000;15641044444;16141044444
3260;15711577000;15641044444;16141044444
3261;15711578000;15641044444;16141044444
3262;15711579000;15641044444;16141044444
3263;15711580000;15641044444;16141044444
3264;15711581000;15641044444;16141044444
3265;15711582000;15641044444;16141044444
3266;15711688000;15641055555;16141055555
3267;15711693000;15641344444;16141344444
3268;15711694000;15641344444;16141344444
3269;15711695000;15641344444;16141344444
3270;15753240000;15682711111;16182711111
3271;15753243000;15682711111;16182711111
3272;15753244000;15682711111;16182711111
3273;15753245000;15682711111;16182711111
3274;15753246000;15682711111;16182711111
3275;15753248000;15682711111;16182711111
3276;15753249000;15682711111;16182711111
3277;15753352000;15682722222;16182722222
3278;15753357000;15682988888;16182988888
3279;15753359000;15682988888;16182988888
3280;15753360000;15682988888;16182988888
3281;15794906000;15724377777;16224377777
3282;15794908000;15724377777;16224377777
3283;15794910000;15724377777;16224377777
3284;15794911000;15724377777;16224377777
3285;15794912000;15724377777;16224377777
3286;15794919000;15724377777;16224377777
3287;15794920000;15724377777;16224377777
3288;15795034000;15724388888;16224388888
3289;15795039000;15724666666;16224666666
3290;15795040000;15724666666;16224666666
3291;15795042000;15724666666;16224666666
3292;15836603000;15766044444;16266044444
3293;15836615000;15766044444;16266044444
3294;15836616000;15766044444;16266044444
3295;15836617000;15766044444;16266044444
3296;15836618000;15766044444;16266044444
3297;15836620000;15766044444;16266044444
3298;15836621000;15766044444;16266044444
3299;15836726000;15766055555;16266055555
3300;15836731000;15766344444;16266344444
3301;15836732000;15766344444;16266344444
3302;15836733000;15766344444;16266344444
3303;15878258000;15807711111;16307711111
3304;15878261000;15807711111;16307711111
3305;15878262000;15807711111;16307711111
3306;15878263000;15807711111;16307711111
3307;15878264000;15807711111;16307711111
3308;15878265000;15807711111;16307711111
3309;15878266000;15807711111;16307711111
3310;15878371000;15807722222;16307722222
3311;15878376000;15807977777;16307977777
3312;15878377000;15807977777;16307977777
3313;15878378000;15807977777;16307977777
3314;15919905000;15849377777;16349377777
3315;15919908000;15849377777;16349377777
3316;15919909000;15849377777;16349377777
3317;15919910000;15849377777;16349377777
3318;15919911000;15849377777;16349377777
3319;15919912000;15849377777;16349377777
3320;15919913000;15849377777;16349377777
3321;15920025000;15849388888;16349388888
3324;15920082000;15849700000;16349700000
3325;15961573000;15891044444;16391044444
3326;15961575000;15891044444;16391044444
3327;15961576000;15891044444;16391044444
3328;15961577000;15891044444;16391044444
3329;15961579000;15891044444;16391044444
3330;15961580000;15891044444;16391044444
3331;15961581000;15891044444;16391044444
3332;15961692000;15891055555;16391055555
3333;15961696000;15891344444;16391344444
3334;15961698000;15891344444;16391344444
3335;15961699000;15891344444;16391344444
3336;16003244000;15932711111;16432711111
3337;16003246000;15932711111;16432711111
3338;16003247000;15932711111;16432711111
3339;16003248000;15932711111;16432711111
3340;16003250000;15932711111;16432711111
3341;16003251000;15932711111;16432711111
3342;16003252000;15932711111;16432711111
3343;16003364000;15932722222;16432722222
3344;16003369000;15933033333;16433033333
3345;16003371000;15933033333;16433033333
3346;16003372000;15933033333;16433033333
3347;16044909000;15974377777;16474377777
3348;16044912000;15974377777;16474377777
3349;16044913000;15974377777;16474377777
3350;16044914000;15974377777;16474377777
3351;16044915000;15974377777;16474377777
3352;16044916000;15974377777;16474377777
3353;16044917000;15974377777;16474377777
3354;16045028000;15974388888;16474388888
3355;16045034000;15974677777;16474677777
3356;16045035000;15974677777;16474677777
3357;16045036000;15974677777;16474677777
3358;16086578000;16016044444;16516044444
3359;16086581000;16016044444;16516044444
3360;16086582000;16016044444;16516044444
3361;16086583000;16016044444;16516044444
3362;16086584000;16016044444;16516044444
3363;16086585000;16016044444;16516044444
3364;16086586000;16016044444;16516044444
3365;16086698000;16016055555;16516055555
3366;16086703000;16016333333;16516333333
3367;16086705000;16016333333;16516333333
3368;16086706000;16016333333;16516333333
3369;16128244000;16057711111;16557711111
3370;16128247000;16057711111;16557711111
3371;16128248000;16057711111;16557711111
3372;16128249000;16057711111;16557711111
3373;16128250000;16057711111;16557711111
3374;16128251000;16057711111;16557711111
3375;16128252000;16057711111;16557711111
3376;16128363000;16057722222;16557722222
3377;16128368000;16057988888;16557988888
3378;16128370000;16057988888;16557988888
3382;16170000000;16099377777;16599377777
3383;16170002000;16099377777;16599377777
3384;16170003000;16099377777;16599377777
3385;16170004000;16099377777;16599377777
3386;16170005000;16099377777;16599377777
3387;16170076000;16099388888;16599388888
3388;16170092000;16099700000;16599700000
3389;16170093000;16099700000;16599700000
3390;16170094000;16099700000;16599700000
3391;16211592000;16141044444;16641044444
3392;16211604000;16141044444;16641044444
3393;16211605000;16141044444;16641044444
3394;16211606000;16141044444;16641044444
3395;16211607000;16141044444;16641044444
3396;16211608000;16141044444;16641044444
3397;16211609000;16141044444;16641044444
3398;16211712000;16141055555;16641055555
3399;16211717000;16141344444;16641344444
3400;16211718000;16141344444;16641344444
3401;16211719000;16141344444;16641344444
3402;16253303000;16182711111;16682711111
3403;16253307000;16182711111;16682711111
3404;16253309000;16182711111;16682711111
3405;16253310000;16182711111;16682711111
3407;16253311000;16182711111;16682711111
3408;16253312000;16182711111;16682711111
3409;16253435000;16182722222;16682722222
3410;16253441000;16183011111;16683011111
3412;16253443000;16183011111;16683011111
3413;16294959000;16224377777;16724377777
3414;16294962000;16224377777;16724377777
3415;16294964000;16224377777;16724377777
3416;16294965000;16224377777;16724377777
3417;16294966000;16224377777;16724377777
3418;16294967000;16224377777;16724377777
3419;16294969000;16224377777;16724377777
3420;16295069000;16224388888;16724388888
3421;16295075000;16224688888;16724688888
3422;16295076000;16224688888;16724688888
3423;16295078000;16224688888;16724688888
3424;16336596000;16266044444;16766044444
3425;16336599000;16266044444;16766044444
3426;16336600000;16266044444;16766044444
3427;16336601000;16266044444;16766044444
3428;16336602000;16266044444;16766044444
3429;16336603000;16266044444;16766044444
3430;16336605000;16266044444;16766044444
3432;16336793000;16266355555;16766355555
3433;16336805000;16266355555;16766355555
3434;16336806000;16266355555;16766355555
3435;16378293000;16307711111;16807711111
3436;16378296000;16307711111;16807711111
3437;16378298000;16307711111;16807711111
3438;16378299000;16307711111;16807711111
3439;16378300000;16307711111;16807711111
3440;16378301000;16307711111;16807711111
3443;16378500000;16307988888;16807988888
3444;16378503000;16307988888;16807988888
3445;16378505000;16307988888;16807988888
3446;16419974000;16349377777;16849377777
3447;16419978000;16349377777;16849377777
3448;16419979000;16349377777;16849377777
3449;16419980000;16349377777;16849377777
3450;16419981000;16349377777;16849377777
3451;16419983000;16349377777;16849377777
3452;16419984000;16349377777;16849377777
3453;16420105000;16349388888;16849388888
3454;16420111000;16349700000;16849700000
3455;16420112000;16349700000;16849700000
3456;16420114000;16349700000;16849700000
3457;16461596000;16391044444;16891044444
3458;16461600000;16391044444;16891044444
3459;16461601000;16391044444;16891044444
3460;16461602000;16391044444;16891044444
3461;16461603000;16391044444;16891044444
3462;16461605000;16391044444;16891044444
3463;16461606000;16391044444;16891044444
3464;16461724000;16391055555;16891055555
3465;16461731000;16391333333;16891333333
3466;16461732000;16391333333;16891333333
3467;16461733000;16391333333;16891333333
3468;16503296000;16432711111;16932711111
3469;16503300000;16432711111;16932711111
3470;16503301000;16432711111;16932711111
3471;16503302000;16432711111;16932711111
3472;16503303000;16432711111;16932711111
3473;16503304000;16432711111;16932711111
3474;16503305000;16432711111;16932711111
3475;16503418000;16432722222;16932722222
3476;16503423000;16433011111;16933011111
3477;16503424000;16433011111;16933011111
3478;16503425000;16433011111;16933011111
3479;16544919000;16474377777;16974377777
3480;16544922000;16474377777;16974377777
3481;16544923000;16474377777;16974377777
3482;16544924000;16474377777;16974377777
3483;16544925000;16474377777;16974377777
3484;16544926000;16474377777;16974377777
3485;16544927000;16474377777;16974377777
3486;16545051000;16474388888;16974388888
3487;16545066000;16474688888;16974688888
3488;16545068000;16474688888;16974688888
3489;16545069000;16474688888;16974688888
3490;16586585000;16516044444;17016044444
3491;16586588000;16516044444;17016044444
3492;16586589000;16516044444;17016044444
3493;16586591000;16516044444;17016044444
3494;16586592000;16516044444;17016044444
3495;16586593000;16516044444;17016044444
3496;16586602000;16516044444;17016044444
3497;16586709000;16516055555;17016055555
3498;16586714000;16516355555;17016355555
3499;16586716000;16516355555;17016355555
3500;16586717000;16516355555;17016355555
3501;16628251000;16557711111;17057711111
3502;16628254000;16557711111;17057711111
3503;16628255000;16557711111;17057711111
3504;16628256000;16557711111;17057711111
3505;16628257000;16557711111;17057711111
3506;16628258000;16557711111;17057711111
3507;16628259000;16557711111;17057711111
3508;16628373000;16557722222;17057722222
3509;16628378000;16558000000;17058000000
3510;16628380000;16558000000;17058000000
3511;16628381000;16558000000;17058000000
3512;16669918000;16599377777;17099377777
3513;16669921000;16599377777;17099377777
3514;16669922000;16599377777;17099377777
3515;16669923000;16599377777;17099377777
3516;16669924000;16599377777;17099377777
3517;16669926000;16599377777;17099377777
3518;16669927000;16599377777;17099377777
3519;16670041000;16599388888;17099388888
3520;16670064000;16599688888;17099688888
3521;16670065000;16599688888;17099688888
3522;16670066000;16599688888;17099688888
3523;16711631000;16641044444;17141044444
3524;16711635000;16641044444;17141044444
3525;16711636000;16641044444;17141044444
3526;16711637000;16641044444;17141044444
3527;16711638000;16641044444;17141044444
3528;16711639000;16641044444;17141044444
3529;16711640000;16641044444;17141044444
3530;16711752000;16641055555;17141055555
3531;16711758000;16641344444;17141344444
3532;16711760000;16641344444;17141344444
3533;16711761000;16641344444;17141344444
3534;16753298000;16682711111;17182711111
3535;16753302000;16682711111;17182711111
3536;16753303000;16682711111;17182711111
3537;16753304000;16682711111;17182711111
3538;16753305000;16682711111;17182711111
3539;16753306000;16682711111;17182711111
3540;16753308000;16682711111;17182711111
3542;16753511000;16683000000;17183000000
3543;16753515000;16683000000;17183000000
3544;16753516000;16683000000;17183000000
3545;16794964000;16724377777;17224377777
3546;16794968000;16724377777;17224377777
3547;16794969000;16724377777;17224377777
3548;16794970000;16724377777;17224377777
3549;16794971000;16724377777;17224377777
3550;16794973000;16724377777;17224377777
3551;16794974000;16724377777;17224377777
3552;16795103000;16724388888;17224388888
3553;16795109000;16724677777;17224677777
3554;16795111000;16724677777;17224677777
3555;16795112000;16724677777;17224677777
3556;16836631000;16766044444;17266044444
3557;16836635000;16766044444;17266044444
3558;16836636000;16766044444;17266044444
3559;16836637000;16766044444;17266044444
3560;16836638000;16766044444;17266044444
3561;16836640000;16766044444;17266044444
3562;16836641000;16766044444;17266044444
3563;16836761000;16766055555;17266055555
3564;16836767000;16766366666;17266366666
3565;16836769000;16766366666;17266366666
3566;16836770000;16766366666;17266366666
3567;16878256000;16807711111;17307711111
3568;16878259000;16807711111;17307711111
3569;16878260000;16807711111;17307711111
3570;16878261000;16807711111;17307711111
3571;16878262000;16807711111;17307711111
3572;16878263000;16807711111;17307711111
3573;16878264000;16807711111;17307711111
3575;16878502000;16807988888;17307988888
3576;16878505000;16807988888;17307988888
3577;16878506000;16807988888;17307988888
3578;16919965000;16849377777;17349377777
3579;16919969000;16849377777;17349377777
3580;16919970000;16849377777;17349377777
3581;16919971000;16849377777;17349377777
3582;16919972000;16849377777;17349377777
3583;16919973000;16849377777;17349377777
3584;16919974000;16849377777;17349377777
3585;16920076000;16849388888;17349388888
3586;16920082000;16849700000;17349700000
3587;16920084000;16849700000;17349700000
3588;16920085000;16849700000;17349700000
3589;16961632000;16891044444;17391044444
3590;16961636000;16891044444;17391044444
3591;16961637000;16891044444;17391044444
3592;16961638000;16891044444;17391044444
3593;16961639000;16891044444;17391044444
3594;16961640000;16891044444;17391044444
3595;16961642000;16891044444;17391044444
3596;16961752000;16891055555;17391055555
3597;16961765000;16891355555;17391355555
3598;16961767000;16891355555;17391355555
3599;16961768000;16891355555;17391355555
3600;17003256000;16932711111;17432711111
3601;17003259000;16932711111;17432711111
3602;17003260000;16932711111;17432711111
3603;17003261000;16932711111;17432711111
3604;17003262000;16932711111;17432711111
3605;17003263000;16932711111;17432711111
3607;17003401000;16932722222;17432722222
3608;17003406000;16933033333;17433033333
3609;17003408000;16933033333;17433033333
3610;17003409000;16933033333;17433033333
3611;17044919000;16974377777;17474377777
3612;17044921000;16974377777;17474377777
3613;17044922000;16974377777;17474377777
3614;17044923000;16974377777;17474377777
3615;17044925000;16974377777;17474377777
3616;17044926000;16974377777;17474377777
3617;17044927000;16974377777;17474377777
3618;17045039000;16974388888;17474388888
3619;17045060000;16974677777;17474677777
3620;17045061000;16974677777;17474677777
3621;17045063000;16974677777;17474677777
3622;17086586000;17016044444;17516044444
3623;17086589000;17016044444;17516044444
3624;17086590000;17016044444;17516044444
3625;17086591000;17016044444;17516044444
3626;17086592000;17016044444;17516044444
3627;17086593000;17016044444;17516044444
3628;17086594000;17016044444;17516044444
3629;17086696000;17016055555;17516055555
3630;17086701000;17016333333;17516333333
3631;17086702000;17016333333;17516333333
3632;17086703000;17016333333;17516333333
3633;17128252000;17057711111;17557711111
3634;17128255000;17057711111;17557711111
3635;17128256000;17057711111;17557711111
3636;17128257000;17057711111;17557711111
3637;17128258000;17057711111;17557711111
3638;17128259000;17057711111;17557711111
3639;17128260000;17057711111;17557711111
3640;17128372000;17057722222;17557722222
3641;17128377000;17057988888;17557988888
3642;17128379000;17057988888;17557988888
3643;17128380000;17057988888;17557988888
3644;17169919000;17099377777;17599377777
3645;17169921000;17099377777;17599377777
3646;17169923000;17099377777;17599377777
3647;17169924000;17099377777;17599377777
3648;17169925000;17099377777;17599377777
3649;17169926000;17099377777;17599377777
3650;17169927000;17099377777;17599377777
3651;17170038000;17099388888;17599388888
3652;17170059000;17099700000;17599700000
3653;17170061000;17099700000;17599700000
3654;17170062000;17099700000;17599700000
3655;17211586000;17141044444;17641044444
3656;17211588000;17141044444;17641044444
3657;17211589000;17141044444;17641044444
3658;17211590000;17141044444;17641044444
3659;17211591000;17141044444;17641044444
3660;17211593000;17141044444;17641044444
3661;17211594000;17141044444;17641044444
3662;17211690000;17141055555;17641055555
3663;17211695000;17141355555;17641355555
3664;17211697000;17141355555;17641355555
3665;17211698000;17141355555;17641355555
3666;17253252000;17182711111;17682711111
3667;17253255000;17182711111;17682711111
3668;17253256000;17182711111;17682711111
3669;17253257000;17182711111;17682711111
3670;17253258000;17182711111;17682711111
3671;17253259000;17182711111;17682711111
3672;17253260000;17182711111;17682711111
3673;17253347000;17182722222;17682722222
3674;17253352000;17183011111;17683011111
3675;17253353000;17183011111;17683011111
3676;17253355000;17183011111;17683011111
3677;17294920000;17224377777;17724377777
3678;17294922000;17224377777;17724377777
3679;17294923000;17224377777;17724377777
3681;17294956000;17224377777;17724377777
3682;17294957000;17224377777;17724377777
3683;17294959000;17224377777;17724377777
3684;17295087000;17224388888;17724388888
3685;17295092000;17224700000;17724700000
3686;17295094000;17224700000;17724700000
3687;17295095000;17224700000;17724700000
3688;17336587000;17266044444;17766044444
3689;17336589000;17266044444;17766044444
3690;17336591000;17266044444;17766044444
3691;17336592000;17266044444;17766044444
3692;17336593000;17266044444;17766044444
3693;17336594000;17266044444;17766044444
3694;17336595000;17266044444;17766044444
3695;17336707000;17266055555;17766055555
3696;17336712000;17266333333;17766333333
3697;17336713000;17266333333;17766333333
3698;17336714000;17266333333;17766333333
3699;17378255000;17307711111;17807711111
3700;17378258000;17307711111;17807711111
3701;17378259000;17307711111;17807711111
3702;17378260000;17307711111;17807711111
3703;17378261000;17307711111;17807711111
3704;17378262000;17307711111;17807711111
3705;17378263000;17307711111;17807711111
3706;17378375000;17307722222;17807722222
3707;17378380000;17307977777;17807977777
3708;17378382000;17307977777;17807977777
3709;17378383000;17307977777;17807977777
3710;17419921000;17349377777;17849377777
3711;17419923000;17349377777;17849377777
3712;17419924000;17349377777;17849377777
3713;17419926000;17349377777;17849377777
3714;17419927000;17349377777;17849377777
3715;17419928000;17349377777;17849377777
3716;17419929000;17349377777;17849377777
3717;17420040000;17349388888;17849388888
3718;17420060000;17349688888;17849688888
3719;17420062000;17349688888;17849688888
3720;17420063000;17349688888;17849688888
3721;17461592000;17391044444;17891044444
3722;17461594000;17391044444;17891044444
3723;17461595000;17391044444;17891044444
3724;17461596000;17391044444;17891044444
3725;17461598000;17391044444;17891044444
3726;17461599000;17391044444;17891044444
3727;17461600000;17391044444;17891044444
3728;17461712000;17391055555;17891055555
3729;17461717000;17391322222;17891322222
3730;17461718000;17391322222;17891322222
3731;17461720000;17391322222;17891322222
3732;17503255000;17432711111;17932711111
3733;17503257000;17432711111;17932711111
3736;17503292000;17432711111;17932711111
3737;17503293000;17432711111;17932711111
3738;17503294000;17432711111;17932711111
3739;17503396000;17432722222;17932722222
3740;17503401000;17433000000;17933000000
3741;17503403000;17433000000;17933000000
3742;17503404000;17433000000;17933000000
3744;17544978000;17474377777;17974377777
3745;17544980000;17474377777;17974377777
3746;17544991000;17474377777;17974377777
3747;17544992000;17474377777;17974377777
3748;17544993000;17474377777;17974377777
3749;17544994000;17474377777;17974377777
3750;17545067000;17474388888;17974388888
3751;17545073000;17474677777;17974677777
3752;17545074000;17474677777;17974677777
3753;17545075000;17474677777;17974677777
3754;17586613000;17516044444;18016044444
3755;17586616000;17516044444;18016044444
3756;17586617000;17516044444;18016044444
3757;17586618000;17516044444;18016044444
3758;17586619000;17516044444;18016044444
3760;17586620000;17516044444;18016044444
3761;17586726000;17516055555;18016055555
3762;17586731000;17516333333;18016333333
3763;17586733000;17516333333;18016333333
3764;17586734000;17516333333;18016333333
3765;17628304000;17557711111;18057711111
3766;17628308000;17557711111;18057711111
3767;17628309000;17557711111;18057711111
3768;17628310000;17557711111;18057711111
3769;17628311000;17557711111;18057711111
3770;17628312000;17557711111;18057711111
3771;17628314000;17557711111;18057711111
3772;17628426000;17557722222;18057722222
3773;17628432000;17557988888;18057988888
3774;17628433000;17557988888;18057988888
3775;17628434000;17557988888;18057988888
3776;17669927000;17599377777;18099377777
3777;17669929000;17599377777;18099377777
3778;17669931000;17599377777;18099377777
3779;17669932000;17599377777;18099377777
3780;17669933000;17599377777;18099377777
3781;17669934000;17599377777;18099377777
3782;17669935000;17599377777;18099377777
3783;17670059000;17599388888;18099388888
3784;17670073000;17599677777;18099677777
3785;17670074000;17599677777;18099677777
3786;17670075000;17599677777;18099677777
3787;17711596000;17641044444;18141044444
3788;17711599000;17641044444;18141044444
3789;17711600000;17641044444;18141044444
3790;17711601000;17641044444;18141044444
3791;17711602000;17641044444;18141044444
3792;17711603000;17641044444;18141044444
3793;17711604000;17641044444;18141044444
3794;17711710000;17641055555;18141055555
3795;17711716000;17641333333;18141333333
3796;17711717000;17641333333;18141333333
3797;17711718000;17641333333;18141333333
3798;17753261000;17682711111;18182711111
3799;17753264000;17682711111;18182711111
3800;17753265000;17682711111;18182711111
3801;17753266000;17682711111;18182711111
3802;17753267000;17682711111;18182711111
3803;17753275000;17682711111;18182711111
3804;17753276000;17682711111;18182711111
3805;17753384000;17682722222;18182722222
3806;17753389000;17682977777;18182977777
3807;17753390000;17682977777;18182977777
3808;17753391000;17682977777;18182977777
3809;17794937000;17724377777;18224377777
3810;17794940000;17724377777;18224377777
3811;17794950000;17724377777;18224377777
3812;17794951000;17724377777;18224377777
3813;17794952000;17724377777;18224377777
3814;17794954000;17724377777;18224377777
3815;17794955000;17724377777;18224377777
3816;17795073000;17724388888;18224388888
3817;17795078000;17724666666;18224666666
3818;17795079000;17724666666;18224666666
3819;17795081000;17724666666;18224666666
3820;17836591000;17766044444;18266044444
3821;17836594000;17766044444;18266044444
3822;17836595000;17766044444;18266044444
3823;17836596000;17766044444;18266044444
3824;17836597000;17766044444;18266044444
3825;17836598000;17766044444;18266044444
3826;17836599000;17766044444;18266044444
3827;17836711000;17766055555;18266055555
3828;17836716000;17766333333;18266333333
3829;17836717000;17766333333;18266333333
3831;17878357000;17807711111;18307711111
3833;17878359000;17807711111;18307711111
3834;17878369000;17807711111;18307711111
3835;17878371000;17807711111;18307711111
3836;17878372000;17807711111;18307711111
3837;17878373000;17807711111;18307711111
3838;17878438000;17807722222;18307722222
3839;17878453000;17807977777;18307977777
3840;17878455000;17807977777;18307977777
3841;17878456000;17807977777;18307977777
3842;17919928000;17849377777;18349377777
3843;17919931000;17849377777;18349377777
3844;17919932000;17849377777;18349377777
3845;17919933000;17849377777;18349377777
3846;17919935000;17849377777;18349377777
3847;17919936000;17849377777;18349377777
3848;17919937000;17849377777;18349377777
3849;17920057000;17849388888;18349388888
3850;17920072000;17849688888;18349688888
3851;17920073000;17849688888;18349688888
3852;17920074000;17849688888;18349688888
3853;17961596000;17891044444;18391044444
3854;17961599000;17891044444;18391044444
3855;17961600000;17891044444;18391044444
3856;17961601000;17891044444;18391044444
3857;17961602000;17891044444;18391044444
3858;17961603000;17891044444;18391044444
3859;17961604000;17891044444;18391044444
3860;17961717000;17891055555;18391055555
3861;17961722000;17891344444;18391344444
3862;17961724000;17891344444;18391344444
3863;17961725000;17891344444;18391344444
3864;18003261000;17932711111;18432711111
3865;18003264000;17932711111;18432711111
3866;18003265000;17932711111;18432711111
3867;18003266000;17932711111;18432711111
3868;18003267000;17932711111;18432711111
3869;18003268000;17932711111;18432711111
3870;18003269000;17932711111;18432711111
3871;18003381000;17932722222;18432722222
3872;18003386000;17933022222;18433022222
3873;18003387000;17933022222;18433022222
3875;18045024000;17974377777;18474377777
3876;18045027000;17974377777;18474377777
3877;18045037000;17974377777;18474377777
3878;18045038000;17974377777;18474377777
3879;18045039000;17974377777;18474377777
3880;18045040000;17974377777;18474377777
3881;18045042000;17974377777;18474377777
3882;18045113000;17974388888;18474388888
3883;18045128000;17974666666;18474666666
3884;18045130000;17974666666;18474666666
3885;18045131000;17974666666;18474666666
3886;18086641000;18016044444;18516044444
3887;18086645000;18016044444;18516044444
3888;18086646000;18016044444;18516044444
3889;18086647000;18016044444;18516044444
3890;18086648000;18016044444;18516044444
3891;18086650000;18016044444;18516044444
3892;18086651000;18016044444;18516044444
3893;18086763000;18016055555;18516055555
3894;18086769000;18016322222;18516322222
3895;18086770000;18016322222;18516322222
3896;18086772000;18016322222;18516322222
3897;18128309000;18057711111;18557711111
3898;18128312000;18057711111;18557711111
3899;18128314000;18057711111;18557711111
3900;18128315000;18057711111;18557711111
3901;18128316000;18057711111;18557711111
3902;18128317000;18057711111;18557711111
3903;18128318000;18057711111;18557711111
3904;18128431000;18057722222;18557722222
3905;18128436000;18057977777;18557977777
3906;18128445000;18057977777;18557977777
3907;18128446000;18057977777;18557977777
3908;18169932000;18099377777;18599377777
3910;18169964000;18099377777;18599377777
3911;18169965000;18099377777;18599377777
3912;18169966000;18099377777;18599377777
3913;18169967000;18099377777;18599377777
3914;18169969000;18099377777;18599377777
3915;18170080000;18099388888;18599388888
3916;18170086000;18099688888;18599688888
3917;18170087000;18099688888;18599688888
3918;18170088000;18099688888;18599688888
3919;18211595000;18141044444;18641044444
3920;18211597000;18141044444;18641044444
3921;18211599000;18141044444;18641044444
3922;18211600000;18141044444;18641044444
3923;18211601000;18141044444;18641044444
3924;18211602000;18141044444;18641044444
3925;18211603000;18141044444;18641044444
3926;18211715000;18141055555;18641055555
3927;18211720000;18141344444;18641344444
3928;18211721000;18141344444;18641344444
3929;18211722000;18141344444;18641344444
3930;18253261000;18182711111;18682711111
3931;18253264000;18182711111;18682711111
3932;18253265000;18182711111;18682711111
3933;18253266000;18182711111;18682711111
3934;18253267000;18182711111;18682711111
3936;18253296000;18182711111;18682711111
3937;18253418000;18182722222;18682722222
3938;18253423000;18183000000;18683000000
3939;18253424000;18183000000;18683000000
3940;18253426000;18183000000;18683000000
3941;18294947000;18224377777;18724377777
3942;18294950000;18224377777;18724377777
3943;18294951000;18224377777;18724377777
3944;18294952000;18224377777;18724377777
3946;18294953000;18224377777;18724377777
3947;18294955000;18224377777;18724377777
3948;18295072000;18224388888;18724388888
3949;18295078000;18224688888;18724688888
3950;18295079000;18224688888;18724688888
3951;18295080000;18224688888;18724688888
3952;18336595000;18266044444;18766044444
3953;18336598000;18266044444;18766044444
3954;18336599000;18266044444;18766044444
3955;18336600000;18266044444;18766044444
3956;18336601000;18266044444;18766044444
3957;18336602000;18266044444;18766044444
3958;18336603000;18266044444;18766044444
3959;18336715000;18266055555;18766055555
3960;18336720000;18266344444;18766344444
3961;18336721000;18266344444;18766344444
3962;18336722000;18266344444;18766344444
3963;18378262000;18307711111;18807711111
3964;18378265000;18307711111;18807711111
3965;18378266000;18307711111;18807711111
3966;18378267000;18307711111;18807711111
3967;18378268000;18307711111;18807711111
3968;18378269000;18307711111;18807711111
3969;18378270000;18307711111;18807711111
3970;18378382000;18307722222;18807722222
3971;18378387000;18307977777;18807977777
3972;18378388000;18307977777;18807977777
3973;18378389000;18307977777;18807977777
3974;18419929000;18349377777;18849377777
3975;18419931000;18349377777;18849377777
3976;18419932000;18349377777;18849377777
3977;18419934000;18349377777;18849377777
3978;18419935000;18349377777;18849377777
3979;18419936000;18349377777;18849377777
3980;18419937000;18349377777;18849377777
3981;18420057000;18349388888;18849388888
3982;18420071000;18349700000;18849700000
3983;18420072000;18349700000;18849700000
3984;18420074000;18349700000;18849700000
3985;18461601000;18391044444;18891044444
3986;18461604000;18391044444;18891044444
3987;18461605000;18391044444;18891044444
3988;18461606000;18391044444;18891044444
3989;18461607000;18391044444;18891044444
3990;18461608000;18391044444;18891044444
3991;18461609000;18391044444;18891044444
3992;18461722000;18391055555;18891055555
3993;18461727000;18391333333;18891333333
3994;18461728000;18391333333;18891333333
3995;18461730000;18391333333;18891333333
3996;18503267000;18432711111;18932711111
3997;18503270000;18432711111;18932711111
3998;18503271000;18432711111;18932711111
3999;18503272000;18432711111;18932711111
4000;18503273000;18432711111;18932711111
4001;18503275000;18432711111;18932711111
4002;18503276000;18432711111;18932711111
4003;18503380000;18432722222;18932722222
4004;18503385000;18433011111;18933011111
4005;18503386000;18433011111;18933011111
4006;18503387000;18433011111;18933011111
4007;18544933000;18474377777;18974377777
4008;18544936000;18474377777;18974377777
4010;18545017000;18474377777;18974377777
4011;18545030000;18474377777;18974377777
4012;18545031000;18474377777;18974377777
4013;18545033000;18474377777;18974377777
4014;18545170000;18474388888;18974388888
4015;18545176000;18474677777;18974677777
4016;18545178000;18474677777;18974677777
4017;18545179000;18474677777;18974677777
4018;18586645000;18516044444;19016044444
4019;18586649000;18516044444;19016044444
4020;18586650000;18516044444;19016044444
4021;18586651000;18516044444;19016044444
4022;18586652000;18516044444;19016044444
4023;18586653000;18516044444;19016044444
4026;18586871000;18516344444;19016344444
4027;18586874000;18516344444;19016344444
4028;18586876000;18516344444;19016344444
4029;18628313000;18557711111;19057711111
4030;18628316000;18557711111;19057711111
4031;18628318000;18557711111;19057711111
4032;18628319000;18557711111;19057711111
4033;18628320000;18557711111;19057711111
4034;18628321000;18557711111;19057711111
4035;18628322000;18557711111;19057711111
4036;18628434000;18557722222;19057722222
4037;18628440000;18558000000;19058000000
4038;18628441000;18558000000;19058000000
4039;18628442000;18558000000;19058000000
4040;18669979000;18599377777;19099377777
4041;18669983000;18599377777;19099377777
4042;18669984000;18599377777;19099377777
4043;18669985000;18599377777;19099377777
4044;18669986000;18599377777;19099377777
4045;18669988000;18599377777;19099377777
4046;18669989000;18599377777;19099377777
4047;18670112000;18599388888;19099388888
4048;18670117000;18599688888;19099688888
4049;18670119000;18599688888;19099688888
4050;18670120000;18599688888;19099688888
4051;18711646000;18641044444;19141044444
4052;18711650000;18641044444;19141044444
4053;18711651000;18641044444;19141044444
4054;18711652000;18641044444;19141044444
4055;18711653000;18641044444;19141044444
4056;18711655000;18641044444;19141044444
4057;18711656000;18641044444;19141044444
4058;18711759000;18641055555;19141055555
4059;18711765000;18641344444;19141344444
4060;18711766000;18641344444;19141344444
4061;18711767000;18641344444;19141344444
4062;18753313000;18682711111;19182711111
4063;18753317000;18682711111;19182711111
4064;18753318000;18682711111;19182711111
4065;18753320000;18682711111;19182711111
4066;18753321000;18682711111;19182711111
4067;18753322000;18682711111;19182711111
4068;18753323000;18682711111;19182711111
4069;18753436000;18682722222;19182722222
4070;18753441000;18682988888;19182988888
4071;18753443000;18682988888;19182988888
4072;18753444000;18682988888;19182988888
4073;18794983000;18724377777;19224377777
4074;18794987000;18724377777;19224377777
4075;18794989000;18724377777;19224377777
4076;18794990000;18724377777;19224377777
4077;18794991000;18724377777;19224377777
4078;18794992000;18724377777;19224377777
4079;18794993000;18724377777;19224377777
4080;18795124000;18724388888;19224388888
4081;18795130000;18724677777;19224677777
4082;18795131000;18724677777;19224677777
4083;18795133000;18724677777;19224677777
4084;18836604000;18766044444;19266044444
4086;18836636000;18766044444;19266044444
4087;18836637000;18766044444;19266044444
4088;18836638000;18766044444;19266044444
4089;18836639000;18766044444;19266044444
4090;18836641000;18766044444;19266044444
4091;18836766000;18766055555;19266055555
4092;18836771000;18766344444;19266344444
4094;18836773000;18766344444;19266344444
4095;18878307000;18807711111;19307711111
4096;18878310000;18807711111;19307711111
4097;18878311000;18807711111;19307711111
4098;18878312000;18807711111;19307711111
4099;18878314000;18807711111;19307711111
4100;18878315000;18807711111;19307711111
4102;18878421000;18807722222;19307722222
4103;18878426000;18807977777;19307977777
4104;18878427000;18807977777;19307977777
4105;18878429000;18807977777;19307977777
4106;18919950000;18849377777;19349377777
4107;18919953000;18849377777;19349377777
4108;18919954000;18849377777;19349377777
4109;18919955000;18849377777;19349377777
4110;18919956000;18849377777;19349377777
4111;18919957000;18849377777;19349377777
4112;18919958000;18849377777;19349377777
4113;18920068000;18849388888;19349388888
4114;18920073000;18849688888;19349688888
4115;18920081000;18849688888;19349688888
4116;18920083000;18849688888;19349688888
4117;18961601000;18891044444;19391044444
4118;18961604000;18891044444;19391044444
4119;18961605000;18891044444;19391044444
4120;18961606000;18891044444;19391044444
4121;18961607000;18891044444;19391044444
4122;18961608000;18891044444;19391044444
4123;18961609000;18891044444;19391044444
4124;18961721000;18891055555;19391055555
4125;18961726000;18891355555;19391355555
4126;18961728000;18891355555;19391355555
4127;18961729000;18891355555;19391355555
4128;19003266000;18932711111;19432711111
4129;19003269000;18932711111;19432711111
4130;19003270000;18932711111;19432711111
4131;19003271000;18932711111;19432711111
4132;19003272000;18932711111;19432711111
4133;19003273000;18932711111;19432711111
4134;19003275000;18932711111;19432711111
4135;19003386000;18932722222;19432722222
4136;19003391000;18933022222;19433022222
4137;19003392000;18933022222;19433022222
4138;19003394000;18933022222;19433022222
4139;19044937000;18974377777;19474377777
4140;19044940000;18974377777;19474377777
4141;19044941000;18974377777;19474377777
4142;19044942000;18974377777;19474377777
4143;19044943000;18974377777;19474377777
4144;19044944000;18974377777;19474377777
4145;19044945000;18974377777;19474377777
4146;19045051000;18974388888;19474388888
4147;19045056000;18974666666;19474666666
4148;19045058000;18974666666;19474666666
4149;19045061000;18974666666;19474666666
4150;19086651000;19016044444;19516044444
4151;19086655000;19016044444;19516044444
4152;19086656000;19016044444;19516044444
4153;19086657000;19016044444;19516044444
4154;19086658000;19016044444;19516044444
4155;19086659000;19016044444;19516044444
4158;19086813000;19016333333;19516333333
4159;19086816000;19016333333;19516333333
4160;19086817000;19016333333;19516333333
4161;19128333000;19057711111;19557711111
4162;19128336000;19057711111;19557711111
4163;19128338000;19057711111;19557711111
4164;19128339000;19057711111;19557711111
4165;19128340000;19057711111;19557711111
4166;19128341000;19057711111;19557711111
4167;19128342000;19057711111;19557711111
4168;19128464000;19057722222;19557722222
4169;19128470000;19057988888;19557988888
4170;19128472000;19057988888;19557988888
4171;19128473000;19057988888;19557988888
4172;19169962000;19099377777;19599377777
4173;19169969000;19099377777;19599377777
4174;19169971000;19099377777;19599377777
4176;19169972000;19099377777;19599377777
4177;19169973000;19099377777;19599377777
4178;19169975000;19099377777;19599377777
4179;19170081000;19099388888;19599388888
4182;19170087000;19099700000;19599700000
4183;19211604000;19141044444;19641044444
4184;19211607000;19141044444;19641044444
4185;19211608000;19141044444;19641044444
4186;19211609000;19141044444;19641044444
4187;19211610000;19141044444;19641044444
4188;19211611000;19141044444;19641044444
4189;19211612000;19141044444;19641044444
4190;19211726000;19141055555;19641055555
4191;19211732000;19141355555;19641355555
4192;19211733000;19141355555;19641355555
4193;19211734000;19141355555;19641355555
4194;19253268000;19182711111;19682711111
4195;19253271000;19182711111;19682711111
4196;19253272000;19182711111;19682711111
4197;19253273000;19182711111;19682711111
4198;19253274000;19182711111;19682711111
4199;19253275000;19182711111;19682711111
4200;19253276000;19182711111;19682711111
4201;19253378000;19182722222;19682722222
4202;19253383000;19183011111;19683011111
4203;19253385000;19183011111;19683011111
4204;19253386000;19183011111;19683011111
4205;19294935000;19224377777;19724377777
4206;19294937000;19224377777;19724377777
4207;19294938000;19224377777;19724377777
4208;19294940000;19224377777;19724377777
4209;19294941000;19224377777;19724377777
4210;19294942000;19224377777;19724377777
4211;19294943000;19224377777;19724377777
4212;19295025000;19224388888;19724388888
4213;19295030000;19224700000;19724700000
4214;19295031000;19224700000;19724700000
4215;19295032000;19224700000;19724700000
4216;19336603000;19266044444;19766044444
4217;19336606000;19266044444;19766044444
4218;19336607000;19266044444;19766044444
4219;19336608000;19266044444;19766044444
4220;19336616000;19266044444;19766044444
4221;19336617000;19266044444;19766044444
4222;19336618000;19266044444;19766044444
4223;19336722000;19266055555;19766055555
4224;19336727000;19266355555;19766355555
4225;19336728000;19266355555;19766355555
4226;19336730000;19266355555;19766355555
4227;19378268000;19307711111;19807711111
4228;19378270000;19307711111;19807711111
4229;19378272000;19307711111;19807711111
4230;19378273000;19307711111;19807711111
4231;19378274000;19307711111;19807711111
4232;19378275000;19307711111;19807711111
4233;19378276000;19307711111;19807711111
4234;19378381000;19307722222;19807722222
4235;19378386000;19307988888;19807988888
4236;19378387000;19307988888;19807988888
4237;19378388000;19307988888;19807988888
4238;19419933000;19349377777;19849377777
4239;19419935000;19349377777;19849377777
4240;19419937000;19349377777;19849377777
4241;19419938000;19349377777;19849377777
4242;19419939000;19349377777;19849377777
4243;19419940000;19349377777;19849377777
4244;19419941000;19349377777;19849377777
4245;19420061000;19349388888;19849388888
4246;19420076000;19349700000;19849700000
4247;19420077000;19349700000;19849700000
4248;19420078000;19349700000;19849700000
4249;19461620000;19391044444;19891044444
4250;19461623000;19391044444;19891044444
4251;19461624000;19391044444;19891044444
4252;19461625000;19391044444;19891044444
4253;19461626000;19391044444;19891044444
4254;19461627000;19391044444;19891044444
4255;19461628000;19391044444;19891044444
4256;19461742000;19391055555;19891055555
4257;19461747000;19391344444;19891344444
4258;19461748000;19391344444;19891344444
4259;19461749000;19391344444;19891344444
4260;19503268000;19432711111;19932711111
4261;19503270000;19432711111;19932711111
4262;19503272000;19432711111;19932711111
4263;19503273000;19432711111;19932711111
4264;19503274000;19432711111;19932711111
4265;19503275000;19432711111;19932711111
4266;19503276000;19432711111;19932711111
4267;19503388000;19432722222;19932722222
4268;19503393000;19433011111;19933011111
4269;19503394000;19433011111;19933011111
4270;19503395000;19433011111;19933011111
4271;19544933000;19474377777;19974377777
4272;19544935000;19474377777;19974377777
4273;19544936000;19474377777;19974377777
4274;19544937000;19474377777;19974377777
4275;19544939000;19474377777;19974377777
4276;19544940000;19474377777;19974377777
4277;19544941000;19474377777;19974377777
4278;19545060000;19474388888;19974388888
4279;19545074000;19474700000;19974700000
4280;19545076000;19474700000;19974700000
4281;19545077000;19474700000;19974700000
4282;19586602000;19516044444;20016044444
4283;19586604000;19516044444;20016044444
4284;19586605000;19516044444;20016044444
4285;19586606000;19516044444;20016044444
4286;19586608000;19516044444;20016044444
4287;19586609000;19516044444;20016044444
4288;19586610000;19516044444;20016044444
4289;19586721000;19516055555;20016055555
4290;19586726000;19516355555;20016355555
4291;19586728000;19516355555;20016355555
4292;19586729000;19516355555;20016355555
4293;19628268000;19557711111;20057711111
4294;19628271000;19557711111;20057711111
4295;19628272000;19557711111;20057711111
4296;19628273000;19557711111;20057711111
4297;19628274000;19557711111;20057711111
4298;19628275000;19557711111;20057711111
4299;19628276000;19557711111;20057711111
4300;19628387000;19557722222;20057722222
4301;19628392000;19558011111;20058011111
4302;19628394000;19558011111;20058011111
4303;19628395000;19558011111;20058011111
4304;19669935000;19599377777;20099377777
4305;19669937000;19599377777;20099377777
4306;19669938000;19599377777;20099377777
4307;19669939000;19599377777;20099377777
4308;19669940000;19599377777;20099377777
4309;19669941000;19599377777;20099377777
4311;19670096000;19599388888;20099388888
4312;19670101000;19599722222;20099722222
4313;19670102000;19599722222;20099722222
4314;19670103000;19599722222;20099722222
4315;19711648000;19641044444;20141044444
4316;19711651000;19641044444;20141044444
4317;19711653000;19641044444;20141044444
4318;19711654000;19641044444;20141044444
4319;19711655000;19641044444;20141044444
4320;19711656000;19641044444;20141044444
4321;19711664000;19641044444;20141044444
4322;19711787000;19641055555;20141055555
4323;19711792000;19641355555;20141355555
4324;19711794000;19641355555;20141355555
4325;19711795000;19641355555;20141355555
4326;19753314000;19682711111;20182711111
4327;19753317000;19682711111;20182711111
4328;19753319000;19682711111;20182711111
4329;19753320000;19682711111;20182711111
4330;19753321000;19682711111;20182711111
4331;19753322000;19682711111;20182711111
4332;19753323000;19682711111;20182711111
4333;19753444000;19682722222;20182722222
4334;19753450000;19683000000;20183000000
4335;19753452000;19683000000;20183000000
4336;19753453000;19683000000;20183000000
4337;19794936000;19724377777;20224377777
4338;19794939000;19724377777;20224377777
4339;19794940000;19724377777;20224377777
4340;19794941000;19724377777;20224377777
4341;19794943000;19724377777;20224377777
4342;19794944000;19724377777;20224377777
4343;19794945000;19724377777;20224377777
4344;19795065000;19724388888;20224388888
4345;19795080000;19724688888;20224688888
4346;19795081000;19724688888;20224688888
4347;19795082000;19724688888;20224688888
4350;19836693000;19766044444;20266044444
4351;19836696000;19766044444;20266044444
4352;19836706000;19766044444;20266044444
4353;19836707000;19766044444;20266044444
4354;19836708000;19766044444;20266044444
4355;19836784000;19766055555;20266055555
4358;19836799000;19766355555;20266355555
4359;19878269000;19807711111;20307711111
4360;19878272000;19807711111;20307711111
4361;19878273000;19807711111;20307711111
4362;19878274000;19807711111;20307711111
4363;19878276000;19807711111;20307711111
4364;19878277000;19807711111;20307711111
4365;19878278000;19807711111;20307711111
4366;19878380000;19807722222;20307722222
4367;19878385000;19807988888;20307988888
4368;19878386000;19807988888;20307988888
4369;19878388000;19807988888;20307988888
4370;19919936000;19849377777;20349377777
4371;19919939000;19849377777;20349377777
4372;19919940000;19849377777;20349377777
4373;19919941000;19849377777;20349377777
4374;19919942000;19849377777;20349377777
4375;19919943000;19849377777;20349377777
4376;19919945000;19849377777;20349377777
4377;19920065000;19849388888;20349388888
4378;19920080000;19849700000;20349700000
4379;19920081000;19849700000;20349700000
4380;19920082000;19849700000;20349700000
4381;19961602000;19891044444;20391044444
4382;19961605000;19891044444;20391044444
4383;19961606000;19891044444;20391044444
4384;19961607000;19891044444;20391044444
4385;19961608000;19891044444;20391044444
4386;19961609000;19891044444;20391044444
4387;19961610000;19891044444;20391044444
4388;19961721000;19891055555;20391055555
4389;19961726000;19891355555;20391355555
4390;19961728000;19891355555;20391355555
4391;19961729000;19891355555;20391355555
4392;20003315000;19932711111;20432711111
4393;20003319000;19932711111;20432711111
4394;20003320000;19932711111;20432711111
4395;20003321000;19932711111;20432711111
4396;20003322000;19932711111;20432711111
4397;20003323000;19932711111;20432711111
4398;20003324000;19932711111;20432711111
4401;20003562000;19933033333;20433033333
4402;20003565000;19933033333;20433033333
4403;20044980000;19974377777;20474377777
4404;20044984000;19974377777;20474377777
4405;20044985000;19974377777;20474377777
4406;20044986000;19974377777;20474377777
4407;20044988000;19974377777;20474377777
4408;20044989000;19974377777;20474377777
4409;20044990000;19974377777;20474377777
4410;20045111000;19974388888;20474388888
4411;20045116000;19974677777;20474677777
4412;20045118000;19974677777;20474677777
4413;20045119000;19974677777;20474677777
4414;20086647000;20016044444;20516044444
4415;20086651000;20016044444;20516044444
4416;20086653000;20016044444;20516044444
4417;20086654000;20016044444;20516044444
4418;20086655000;20016044444;20516044444
4419;20086656000;20016044444;20516044444
4420;20086657000;20016044444;20516044444
4421;20086799000;20016055555;20516055555
4422;20086806000;20016344444;20516344444
4424;20086807000;20016344444;20516344444
4425;20128289000;20057711111;20557711111
4426;20128292000;20057711111;20557711111
4427;20128293000;20057711111;20557711111
4428;20128301000;20057711111;20557711111
4429;20128302000;20057711111;20557711111
4431;20128303000;20057711111;20557711111
4432;20128418000;20057722222;20557722222
4433;20128424000;20058000000;20558000000
4434;20128425000;20058000000;20558000000
4435;20128427000;20058000000;20558000000
4436;20169935000;20099377777;20599377777
4437;20169938000;20099377777;20599377777
4438;20169939000;20099377777;20599377777
4439;20169940000;20099377777;20599377777
4440;20169941000;20099377777;20599377777
4441;20169942000;20099377777;20599377777
4442;20169944000;20099377777;20599377777
4443;20170064000;20099388888;20599388888
4444;20170078000;20099711111;20599711111
4445;20170080000;20099711111;20599711111
4447;20211689000;20141044444;20641044444
4448;20211692000;20141044444;20641044444
4449;20211693000;20141044444;20641044444
4450;20211694000;20141044444;20641044444
4451;20211695000;20141044444;20641044444
4452;20211697000;20141044444;20641044444
4453;20211698000;20141044444;20641044444
4454;20211763000;20141055555;20641055555
4455;20211778000;20141355555;20641355555
4456;20211779000;20141355555;20641355555
4457;20211780000;20141355555;20641355555
4458;20253270000;20182711111;20682711111
4459;20253272000;20182711111;20682711111
4460;20253273000;20182711111;20682711111
4461;20253275000;20182711111;20682711111
4462;20253276000;20182711111;20682711111
4463;20253277000;20182711111;20682711111
4464;20253278000;20182711111;20682711111
4465;20253390000;20182722222;20682722222
4466;20253395000;20183022222;20683022222
4467;20253397000;20183022222;20683022222
4468;20253398000;20183022222;20683022222
4469;20294936000;20224377777;20724377777
4470;20294939000;20224377777;20724377777
4472;20294968000;20224377777;20724377777
4473;20294969000;20224377777;20724377777
4474;20294970000;20224377777;20724377777
4475;20294971000;20224377777;20724377777
4476;20295090000;20224388888;20724388888
4477;20295095000;20224700000;20724700000
4478;20295097000;20224700000;20724700000
4479;20295098000;20224700000;20724700000
4480;20336600000;20266044444;20766044444
4481;20336603000;20266044444;20766044444
4482;20336604000;20266044444;20766044444
4483;20336605000;20266044444;20766044444
4484;20336606000;20266044444;20766044444
4485;20336607000;20266044444;20766044444
4486;20336608000;20266044444;20766044444
4487;20336720000;20266055555;20766055555
4488;20336725000;20266322222;20766322222
4489;20336726000;20266322222;20766322222
4490;20336728000;20266322222;20766322222
4491;20378265000;20307711111;20807711111
4492;20378268000;20307711111;20807711111
4493;20378269000;20307711111;20807711111
4494;20378270000;20307711111;20807711111
4495;20378271000;20307711111;20807711111
4496;20378272000;20307711111;20807711111
4497;20378274000;20307711111;20807711111
4498;20378384000;20307722222;20807722222
4499;20378390000;20307966666;20807966666
4500;20378391000;20307966666;20807966666
4501;20378392000;20307966666;20807966666
4502;20419932000;20349377777;20849377777
4503;20419934000;20349377777;20849377777
4504;20419936000;20349377777;20849377777
4505;20419937000;20349377777;20849377777
4506;20419938000;20349377777;20849377777
4507;20419939000;20349377777;20849377777
4508;20419940000;20349377777;20849377777
4509;20420059000;20349388888;20849388888
4510;20420073000;20349688888;20849688888
4511;20420075000;20349688888;20849688888
4512;20420076000;20349688888;20849688888
4513;20461619000;20391044444;20891044444
4514;20461621000;20391044444;20891044444
4515;20461623000;20391044444;20891044444
4516;20461624000;20391044444;20891044444
4517;20461625000;20391044444;20891044444
4518;20461626000;20391044444;20891044444
4519;20461627000;20391044444;20891044444
4520;20461740000;20391055555;20891055555
4521;20461745000;20391322222;20891322222
4522;20461746000;20391322222;20891322222
4523;20461747000;20391322222;20891322222
4524;20503269000;20432711111;20932711111
4525;20503272000;20432711111;20932711111
4526;20503273000;20432711111;20932711111
4527;20503274000;20432711111;20932711111
4528;20503275000;20432711111;20932711111
4529;20503276000;20432711111;20932711111
4530;20503278000;20432711111;20932711111
4531;20503390000;20432722222;20932722222
4532;20503395000;20432988888;20932988888
4533;20503396000;20432988888;20932988888
4534;20503397000;20432988888;20932988888
4535;20544936000;20474377777;20974377777
4536;20544938000;20474377777;20974377777
4537;20544939000;20474377777;20974377777
4538;20544940000;20474377777;20974377777
4539;20544942000;20474377777;20974377777
4540;20544943000;20474377777;20974377777
4541;20544944000;20474377777;20974377777
4542;20545028000;20474388888;20974388888
4543;20545034000;20474666666;20974666666
4544;20545035000;20474666666;20974666666
4545;20545036000;20474666666;20974666666
4546;20586603000;20516044444;21016044444
4547;20586606000;20516044444;21016044444
4548;20586607000;20516044444;21016044444
4549;20586608000;20516044444;21016044444
4550;20586609000;20516044444;21016044444
4551;20586611000;20516044444;21016044444
4552;20586612000;20516044444;21016044444
4553;20586696000;20516055555;21016055555
4554;20586701000;20516333333;21016333333
4555;20586703000;20516333333;21016333333
4556;20586704000;20516333333;21016333333
4557;20628269000;20557711111;21057711111
4558;20628271000;20557711111;21057711111
4559;20628273000;20557711111;21057711111
4560;20628274000;20557711111;21057711111
4561;20628275000;20557711111;21057711111
4562;20628276000;20557711111;21057711111
4563;20628277000;20557711111;21057711111
4564;20628380000;20557722222;21057722222
4565;20628386000;20557988888;21057988888
4566;20628387000;20557988888;21057988888
4567;20628388000;20557988888;21057988888
4568;20669935000;20599377777;21099377777
4569;20669938000;20599377777;21099377777
4570;20669939000;20599377777;21099377777
4571;20669940000;20599377777;21099377777
4572;20669941000;20599377777;21099377777
4573;20669942000;20599377777;21099377777
4574;20669943000;20599377777;21099377777
4575;20670055000;20599388888;21099388888
4576;20670060000;20599677777;21099677777
4577;20670061000;20599677777;21099677777
4578;20670063000;20599677777;21099677777
4579;20711668000;20641044444;21141044444
4580;20711671000;20641044444;21141044444
4581;20711673000;20641044444;21141044444
4583;20711674000;20641044444;21141044444
4584;20711675000;20641044444;21141044444
4585;20711676000;20641044444;21141044444
4586;20711789000;20641055555;21141055555
4587;20711795000;20641333333;21141333333
4588;20711796000;20641333333;21141333333
4589;20711797000;20641333333;21141333333
4590;20753314000;20682711111;21182711111
4591;20753318000;20682711111;21182711111
4592;20753319000;20682711111;21182711111
4593;20753320000;20682711111;21182711111
4594;20753321000;20682711111;21182711111
4595;20753323000;20682711111;21182711111
4596;20753324000;20682711111;21182711111
4597;20753446000;20682722222;21182722222
4598;20753452000;20682977777;21182977777
4599;20753454000;20682977777;21182977777
4600;20753455000;20682977777;21182977777
4601;20794981000;20724377777;21224377777
4602;20794984000;20724377777;21224377777
4603;20794986000;20724377777;21224377777
4604;20794987000;20724377777;21224377777
4605;20794988000;20724377777;21224377777
4606;20794989000;20724377777;21224377777
4607;20794990000;20724377777;21224377777
4608;20795101000;20724388888;21224388888
4609;20795106000;20724666666;21224666666
4610;20795108000;20724666666;21224666666
4611;20795109000;20724666666;21224666666
4612;20836621000;20766044444;21266044444
4613;20836624000;20766044444;21266044444
4614;20836625000;20766044444;21266044444
4615;20836626000;20766044444;21266044444
4616;20836628000;20766044444;21266044444
4617;20836629000;20766044444;21266044444
4618;20836630000;20766044444;21266044444
4619;20836737000;20766055555;21266055555
4620;20836742000;20766333333;21266333333
4621;20836743000;20766333333;21266333333
4622;20836745000;20766333333;21266333333
4623;20878286000;20807711111;21307711111
4624;20878289000;20807711111;21307711111
4625;20878290000;20807711111;21307711111
4626;20878291000;20807711111;21307711111
4627;20878292000;20807711111;21307711111
4628;20878293000;20807711111;21307711111
4629;20878294000;20807711111;21307711111
4630;20878399000;20807722222;21307722222
4631;20878411000;20807977777;21307977777
4632;20878412000;20807977777;21307977777
4633;20878413000;20807977777;21307977777
4634;20919936000;20849377777;21349377777
4635;20919938000;20849377777;21349377777
4636;20919939000;20849377777;21349377777
4637;20919940000;20849377777;21349377777
4638;20919942000;20849377777;21349377777
4639;20919943000;20849377777;21349377777
4640;20919944000;20849377777;21349377777
4641;20920038000;20849388888;21349388888
4642;20920062000;20849677777;21349677777
4644;20920081000;20849677777;21349677777
4645;20961600000;20891044444;21391044444
4646;20961602000;20891044444;21391044444
4647;20961603000;20891044444;21391044444
4648;20961604000;20891044444;21391044444
4649;20961606000;20891044444;21391044444
4650;20961607000;20891044444;21391044444
4651;20961608000;20891044444;21391044444
4652;20961720000;20891055555;21391055555
4653;20961725000;20891344444;21391344444
4654;20961726000;20891344444;21391344444
4655;20961727000;20891344444;21391344444
4656;21003265000;20932711111;21432711111
4657;21003267000;20932711111;21432711111
4658;21003268000;20932711111;21432711111
4659;21003269000;20932711111;21432711111
4660;21003270000;20932711111;21432711111
4661;21003272000;20932711111;21432711111
4662;21003273000;20932711111;21432711111
4663;21003384000;20932722222;21432722222
4664;21003389000;20933011111;21433011111
4665;21003391000;20933011111;21433011111
4666;21003392000;20933011111;21433011111
4667;21044932000;20974377777;21474377777
4668;21044934000;20974377777;21474377777
4669;21044936000;20974377777;21474377777
4670;21044937000;20974377777;21474377777
4671;21044938000;20974377777;21474377777
4672;21044939000;20974377777;21474377777
4673;21044940000;20974377777;21474377777
4674;21045058000;20974388888;21474388888
4675;21045073000;20974655555;21474655555
4676;21045074000;20974655555;21474655555
4677;21045075000;20974655555;21474655555
4678;21086600000;21016044444;21516044444
4679;21086602000;21016044444;21516044444
4681;21086635000;21016044444;21516044444
4682;21086636000;21016044444;21516044444
4683;21086637000;21016044444;21516044444
4684;21086639000;21016044444;21516044444
4685;21086760000;21016055555;21516055555
4686;21086765000;21016322222;21516322222
4687;21086766000;21016322222;21516322222
4688;21086767000;21016322222;21516322222
4689;21128267000;21057711111;21557711111
4690;21128270000;21057711111;21557711111
4691;21128271000;21057711111;21557711111
4692;21128272000;21057711111;21557711111
4693;21128273000;21057711111;21557711111
4694;21128274000;21057711111;21557711111
4695;21128275000;21057711111;21557711111
4696;21128378000;21057722222;21557722222
4697;21128383000;21057977777;21557977777
4698;21128385000;21057977777;21557977777
4699;21128386000;21057977777;21557977777
4700;21169933000;21099377777;21599377777
4701;21169935000;21099377777;21599377777
4702;21169937000;21099377777;21599377777
4703;21169938000;21099377777;21599377777
4704;21169939000;21099377777;21599377777
4705;21169940000;21099377777;21599377777
4706;21169941000;21099377777;21599377777
4707;21170052000;21099388888;21599388888
4708;21170058000;21099688888;21599688888
4709;21170059000;21099688888;21599688888
4710;21170060000;21099688888;21599688888
4711;21211599000;21141044444;21641044444
4712;21211602000;21141044444;21641044444
4713;21211603000;21141044444;21641044444
4714;21211604000;21141044444;21641044444
4715;21211605000;21141044444;21641044444
4716;21211606000;21141044444;21641044444
4717;21211607000;21141044444;21641044444
4718;21211718000;21141055555;21641055555
4719;21211723000;21141333333;21641333333
4720;21211724000;21141333333;21641333333
4721;21211726000;21141333333;21641333333
4722;21253266000;21182711111;21682711111
4723;21253268000;21182711111;21682711111
4724;21253269000;21182711111;21682711111
4725;21253270000;21182711111;21682711111
4726;21253272000;21182711111;21682711111
4727;21253273000;21182711111;21682711111
4728;21253274000;21182711111;21682711111
4729;21253378000;21182722222;21682722222
4730;21253383000;21182988888;21682988888
4731;21253384000;21182988888;21682988888
4732;21253385000;21182988888;21682988888
4733;21294934000;21224377777;21724377777
4734;21294937000;21224377777;21724377777
4735;21294938000;21224377777;21724377777
4736;21294939000;21224377777;21724377777
4737;21294940000;21224377777;21724377777
4738;21294941000;21224377777;21724377777
4739;21294942000;21224377777;21724377777
4741;21295172000;21224688888;21724688888
4742;21295175000;21224688888;21724688888
4743;21295185000;21224688888;21724688888
4744;21336656000;21266044444;21766044444
4746;21336660000;21266044444;21766044444
4747;21336662000;21266044444;21766044444
4748;21336663000;21266044444;21766044444
4749;21336664000;21266044444;21766044444
4750;21336665000;21266044444;21766044444
4751;21336784000;21266055555;21766055555
4752;21336790000;21266366666;21766366666
4753;21336792000;21266366666;21766366666
4754;21336793000;21266366666;21766366666
4755;21378312000;21307711111;21807711111
4756;21378316000;21307711111;21807711111
4757;21378317000;21307711111;21807711111
4758;21378319000;21307711111;21807711111
4759;21378320000;21307711111;21807711111
4760;21378321000;21307711111;21807711111
4761;21378322000;21307711111;21807711111
4762;21378424000;21307722222;21807722222
4763;21378430000;21308000000;21808000000
4764;21378431000;21308000000;21808000000
4765;21378432000;21308000000;21808000000
4766;21419935000;21349377777;21849377777
4767;21419937000;21349377777;21849377777
4768;21419939000;21349377777;21849377777
4769;21419940000;21349377777;21849377777
4770;21419941000;21349377777;21849377777
4771;21419942000;21349377777;21849377777
4772;21419943000;21349377777;21849377777
4773;21420066000;21349388888;21849388888
4774;21420081000;21349711111;21849711111
4775;21420082000;21349711111;21849711111
4776;21420083000;21349711111;21849711111
4777;21461602000;21391044444;21891044444
4778;21461605000;21391044444;21891044444
4779;21461606000;21391044444;21891044444
4780;21461607000;21391044444;21891044444
4781;21461608000;21391044444;21891044444
4782;21461610000;21391044444;21891044444
4783;21461611000;21391044444;21891044444
4784;21461704000;21391055555;21891055555
4785;21461709000;21391355555;21891355555
4786;21461711000;21391355555;21891355555
4787;21461712000;21391355555;21891355555
4788;21503265000;21432711111;21932711111
4789;21503268000;21432711111;21932711111
4790;21503269000;21432711111;21932711111
4791;21503270000;21432711111;21932711111
4792;21503271000;21432711111;21932711111
4793;21503272000;21432711111;21932711111
4794;21503274000;21432711111;21932711111
4795;21503386000;21432722222;21932722222
4796;21503391000;21433022222;21933022222
4797;21503392000;21433022222;21933022222
4798;21503394000;21433022222;21933022222
4799;21544931000;21474377777;21974377777
4800;21544934000;21474377777;21974377777
4801;21544935000;21474377777;21974377777
4802;21544936000;21474377777;21974377777
4803;21544937000;21474377777;21974377777
4804;21544938000;21474377777;21974377777
4805;21544939000;21474377777;21974377777
4806;21545041000;21474388888;21974388888
4807;21545054000;21474700000;21974700000
4808;21545055000;21474700000;21974700000
4809;21545056000;21474700000;21974700000
4810;21586609000;21516044444;22016044444
4811;21586612000;21516044444;22016044444
4812;21586622000;21516044444;22016044444
4813;21586623000;21516044444;22016044444
4814;21586624000;21516044444;22016044444
4815;21586626000;21516044444;22016044444
4816;21586627000;21516044444;22016044444
4817;21586719000;21516055555;22016055555
4818;21586725000;21516366666;22016366666
4819;21586726000;21516366666;22016366666
4820;21586727000;21516366666;22016366666
4821;21628272000;21557711111;22057711111
4822;21628274000;21557711111;22057711111
4823;21628276000;21557711111;22057711111
4824;21628277000;21557711111;22057711111
4825;21628278000;21557711111;22057711111
4826;21628279000;21557711111;22057711111
4827;21628280000;21557711111;22057711111
4828;21628365000;21557722222;22057722222
4829;21628370000;21558011111;22058011111
4830;21628371000;21558011111;22058011111
4831;21628373000;21558011111;22058011111
4832;21669931000;21599377777;22099377777
4833;21669934000;21599377777;22099377777
4834;21669935000;21599377777;22099377777
4835;21669943000;21599377777;22099377777
4836;21669944000;21599377777;22099377777
4837;21669945000;21599377777;22099377777
4838;21669946000;21599377777;22099377777
4839;21670066000;21599388888;22099388888
4840;21670071000;21599700000;22099700000
4841;21670073000;21599700000;22099700000
4842;21670074000;21599700000;22099700000
4843;21711613000;21641044444;22141044444
4844;21711625000;21641044444;22141044444
4845;21711626000;21641044444;22141044444
4846;21711627000;21641044444;22141044444
4847;21711628000;21641044444;22141044444
4848;21711629000;21641044444;22141044444
4849;21711630000;21641044444;22141044444
4850;21711736000;21641055555;22141055555
4851;21711742000;21641355555;22141355555
4852;21711743000;21641355555;22141355555
4853;21711744000;21641355555;22141355555
4854;21753278000;21682711111;22182711111
4855;21753281000;21682711111;22182711111
4856;21753291000;21682711111;22182711111
4857;21753292000;21682711111;22182711111
4858;21753293000;21682711111;22182711111
4859;21753294000;21682711111;22182711111
4860;21753296000;21682711111;22182711111
4861;21753381000;21682722222;22182722222
4862;21753386000;21683000000;22183000000
4863;21753388000;21683000000;22183000000
4864;21753389000;21683000000;22183000000
4865;21794945000;21724377777;22224377777
4866;21794956000;21724377777;22224377777
4867;21794958000;21724377777;22224377777
4868;21794959000;21724377777;22224377777
4869;21794960000;21724377777;22224377777
4870;21794961000;21724377777;22224377777
4871;21794962000;21724377777;22224377777
4872;21795054000;21724388888;22224388888
4873;21795059000;21724700000;22224700000
4874;21795060000;21724700000;22224700000
4875;21795061000;21724700000;22224700000
4876;21836599000;21766044444;22266044444
4877;21836602000;21766044444;22266044444
4878;21836603000;21766044444;22266044444
4879;21836604000;21766044444;22266044444
4880;21836605000;21766044444;22266044444
4881;21836606000;21766044444;22266044444
4882;21836608000;21766044444;22266044444
4883;21836692000;21766055555;22266055555
4884;21836697000;21766366666;22266366666
4885;21836699000;21766366666;22266366666
4886;21836700000;21766366666;22266366666
4887;21878264000;21807711111;22307711111
4888;21878267000;21807711111;22307711111
4889;21878268000;21807711111;22307711111
4890;21878269000;21807711111;22307711111
4891;21878270000;21807711111;22307711111
4892;21878271000;21807711111;22307711111
4893;21878272000;21807711111;22307711111
4894;21878383000;21807722222;22307722222
4895;21878388000;21808000000;22308000000
4896;21878390000;21808000000;22308000000
4897;21878391000;21808000000;22308000000
4898;21919930000;21849377777;22349377777
4899;21919933000;21849377777;22349377777
4900;21919934000;21849377777;22349377777
4901;21919935000;21849377777;22349377777
4902;21919936000;21849377777;22349377777
4903;21919937000;21849377777;22349377777
4904;21919938000;21849377777;22349377777
4905;21920057000;21849388888;22349388888
4906;21920072000;21849711111;22349711111
4907;21920073000;21849711111;22349711111
4908;21920074000;21849711111;22349711111
4909;21961598000;21891044444;22391044444
4910;21961600000;21891044444;22391044444
4911;21961601000;21891044444;22391044444
4912;21961603000;21891044444;22391044444
4913;21961604000;21891044444;22391044444
4914;21961605000;21891044444;22391044444
4915;21961606000;21891044444;22391044444
4916;21961717000;21891055555;22391055555
4917;21961722000;21891377777;22391377777
4918;21961723000;21891377777;22391377777
4919;21961724000;21891377777;22391377777
4920;22003263000;21932711111;22432711111
4921;22003266000;21932711111;22432711111
4922;22003267000;21932711111;22432711111
4923;22003268000;21932711111;22432711111
4924;22003269000;21932711111;22432711111
4925;22003270000;21932711111;22432711111
4926;22003271000;21932711111;22432711111
4927;22003382000;21932722222;22432722222
4928;22003387000;21933044444;22433044444
4929;22003388000;21933044444;22433044444
4930;22003390000;21933044444;22433044444
4931;22044930000;21974377777;22474377777
4932;22044933000;21974377777;22474377777
4933;22044934000;21974377777;22474377777
4934;22044935000;21974377777;22474377777
4935;22044942000;21974377777;22474377777
4936;22044943000;21974377777;22474377777
4937;22044944000;21974377777;22474377777
4938;22045064000;21974388888;22474388888
4939;22045079000;21974700000;22474700000
4942;22086690000;22016044444;22516044444
4943;22086693000;22016044444;22516044444
4944;22086694000;22016044444;22516044444
4945;22086695000;22016044444;22516044444
4946;22086696000;22016044444;22516044444
4947;22086697000;22016044444;22516044444
4948;22086698000;22016044444;22516044444
4949;22086765000;22016055555;22516055555
4950;22086780000;22016355555;22516355555
4951;22086781000;22016355555;22516355555
4952;22086782000;22016355555;22516355555
4953;22128312000;22057711111;22557711111
4954;22128316000;22057711111;22557711111
4955;22128317000;22057711111;22557711111
4956;22128319000;22057711111;22557711111
4957;22128320000;22057711111;22557711111
4958;22128321000;22057711111;22557711111
4959;22128322000;22057711111;22557711111
4960;22128434000;22057722222;22557722222
4961;22128440000;22058000000;22558000000
4962;22128442000;22058000000;22558000000
4963;22128443000;22058000000;22558000000
4964;22169979000;22099377777;22599377777
4965;22169982000;22099377777;22599377777
4966;22169984000;22099377777;22599377777
4967;22169985000;22099377777;22599377777
4968;22169986000;22099377777;22599377777
4969;22169987000;22099377777;22599377777
4970;22169988000;22099377777;22599377777
4971;22170106000;22099388888;22599388888
4972;22170112000;22099711111;22599711111
4973;22170113000;22099711111;22599711111
4974;22170114000;22099711111;22599711111
4975;22211601000;22141044444;22641044444
4976;22211604000;22141044444;22641044444
4977;22211605000;22141044444;22641044444
4978;22211606000;22141044444;22641044444
4979;22211607000;22141044444;22641044444
4980;22211608000;22141044444;22641044444
4981;22211609000;22141044444;22641044444
4982;22211723000;22141055555;22641055555
4983;22211728000;22141366666;22641366666
4984;22211729000;22141366666;22641366666
4985;22211730000;22141366666;22641366666
4986;22253264000;22182711111;22682711111
4987;22253266000;22182711111;22682711111
4988;22253268000;22182711111;22682711111
4989;22253269000;22182711111;22682711111
4990;22253270000;22182711111;22682711111
4991;22253271000;22182711111;22682711111
4992;22253272000;22182711111;22682711111
4994;22253478000;22183022222;22683022222
4995;22253490000;22183022222;22683022222
4997;22295017000;22224377777;22724377777
4998;22295029000;22224377777;22724377777
4999;22295030000;22224377777;22724377777
5000;22295031000;22224377777;22724377777
5001;22295032000;22224377777;22724377777
5002;22295033000;22224377777;22724377777
5003;22295034000;22224377777;22724377777
5005;22295235000;22224711111;22724711111
5006;22295239000;22224711111;22724711111
5007;22295240000;22224711111;22724711111
5008;22336645000;22266044444;22766044444
5009;22336649000;22266044444;22766044444
5010;22336650000;22266044444;22766044444
5011;22336652000;22266044444;22766044444
5012;22336653000;22266044444;22766044444
5013;22336654000;22266044444;22766044444
5014;22336655000;22266044444;22766044444
5015;22336768000;22266055555;22766055555
5016;22336773000;22266355555;22766355555
5017;22336775000;22266355555;22766355555
5018;22336776000;22266355555;22766355555
5019;22378331000;22307711111;22807711111
5020;22378335000;22307711111;22807711111
5021;22378336000;22307711111;22807711111
5023;22378338000;22307711111;22807711111
5024;22378339000;22307711111;22807711111
5025;22378340000;22307711111;22807711111
5026;22378450000;22307722222;22807722222
5027;22378456000;22307988888;22807988888
5028;22378457000;22307988888;22807988888
5029;22378458000;22307988888;22807988888
5031;22419990000;22349377777;22849377777
5032;22419993000;22349377777;22849377777
5033;22420003000;22349377777;22849377777
5034;22420004000;22349377777;22849377777
5035;22420005000;22349377777;22849377777
5036;22420006000;22349377777;22849377777
5037;22420072000;22349388888;22849388888
5038;22420078000;22349700000;22849700000
5039;22420088000;22349700000;22849700000
5041;22461683000;22391044444;22891044444
5042;22461687000;22391044444;22891044444
5043;22461695000;22391044444;22891044444
5044;22461696000;22391044444;22891044444
5045;22461697000;22391044444;22891044444
5046;22461698000;22391044444;22891044444
5047;22461699000;22391044444;22891044444
5048;22461779000;22391055555;22891055555
5049;22461785000;22391333333;22891333333
5050;22461786000;22391333333;22891333333
5051;22461787000;22391333333;22891333333
5052;22503312000;22432711111;22932711111
5053;22503316000;22432711111;22932711111
5054;22503317000;22432711111;22932711111
5055;22503319000;22432711111;22932711111
5056;22503320000;22432711111;22932711111
5057;22503321000;22432711111;22932711111
5058;22503322000;22432711111;22932711111
5059;22503415000;22432722222;22932722222
5060;22503421000;22433011111;22933011111
5061;22503422000;22433011111;22933011111
5062;22503423000;22433011111;22933011111
5063;22544978000;22474377777;22974377777
5064;22544982000;22474377777;22974377777
5065;22544984000;22474377777;22974377777
5066;22544985000;22474377777;22974377777
5067;22544986000;22474377777;22974377777
5068;22544987000;22474377777;22974377777
5069;22544988000;22474377777;22974377777
5070;22545119000;22474388888;22974388888
5071;22545125000;22474700000;22974700000
5072;22545126000;22474700000;22974700000
5073;22545128000;22474700000;22974700000
5074;22586645000;22516044444;23016044444
5075;22586649000;22516044444;23016044444
5076;22586650000;22516044444;23016044444
5077;22586651000;22516044444;23016044444
5078;22586653000;22516044444;23016044444
5079;22586654000;22516044444;23016044444
5080;22586655000;22516044444;23016044444
5081;22586778000;22516055555;23016055555
5082;22586783000;22516355555;23016355555
5083;22586784000;22516355555;23016355555
5084;22586785000;22516355555;23016355555
5085;22628268000;22557711111;23057711111
5086;22628271000;22557711111;23057711111
5087;22628272000;22557711111;23057711111
5088;22628273000;22557711111;23057711111
5089;22628285000;22557711111;23057711111
5091;22628350000;22557711111;23057711111
5092;22628492000;22557722222;23057722222
5093;22628498000;22558000000;23058000000
5094;22628500000;22558000000;23058000000
5095;22628501000;22558000000;23058000000
5096;22669982000;22599377777;23099377777
5097;22669986000;22599377777;23099377777
5098;22669987000;22599377777;23099377777
5099;22669989000;22599377777;23099377777
5101;22669990000;22599377777;23099377777
5102;22669991000;22599377777;23099377777
5105;22670184000;22599688888;23099688888
5106;22670188000;22599688888;23099688888
5107;22711644000;22641044444;23141044444
5108;22711648000;22641044444;23141044444
5109;22711649000;22641044444;23141044444
5110;22711651000;22641044444;23141044444
5111;22711652000;22641044444;23141044444
5112;22711653000;22641044444;23141044444
5113;22711654000;22641044444;23141044444
5114;22711747000;22641055555;23141055555
5115;22711753000;22641344444;23141344444
5116;22711755000;22641344444;23141344444
5117;22711756000;22641344444;23141344444
5118;22753332000;22682711111;23182711111
5119;22753336000;22682711111;23182711111
5120;22753337000;22682711111;23182711111
5121;22753339000;22682711111;23182711111
5122;22753340000;22682711111;23182711111
5123;22753341000;22682711111;23182711111
5125;22753454000;22682722222;23182722222
5126;22753460000;22683000000;23183000000
5127;22753461000;22683000000;23183000000
5128;22753462000;22683000000;23183000000
5129;22794978000;22724377777;23224377777
5130;22794982000;22724377777;23224377777
5131;22794983000;22724377777;23224377777
5132;22794985000;22724377777;23224377777
5133;22794986000;22724377777;23224377777
5134;22794987000;22724377777;23224377777
5135;22794988000;22724377777;23224377777
5136;22795119000;22724388888;23224388888
5137;22795125000;22724688888;23224688888
5138;22795126000;22724688888;23224688888
5139;22795127000;22724688888;23224688888
5140;22836601000;22766044444;23266044444
5141;22836604000;22766044444;23266044444
5142;22836605000;22766044444;23266044444
5143;22836607000;22766044444;23266044444
5145;22836633000;22766044444;23266044444
5146;22836635000;22766044444;23266044444
5147;22836758000;22766055555;23266055555
5148;22836763000;22766366666;23266366666
5149;22836781000;22766366666;23266366666
5150;22836783000;22766366666;23266366666
5151;22878265000;22807711111;23307711111
5152;22878267000;22807711111;23307711111
5153;22878268000;22807711111;23307711111
5154;22878270000;22807711111;23307711111
5155;22878271000;22807711111;23307711111
5156;22878272000;22807711111;23307711111
5157;22878273000;22807711111;23307711111
5158;22878385000;22807722222;23307722222
5159;22878390000;22807988888;23307988888
5160;22878391000;22807988888;23307988888
5161;22878393000;22807988888;23307988888
5162;22919930000;22849377777;23349377777
5163;22919932000;22849377777;23349377777
5164;22919933000;22849377777;23349377777
5165;22919935000;22849377777;23349377777
5166;22919936000;22849377777;23349377777
5167;22919937000;22849377777;23349377777
5168;22919938000;22849377777;23349377777
5169;22920058000;22849388888;23349388888
5170;22920072000;22849700000;23349700000
5171;22920074000;22849700000;23349700000
5172;22920075000;22849700000;23349700000
5173;22961597000;22891044444;23391044444
5174;22961599000;22891044444;23391044444
5175;22961600000;22891044444;23391044444
5177;22961632000;22891044444;23391044444
5178;22961633000;22891044444;23391044444
5179;22961634000;22891044444;23391044444
5180;22961756000;22891055555;23391055555
5181;22961761000;22891355555;23391355555
5182;22961762000;22891355555;23391355555
5183;22961763000;22891355555;23391355555
5184;23003262000;22932711111;23432711111
5185;23003265000;22932711111;23432711111
5186;23003266000;22932711111;23432711111
5187;23003267000;22932711111;23432711111
5188;23003268000;22932711111;23432711111
5189;23003269000;22932711111;23432711111
5190;23003271000;22932711111;23432711111
5191;23003381000;22932722222;23432722222
5192;23003386000;22933033333;23433033333
5193;23003388000;22933033333;23433033333
5194;23003389000;22933033333;23433033333
5195;23044934000;22974377777;23474377777
5196;23044937000;22974377777;23474377777
5197;23044938000;22974377777;23474377777
5198;23044939000;22974377777;23474377777
5200;23045014000;22974377777;23474377777
5201;23045028000;22974377777;23474377777
5202;23045166000;22974388888;23474388888
5203;23045172000;22974677777;23474677777
5204;23045173000;22974677777;23474677777
5205;23045174000;22974677777;23474677777
5206;23086603000;23016044444;23516044444
5207;23086606000;23016044444;23516044444
5208;23086607000;23016044444;23516044444
5209;23086608000;23016044444;23516044444
5210;23086609000;23016044444;23516044444
5211;23086610000;23016044444;23516044444
5212;23086611000;23016044444;23516044444
5213;23086706000;23016055555;23516055555
5214;23086712000;23016344444;23516344444
5215;23086714000;23016344444;23516344444
5216;23086715000;23016344444;23516344444
5217;23128266000;23057711111;23557711111
5218;23128269000;23057711111;23557711111
5219;23128270000;23057711111;23557711111
5220;23128271000;23057711111;23557711111
5221;23128272000;23057711111;23557711111
5222;23128273000;23057711111;23557711111
5223;23128274000;23057711111;23557711111
5224;23128366000;23057722222;23557722222
5225;23128372000;23057988888;23557988888
5226;23128374000;23057988888;23557988888
5227;23128375000;23057988888;23557988888
5228;23169933000;23099377777;23599377777
5229;23169935000;23099377777;23599377777
5230;23169936000;23099377777;23599377777
5231;23169937000;23099377777;23599377777
5232;23169939000;23099377777;23599377777
5233;23169940000;23099377777;23599377777
5234;23169941000;23099377777;23599377777
5235;23170061000;23099388888;23599388888
5236;23170076000;23099700000;23599700000
5237;23170077000;23099700000;23599700000
5238;23170078000;23099700000;23599700000
5239;23211598000;23141044444;23641044444
5240;23211601000;23141044444;23641044444
5241;23211602000;23141044444;23641044444
5242;23211603000;23141044444;23641044444
5243;23211604000;23141044444;23641044444
5244;23211605000;23141044444;23641044444
5245;23211606000;23141044444;23641044444
5246;23211718000;23141066666;23641066666
5247;23211723000;23141366666;23641366666
5248;23211725000;23141366666;23641366666
5249;23211726000;23141366666;23641366666
5250;23253264000;23182711111;23682711111
5251;23253273000;23182711111;23682711111
5252;23253275000;23182711111;23682711111
5253;23253276000;23182711111;23682711111
5254;23253277000;23182711111;23682711111
5255;23253278000;23182711111;23682711111
5256;23253279000;23182711111;23682711111
5257;23253393000;23182722222;23682722222
5258;23253398000;23183022222;23683022222
5259;23253399000;23183022222;23683022222
5260;23253400000;23183022222;23683022222
5261;23294931000;23224377777;23724377777
5262;23294933000;23224377777;23724377777
5263;23294934000;23224377777;23724377777
5264;23294935000;23224377777;23724377777
5265;23294937000;23224377777;23724377777
5266;23294938000;23224377777;23724377777
5267;23294939000;23224377777;23724377777
5268;23295058000;23224388888;23724388888
5269;23295073000;23224700000;23724700000
5270;23295074000;23224700000;23724700000
5271;23295075000;23224700000;23724700000
5272;23336601000;23266044444;23766044444
5273;23336605000;23266044444;23766044444
5274;23336607000;23266044444;23766044444
5275;23336609000;23266044444;23766044444
5276;23336611000;23266044444;23766044444
5277;23336612000;23266044444;23766044444
5278;23336614000;23266044444;23766044444
5279;23336926000;23266055555;23766055555
5280;23336931000;23266355555;23766355555
5281;23336933000;23266355555;23766355555
5282;23336934000;23266355555;23766355555
5283;23378312000;23307711111;23807711111
5284;23378316000;23307711111;23807711111
5285;23378317000;23307711111;23807711111
5286;23378318000;23307711111;23807711111
5287;23378319000;23307711111;23807711111
5288;23378320000;23307711111;23807711111
5289;23378321000;23307711111;23807711111
5290;23378434000;23307722222;23807722222
5291;23378440000;23307988888;23807988888
5292;23378441000;23307988888;23807988888
5293;23378443000;23307988888;23807988888
5294;23419979000;23349377777;23849377777
5295;23419983000;23349377777;23849377777
5296;23419984000;23349377777;23849377777
5297;23419986000;23349377777;23849377777
5298;23419987000;23349377777;23849377777
5299;23419988000;23349377777;23849377777
5300;23419989000;23349377777;23849377777
5301;23420110000;23349388888;23849388888
5302;23420116000;23349700000;23849700000
5303;23420117000;23349700000;23849700000
5304;23420118000;23349700000;23849700000
5305;23461622000;23391044444;23891044444
5306;23461624000;23391044444;23891044444
5307;23461625000;23391044444;23891044444
5308;23461627000;23391044444;23891044444
5309;23461628000;23391044444;23891044444
5310;23461629000;23391044444;23891044444
5311;23461630000;23391044444;23891044444
5312;23461744000;23391055555;23891055555
5313;23461749000;23391333333;23891333333
5314;23461751000;23391333333;23891333333
5315;23461752000;23391333333;23891333333
5316;23503267000;23432711111;23932711111
5317;23503270000;23432711111;23932711111
5318;23503271000;23432711111;23932711111
5319;23503272000;23432711111;23932711111
5320;23503273000;23432711111;23932711111
5321;23503274000;23432711111;23932711111
5322;23503275000;23432711111;23932711111
5323;23503388000;23432722222;23932722222
5324;23503393000;23433011111;23933011111
5325;23503395000;23433011111;23933011111
5326;23503396000;23433011111;23933011111
5327;23544932000;23474377777;23974377777
5328;23544934000;23474377777;23974377777
5329;23544936000;23474377777;23974377777
5330;23544937000;23474377777;23974377777
5331;23544938000;23474377777;23974377777
5332;23544939000;23474377777;23974377777
5333;23544940000;23474377777;23974377777
5334;23545060000;23474388888;23974388888
5335;23545075000;23474688888;23974688888
5336;23545076000;23474688888;23974688888
5337;23545077000;23474688888;23974688888
5338;23586602000;23516044444;24016044444
5339;23586604000;23516044444;24016044444
5340;23586605000;23516044444;24016044444
5341;23586607000;23516044444;24016044444
5342;23586608000;23516044444;24016044444
5343;23586609000;23516044444;24016044444
5344;23586610000;23516044444;24016044444
5345;23586702000;23516055555;24016055555
5346;23586708000;23516355555;24016355555
5347;23586709000;23516355555;24016355555
5348;23586710000;23516355555;24016355555
5349;23628267000;23557711111;24057711111
5350;23628270000;23557711111;24057711111
5351;23628279000;23557711111;24057711111
5352;23628280000;23557711111;24057711111
5353;23628281000;23557711111;24057711111
5354;23628282000;23557711111;24057711111
5355;23628283000;23557711111;24057711111
5356;23628378000;23557722222;24057722222
5357;23628383000;23558000000;24058000000
5358;23628385000;23558000000;24058000000
5359;23628386000;23558000000;24058000000
5360;23669934000;23599377777;24099377777
5361;23669936000;23599377777;24099377777
5362;23669938000;23599377777;24099377777
5363;23669939000;23599377777;24099377777
5364;23669940000;23599377777;24099377777
5365;23669941000;23599377777;24099377777
5366;23669942000;23599377777;24099377777
5367;23670062000;23599388888;24099388888
5368;23670076000;23599711111;24099711111
5369;23670077000;23599711111;24099711111
5370;23670079000;23599711111;24099711111
5371;23711647000;23641044444;24141044444
5372;23711651000;23641044444;24141044444
5373;23711652000;23641044444;24141044444
5374;23711654000;23641044444;24141044444
5375;23711655000;23641044444;24141044444
5376;23711656000;23641044444;24141044444
5377;23711657000;23641044444;24141044444
5379;23711883000;23641355555;24141355555
5380;23711887000;23641355555;24141355555
5381;23711888000;23641355555;24141355555
5382;23753313000;23682711111;24182711111
5383;23753316000;23682711111;24182711111
5384;23753318000;23682711111;24182711111
5385;23753319000;23682711111;24182711111
5386;23753320000;23682711111;24182711111
5387;23753321000;23682711111;24182711111
5388;23753322000;23682711111;24182711111
5390;23753533000;23683000000;24183000000
5391;23753536000;23683000000;24183000000
5392;23753538000;23683000000;24183000000
5393;23794979000;23724377777;24224377777
5394;23794982000;23724377777;24224377777
5395;23794984000;23724377777;24224377777
5396;23794985000;23724377777;24224377777
5397;23794986000;23724377777;24224377777
5398;23794987000;23724377777;24224377777
5399;23794988000;23724377777;24224377777
5400;23795130000;23724388888;24224388888
5401;23795136000;23724677777;24224677777
5403;23795138000;23724677777;24224677777
5404;23836668000;23766044444;24266044444
5405;23836672000;23766044444;24266044444
5406;23836673000;23766044444;24266044444
5407;23836674000;23766044444;24266044444
5408;23836675000;23766044444;24266044444
5409;23836676000;23766044444;24266044444
5410;23836677000;23766044444;24266044444
5411;23836799000;23766055555;24266055555
5412;23836805000;23766355555;24266355555
5413;23836806000;23766355555;24266355555
5414;23836808000;23766355555;24266355555
5415;23878269000;23807711111;24307711111
5416;23878272000;23807711111;24307711111
5417;23878273000;23807711111;24307711111
5418;23878274000;23807711111;24307711111
5419;23878275000;23807711111;24307711111
5420;23878276000;23807711111;24307711111
5421;23878278000;23807711111;24307711111
5422;23878383000;23807722222;24307722222
5423;23878388000;23807988888;24307988888
5424;23878390000;23807988888;24307988888
5425;23878391000;23807988888;24307988888
5426;23919932000;23849377777;24349377777
5427;23919934000;23849377777;24349377777
5428;23919936000;23849377777;24349377777
5429;23919937000;23849377777;24349377777
5430;23919938000;23849377777;24349377777
5431;23919939000;23849377777;24349377777
5432;23919940000;23849377777;24349377777
5433;23920060000;23849388888;24349388888
5434;23920074000;23849700000;24349700000
5435;23920076000;23849700000;24349700000
5436;23920077000;23849700000;24349700000
5437;23961599000;23891044444;24391044444
5438;23961601000;23891044444;24391044444
5439;23961602000;23891044444;24391044444
5440;23961603000;23891044444;24391044444
5441;23961605000;23891044444;24391044444
5442;23961606000;23891044444;24391044444
5444;23961766000;23891055555;24391055555
5445;23961771000;23891355555;24391355555
5446;23961772000;23891355555;24391355555
5447;23961773000;23891355555;24391355555
5448;24003287000;23932711111;24432711111
5449;24003290000;23932711111;24432711111
5450;24003291000;23932711111;24432711111
5451;24003292000;23932711111;24432711111
5452;24003294000;23932711111;24432711111
5454;24003295000;23932711111;24432711111
5455;24003407000;23932722222;24432722222
5456;24003428000;23933033333;24433033333
5457;24003429000;23933033333;24433033333
5458;24003430000;23933033333;24433033333
5459;24044935000;23974377777;24474377777
5460;24044937000;23974377777;24474377777
5461;24044938000;23974377777;24474377777
5462;24044939000;23974377777;24474377777
5463;24044941000;23974377777;24474377777
5464;24044942000;23974377777;24474377777
5467;24045136000;23974677777;24474677777
5468;24045139000;23974677777;24474677777
5469;24045149000;23974677777;24474677777
5470;24086646000;24016044444;24516044444
5471;24086650000;24016044444;24516044444
5472;24086652000;24016044444;24516044444
5473;24086653000;24016044444;24516044444
5474;24086654000;24016044444;24516044444
5475;24086655000;24016044444;24516044444
5476;24086656000;24016044444;24516044444
5477;24086779000;24016055555;24516055555
5478;24086785000;24016344444;24516344444
5479;24086786000;24016344444;24516344444
5480;24086787000;24016344444;24516344444
5481;24128155000;24057711111;24557711111
5482;24128159000;24057711111;24557711111
5483;24128160000;24057711111;24557711111
5484;24128161000;24057711111;24557711111
5485;24128162000;24057711111;24557711111
5486;24128164000;24057711111;24557711111
5487;24128165000;24057711111;24557711111
5488;24128257000;24057722222;24557722222
5489;24128262000;24057988888;24557988888
5490;24128264000;24057988888;24557988888
5491;24128265000;24057988888;24557988888
5492;24170000000;24099377777;24599377777
5493;24170006000;24099377777;24599377777
5494;24170008000;24099377777;24599377777
5495;24170009000;24099377777;24599377777
5496;24170011000;24099377777;24599377777
5497;24170013000;24099377777;24599377777
5498;24170014000;24099377777;24599377777
5499;24170142000;24099388888;24599388888
