seqnum;now;rtptime;deadline;packet_len;payload_len
0;7447841000;6956888888;7456888888;10240;10228
1;7447952000;6956888888;7456888888;10240;10228
0;7448104000;6956888888;7456888888;10240;10228
1;7448118000;6956888888;7456888888;10240;10228
2;7448149000;6956888888;7456888888;10240;10228
3;7448156000;6988133333;7488133333;10240;10228
2;7448332000;6956888888;7456888888;10240;10228
3;7448344000;6988133333;7488133333;10240;10228
4;7448349000;6988133333;7488133333;10240;10228
5;7448356000;6988133333;7488133333;10240;10228
6;7448602000;6988133333;7488133333;10240;10228
4;7448614000;6988133333;7488133333;10240;10228
7;7448619000;6988133333;7488133333;10240;10228
5;7448632000;6988133333;7488133333;10240;10228
8;7448834000;6988133333;7488133333;10240;10228
6;7448844000;6988133333;7488133333;10240;10228
7;7448849000;6988133333;7488133333;10240;10228
9;7449001000;6988133333;7488133333;10240;10228
10;7449021000;6988144444;7488144444;10240;10228
8;7449091000;6988133333;7488133333;10240;10228
9;7449112000;6988133333;7488133333;10240;10228
11;7449206000;6988500000;7488500000;10240;10228
12;7449221000;6988500000;7488500000;10240;10228
10;7449332000;6988144444;7488144444;10240;10228
11;7449343000;6988500000;7488500000;10240;10228
13;7449365000;6988500000;7488500000;10240;10228
14;7449371000;7029777777;7529777777;10240;10228
12;7449642000;6988500000;7488500000;10240;10228
13;7449669000;6988500000;7488500000;10240;10228
15;7449674000;7029777777;7529777777;10240;10228
14;7449681000;7029777777;7529777777;10240;10228
16;7449694000;7029777777;7529777777;10240;10228
17;7449812000;7029777777;7529777777;10240;10228
15;7449821000;7029777777;7529777777;10240;10228
16;7449835000;7029777777;7529777777;10240;10228
18;7450028000;7029777777;7529777777;10240;10228
19;7450034000;7029777777;7529777777;10240;10228
17;7450041000;7029777777;7529777777;10240;10228
20;7450206000;7029777777;7529777777;10240;10228
21;7450332000;7029800000;7529800000;10240;10228
18;7450337000;7029777777;7529777777;10240;10228
19;7450341000;7029777777;7529777777;10240;10228
20;7450345000;7029777777;7529777777;10240;10228
22;7450397000;7030188888;7530188888;10240;10228
23;7450408000;7030188888;7530188888;10240;10228
22;7450624000;7030188888;7530188888;10240;10228
23;7450632000;7030188888;7530188888;10240;10228
24;7450637000;7030188888;7530188888;10240;10228
24;7450819000;7030188888;7530188888;10240;10228
25;7450837000;7071444444;7571444444;10240;10228
25;7450842000;7071444444;7571444444;10240;10228
26;7450846000;7071444444;7571444444;10240;10228
27;7451030000;7071444444;7571444444;10240;10228
28;7451035000;7071444444;7571444444;10240;10228
26;7451040000;7071444444;7571444444;10240;10228
27;7451067000;7071444444;7571444444;10240;10228
29;7451217000;7071444444;7571444444;10240;10228
28;7451324000;7071444444;7571444444;10240;10228
29;7451334000;7071444444;7571444444;10240;10228
30;7451423000;7071444444;7571444444;10240;10228
31;7451430000;7071444444;7571444444;10240;10228
30;7451590000;7071444444;7571444444;10240;10228
31;7451596000;7071444444;7571444444;10240;10228
32;7451610000;7071466666;7571466666;10240;10228
32;7451637000;7071466666;7571466666;10240;10228
33;7451647000;7071800000;7571800000;10240;10228
33;7451819000;7071800000;7571800000;10240;10228
34;7451831000;7071800000;7571800000;10240;10228
34;7451847000;7071800000;7571800000;10240;10228
35;7451857000;7071800000;7571800000;10240;10228
36;7452046000;7113111111;7613111111;10240;10228
37;7452060000;7113111111;7613111111;10240;10228
35;7452074000;7071800000;7571800000;10240;10228
36;7452085000;7113111111;7613111111;10240;10228
38;7452225000;7113111111;7613111111;10240;10228
37;7452328000;7113111111;7613111111;10240;10228
38;7452333000;7113111111;7613111111;10240;10228
39;7452603000;7113111111;7613111111;10240;10228
40;7648648000;7113111111;7613111111;10240;10228
39;7648683000;7113111111;7613111111;10240;10228
41;7648912000;7113111111;7613111111;10240;10228
40;7648931000;7113111111;7613111111;10240;10228
42;7649151000;7113111111;7613111111;10240;10228
41;7649160000;7113111111;7613111111;10240;10228
43;7649175000;7113133333;7613133333;10240;10228
44;7649200000;7113466666;7613466666;10240;10228
42;7649351000;7113111111;7613111111;10240;10228
45;7649363000;7113466666;7613466666;10240;10228
46;7649372000;7113466666;7613466666;10240;10228
43;7649561000;7113133333;7613133333;10240;10228
47;7649636000;7154777777;7654777777;10240;10228
48;7649647000;7154777777;7654777777;10240;10228
44;7649751000;7113466666;7613466666;10240;10228
45;7649772000;7113466666;7613466666;10240;10228
49;7649904000;7154777777;7654777777;10240;10228
50;7649915000;7154777777;7654777777;10240;10228
46;7649930000;7113466666;7613466666;10240;10228
51;7650170000;7154777777;7654777777;10240;10228
52;7650179000;7154777777;7654777777;10240;10228
47;7650183000;7154777777;7654777777;10240;10228
48;7650197000;7154777777;7654777777;10240;10228
49;7650377000;7154777777;7654777777;10240;10228
53;7650387000;7154777777;7654777777;10240;10228
54;7650391000;7154800000;7654800000;10240;10228
50;7650567000;7154777777;7654777777;10240;10228
55;7650653000;7155122222;7655122222;10240;10228
56;7650664000;7155122222;7655122222;10240;10228
57;7650678000;7155122222;7655122222;10240;10228
51;7650776000;7154777777;7654777777;10240;10228
58;7650905000;7196444444;7696444444;10240;10228
59;7650916000;7196444444;7696444444;10240;10228
52;7650937000;7154777777;7654777777;10240;10228
60;7651165000;7196444444;7696444444;10240;10228
61;7651184000;7196444444;7696444444;10240;10228
53;7651189000;7154777777;7654777777;10240;10228
54;7651193000;7154800000;7654800000;10240;10228
55;7651396000;7155122222;7655122222;10240;10228
56;7651408000;7155122222;7655122222;10240;10228
62;7651413000;7196444444;7696444444;10240;10228
63;7651418000;7196444444;7696444444;10240;10228
57;7651594000;7155122222;7655122222;10240;10228
64;7651616000;7196444444;7696444444;10240;10228
65;7651624000;7196466666;7696466666;10240;10228
66;7651892000;7196766666;7696766666;10240;10228
67;7651910000;7196766666;7696766666;10240;10228
58;7652041000;7196444444;7696444444;10240;10228
68;7652132000;7196766666;7696766666;10240;10228
69;7652153000;7238111111;7738111111;10240;10228
59;7652246000;7196444444;7696444444;10240;10228
60;7652257000;7196444444;7696444444;10240;10228
70;7652369000;7238111111;7738111111;10240;10228
71;7652396000;7238111111;7738111111;10240;10228
61;7652407000;7196444444;7696444444;10240;10228
72;7652655000;7238111111;7738111111;10240;10228
73;7652662000;7238111111;7738111111;10240;10228
62;7652670000;7196444444;7696444444;10240;10228
74;7652675000;7238111111;7738111111;10240;10228
75;7652883000;7238111111;7738111111;10240;10228
76;7652890000;7238133333;7738133333;10240;10228
77;7653134000;7238477777;7738477777;10240;10228
78;7653140000;7238477777;7738477777;10240;10228
79;7653384000;7238477777;7738477777;10240;10228
80;7653389000;7279777777;7779777777;10240;10228
81;7653636000;7279777777;7779777777;10240;10228
82;7653641000;7279777777;7779777777;10240;10228
83;7653886000;7279777777;7779777777;10240;10228
84;7653891000;7279777777;7779777777;10240;10228
85;7654140000;7279777777;7779777777;10240;10228
86;7654148000;7279777777;7779777777;10240;10228
87;7654153000;7279800000;7779800000;10240;10228
88;7654349000;7280122222;7780122222;10240;10228
89;7654355000;7280122222;7780122222;10240;10228
90;7654601000;7280122222;7780122222;10240;10228
91;7654632000;7321455555;7821455555;10240;10228
92;7654886000;7321455555;7821455555;10240;10228
93;7654892000;7321455555;7821455555;10240;10228
94;7655137000;7321455555;7821455555;10240;10228
96;7849748000;7321455555;7821455555;10240;10228
65;7849773000;7196466666;7696466666;10240;10228
66;7849969000;7196766666;7696766666;10240;10228
97;7849984000;7321455555;7821455555;10240;10228
98;7849993000;7321477777;7821477777;10240;10228
67;7850156000;7196766666;7696766666;10240;10228
102;7850271000;7363111111;7863111111;10240;10228
68;7850345000;7196766666;7696766666;10240;10228
103;7850538000;7363111111;7863111111;10240;10228
104;7850562000;7363111111;7863111111;10240;10228
69;7850570000;7238111111;7738111111;10240;10228
105;7850781000;7363111111;7863111111;10240;10228
106;7850793000;7363111111;7863111111;10240;10228
70;7850819000;7238111111;7738111111;10240;10228
107;7851043000;7363111111;7863111111;10240;10228
71;7851049000;7238111111;7738111111;10240;10228
108;7851053000;7363111111;7863111111;10240;10228
72;7851227000;7238111111;7738111111;10240;10228
109;7851258000;7363133333;7863133333;10240;10228
110;7851267000;7363388888;7863388888;10240;10228
73;7851390000;7238111111;7738111111;10240;10228
74;7851400000;7238111111;7738111111;10240;10228
111;7851527000;7363388888;7863388888;10240;10228
112;7851547000;7363388888;7863388888;10240;10228
113;7851792000;7404777777;7904777777;10240;10228
114;7851804000;7404777777;7904777777;10240;10228
115;7851808000;7404777777;7904777777;10240;10228
75;7851813000;7238111111;7738111111;10240;10228
76;7851985000;7238133333;7738133333;10240;10228
116;7852016000;7404777777;7904777777;10240;10228
117;7852025000;7404777777;7904777777;10240;10228
77;7852197000;7238477777;7738477777;10240;10228
118;7852247000;7404777777;7904777777;10240;10228
119;7852258000;7404777777;7904777777;10240;10228
78;7852401000;7238477777;7738477777;10240;10228
120;7852479000;7404800000;7904800000;10240;10228
121;7852491000;7405122222;7905122222;10240;10228
79;7852604000;7238477777;7738477777;10240;10228
122;7852782000;7405122222;7905122222;10240;10228
123;7852787000;7405122222;7905122222;10240;10228
124;7853024000;7446444444;7946444444;10240;10228
125;7853030000;7446444444;7946444444;10240;10228
80;7853036000;7279777777;7779777777;10240;10228
126;7853239000;7446444444;7946444444;10240;10228
127;7853257000;7446444444;7946444444;10240;10228
81;7853287000;7279777777;7779777777;10240;10228
128;7853483000;7446444444;7946444444;10240;10228
129;7853489000;7446444444;7946444444;10240;10228
130;7853775000;7446444444;7946444444;10240;10228
131;7853784000;7446466666;7946466666;10240;10228
132;7853801000;7446755555;7946755555;10240;10228
133;7854022000;7446755555;7946755555;10240;10228
134;7854028000;7446755555;7946755555;10240;10228
135;7854276000;7488088888;7988088888;10240;10228
136;7854281000;7488088888;7988088888;10240;10228
137;7854496000;7488088888;7988088888;10240;10228
138;7854501000;7488088888;7988088888;10240;10228
82;7854778000;7279777777;7779777777;10240;10228
139;7854804000;7488088888;7988088888;10240;10228
140;7854822000;7488088888;7988088888;10240;10228
141;7855027000;7488088888;7988088888;10240;10228
142;7855034000;7488100000;7988100000;10240;10228
143;7855052000;7488388888;7988388888;10240;10228
144;7855279000;7488388888;7988388888;10240;10228
145;7855285000;7488388888;7988388888;10240;10228
146;7855500000;7529744444;8029744444;10240;10228
147;7855507000;7529744444;8029744444;10240;10228
148;7855789000;7529744444;8029744444;10240;10228
149;7855808000;7529744444;8029744444;10240;10228
150;7856032000;7529744444;8029744444;10240;10228
151;7856038000;7529744444;8029744444;10240;10228
152;7856280000;7529744444;8029744444;10240;10228
153;7856289000;7529755555;8029755555;10240;10228
154;8050643000;7530077777;8030077777;10240;10228
155;8050654000;7530077777;8030077777;10240;10228
83;8050659000;7279777777;7779777777;10240;10228
156;8050909000;7530077777;8030077777;10240;10228
84;8050921000;7279777777;7779777777;10240;10228
157;8050925000;7571444444;8071444444;10240;10228
85;8050930000;7279777777;7779777777;10240;10228
86;8051110000;7279777777;7779777777;10240;10228
158;8051124000;7571444444;8071444444;10240;10228
159;8051134000;7571444444;8071444444;10240;10228
87;8051284000;7279800000;7779800000;10240;10228
88;8051294000;7280122222;7780122222;10240;10228
160;8051373000;7571444444;8071444444;10240;10228
161;8051379000;7571444444;8071444444;10240;10228
162;8051634000;7571444444;8071444444;10240;10228
163;8051647000;7571444444;8071444444;10240;10228
89;8051679000;7280122222;7780122222;10240;10228
164;8051882000;7571455555;8071455555;10240;10228
165;8051902000;7571755555;8071755555;10240;10228
90;8051908000;7280122222;7780122222;10240;10228
166;8052130000;7571755555;8071755555;10240;10228
167;8052136000;7571755555;8071755555;10240;10228
91;8052267000;7321455555;7821455555;10240;10228
168;8052346000;7613100000;8113100000;10240;10228
169;8052361000;7613100000;8113100000;10240;10228
92;8052463000;7321455555;7821455555;10240;10228
170;8052648000;7613100000;8113100000;10240;10228
172;8052659000;7613100000;8113100000;10240;10228
173;8052663000;7613100000;8113100000;10240;10228
174;8052884000;7613100000;8113100000;10240;10228
175;8052895000;7613122222;8113122222;10240;10228
93;8052900000;7321455555;7821455555;10240;10228
94;8053084000;7321455555;7821455555;10240;10228
176;8053112000;7613411111;8113411111;10240;10228
177;8053123000;7613411111;8113411111;10240;10228
178;8053381000;7613411111;8113411111;10240;10228
179;8053388000;7654755555;8154755555;10240;10228
95;8053481000;7321455555;7821455555;10240;10228
180;8053645000;7654755555;8154755555;10240;10228
181;8053656000;7654755555;8154755555;10240;10228
96;8053731000;7321455555;7821455555;10240;10228
182;8053882000;7654755555;8154755555;10240;10228
183;8053889000;7654755555;8154755555;10240;10228
185;8054137000;7654755555;8154755555;10240;10228
186;8054142000;7654777777;8154777777;10240;10228
187;8054149000;7655177777;8155177777;10240;10228
188;8054380000;7655177777;8155177777;10240;10228
189;8054386000;7655177777;8155177777;10240;10228
190;8054635000;7696422222;8196422222;10240;10228
191;8054657000;7696422222;8196422222;10240;10228
192;8054848000;7696422222;8196422222;10240;10228
193;8054880000;7696422222;8196422222;10240;10228
97;8054965000;7321455555;7821455555;10240;10228
194;8055139000;7696422222;8196422222;10240;10228
195;8055145000;7696422222;8196422222;10240;10228
196;8055384000;7696422222;8196422222;10240;10228
197;8055390000;7696455555;8196455555;10240;10228
198;8055394000;7696833333;8196833333;10240;10228
199;8055637000;7696833333;8196833333;10240;10228
200;8055642000;7696833333;8196833333;10240;10228
201;8055885000;7738088888;8238088888;10240;10228
202;8055891000;7738088888;8238088888;10240;10228
203;8056138000;7738088888;8238088888;10240;10228
204;8056143000;7738088888;8238088888;10240;10228
205;8056348000;7738088888;8238088888;10240;10228
206;8056354000;7738088888;8238088888;10240;10228
207;8056636000;7738088888;8238088888;10240;10228
208;8056641000;7738111111;8238111111;10240;10228
209;8056885000;7738488888;8238488888;10240;10228
211;8056894000;7738488888;8238488888;10240;10228
212;8057143000;7779788888;8279788888;10240;10228
213;8057150000;7779788888;8279788888;10240;10228
214;8057155000;7779788888;8279788888;10240;10228
217;8057388000;7779788888;8279788888;10240;10228
98;8251108000;7321477777;7821477777;10240;10228
99;8251451000;7321811111;7821811111;10240;10228
218;8251462000;7779788888;8279788888;10240;10228
100;8251627000;7321811111;7821811111;10240;10228
219;8251741000;7779800000;8279800000;10240;10228
220;8251753000;7780122222;8280122222;10240;10228
101;8251845000;7321811111;7821811111;10240;10228
221;8251983000;7780122222;8280122222;10240;10228
222;8251992000;7780122222;8280122222;10240;10228
102;8252117000;7363111111;7863111111;10240;10228
223;8252227000;7821444444;8321444444;10240;10228
224;8252233000;7821444444;8321444444;10240;10228
103;8252366000;7363111111;7863111111;10240;10228
225;8252462000;7821444444;8321444444;10240;10228
226;8252477000;7821444444;8321444444;10240;10228
104;8252614000;7363111111;7863111111;10240;10228
227;8252743000;7821444444;8321444444;10240;10228
228;8252756000;7821444444;8321444444;10240;10228
105;8252798000;7363111111;7863111111;10240;10228
229;8252983000;7821444444;8321444444;10240;10228
230;8252991000;7821466666;8321466666;10240;10228
106;8252996000;7363111111;7863111111;10240;10228
231;8253226000;7821744444;8321744444;10240;10228
232;8253233000;7821744444;8321744444;10240;10228
107;8253353000;7363111111;7863111111;10240;10228
233;8253466000;7821744444;8321744444;10240;10228
234;8253482000;7863088888;8363088888;10240;10228
108;8253571000;7363111111;7863111111;10240;10228
109;8253580000;7363133333;7863133333;10240;10228
235;8253736000;7863088888;8363088888;10240;10228
236;8253745000;7863088888;8363088888;10240;10228
110;8253840000;7363388888;7863388888;10240;10228
237;8253993000;7863088888;8363088888;10240;10228
238;8253999000;7863088888;8363088888;10240;10228
111;8254184000;7363388888;7863388888;10240;10228
239;8254278000;7863088888;8363088888;10240;10228
240;8254285000;7863088888;8363088888;10240;10228
112;8254375000;7363388888;7863388888;10240;10228
241;8254451000;7863111111;8363111111;10240;10228
242;8254456000;7863466666;8363466666;10240;10228
243;8254721000;7863466666;8363466666;10240;10228
244;8254737000;7863466666;8363466666;10240;10228
113;8254861000;7404777777;7904777777;10240;10228
245;8254995000;7904755555;8404755555;10240;10228
246;8255002000;7904755555;8404755555;10240;10228
247;8255251000;7904755555;8404755555;10240;10228
248;8255256000;7904755555;8404755555;10240;10228
114;8255403000;7404777777;7904777777;10240;10228
249;8255451000;7904755555;8404755555;10240;10228
250;8255459000;7904755555;8404755555;10240;10228
115;8255623000;7404777777;7904777777;10240;10228
251;8255726000;7904755555;8404755555;10240;10228
252;8255742000;7904777777;8404777777;10240;10228
253;8256022000;7905200000;8405200000;10240;10228
254;8256028000;7905200000;8405200000;10240;10228
255;8256252000;7905200000;8405200000;10240;10228
256;8256257000;7946444444;8446444444;10240;10228
257;8256465000;7946444444;8446444444;10240;10228
258;8256478000;7946444444;8446444444;10240;10228
259;8256759000;7946444444;8446444444;10240;10228
260;8256778000;7946444444;8446444444;10240;10228
261;8256998000;7946444444;8446444444;10240;10228
262;8257004000;7946444444;8446444444;10240;10228
263;8257012000;7946466666;8446466666;10240;10228
264;8257254000;7946744444;8446744444;10240;10228
265;8257259000;7946744444;8446744444;10240;10228
266;8257467000;7946744444;8446744444;10240;10228
267;8257489000;7988122222;8488122222;10240;10228
268;8257757000;7988122222;8488122222;10240;10228
269;8257775000;7988122222;8488122222;10240;10228
116;8257852000;7404777777;7904777777;10240;10228
270;8258027000;7988122222;8488122222;10240;10228
271;8258032000;7988122222;8488122222;10240;10228
272;8258257000;7988122222;8488122222;10240;10228
273;8258262000;7988122222;8488122222;10240;10228
274;8258469000;7988133333;8488133333;10240;10228
275;8258482000;7988400000;8488400000;10240;10228
276;8451912000;7988400000;8488400000;10240;10228
117;8452162000;7404777777;7904777777;10240;10228
277;8452317000;7988400000;8488400000;10240;10228
118;8452389000;7404777777;7904777777;10240;10228
278;8452571000;8029777777;8529777777;10240;10228
119;8452583000;7404777777;7904777777;10240;10228
120;8452587000;7404800000;7904800000;10240;10228
279;8452836000;8029777777;8529777777;10240;10228
280;8452846000;8029777777;8529777777;10240;10228
121;8452851000;7405122222;7905122222;10240;10228
281;8453069000;8029777777;8529777777;10240;10228
282;8453078000;8029777777;8529777777;10240;10228
283;8453086000;8029777777;8529777777;10240;10228
122;8453104000;7405122222;7905122222;10240;10228
123;8453315000;7405122222;7905122222;10240;10228
284;8453336000;8029777777;8529777777;10240;10228
285;8453352000;8029800000;8529800000;10240;10228
124;8453525000;7446444444;7946444444;10240;10228
286;8453550000;8030100000;8530100000;10240;10228
287;8453566000;8030100000;8530100000;10240;10228
288;8453801000;8030100000;8530100000;10240;10228
289;8453820000;8071422222;8571422222;10240;10228
125;8453843000;7446444444;7946444444;10240;10228
126;8454033000;7446444444;7946444444;10240;10228
290;8454062000;8071422222;8571422222;10240;10228
291;8454071000;8071422222;8571422222;10240;10228
127;8454284000;7446444444;7946444444;10240;10228
292;8454302000;8071422222;8571422222;10240;10228
294;8454322000;8071422222;8571422222;10240;10228
128;8454430000;7446444444;7946444444;10240;10228
295;8454577000;8071422222;8571422222;10240;10228
296;8454585000;8071444444;8571444444;10240;10228
129;8454686000;7446444444;7946444444;10240;10228
297;8454828000;8071788888;8571788888;10240;10228
130;8454888000;7446444444;7946444444;10240;10228
298;8455069000;8071788888;8571788888;10240;10228
299;8455075000;8071788888;8571788888;10240;10228
131;8455313000;7446466666;7946466666;10240;10228
300;8455327000;8113088888;8613088888;10240;10228
301;8455347000;8113088888;8613088888;10240;10228
302;8455582000;8113088888;8613088888;10240;10228
303;8455612000;8113088888;8613088888;10240;10228
304;8455861000;8113088888;8613088888;10240;10228
305;8455885000;8113088888;8613088888;10240;10228
132;8455892000;7446755555;7946755555;10240;10228
306;8456091000;8113088888;8613088888;10240;10228
307;8456098000;8113100000;8613100000;10240;10228
133;8456103000;7446755555;7946755555;10240;10228
308;8456311000;8113466666;8613466666;10240;10228
309;8456322000;8113466666;8613466666;10240;10228
310;8456611000;8113466666;8613466666;10240;10228
311;8456624000;8154788888;8654788888;10240;10228
134;8456778000;7446755555;7946755555;10240;10228
312;8456863000;8154788888;8654788888;10240;10228
135;8457013000;7488088888;7988088888;10240;10228
313;8457111000;8154788888;8654788888;10240;10228
314;8457365000;8154788888;8654788888;10240;10228
315;8457371000;8154788888;8654788888;10240;10228
316;8457617000;8154788888;8654788888;10240;10228
317;8457624000;8154788888;8654788888;10240;10228
318;8457859000;8154800000;8654800000;10240;10228
319;8457869000;8155155555;8655155555;10240;10228
320;8458123000;8155155555;8655155555;10240;10228
321;8458394000;8155155555;8655155555;10240;10228
322;8458399000;8196444444;8696444444;10240;10228
323;8458408000;8196444444;8696444444;10240;10228
324;8458635000;8196444444;8696444444;10240;10228
325;8458642000;8196444444;8696444444;10240;10228
136;8458796000;7488088888;7988088888;10240;10228
326;8458903000;8196444444;8696444444;10240;10228
327;8458910000;8196444444;8696444444;10240;10228
137;8459042000;7488088888;7988088888;10240;10228
328;8459138000;8196444444;8696444444;10240;10228
329;8459143000;8196466666;8696466666;10240;10228
330;8459357000;8196733333;8696733333;10240;10228
331;8459639000;8196733333;8696733333;10240;10228
332;8459645000;8196733333;8696733333;10240;10228
333;8459649000;8238111111;8738111111;10240;10228
138;8652967000;7488088888;7988088888;10240;10228
334;8653138000;8238111111;8738111111;10240;10228
139;8653146000;7488088888;7988088888;10240;10228
335;8653404000;8238111111;8738111111;10240;10228
140;8653411000;7488088888;7988088888;10240;10228
336;8653425000;8238111111;8738111111;10240;10228
337;8653432000;8238111111;8738111111;10240;10228
141;8653683000;7488088888;7988088888;10240;10228
338;8653705000;8238111111;8738111111;10240;10228
142;8653871000;7488100000;7988100000;10240;10228
339;8653976000;8238111111;8738111111;10240;10228
340;8653987000;8238133333;8738133333;10240;10228
341;8654004000;8238411111;8738411111;10240;10228
143;8654071000;7488388888;7988388888;10240;10228
342;8654228000;8238411111;8738411111;10240;10228
343;8654234000;8238411111;8738411111;10240;10228
144;8654389000;7488388888;7988388888;10240;10228
344;8654444000;8279755555;8779755555;10240;10228
345;8654456000;8279755555;8779755555;10240;10228
145;8654589000;7488388888;7988388888;10240;10228
346;8654729000;8279755555;8779755555;10240;10228
347;8654740000;8279755555;8779755555;10240;10228
146;8654773000;7529744444;8029744444;10240;10228
348;8654970000;8279755555;8779755555;10240;10228
349;8654989000;8279755555;8779755555;10240;10228
147;8654996000;7529744444;8029744444;10240;10228
148;8655233000;7529744444;8029744444;10240;10228
350;8655255000;8279755555;8779755555;10240;10228
351;8655270000;8279777777;8779777777;10240;10228
149;8655388000;7529744444;8029744444;10240;10228
352;8655446000;8280222222;8780222222;10240;10228
353;8655456000;8280222222;8780222222;10240;10228
354;8655701000;8280222222;8780222222;10240;10228
355;8655718000;8321422222;8821422222;10240;10228
150;8655842000;7529744444;8029744444;10240;10228
356;8655975000;8321422222;8821422222;10240;10228
357;8655981000;8321422222;8821422222;10240;10228
358;8656224000;8321422222;8821422222;10240;10228
359;8656229000;8321422222;8821422222;10240;10228
360;8656443000;8321422222;8821422222;10240;10228
151;8656488000;7529744444;8029744444;10240;10228
152;8656726000;7529744444;8029744444;10240;10228
361;8656749000;8321422222;8821422222;10240;10228
362;8656766000;8321444444;8821444444;10240;10228
363;8656781000;8321811111;8821811111;10240;10228
364;8656979000;8321811111;8821811111;10240;10228
365;8657006000;8321811111;8821811111;10240;10228
366;8657247000;8363111111;8863111111;10240;10228
367;8657269000;8363111111;8863111111;10240;10228
153;8657278000;7529755555;8029755555;10240;10228
368;8657433000;8363111111;8863111111;10240;10228
154;8657542000;7530077777;8030077777;10240;10228
369;8657734000;8363111111;8863111111;10240;10228
370;8657741000;8363111111;8863111111;10240;10228
371;8657749000;8363111111;8863111111;10240;10228
372;8657977000;8363111111;8863111111;10240;10228
373;8657983000;8363133333;8863133333;10240;10228
374;8658478000;8363366666;8863366666;10240;10228
375;8658719000;8363366666;8863366666;10240;10228
376;8658725000;8363366666;8863366666;10240;10228
377;8659000000;8404777777;8904777777;10240;10228
378;8659006000;8404777777;8904777777;10240;10228
379;8659023000;8404777777;8904777777;10240;10228
380;8659257000;8404777777;8904777777;10240;10228
155;8659363000;7530077777;8030077777;10240;10228
381;8659459000;8404777777;8904777777;10240;10228
156;8659589000;7530077777;8030077777;10240;10228
382;8659765000;8404777777;8904777777;10240;10228
383;8659784000;8404777777;8904777777;10240;10228
384;8659789000;8404800000;8904800000;10240;10228
385;8660004000;8405088888;8905088888;10240;10228
386;8660009000;8405088888;8905088888;10240;10228
387;8660259000;8405088888;8905088888;10240;10228
388;8660264000;8446444444;8946444444;10240;10228
389;8660481000;8446444444;8946444444;10240;10228
390;8660487000;8446444444;8946444444;10240;10228
391;8660855000;8446444444;8946444444;10240;10228
392;8660872000;8446444444;8946444444;10240;10228
393;8661115000;8446444444;8946444444;10240;10228
157;8853769000;7571444444;8071444444;10240;10228
158;8853942000;7571444444;8071444444;10240;10228
394;8853954000;8446444444;8946444444;10240;10228
395;8853975000;8446466666;8946466666;10240;10228
396;8854272000;8446733333;8946733333;10240;10228
159;8854284000;7571444444;8071444444;10240;10228
160;8854458000;7571444444;8071444444;10240;10228
397;8854600000;8446733333;8946733333;10240;10228
398;8854613000;8446733333;8946733333;10240;10228
161;8854681000;7571444444;8071444444;10240;10228
399;8854892000;8488088888;8988088888;10240;10228
400;8854977000;8488088888;8988088888;10240;10228
162;8854999000;7571444444;8071444444;10240;10228
163;8855068000;7571444444;8071444444;10240;10228
164;8855119000;7571455555;8071455555;10240;10228
401;8855151000;8488088888;8988088888;10240;10228
402;8855367000;8488088888;8988088888;10240;10228
403;8855380000;8488088888;8988088888;10240;10228
165;8855385000;7571755555;8071755555;10240;10228
166;8855625000;7571755555;8071755555;10240;10228
404;8855634000;8488088888;8988088888;10240;10228
405;8855640000;8488088888;8988088888;10240;10228
406;8855650000;8488122222;8988122222;10240;10228
407;8855893000;8488500000;8988500000;10240;10228
408;8855916000;8488500000;8988500000;10240;10228
167;8856004000;7571755555;8071755555;10240;10228
409;8856112000;8488500000;8988500000;10240;10228
410;8856123000;8529755555;9029755555;10240;10228
411;8856361000;8529755555;9029755555;10240;10228
412;8856371000;8529755555;9029755555;10240;10228
168;8856387000;7613100000;8113100000;10240;10228
413;8856719000;8529755555;9029755555;10240;10228
414;8856731000;8529755555;9029755555;10240;10228
415;8857003000;8529755555;9029755555;10240;10228
416;8857031000;8529755555;9029755555;10240;10228
169;8857051000;7613100000;8113100000;10240;10228
417;8857214000;8529777777;9029777777;10240;10228
418;8857224000;8530200000;9030200000;10240;10228
419;8857447000;8530200000;9030200000;10240;10228
420;8857458000;8530200000;9030200000;10240;10228
421;8857720000;8571455555;9071455555;10240;10228
171;8857886000;7613100000;8113100000;10240;10228
422;8857983000;8571455555;9071455555;10240;10228
423;8857991000;8571455555;9071455555;10240;10228
172;8858084000;7613100000;8113100000;10240;10228
424;8858206000;8571455555;9071455555;10240;10228
425;8858212000;8571455555;9071455555;10240;10228
426;8858438000;8571455555;9071455555;10240;10228
427;8858444000;8571455555;9071455555;10240;10228
428;8858707000;8571466666;9071466666;10240;10228
429;8858719000;8571755555;9071755555;10240;10228
430;8858984000;8571755555;9071755555;10240;10228
431;8859004000;8571755555;9071755555;10240;10228
432;8859205000;8613111111;9113111111;10240;10228
434;8859212000;8613111111;9113111111;10240;10228
437;8859967000;8613111111;9113111111;10240;10228
173;8859989000;7613100000;8113100000;10240;10228
174;8860178000;7613100000;8113100000;10240;10228
438;8860200000;8613111111;9113111111;10240;10228
439;8860205000;8613133333;9113133333;10240;10228
440;8860445000;8613411111;9113411111;10240;10228
441;8860457000;8613411111;9113411111;10240;10228
442;8860699000;8613411111;9113411111;10240;10228
443;8860964000;8654755555;9154755555;10240;10228
444;8860975000;8654755555;9154755555;10240;10228
446;8861212000;8654755555;9154755555;10240;10228
447;8861224000;8654755555;9154755555;10240;10228
448;8861444000;8654755555;9154755555;10240;10228
449;8861701000;8654755555;9154755555;10240;10228
450;8861709000;8654766666;9154766666;10240;10228
451;8861715000;8655077777;9155077777;10240;10228
453;8862084000;8655077777;9155077777;10240;10228
454;8862321000;8696444444;9196444444;10240;10228
455;9054796000;8696444444;9196444444;10240;10228
175;9054821000;7613122222;8113122222;10240;10228
456;9055034000;8696444444;9196444444;10240;10228
457;9055314000;8696444444;9196444444;10240;10228
458;9055326000;8696444444;9196444444;10240;10228
176;9055330000;7613411111;8113411111;10240;10228
459;9055507000;8696444444;9196444444;10240;10228
460;9055521000;8696444444;9196444444;10240;10228
177;9055539000;7613411111;8113411111;10240;10228
178;9055813000;7613411111;8113411111;10240;10228
461;9055822000;8696466666;9196466666;10240;10228
462;9055828000;8696722222;9196722222;10240;10228
463;9055832000;8696722222;9196722222;10240;10228
179;9055983000;7654755555;8154755555;10240;10228
464;9056056000;8696722222;9196722222;10240;10228
180;9056175000;7654755555;8154755555;10240;10228
465;9056307000;8738111111;9238111111;10240;10228
466;9056318000;8738111111;9238111111;10240;10228
467;9056323000;8738111111;9238111111;10240;10228
468;9056538000;8738111111;9238111111;10240;10228
181;9056605000;7654755555;8154755555;10240;10228
182;9056794000;7654755555;8154755555;10240;10228
469;9056895000;8738111111;9238111111;10240;10228
470;9056905000;8738111111;9238111111;10240;10228
183;9057031000;7654755555;8154755555;10240;10228
471;9057111000;8738111111;9238111111;10240;10228
472;9057130000;8738133333;9238133333;10240;10228
184;9057209000;7654755555;8154755555;10240;10228
473;9057363000;8738411111;9238411111;10240;10228
474;9057378000;8738411111;9238411111;10240;10228
475;9057683000;8738411111;9238411111;10240;10228
185;9057694000;7654755555;8154755555;10240;10228
476;9057973000;8779788888;9279788888;10240;10228
477;9057990000;8779788888;9279788888;10240;10228
478;9058212000;8779788888;9279788888;10240;10228
479;9058219000;8779788888;9279788888;10240;10228
186;9058274000;7654777777;8154777777;10240;10228
480;9058440000;8779788888;9279788888;10240;10228
187;9058481000;7655177777;8155177777;10240;10228
188;9058744000;7655177777;8155177777;10240;10228
481;9058753000;8779788888;9279788888;10240;10228
482;9058759000;8779788888;9279788888;10240;10228
483;9058976000;8779800000;9279800000;10240;10228
484;9058987000;8780122222;9280122222;10240;10228
485;9059239000;8780122222;9280122222;10240;10228
486;9059436000;8780122222;9280122222;10240;10228
487;9059726000;8821444444;9321444444;10240;10228
488;9059732000;8821444444;9321444444;10240;10228
489;9059750000;8821444444;9321444444;10240;10228
490;9059967000;8821444444;9321444444;10240;10228
491;9059974000;8821444444;9321444444;10240;10228
189;9060147000;7655177777;8155177777;10240;10228
492;9060225000;8821444444;9321444444;10240;10228
493;9060446000;8821444444;9321444444;10240;10228
494;9060454000;8821466666;9321466666;10240;10228
190;9060614000;7696422222;8196422222;10240;10228
495;9060957000;8821744444;9321744444;10240;10228
496;9060963000;8821744444;9321744444;10240;10228
191;9061148000;7696422222;8196422222;10240;10228
497;9061225000;8821744444;9321744444;10240;10228
192;9061351000;7696422222;8196422222;10240;10228
498;9061453000;8863100000;9363100000;10240;10228
499;9061477000;8863100000;9363100000;10240;10228
500;9061692000;8863100000;9363100000;10240;10228
501;9061709000;8863100000;9363100000;10240;10228
502;9061935000;8863100000;9363100000;10240;10228
503;9061948000;8863100000;9363100000;10240;10228
504;9062184000;8863100000;9363100000;10240;10228
505;9062196000;8863122222;9363122222;10240;10228
193;9062342000;7696422222;8196422222;10240;10228
506;9062422000;8863477777;9363477777;10240;10228
507;9062441000;8863477777;9363477777;10240;10228
508;9062729000;8863477777;9363477777;10240;10228
509;9062967000;8904755555;9404755555;10240;10228
510;9062973000;8904755555;9404755555;10240;10228
511;9063218000;8904755555;9404755555;10240;10228
512;9063227000;8904755555;9404755555;10240;10228
513;9063567000;8904755555;9404755555;10240;10228
194;9255516000;7696422222;8196422222;10240;10228
514;9255840000;8904755555;9404755555;10240;10228
515;9255868000;8904755555;9404755555;10240;10228
195;9256016000;7696422222;8196422222;10240;10228
516;9256097000;8904777777;9404777777;10240;10228
196;9256190000;7696422222;8196422222;10240;10228
517;9256411000;8905211111;9405211111;10240;10228
518;9256430000;8905211111;9405211111;10240;10228
197;9256572000;7696455555;8196455555;10240;10228
519;9256700000;8905211111;9405211111;10240;10228
520;9256709000;8946444444;9446444444;10240;10228
198;9256796000;7696833333;8196833333;10240;10228
521;9256932000;8946444444;9446444444;10240;10228
522;9256943000;8946444444;9446444444;10240;10228
199;9256958000;7696833333;8196833333;10240;10228
523;9257165000;8946444444;9446444444;10240;10228
524;9257175000;8946444444;9446444444;10240;10228
200;9257271000;7696833333;8196833333;10240;10228
201;9257450000;7738088888;8238088888;10240;10228
525;9257636000;8946444444;9446444444;10240;10228
526;9257651000;8946444444;9446444444;10240;10228
202;9257666000;7738088888;8238088888;10240;10228
527;9257894000;8946466666;9446466666;10240;10228
528;9257903000;8946766666;9446766666;10240;10228
203;9257908000;7738088888;8238088888;10240;10228
529;9258122000;8946766666;9446766666;10240;10228
530;9258134000;8946766666;9446766666;10240;10228
204;9258378000;7738088888;8238088888;10240;10228
531;9258389000;8988122222;9488122222;10240;10228
532;9258394000;8988122222;9488122222;10240;10228
533;9258685000;8988122222;9488122222;10240;10228
534;9258697000;8988122222;9488122222;10240;10228
206;9259005000;7738088888;8238088888;10240;10228
207;9259231000;7738088888;8238088888;10240;10228
535;9259249000;8988122222;9488122222;10240;10228
536;9259270000;8988122222;9488122222;10240;10228
537;9259486000;8988122222;9488122222;10240;10228
538;9259506000;8988133333;9488133333;10240;10228
539;9259777000;8988411111;9488411111;10240;10228
540;9259797000;8988411111;9488411111;10240;10228
208;9259881000;7738111111;8238111111;10240;10228
541;9260060000;8988411111;9488411111;10240;10228
542;9260304000;9029777777;9529777777;10240;10228
543;9260312000;9029777777;9529777777;10240;10228
544;9260593000;9029777777;9529777777;10240;10228
209;9260839000;7738488888;8238488888;10240;10228
545;9260848000;9029777777;9529777777;10240;10228
210;9261026000;7738488888;8238488888;10240;10228
546;9261047000;9029777777;9529777777;10240;10228
547;9261068000;9029777777;9529777777;10240;10228
211;9261262000;7738488888;8238488888;10240;10228
548;9261327000;9029777777;9529777777;10240;10228
549;9261334000;9029800000;9529800000;10240;10228
550;9261566000;9030111111;9530111111;10240;10228
551;9261579000;9030111111;9530111111;10240;10228
552;9261835000;9030111111;9530111111;10240;10228
212;9261846000;7779788888;8279788888;10240;10228
213;9262030000;7779788888;8279788888;10240;10228
553;9262156000;9071422222;9571422222;10240;10228
554;9262167000;9071422222;9571422222;10240;10228
556;9262747000;9071422222;9571422222;10240;10228
557;9262775000;9071422222;9571422222;10240;10228
558;9263001000;9071422222;9571422222;10240;10228
559;9263018000;9071422222;9571422222;10240;10228
214;9263022000;7779788888;8279788888;10240;10228
560;9263238000;9071444444;9571444444;10240;10228
561;9263244000;9071811111;9571811111;10240;10228
562;9263454000;9071811111;9571811111;10240;10228
563;9263459000;9071811111;9571811111;10240;10228
564;9263734000;9113088888;9613088888;10240;10228
565;9263740000;9113088888;9613088888;10240;10228
566;9264005000;9113088888;9613088888;10240;10228
567;9264273000;9113088888;9613088888;10240;10228
568;9264278000;9113088888;9613088888;10240;10228
569;9264512000;9113088888;9613088888;10240;10228
570;9264793000;9113088888;9613088888;10240;10228
571;9264812000;9113111111;9613111111;10240;10228
572;9456727000;9113466666;9613466666;10240;10228
215;9456756000;7779788888;8279788888;10240;10228
216;9456910000;7779788888;8279788888;10240;10228
573;9457022000;9113466666;9613466666;10240;10228
574;9457049000;9113466666;9613466666;10240;10228
217;9457291000;7779788888;8279788888;10240;10228
575;9457302000;9154777777;9654777777;10240;10228
218;9457441000;7779788888;8279788888;10240;10228
576;9457597000;9154777777;9654777777;10240;10228
577;9457627000;9154777777;9654777777;10240;10228
219;9457743000;7779800000;8279800000;10240;10228
578;9457840000;9154777777;9654777777;10240;10228
579;9457852000;9154777777;9654777777;10240;10228
220;9457949000;7780122222;8280122222;10240;10228
580;9458087000;9154777777;9654777777;10240;10228
581;9458097000;9154777777;9654777777;10240;10228
582;9458291000;9154788888;9654788888;10240;10228
583;9458309000;9155144444;9655144444;10240;10228
221;9458388000;7780122222;8280122222;10240;10228
584;9458603000;9155144444;9655144444;10240;10228
222;9458630000;7780122222;8280122222;10240;10228
586;9458878000;9196455555;9696455555;10240;10228
587;9458912000;9196455555;9696455555;10240;10228
223;9459087000;7821444444;8321444444;10240;10228
588;9459104000;9196455555;9696455555;10240;10228
589;9459398000;9196455555;9696455555;10240;10228
590;9459403000;9196455555;9696455555;10240;10228
224;9459736000;7821444444;8321444444;10240;10228
591;9459966000;9196455555;9696455555;10240;10228
592;9459979000;9196455555;9696455555;10240;10228
593;9460227000;9196466666;9696466666;10240;10228
594;9460238000;9196755555;9696755555;10240;10228
595;9460446000;9196755555;9696755555;10240;10228
596;9460455000;9196755555;9696755555;10240;10228
225;9460636000;7821444444;8321444444;10240;10228
597;9460737000;9238111111;9738111111;10240;10228
598;9460749000;9238111111;9738111111;10240;10228
226;9460764000;7821444444;8321444444;10240;10228
599;9460975000;9238111111;9738111111;10240;10228
600;9460985000;9238111111;9738111111;10240;10228
601;9461218000;9238111111;9738111111;10240;10228
227;9461302000;7821444444;8321444444;10240;10228
228;9461484000;7821444444;8321444444;10240;10228
602;9461636000;9238111111;9738111111;10240;10228
603;9461641000;9238111111;9738111111;10240;10228
229;9461729000;7821444444;8321444444;10240;10228
604;9461905000;9238133333;9738133333;10240;10228
230;9461921000;7821466666;8321466666;10240;10228
605;9462132000;9238422222;9738422222;10240;10228
606;9462138000;9238422222;9738422222;10240;10228
607;9462349000;9238422222;9738422222;10240;10228
231;9462551000;7821744444;8321744444;10240;10228
608;9462678000;9279777777;9779777777;10240;10228
609;9462706000;9279777777;9779777777;10240;10228
232;9462772000;7821744444;8321744444;10240;10228
610;9462894000;9279777777;9779777777;10240;10228
611;9462909000;9279777777;9779777777;10240;10228
612;9463143000;9279777777;9779777777;10240;10228
613;9463458000;9279777777;9779777777;10240;10228
614;9463490000;9279777777;9779777777;10240;10228
233;9463706000;7821744444;8321744444;10240;10228
234;9463909000;7863088888;8363088888;10240;10228
615;9463952000;9279800000;9779800000;10240;10228
616;9464185000;9280111111;9780111111;10240;10228
617;9464249000;9280111111;9780111111;10240;10228
235;9464297000;7863088888;8363088888;10240;10228
618;9464538000;9280111111;9780111111;10240;10228
619;9464543000;9321444444;9821444444;10240;10228
620;9464791000;9321444444;9821444444;10240;10228
621;9465007000;9321444444;9821444444;10240;10228
622;9465020000;9321444444;9821444444;10240;10228
623;9465303000;9321444444;9821444444;10240;10228
624;9465312000;9321444444;9821444444;10240;10228
625;9465574000;9321444444;9821444444;10240;10228
626;9465804000;9321466666;9821466666;10240;10228
627;9465811000;9321755555;9821755555;10240;10228
628;9466053000;9321755555;9821755555;10240;10228
629;9466303000;9321755555;9821755555;10240;10228
236;9657443000;7863088888;8363088888;10240;10228
630;9657766000;9363111111;9863111111;10240;10228
237;9658036000;7863088888;8363088888;10240;10228
631;9658042000;9363111111;9863111111;10240;10228
238;9658174000;7863088888;8363088888;10240;10228
632;9658319000;9363111111;9863111111;10240;10228
239;9658417000;7863088888;8363088888;10240;10228
633;9658570000;9363111111;9863111111;10240;10228
634;9658581000;9363111111;9863111111;10240;10228
240;9658679000;7863088888;8363088888;10240;10228
636;9658833000;9363111111;9863111111;10240;10228
637;9658842000;9363133333;9863133333;10240;10228
241;9659038000;7863111111;8363111111;10240;10228
638;9659057000;9363466666;9863466666;10240;10228
242;9659230000;7863466666;8363466666;10240;10228
639;9659435000;9363466666;9863466666;10240;10228
640;9659446000;9363466666;9863466666;10240;10228
243;9659452000;7863466666;8363466666;10240;10228
641;9659674000;9404777777;9904777777;10240;10228
244;9659798000;7863466666;8363466666;10240;10228
642;9660137000;9404777777;9904777777;10240;10228
245;9660494000;7904755555;8404755555;10240;10228
643;9660819000;9404777777;9904777777;10240;10228
246;9661314000;7904755555;8404755555;10240;10228
247;9661609000;7904755555;8404755555;10240;10228
644;9661638000;9404777777;9904777777;10240;10228
645;9661925000;9404777777;9904777777;10240;10228
249;9662160000;7904755555;8404755555;10240;10228
646;9662189000;9404777777;9904777777;10240;10228
250;9662421000;7904755555;8404755555;10240;10228
647;9662427000;9404777777;9904777777;10240;10228
648;9662445000;9404800000;9904800000;10240;10228
649;9662451000;9405100000;9905100000;10240;10228
251;9662625000;7904755555;8404755555;10240;10228
650;9662739000;9405100000;9905100000;10240;10228
651;9662977000;9405100000;9905100000;10240;10228
652;9662984000;9446444444;9946444444;10240;10228
252;9663113000;7904777777;8404777777;10240;10228
253;9663466000;7905200000;8405200000;10240;10228
653;9663584000;9446444444;9946444444;10240;10228
654;9663821000;9446444444;9946444444;10240;10228
254;9664423000;7905200000;8405200000;10240;10228
255;9664620000;7905200000;8405200000;10240;10228
655;9664744000;9446444444;9946444444;10240;10228
656;9664980000;9446444444;9946444444;10240;10228
256;9664998000;7946444444;8446444444;10240;10228
657;9665320000;9446444444;9946444444;10240;10228
658;9665327000;9446444444;9946444444;10240;10228
659;9665941000;9446455555;9946455555;10240;10228
660;9858522000;9446744444;9946744444;10240;10228
257;9858787000;7946444444;8446444444;10240;10228
258;9858982000;7946444444;8446444444;10240;10228
661;9859114000;9446744444;9946744444;10240;10228
662;9859137000;9446744444;9946744444;10240;10228
259;9859179000;7946444444;8446444444;10240;10228
663;9859377000;9488088888;9988088888;10240;10228
664;9859400000;9488088888;9988088888;10240;10228
260;9859406000;7946444444;8446444444;10240;10228
665;9859733000;9488088888;9988088888;10240;10228
261;9859742000;7946444444;8446444444;10240;10228
262;9859939000;7946444444;8446444444;10240;10228
666;9860048000;9488088888;9988088888;10240;10228
667;9860304000;9488088888;9988088888;10240;10228
263;9860389000;7946466666;8446466666;10240;10228
670;9860725000;9488111111;9988111111;10240;10228
264;9861140000;7946744444;8446744444;10240;10228
671;9861460000;9488488888;9988488888;10240;10228
265;9862006000;7946744444;8446744444;10240;10228
672;9862357000;9488488888;9988488888;10240;10228
266;9862369000;7946744444;8446744444;10240;10228
673;9862669000;9488488888;9988488888;10240;10228
267;9862878000;7988122222;8488122222;10240;10228
268;9863090000;7988122222;8488122222;10240;10228
674;9863202000;9529744444;10029744444;10240;10228
269;9863284000;7988122222;8488122222;10240;10228
675;9863405000;9529744444;10029744444;10240;10228
676;9863682000;9529744444;10029744444;10240;10228
677;9863701000;9529744444;10029744444;10240;10228
270;9863817000;7988122222;8488122222;10240;10228
271;9864136000;7988122222;8488122222;10240;10228
678;9864152000;9529744444;10029744444;10240;10228
679;9864468000;9529744444;10029744444;10240;10228
272;9865098000;7988122222;8488122222;10240;10228
273;9865301000;7988122222;8488122222;10240;10228
680;9865406000;9529744444;10029744444;10240;10228
681;9865411000;9529766666;10029766666;10240;10228
274;9865683000;7988133333;8488133333;10240;10228
682;9866105000;9530077777;10030077777;10240;10228
275;10059573000;7988400000;8488400000;10240;10228
276;10059774000;7988400000;8488400000;10240;10228
683;10059860000;9530077777;10030077777;10240;10228
277;10059952000;7988400000;8488400000;10240;10228
684;10060147000;9530077777;10030077777;10240;10228
685;10060171000;9571444444;10071444444;10240;10228
686;10060502000;9571444444;10071444444;10240;10228
687;10060523000;9571444444;10071444444;10240;10228
278;10060541000;8029777777;8529777777;10240;10228
279;10060711000;8029777777;8529777777;10240;10228
688;10060730000;9571444444;10071444444;10240;10228
689;10061008000;9571444444;10071444444;10240;10228
280;10061123000;8029777777;8529777777;10240;10228
690;10061435000;9571444444;10071444444;10240;10228
281;10061873000;8029777777;8529777777;10240;10228
691;10062199000;9571444444;10071444444;10240;10228
282;10062734000;8029777777;8529777777;10240;10228
692;10062965000;9571466666;10071466666;10240;10228
283;10063092000;8029777777;8529777777;10240;10228
693;10063416000;9571755555;10071755555;10240;10228
284;10063625000;8029777777;8529777777;10240;10228
285;10063799000;8029800000;8529800000;10240;10228
694;10063924000;9571755555;10071755555;10240;10228
286;10064039000;8030100000;8530100000;10240;10228
695;10064172000;9571755555;10071755555;10240;10228
696;10064418000;9613111111;10113111111;10240;10228
287;10064566000;8030100000;8530100000;10240;10228
288;10064834000;8030100000;8530100000;10240;10228
697;10064858000;9613111111;10113111111;10240;10228
698;10065139000;9613111111;10113111111;10240;10228
289;10065835000;8071422222;8571422222;10240;10228
290;10066004000;8071422222;8571422222;10240;10228
700;10066177000;9613111111;10113111111;10240;10228
701;10066200000;9613111111;10113111111;10240;10228
702;10066423000;9613111111;10113111111;10240;10228
291;10066434000;8071422222;8571422222;10240;10228
703;10066676000;9613133333;10113133333;10240;10228
292;10260362000;8071422222;8571422222;10240;10228
293;10260559000;8071422222;8571422222;10240;10228
704;10260679000;9613411111;10113411111;10240;10228
294;10260769000;8071422222;8571422222;10240;10228
705;10260925000;9613411111;10113411111;10240;10228
706;10260947000;9613411111;10113411111;10240;10228
295;10261313000;8071422222;8571422222;10240;10228
296;10261460000;8071444444;8571444444;10240;10228
707;10261619000;9654777777;10154777777;10240;10228
297;10261827000;8071788888;8571788888;10240;10228
708;10261854000;9654777777;10154777777;10240;10228
709;10262132000;9654777777;10154777777;10240;10228
298;10262594000;8071788888;8571788888;10240;10228
710;10262923000;9654777777;10154777777;10240;10228
299;10263460000;8071788888;8571788888;10240;10228
711;10263814000;9654777777;10154777777;10240;10228
300;10263823000;8113088888;8613088888;10240;10228
712;10264104000;9654777777;10154777777;10240;10228
301;10264364000;8113088888;8613088888;10240;10228
302;10264565000;8113088888;8613088888;10240;10228
713;10264691000;9654777777;10154777777;10240;10228
714;10264700000;9654800000;10154800000;10240;10228
303;10264789000;8113088888;8613088888;10240;10228
715;10265049000;9655100000;10155100000;10240;10228
304;10265267000;8113088888;8613088888;10240;10228
305;10265464000;8113088888;8613088888;10240;10228
716;10265604000;9655100000;10155100000;10240;10228
717;10265853000;9655100000;10155100000;10240;10228
306;10266631000;8113088888;8613088888;10240;10228
307;10266772000;8113100000;8613100000;10240;10228
718;10266875000;9696422222;10196422222;10240;10228
719;10267145000;9696422222;10196422222;10240;10228
308;10267155000;8113466666;8613466666;10240;10228
720;10267467000;9696422222;10196422222;10240;10228
309;10461523000;8113466666;8613466666;10240;10228
722;10461691000;9696422222;10196422222;10240;10228
723;10461908000;9696422222;10196422222;10240;10228
310;10462053000;8113466666;8613466666;10240;10228
311;10462253000;8154788888;8654788888;10240;10228
724;10462355000;9696422222;10196422222;10240;10228
725;10462377000;9696455555;10196455555;10240;10228
312;10462527000;8154788888;8654788888;10240;10228
726;10462871000;9696833333;10196833333;10240;10228
313;10463318000;8154788888;8654788888;10240;10228
727;10463641000;9696833333;10196833333;10240;10228
314;10464201000;8154788888;8654788888;10240;10228
728;10464567000;9696833333;10196833333;10240;10228
315;10464576000;8154788888;8654788888;10240;10228
729;10464867000;9738088888;10238088888;10240;10228
316;10465107000;8154788888;8654788888;10240;10228
317;10465315000;8154788888;8654788888;10240;10228
730;10465409000;9738088888;10238088888;10240;10228
318;10465486000;8154800000;8654800000;10240;10228
731;10465678000;9738088888;10238088888;10240;10228
732;10465689000;9738088888;10238088888;10240;10228
319;10465974000;8155155555;8655155555;10240;10228
320;10466170000;8155155555;8655155555;10240;10228
733;10466310000;9738088888;10238088888;10240;10228
321;10466348000;8155155555;8655155555;10240;10228
734;10466532000;9738088888;10238088888;10240;10228
735;10466541000;9738088888;10238088888;10240;10228
322;10467392000;8196444444;8696444444;10240;10228
736;10467680000;9738111111;10238111111;10240;10228
323;10467692000;8196444444;8696444444;10240;10228
324;10467862000;8196444444;8696444444;10240;10228
737;10467980000;9738488888;10238488888;10240;10228
738;10468223000;9738488888;10238488888;10240;10228
325;10662250000;8196444444;8696444444;10240;10228
739;10662594000;9738488888;10238488888;10240;10228
326;10662742000;8196444444;8696444444;10240;10228
740;10662990000;9779777777;10279777777;10240;10228
741;10663016000;9779777777;10279777777;10240;10228
327;10663026000;8196444444;8696444444;10240;10228
328;10663215000;8196444444;8696444444;10240;10228
742;10663227000;9779777777;10279777777;10240;10228
743;10663535000;9779777777;10279777777;10240;10228
329;10663975000;8196466666;8696466666;10240;10228
744;10664379000;9779777777;10279777777;10240;10228
330;10664941000;8196733333;8696733333;10240;10228
745;10665278000;9779777777;10279777777;10240;10228
331;10665289000;8196733333;8696733333;10240;10228
746;10665592000;9779777777;10279777777;10240;10228
332;10665831000;8196733333;8696733333;10240;10228
333;10666052000;8238111111;8738111111;10240;10228
747;10666073000;9779800000;10279800000;10240;10228
334;10666255000;8238111111;8738111111;10240;10228
748;10666351000;9780122222;10280122222;10240;10228
749;10666596000;9780122222;10280122222;10240;10228
335;10666703000;8238111111;8738111111;10240;10228
336;10666901000;8238111111;8738111111;10240;10228
750;10667019000;9780122222;10280122222;10240;10228
337;10667138000;8238111111;8738111111;10240;10228
751;10667273000;9821444444;10321444444;10240;10228
752;10667287000;9821444444;10321444444;10240;10228
338;10668086000;8238111111;8738111111;10240;10228
339;10668359000;8238111111;8738111111;10240;10228
753;10668453000;9821444444;10321444444;10240;10228
340;10668611000;8238133333;8738133333;10240;10228
754;10668721000;9821444444;10321444444;10240;10228
755;10668958000;9821444444;10321444444;10240;10228
341;10862978000;8238411111;8738411111;10240;10228
756;10863299000;9821444444;10321444444;10240;10228
342;10863435000;8238411111;8738411111;10240;10228
757;10863807000;9821444444;10321444444;10240;10228
758;10863832000;9821466666;10321466666;10240;10228
343;10863961000;8238411111;8738411111;10240;10228
759;10864264000;9821755555;10321755555;10240;10228
760;10864275000;9821755555;10321755555;10240;10228
344;10864695000;8279755555;8779755555;10240;10228
761;10864992000;9821755555;10321755555;10240;10228
345;10865664000;8279755555;8779755555;10240;10228
346;10866027000;8279755555;8779755555;10240;10228
762;10866036000;9863088888;10363088888;10240;10228
763;10866313000;9863088888;10363088888;10240;10228
347;10866580000;8279755555;8779755555;10240;10228
348;10866802000;8279755555;8779755555;10240;10228
764;10866908000;9863088888;10363088888;10240;10228
349;10867013000;8279755555;8779755555;10240;10228
765;10867158000;9863088888;10363088888;10240;10228
766;10867169000;9863088888;10363088888;10240;10228
767;10867407000;9863088888;10363088888;10240;10228
350;10867418000;8279755555;8779755555;10240;10228
351;10867624000;8279777777;8779777777;10240;10228
768;10867744000;9863088888;10363088888;10240;10228
769;10867765000;9863111111;10363111111;10240;10228
352;10867796000;8280222222;8780222222;10240;10228
770;10868140000;9863488888;10363488888;10240;10228
353;10868838000;8280222222;8780222222;10240;10228
354;10869036000;8280222222;8780222222;10240;10228
771;10869180000;9863488888;10363488888;10240;10228
355;10869290000;8321422222;8821422222;10240;10228
772;10869408000;9863488888;10363488888;10240;10228
773;10869683000;9904755555;10404755555;10240;10228
356;11063750000;8321422222;8821422222;10240;10228
774;11064095000;9904755555;10404755555;10240;10228
357;11064147000;8321422222;8821422222;10240;10228
775;11064459000;9904755555;10404755555;10240;10228
358;11064665000;8321422222;8821422222;10240;10228
776;11064981000;9904755555;10404755555;10240;10228
359;11065421000;8321422222;8821422222;10240;10228
777;11065744000;9904755555;10404755555;10240;10228
360;11066410000;8321422222;8821422222;10240;10228
778;11066754000;9904755555;10404755555;10240;10228
361;11066776000;8321422222;8821422222;10240;10228
779;11067050000;9904755555;10404755555;10240;10228
362;11067238000;8321444444;8821444444;10240;10228
363;11067509000;8321811111;8821811111;10240;10228
780;11067519000;9904777777;10404777777;10240;10228
364;11067694000;8321811111;8821811111;10240;10228
781;11067813000;9905200000;10405200000;10240;10228
782;11068061000;9905200000;10405200000;10240;10228
365;11068177000;8321811111;8821811111;10240;10228
366;11068343000;8363111111;8863111111;10240;10228
783;11068444000;9905200000;10405200000;10240;10228
367;11068529000;8363111111;8863111111;10240;10228
784;11068710000;9946444444;10446444444;10240;10228
785;11068956000;9946444444;10446444444;10240;10228
368;11069550000;8363111111;8863111111;10240;10228
369;11069763000;8363111111;8863111111;10240;10228
786;11069885000;9946444444;10446444444;10240;10228
370;11069963000;8363111111;8863111111;10240;10228
788;11070134000;9946444444;10446444444;10240;10228
789;11070380000;9946444444;10446444444;10240;10228
371;11264940000;8363111111;8863111111;10240;10228
372;11265104000;8363111111;8863111111;10240;10228
790;11265233000;9946444444;10446444444;10240;10228
791;11265258000;9946455555;10446455555;10240;10228
373;11265331000;8363133333;8863133333;10240;10228
792;11265719000;9946766666;10446766666;10240;10228
374;11266149000;8363366666;8863366666;10240;10228
793;11266490000;9946766666;10446766666;10240;10228
375;11267145000;8363366666;8863366666;10240;10228
794;11267495000;9946766666;10446766666;10240;10228
376;11267505000;8363366666;8863366666;10240;10228
795;11267823000;9988111111;10488111111;10240;10228
377;11267956000;8404777777;8904777777;10240;10228
378;11268178000;8404777777;8904777777;10240;10228
796;11268283000;9988111111;10488111111;10240;10228
797;11268570000;9988111111;10488111111;10240;10228
379;11268820000;8404777777;8904777777;10240;10228
380;11269049000;8404777777;8904777777;10240;10228
798;11269136000;9988111111;10488111111;10240;10228
381;11269216000;8404777777;8904777777;10240;10228
799;11269345000;9988111111;10488111111;10240;10228
800;11269360000;9988111111;10488111111;10240;10228
382;11269422000;8404777777;8904777777;10240;10228
801;11269594000;9988111111;10488111111;10240;10228
383;11270287000;8404777777;8904777777;10240;10228
384;11270479000;8404800000;8904800000;10240;10228
802;11270499000;9988133333;10488133333;10240;10228
385;11270710000;8405088888;8905088888;10240;10228
803;11270821000;9988422222;10488422222;10240;10228
804;11271042000;9988422222;10488422222;10240;10228
386;11465734000;8405088888;8905088888;10240;10228
387;11465939000;8405088888;8905088888;10240;10228
805;11466056000;9988422222;10488422222;10240;10228
806;11466080000;10029777777;10529777777;10240;10228
388;11466178000;8446444444;8946444444;10240;10228
807;11466311000;10029777777;10529777777;10240;10228
389;11466884000;8446444444;8946444444;10240;10228
808;11467212000;10029777777;10529777777;10240;10228
390;11467885000;8446444444;8946444444;10240;10228
809;11468276000;10029777777;10529777777;10240;10228
391;11468284000;8446444444;8946444444;10240;10228
810;11468564000;10029777777;10529777777;10240;10228
392;11468660000;8446444444;8946444444;10240;10228
393;11468864000;8446444444;8946444444;10240;10228
811;11468991000;10029777777;10529777777;10240;10228
812;11469239000;10029777777;10529777777;10240;10228
394;11469533000;8446444444;8946444444;10240;10228
395;11469781000;8446466666;8946466666;10240;10228
813;11469795000;10029800000;10529800000;10240;10228
396;11469944000;8446733333;8946733333;10240;10228
814;11470035000;10030122222;10530122222;10240;10228
397;11470149000;8446733333;8946733333;10240;10228
815;11470288000;10030122222;10530122222;10240;10228
816;11470506000;10030122222;10530122222;10240;10228
398;11470984000;8446733333;8946733333;10240;10228
399;11471191000;8488088888;8988088888;10240;10228
817;11471343000;10071444444;10571444444;10240;10228
400;11471373000;8488088888;8988088888;10240;10228
818;11471598000;10071444444;10571444444;10240;10228
819;11471849000;10071444444;10571444444;10240;10228
401;11666485000;8488088888;8988088888;10240;10228
402;11666683000;8488088888;8988088888;10240;10228
403;11666881000;8488088888;8988088888;10240;10228
821;11666974000;10071444444;10571444444;10240;10228
822;11667216000;10071444444;10571444444;10240;10228
404;11667600000;8488088888;8988088888;10240;10228
823;11667938000;10071444444;10571444444;10240;10228
405;11668609000;8488088888;8988088888;10240;10228
824;11668852000;10071466666;10571466666;10240;10228
825;11669309000;10071755555;10571755555;10240;10228
406;11669319000;8488122222;8988122222;10240;10228
407;11669562000;8488500000;8988500000;10240;10228
826;11669731000;10071755555;10571755555;10240;10228
827;11669742000;10071755555;10571755555;10240;10228
408;11670259000;8488500000;8988500000;10240;10228
409;11670452000;8488500000;8988500000;10240;10228
829;11670592000;10113111111;10613111111;10240;10228
410;11670648000;8529755555;9029755555;10240;10228
830;11670835000;10113111111;10613111111;10240;10228
411;11670842000;8529755555;9029755555;10240;10228
831;11671076000;10113111111;10613111111;10240;10228
832;11671082000;10113111111;10613111111;10240;10228
412;11671684000;8529755555;9029755555;10240;10228
413;11671892000;8529755555;9029755555;10240;10228
833;11672017000;10113111111;10613111111;10240;10228
414;11672090000;8529755555;9029755555;10240;10228
834;11672268000;10113111111;10613111111;10240;10228
835;11672274000;10113133333;10613133333;10240;10228
415;11867218000;8529755555;9029755555;10240;10228
416;11867423000;8529755555;9029755555;10240;10228
836;11867567000;10113433333;10613433333;10240;10228
417;11867598000;8529777777;9029777777;10240;10228
837;11867813000;10113433333;10613433333;10240;10228
838;11868060000;10113433333;10613433333;10240;10228
418;11868314000;8530200000;9030200000;10240;10228
839;11868654000;10154777777;10654777777;10240;10228
419;11869367000;8530200000;9030200000;10240;10228
840;11869705000;10154777777;10654777777;10240;10228
420;11870041000;8530200000;9030200000;10240;10228
841;11870366000;10154777777;10654777777;10240;10228
421;11870781000;8571455555;9071455555;10240;10228
842;11871111000;10154777777;10654777777;10240;10228
422;11871163000;8571455555;9071455555;10240;10228
423;11871388000;8571455555;9071455555;10240;10228
424;11871418000;8571455555;9071455555;10240;10228
843;11871467000;10154777777;10654777777;10240;10228
425;11871591000;8571455555;9071455555;10240;10228
844;11871759000;10154777777;10654777777;10240;10228
845;11871780000;10154777777;10654777777;10240;10228
846;11871785000;10154800000;10654800000;10240;10228
426;11872371000;8571455555;9071455555;10240;10228
427;11872548000;8571455555;9071455555;10240;10228
847;11872717000;10155122222;10655122222;10240;10228
428;11872786000;8571466666;9071466666;10240;10228
848;11872962000;10155122222;10655122222;10240;10228
849;11873238000;10155122222;10655122222;10240;10228
429;12067970000;8571755555;9071755555;10240;10228
430;12068170000;8571755555;9071755555;10240;10228
850;12068275000;10196455555;10696455555;10240;10228
431;12068409000;8571755555;9071755555;10240;10228
851;12068543000;10196455555;10696455555;10240;10228
852;12068818000;10196455555;10696455555;10240;10228
432;12069059000;8613111111;9113111111;10240;10228
853;12069388000;10196455555;10696455555;10240;10228
433;12070101000;8613111111;9113111111;10240;10228
854;12070440000;10196455555;10696455555;10240;10228
434;12070800000;8613111111;9113111111;10240;10228
856;12071124000;10196455555;10696455555;10240;10228
435;12071522000;8613111111;9113111111;10240;10228
857;12071730000;10196488888;10696488888;10240;10228
436;12071876000;8613111111;9113111111;10240;10228
437;12072068000;8613111111;9113111111;10240;10228
858;12072214000;10196777777;10696777777;10240;10228
438;12072275000;8613111111;9113111111;10240;10228
859;12072426000;10196777777;10696777777;10240;10228
860;12072451000;10196777777;10696777777;10240;10228
439;12072463000;8613133333;9113133333;10240;10228
861;12072870000;10238111111;10738111111;10240;10228
440;12073072000;8613411111;9113411111;10240;10228
441;12073285000;8613411111;9113411111;10240;10228
862;12073374000;10238111111;10738111111;10240;10228
442;12073489000;8613411111;9113411111;10240;10228
863;12073671000;10238111111;10738111111;10240;10228
864;12073916000;10238111111;10738111111;10240;10228
443;12268722000;8654755555;9154755555;10240;10228
444;12268934000;8654755555;9154755555;10240;10228
865;12269030000;10238111111;10738111111;10240;10228
445;12269160000;8654755555;9154755555;10240;10228
866;12269298000;10238111111;10738111111;10240;10228
867;12269316000;10238111111;10738111111;10240;10228
868;12270673000;10238133333;10738133333;10240;10228
869;12271146000;10238444444;10738444444;10240;10228
870;12271889000;10238444444;10738444444;10240;10228
871;12272569000;10238444444;10738444444;10240;10228
872;12272928000;10279755555;10779755555;10240;10228
446;12273023000;8654755555;9154755555;10240;10228
873;12273161000;10279755555;10779755555;10240;10228
447;12273211000;8654755555;9154755555;10240;10228
874;12273411000;10279755555;10779755555;10240;10228
875;12273419000;10279755555;10779755555;10240;10228
448;12273810000;8654755555;9154755555;10240;10228
449;12274005000;8654755555;9154755555;10240;10228
876;12274121000;10279755555;10779755555;10240;10228
450;12274219000;8654766666;9154766666;10240;10228
877;12274371000;10279755555;10779755555;10240;10228
878;12274629000;10279755555;10779755555;10240;10228
451;12469917000;8655077777;9155077777;10240;10228
452;12470118000;8655077777;9155077777;10240;10228
880;12470256000;10280211111;10780211111;10240;10228
881;12472070000;10280211111;10780211111;10240;10228
882;12473274000;10280211111;10780211111;10240;10228
453;12473751000;8655077777;9155077777;10240;10228
883;12473910000;10321422222;10821422222;10240;10228
454;12473922000;8696444444;9196444444;10240;10228
884;12474146000;10321422222;10821422222;10240;10228
885;12474152000;10321422222;10821422222;10240;10228
455;12474540000;8696444444;9196444444;10240;10228
456;12474712000;8696444444;9196444444;10240;10228
457;12474923000;8696444444;9196444444;10240;10228
887;12475016000;10321422222;10821422222;10240;10228
888;12475295000;10321422222;10821422222;10240;10228
889;12671025000;10321422222;10821422222;10240;10228
890;12671051000;10321444444;10821444444;10240;10228
458;12674503000;8696444444;9196444444;10240;10228
459;12674696000;8696444444;9196444444;10240;10228
891;12674840000;10321822222;10821822222;10240;10228
892;12675088000;10321822222;10821822222;10240;10228
460;12675279000;8696444444;9196444444;10240;10228
461;12675446000;8696466666;9196466666;10240;10228
893;12675531000;10321822222;10821822222;10240;10228
462;12675689000;8696722222;9196722222;10240;10228
894;12675785000;10363111111;10863111111;10240;10228
895;12675795000;10363111111;10863111111;10240;10228
896;12676031000;10363111111;10863111111;10240;10228
897;12676049000;10363111111;10863111111;10240;10228
898;12872438000;10363111111;10863111111;10240;10228
463;12875235000;8696722222;9196722222;10240;10228
464;12875437000;8696722222;9196722222;10240;10228
899;12875581000;10363111111;10863111111;10240;10228
900;12875810000;10363111111;10863111111;10240;10228
465;12876010000;8738111111;9238111111;10240;10228
901;12876224000;10363133333;10863133333;10240;10228
466;12876735000;8738111111;9238111111;10240;10228
467;12876946000;8738111111;9238111111;10240;10228
902;12877046000;10363400000;10863400000;10240;10228
903;12877057000;10363400000;10863400000;10240;10228
468;13075987000;8738111111;9238111111;10240;10228
469;13076184000;8738111111;9238111111;10240;10228
904;13076324000;10363400000;10863400000;10240;10228
905;13076345000;10404788888;10904788888;10240;10228
906;13076588000;10404788888;10904788888;10240;10228
470;13076741000;8738111111;9238111111;10240;10228
907;13077068000;10404788888;10904788888;10240;10228
471;13077443000;8738111111;9238111111;10240;10228
472;13077663000;8738133333;9238133333;10240;10228
908;13077796000;10404788888;10904788888;10240;10228
909;13078027000;10404788888;10904788888;10240;10228
473;13276706000;8738411111;9238411111;10240;10228
474;13276905000;8738411111;9238411111;10240;10228
910;13277035000;10404788888;10904788888;10240;10228
911;13277284000;10404788888;10904788888;10240;10228
475;13277448000;8738411111;9238411111;10240;10228
912;13277697000;10404811111;10904811111;10240;10228
476;13278150000;8779788888;9279788888;10240;10228
477;13278352000;8779788888;9279788888;10240;10228
913;13278448000;10405122222;10905122222;10240;10228
914;13278738000;10405122222;10905122222;10240;10228
478;13477469000;8779788888;9279788888;10240;10228
479;13477682000;8779788888;9279788888;10240;10228
915;13477814000;10405122222;10905122222;10240;10228
916;13478060000;10446444444;10946444444;10240;10228
480;13478181000;8779788888;9279788888;10240;10228
917;13478486000;10446444444;10946444444;10240;10228
481;13478860000;8779788888;9279788888;10240;10228
482;13479061000;8779788888;9279788888;10240;10228
918;13479194000;10446444444;10946444444;10240;10228
919;13479437000;10446444444;10946444444;10240;10228
483;13678130000;8779800000;9279800000;10240;10228
484;13678360000;8780122222;9280122222;10240;10228
920;13678547000;10446444444;10946444444;10240;10228
921;13678799000;10446444444;10946444444;10240;10228
485;13678867000;8780122222;9280122222;10240;10228
922;13679208000;10446444444;10946444444;10240;10228
486;13679536000;8780122222;9280122222;10240;10228
487;13679796000;8821444444;9321444444;10240;10228
923;13679812000;10446455555;10946455555;10240;10228
924;13680039000;10446766666;10946766666;10240;10228
488;13878909000;8821444444;9321444444;10240;10228
489;13879117000;8821444444;9321444444;10240;10228
925;13879147000;10446766666;10946766666;10240;10228
926;13879404000;10446766666;10946766666;10240;10228
490;13879595000;8821444444;9321444444;10240;10228
927;13879933000;10488088888;10988088888;10240;10228
491;13880255000;8821444444;9321444444;10240;10228
492;13880491000;8821444444;9321444444;10240;10228
928;13880597000;10488088888;10988088888;10240;10228
929;13880844000;10488088888;10988088888;10240;10228
493;14079654000;8821444444;9321444444;10240;10228
494;14079865000;8821466666;9321466666;10240;10228
930;14079991000;10488088888;10988088888;10240;10228
931;14080245000;10488088888;10988088888;10240;10228
932;14080271000;10488088888;10988088888;10240;10228
495;14080296000;8821744444;9321744444;10240;10228
933;14080653000;10488088888;10988088888;10240;10228
496;14080975000;8821744444;9321744444;10240;10228
497;14081181000;8821744444;9321744444;10240;10228
934;14081210000;10488111111;10988111111;10240;10228
935;14081512000;10488500000;10988500000;10240;10228
498;14280359000;8863100000;9363100000;10240;10228
499;14280597000;8863100000;9363100000;10240;10228
936;14280732000;10488500000;10988500000;10240;10228
937;14280986000;10488500000;10988500000;10240;10228
500;14281012000;8863100000;9363100000;10240;10228
938;14281353000;10529744444;11029744444;10240;10228
939;14281370000;10529744444;11029744444;10240;10228
501;14281867000;8863100000;9363100000;10240;10228
940;14282016000;10529744444;11029744444;10240;10228
941;14282264000;10529744444;11029744444;10240;10228
502;14481079000;8863100000;9363100000;10240;10228
503;14481307000;8863100000;9363100000;10240;10228
942;14481386000;10529744444;11029744444;10240;10228
943;14481676000;10529744444;11029744444;10240;10228
504;14481699000;8863100000;9363100000;10240;10228
944;14482046000;10529744444;11029744444;10240;10228
505;14482546000;8863122222;9363122222;10240;10228
945;14482873000;10529766666;11029766666;10240;10228
506;14681855000;8863477777;9363477777;10240;10228
507;14682053000;8863477777;9363477777;10240;10228
946;14682188000;10530088888;11030088888;10240;10228
508;14682421000;8863477777;9363477777;10240;10228
947;14682442000;10530088888;11030088888;10240;10228
948;14682754000;10530088888;11030088888;10240;10228
509;14683295000;8904755555;9404755555;10240;10228
949;14683644000;10571444444;11071444444;10240;10228
510;14882606000;8904755555;9404755555;10240;10228
511;14882815000;8904755555;9404755555;10240;10228
950;14882946000;10571444444;11071444444;10240;10228
512;14883137000;8904755555;9404755555;10240;10228
951;14883178000;10571444444;11071444444;10240;10228
952;14883460000;10571444444;11071444444;10240;10228
513;14884023000;8904755555;9404755555;10240;10228
953;14884365000;10571444444;11071444444;10240;10228
514;15083371000;8904755555;9404755555;10240;10228
515;15083594000;8904755555;9404755555;10240;10228
954;15083705000;10571444444;11071444444;10240;10228
516;15083771000;8904777777;9404777777;10240;10228
955;15083950000;10571444444;11071444444;10240;10228
956;15083968000;10571466666;11071466666;10240;10228
957;15084261000;10571766666;11071766666;10240;10228
517;15084727000;8905211111;9405211111;10240;10228
958;15085058000;10571766666;11071766666;10240;10228
518;15284091000;8905211111;9405211111;10240;10228
519;15284355000;8905211111;9405211111;10240;10228
959;15284402000;10571766666;11071766666;10240;10228
520;15284567000;8946444444;9446444444;10240;10228
960;15284699000;10613111111;11113111111;10240;10228
961;15284951000;10613111111;11113111111;10240;10228
962;15285350000;10613111111;11113111111;10240;10228
963;15285792000;10613111111;11113111111;10240;10228
521;15484848000;8946444444;9446444444;10240;10228
522;15485048000;8946444444;9446444444;10240;10228
964;15485182000;10613111111;11113111111;10240;10228
965;15485201000;10613111111;11113111111;10240;10228
523;15485249000;8946444444;9446444444;10240;10228
966;15485422000;10613111111;11113111111;10240;10228
967;15485441000;10613133333;11113133333;10240;10228
524;15685599000;8946444444;9446444444;10240;10228
525;15685810000;8946444444;9446444444;10240;10228
968;15685933000;10613433333;11113433333;10240;10228
526;15685991000;8946444444;9446444444;10240;10228
969;15686183000;10613433333;11113433333;10240;10228
970;15686205000;10613433333;11113433333;10240;10228
527;15886279000;8946466666;9446466666;10240;10228
528;15886578000;8946766666;9446766666;10240;10228
971;15886690000;10654777777;11154777777;10240;10228
529;15886717000;8946766666;9446766666;10240;10228
972;15886976000;10654777777;11154777777;10240;10228
973;15886984000;10654777777;11154777777;10240;10228
530;16087008000;8946766666;9446766666;10240;10228
531;16087270000;8988122222;9488122222;10240;10228
974;16087364000;10654777777;11154777777;10240;10228
975;16087613000;10654777777;11154777777;10240;10228
976;16087863000;10654777777;11154777777;10240;10228
533;16288068000;8988122222;9488122222;10240;10228
534;16288275000;8988122222;9488122222;10240;10228
977;16288404000;10654777777;11154777777;10240;10228
978;16288422000;10654788888;11154788888;10240;10228
535;16488811000;8988122222;9488122222;10240;10228
536;16489010000;8988122222;9488122222;10240;10228
979;16489134000;10655111111;11155111111;10240;10228
980;16489380000;10655111111;11155111111;10240;10228
537;16689564000;8988122222;9488122222;10240;10228
538;16689769000;8988133333;9488133333;10240;10228
981;16689910000;10655111111;11155111111;10240;10228
982;16689934000;10696422222;11196422222;10240;10228
983;16690159000;10696422222;11196422222;10240;10228
539;16890349000;8988411111;9488411111;10240;10228
984;16890698000;10696422222;11196422222;10240;10228
540;16891090000;8988411111;9488411111;10240;10228
985;16891422000;10696422222;11196422222;10240;10228
986;16891442000;10696422222;11196422222;10240;10228
541;17091114000;8988411111;9488411111;10240;10228
987;17091448000;10696422222;11196422222;10240;10228
542;17091825000;9029777777;9529777777;10240;10228
988;17092173000;10696422222;11196422222;10240;10228
543;17291859000;9029777777;9529777777;10240;10228
989;17292104000;10696444444;11196444444;10240;10228
544;17292551000;9029777777;9529777777;10240;10228
990;17292890000;10696833333;11196833333;10240;10228
545;17492622000;9029777777;9529777777;10240;10228
991;17492964000;10696833333;11196833333;10240;10228
546;17493300000;9029777777;9529777777;10240;10228
992;17493636000;10696833333;11196833333;10240;10228
547;17693405000;9029777777;9529777777;10240;10228
993;17693746000;10738088888;11238088888;10240;10228
548;17694654000;9029777777;9529777777;10240;10228
994;17694989000;10738088888;11238088888;10240;10228
549;17894092000;9029800000;9529800000;10240;10228
995;17894501000;10738088888;11238088888;10240;10228
550;17895381000;9030111111;9530111111;10240;10228
996;17895725000;10738088888;11238088888;10240;10228
997;18095198000;10738088888;11238088888;10240;10228
552;18096117000;9030111111;9530111111;10240;10228
998;18096452000;10738088888;11238088888;10240;10228
553;18296897000;9071422222;9571422222;10240;10228
999;18297265000;10738088888;11238088888;10240;10228
554;18497612000;9071422222;9571422222;10240;10228
1000;18497878000;10738100000;11238100000;10240;10228
555;18698411000;9071422222;9571422222;10240;10228
1001;18698760000;10738488888;11238488888;10240;10228
1002;18899498000;10738488888;11238488888;10240;10228
1003;19112789000;10738488888;11238488888;10240;10228
1004;19112816000;10779777777;11279777777;10240;10228
1005;19113022000;10779777777;11279777777;10240;10228
1006;19113033000;10779777777;11279777777;10240;10228
1007;19113300000;10779777777;11279777777;10240;10228
1008;19113309000;10779777777;11279777777;10240;10228
1009;19113529000;10779777777;11279777777;10240;10228
1010;19113547000;10779777777;11279777777;10240;10228
1011;19113783000;10779800000;11279800000;10240;10228
1012;19113792000;10780133333;11280133333;10240;10228
1013;19114025000;10780133333;11280133333;10240;10228
1014;19114032000;10780133333;11280133333;10240;10228
1015;19114271000;10821444444;11321444444;10240;10228
1016;19114278000;10821444444;11321444444;10240;10228
1017;19114285000;10821444444;11321444444;10240;10228
1018;19114479000;10821444444;11321444444;10240;10228
1019;19114721000;10821444444;11321444444;10240;10228
1020;19114728000;10821444444;11321444444;10240;10228
1021;19114996000;10821444444;11321444444;10240;10228
1022;19115021000;10821455555;11321455555;10240;10228
1023;19115026000;10821766666;11321766666;10240;10228
1024;19115252000;10821766666;11321766666;10240;10228
1025;19115267000;10821766666;11321766666;10240;10228
1026;19115511000;10863111111;11363111111;10240;10228
1027;19115530000;10863111111;11363111111;10240;10228
1028;19115781000;10863111111;11363111111;10240;10228
1029;19115789000;10863111111;11363111111;10240;10228
1030;19116017000;10863111111;11363111111;10240;10228
1031;19116024000;10863111111;11363111111;10240;10228
1032;19116269000;10863111111;11363111111;10240;10228
1033;19116278000;10863133333;11363133333;10240;10228
1034;19116282000;10863466666;11363466666;10240;10228
1035;19116491000;10863466666;11363466666;10240;10228
1036;19116499000;10863466666;11363466666;10240;10228
1037;19116784000;10904777777;11404777777;10240;10228
1038;19116794000;10904777777;11404777777;10240;10228
1039;19117036000;10904777777;11404777777;10240;10228
1040;19117054000;10904777777;11404777777;10240;10228
1041;19117238000;10904777777;11404777777;10240;10228
1042;19313373000;10904777777;11404777777;10240;10228
1043;19313389000;10904777777;11404777777;10240;10228
1044;19313633000;10904800000;11404800000;10240;10228
1045;19313657000;10905144444;11405144444;10240;10228
1046;19313885000;10905144444;11405144444;10240;10228
1047;19313896000;10905144444;11405144444;10240;10228
1048;19314110000;10946444444;11446444444;10240;10228
1049;19314117000;10946444444;11446444444;10240;10228
1050;19314345000;10946444444;11446444444;10240;10228
1051;19314363000;10946444444;11446444444;10240;10228
1052;19314627000;10946444444;11446444444;10240;10228
1053;19314637000;10946444444;11446444444;10240;10228
1054;19314854000;10946444444;11446444444;10240;10228
1055;19314860000;10946455555;11446455555;10240;10228
1056;19314865000;10946755555;11446755555;10240;10228
1057;19315093000;10946755555;11446755555;10240;10228
1058;19315101000;10946755555;11446755555;10240;10228
1059;19315345000;10988122222;11488122222;10240;10228
1060;19315355000;10988122222;11488122222;10240;10228
1061;19315603000;10988122222;11488122222;10240;10228
1062;19315619000;10988122222;11488122222;10240;10228
1063;19315873000;10988122222;11488122222;10240;10228
1064;19315891000;10988122222;11488122222;10240;10228
1065;19316131000;10988122222;11488122222;10240;10228
1066;19316140000;10988144444;11488144444;10240;10228
1067;19316147000;10988422222;11488422222;10240;10228
1068;19316346000;10988422222;11488422222;10240;10228
1069;19316353000;10988422222;11488422222;10240;10228
1070;19316633000;11029788888;11529788888;10240;10228
1071;19316639000;11029788888;11529788888;10240;10228
1072;19316907000;11029788888;11529788888;10240;10228
1073;19316926000;11029788888;11529788888;10240;10228
1074;19317121000;11029788888;11529788888;10240;10228
1075;19317134000;11029788888;11529788888;10240;10228
1076;19317357000;11029788888;11529788888;10240;10228
1078;19317366000;11030177777;11530177777;10240;10228
1079;19317635000;11030177777;11530177777;10240;10228
1080;19317642000;11030177777;11530177777;10240;10228
1081;19317882000;11071444444;11571444444;10240;10228
1082;19317891000;11071444444;11571444444;10240;10228
1083;19318130000;11071444444;11571444444;10240;10228
1084;19318138000;11071444444;11571444444;10240;10228
1085;19318378000;11071444444;11571444444;10240;10228
1086;19318390000;11071444444;11571444444;10240;10228
1087;19318402000;11071444444;11571444444;10240;10228
1088;19318648000;11071466666;11571466666;10240;10228
1089;19318661000;11071744444;11571744444;10240;10228
1090;19318879000;11071744444;11571744444;10240;10228
1091;19318885000;11071744444;11571744444;10240;10228
1092;19319135000;11113111111;11613111111;10240;10228
1093;19319140000;11113111111;11613111111;10240;10228
1094;19319382000;11113111111;11613111111;10240;10228
1095;19319388000;11113111111;11613111111;10240;10228
1096;19319634000;11113111111;11613111111;10240;10228
1097;19319640000;11113111111;11613111111;10240;10228
1098;19319885000;11113111111;11613111111;10240;10228
1099;19319904000;11113133333;11613133333;10240;10228
1100;19319909000;11113400000;11613400000;10240;10228
1101;19320136000;11113400000;11613400000;10240;10228
1102;19320141000;11113400000;11613400000;10240;10228
1103;19320350000;11154777777;11654777777;10240;10228
1104;19320638000;11154777777;11654777777;10240;10228
1105;19320644000;11154777777;11654777777;10240;10228
1106;19320649000;11154777777;11654777777;10240;10228
1107;19320881000;11154777777;11654777777;10240;10228
1108;19320886000;11154777777;11654777777;10240;10228
1109;19321129000;11154777777;11654777777;10240;10228
1110;19321134000;11154800000;11654800000;10240;10228
1111;19321385000;11155122222;11655122222;10240;10228
1112;19321391000;11155122222;11655122222;10240;10228
1113;19321636000;11155122222;11655122222;10240;10228
1114;19321642000;11196444444;11696444444;10240;10228
1115;19321891000;11196444444;11696444444;10240;10228
1117;19321898000;11196444444;11696444444;10240;10228
1118;19322139000;11196444444;11696444444;10240;10228
1119;19322148000;11196444444;11696444444;10240;10228
1120;19513879000;11196444444;11696444444;10240;10228
1122;19514288000;11196744444;11696744444;10240;10228
1123;19514299000;11196744444;11696744444;10240;10228
1124;19514619000;11196744444;11696744444;10240;10228
1125;19514630000;11238111111;11738111111;10240;10228
1126;19514927000;11238111111;11738111111;10240;10228
1127;19515169000;11238111111;11738111111;10240;10228
1128;19515178000;11238111111;11738111111;10240;10228
1129;19515386000;11238111111;11738111111;10240;10228
1130;19515393000;11238111111;11738111111;10240;10228
1131;19515689000;11238111111;11738111111;10240;10228
1132;19515698000;11238133333;11738133333;10240;10228
1133;19515704000;11238444444;11738444444;10240;10228
1134;19515925000;11238444444;11738444444;10240;10228
1135;19515949000;11238444444;11738444444;10240;10228
1136;19516172000;11279755555;11779755555;10240;10228
1137;19516183000;11279755555;11779755555;10240;10228
1138;19516423000;11279755555;11779755555;10240;10228
1139;19516434000;11279755555;11779755555;10240;10228
1140;19516674000;11279755555;11779755555;10240;10228
1141;19516693000;11279755555;11779755555;10240;10228
1142;19516887000;11279755555;11779755555;10240;10228
1143;19516894000;11279788888;11779788888;10240;10228
1144;19517137000;11280222222;11780222222;10240;10228
1145;19517143000;11280222222;11780222222;10240;10228
1147;19517388000;11321411111;11821411111;10240;10228
1148;19517399000;11321411111;11821411111;10240;10228
1149;19517682000;11321411111;11821411111;10240;10228
1150;19517694000;11321411111;11821411111;10240;10228
1151;19517708000;11321411111;11821411111;10240;10228
1152;19517933000;11321411111;11821411111;10240;10228
1153;19517955000;11321411111;11821411111;10240;10228
1154;19518172000;11321444444;11821444444;10240;10228
1155;19518180000;11321822222;11821822222;10240;10228
1156;19518386000;11321822222;11821822222;10240;10228
1157;19518395000;11321822222;11821822222;10240;10228
1158;19518686000;11363111111;11863111111;10240;10228
1159;19518699000;11363111111;11863111111;10240;10228
1160;19518927000;11363111111;11863111111;10240;10228
1164;19518933000;11363111111;11863111111;10240;10228
1165;19519248000;11363133333;11863133333;10240;10228
1166;19519442000;11363377777;11863377777;10240;10228
1167;19519450000;11363377777;11863377777;10240;10228
1168;19519757000;11363377777;11863377777;10240;10228
1169;19519766000;11404788888;11904788888;10240;10228
1170;19520007000;11404788888;11904788888;10240;10228
1171;19520026000;11404788888;11904788888;10240;10228
1172;19520254000;11404788888;11904788888;10240;10228
1173;19520466000;11404788888;11904788888;10240;10228
1174;19520510000;11404788888;11904788888;10240;10228
1175;19520745000;11404788888;11904788888;10240;10228
1176;19520752000;11404800000;11904800000;10240;10228
1177;19520994000;11405111111;11905111111;10240;10228
1178;19521001000;11405111111;11905111111;10240;10228
1179;19521245000;11405111111;11905111111;10240;10228
1180;19521250000;11446444444;11946444444;10240;10228
1181;19521460000;11446444444;11946444444;10240;10228
1182;19521465000;11446444444;11946444444;10240;10228
1183;19521752000;11446444444;11946444444;10240;10228
1184;19521770000;11446444444;11946444444;10240;10228
1185;19522030000;11446444444;11946444444;10240;10228
1186;19522035000;11446444444;11946444444;10240;10228
1187;19522040000;11446466666;11946466666;10240;10228
1188;19522246000;11446777777;11946777777;10240;10228
1189;19522252000;11446777777;11946777777;10240;10228
1190;19522451000;11446777777;11946777777;10240;10228
1191;19522749000;11488088888;11988088888;10240;10228
1192;19522755000;11488088888;11988088888;10240;10228
1193;19523208000;11488088888;11988088888;10240;10228
1194;19523217000;11488088888;11988088888;10240;10228
1195;19523419000;11488088888;11988088888;10240;10228
1198;19714319000;11488111111;11988111111;10240;10228
1199;19714997000;11488488888;11988488888;10240;10228
1200;19715362000;11488488888;11988488888;10240;10228
1201;19715369000;11488488888;11988488888;10240;10228
1202;19715636000;11529755555;12029755555;10240;10228
1203;19715645000;11529755555;12029755555;10240;10228
1204;19715856000;11529755555;12029755555;10240;10228
1205;19715870000;11529755555;12029755555;10240;10228
1206;19716158000;11529755555;12029755555;10240;10228
1207;19716165000;11529755555;12029755555;10240;10228
1208;19716376000;11529755555;12029755555;10240;10228
1209;19716383000;11529777777;12029777777;10240;10228
1210;19716670000;11530188888;12030188888;10240;10228
1211;19716682000;11530188888;12030188888;10240;10228
1212;19716907000;11530188888;12030188888;10240;10228
1213;19716913000;11571455555;12071455555;10240;10228
1214;19717157000;11571455555;12071455555;10240;10228
1215;19717164000;11571455555;12071455555;10240;10228
1216;19717379000;11571455555;12071455555;10240;10228
1217;19717387000;11571455555;12071455555;10240;10228
1218;19717622000;11571455555;12071455555;10240;10228
1219;19717656000;11571455555;12071455555;10240;10228
1220;19717910000;11571522222;12071522222;10240;10228
1221;19717920000;11571844444;12071844444;10240;10228
1222;19717924000;11571844444;12071844444;10240;10228
1223;19718175000;11571844444;12071844444;10240;10228
1224;19718190000;11613111111;12113111111;10240;10228
1226;19718784000;11613111111;12113111111;10240;10228
1227;19718809000;11613111111;12113111111;10240;10228
1228;19719027000;11613111111;12113111111;10240;10228
1229;19719036000;11613111111;12113111111;10240;10228
1230;19719296000;11613111111;12113111111;10240;10228
1231;19719307000;11613133333;12113133333;10240;10228
1232;19719523000;11613422222;12113422222;10240;10228
1233;19719540000;11613422222;12113422222;10240;10228
1234;19719787000;11613422222;12113422222;10240;10228
1235;19719793000;11654777777;12154777777;10240;10228
1236;19720038000;11654777777;12154777777;10240;10228
1237;19720044000;11654777777;12154777777;10240;10228
1238;19720255000;11654777777;12154777777;10240;10228
1239;19720261000;11654777777;12154777777;10240;10228
1240;19720508000;11654777777;12154777777;10240;10228
1241;19720518000;11654777777;12154777777;10240;10228
1242;19720531000;11654788888;12154788888;10240;10228
1243;19720753000;11655188888;12155188888;10240;10228
1244;19720762000;11655188888;12155188888;10240;10228
1245;19720989000;11655188888;12155188888;10240;10228
1246;19721003000;11696433333;12196433333;10240;10228
1247;19721288000;11696433333;12196433333;10240;10228
1248;19721294000;11696433333;12196433333;10240;10228
1249;19721521000;11696433333;12196433333;10240;10228
1250;19721527000;11696433333;12196433333;10240;10228
1251;19721800000;11696433333;12196433333;10240;10228
1252;19721806000;11696433333;12196433333;10240;10228
1253;19721815000;11696455555;12196455555;10240;10228
1254;19722063000;11696733333;12196733333;10240;10228
1255;19722083000;11696733333;12196733333;10240;10228
1256;19722289000;11696733333;12196733333;10240;10228
1257;19722295000;11738100000;12238100000;10240;10228
1258;19722531000;11738100000;12238100000;10240;10228
1259;19722536000;11738100000;12238100000;10240;10228
1260;19722805000;11738100000;12238100000;10240;10228
1261;19722814000;11738100000;12238100000;10240;10228
1262;19723051000;11738100000;12238100000;10240;10228
1263;19723057000;11738100000;12238100000;10240;10228
1264;19723292000;11738122222;12238122222;10240;10228
1265;19723300000;11738411111;12238411111;10240;10228
1266;19723543000;11738411111;12238411111;10240;10228
1267;19723560000;11738411111;12238411111;10240;10228
1268;19723792000;11779777777;12279777777;10240;10228
1269;19723798000;11779777777;12279777777;10240;10228
1270;19723803000;11779777777;12279777777;10240;10228
1271;19724035000;11779777777;12279777777;10240;10228
1272;19724041000;11779777777;12279777777;10240;10228
1273;19724300000;11779777777;12279777777;10240;10228
1274;19724305000;11779777777;12279777777;10240;10228
1275;19915346000;11779800000;12279800000;10240;10228
1276;19915588000;11780122222;12280122222;10240;10228
1277;19915842000;11780122222;12280122222;10240;10228
1278;19916380000;11780122222;12280122222;10240;10228
1279;19916388000;11821444444;12321444444;10240;10228
1280;19916675000;11821444444;12321444444;10240;10228
1281;19916686000;11821444444;12321444444;10240;10228
1282;19916921000;11821444444;12321444444;10240;10228
1283;19916934000;11821444444;12321444444;10240;10228
1284;19917150000;11821444444;12321444444;10240;10228
1285;19917156000;11821444444;12321444444;10240;10228
1286;19917411000;11821455555;12321455555;10240;10228
1288;19917422000;11821755555;12321755555;10240;10228
1289;19917681000;11821755555;12321755555;10240;10228
1290;19917702000;11863111111;12363111111;10240;10228
1291;19917962000;11863111111;12363111111;10240;10228
1292;19918243000;11863111111;12363111111;10240;10228
1293;19918251000;11863111111;12363111111;10240;10228
1294;19918255000;11863111111;12363111111;10240;10228
1295;19918455000;11863111111;12363111111;10240;10228
1296;19918753000;11863111111;12363111111;10240;10228
1297;19918767000;11863122222;12363122222;10240;10228
1298;19918775000;11863422222;12363422222;10240;10228
1299;19918994000;11863422222;12363422222;10240;10228
1300;19919002000;11863422222;12363422222;10240;10228
1301;19919241000;11904766666;12404766666;10240;10228
1302;19919248000;11904766666;12404766666;10240;10228
1303;19919446000;11904766666;12404766666;10240;10228
1304;19919823000;11904766666;12404766666;10240;10228
1305;19919832000;11904766666;12404766666;10240;10228
1306;19919837000;11904766666;12404766666;10240;10228
1307;19919995000;11904766666;12404766666;10240;10228
1308;19920001000;11904788888;12404788888;10240;10228
1309;19920377000;11905122222;12405122222;10240;10228
1310;19920385000;11905122222;12405122222;10240;10228
1311;19920637000;11905122222;12405122222;10240;10228
1312;19920648000;11946444444;12446444444;10240;10228
1313;19920866000;11946444444;12446444444;10240;10228
1314;19920872000;11946444444;12446444444;10240;10228
1316;19921128000;11946444444;12446444444;10240;10228
1317;19921138000;11946444444;12446444444;10240;10228
1318;19921362000;11946444444;12446444444;10240;10228
1319;19921368000;11946455555;12446455555;10240;10228
1320;19921645000;11946755555;12446755555;10240;10228
1321;19921655000;11946755555;12446755555;10240;10228
1322;19921876000;11946755555;12446755555;10240;10228
1323;19921887000;11988111111;12488111111;10240;10228
1324;19922127000;11988111111;12488111111;10240;10228
1325;19922136000;11988111111;12488111111;10240;10228
1326;19922372000;11988111111;12488111111;10240;10228
1327;19922384000;11988111111;12488111111;10240;10228
1328;19922634000;11988111111;12488111111;10240;10228
1329;19922642000;11988111111;12488111111;10240;10228
1330;19922646000;11988133333;12488133333;10240;10228
1331;19922880000;11988411111;12488411111;10240;10228
1332;19922885000;11988411111;12488411111;10240;10228
1333;19923131000;11988411111;12488411111;10240;10228
1334;19923136000;12029777777;12529777777;10240;10228
1335;19923350000;12029777777;12529777777;10240;10228
1336;19923359000;12029777777;12529777777;10240;10228
1337;19923635000;12029777777;12529777777;10240;10228
1338;19923643000;12029777777;12529777777;10240;10228
1339;19923880000;12029777777;12529777777;10240;10228
1340;19923887000;12029777777;12529777777;10240;10228
1341;19923892000;12029800000;12529800000;10240;10228
1342;19924212000;12030122222;12530122222;10240;10228
1343;19924455000;12030122222;12530122222;10240;10228
1344;19924461000;12030122222;12530122222;10240;10228
1345;19924465000;12071444444;12571444444;10240;10228
1346;19924874000;12071444444;12571444444;10240;10228
1347;19924881000;12071444444;12571444444;10240;10228
1348;19925117000;12071444444;12571444444;10240;10228
1349;19925125000;12071444444;12571444444;10240;10228
1350;19925364000;12071444444;12571444444;10240;10228
1351;19925370000;12071444444;12571444444;10240;10228
1352;19925622000;12071455555;12571455555;10240;10228
1353;19925629000;12071822222;12571822222;10240;10228
1354;20116491000;12071822222;12571822222;10240;10228
1355;20116736000;12071822222;12571822222;10240;10228
1356;20116988000;12113100000;12613100000;10240;10228
1357;20117265000;12113100000;12613100000;10240;10228
1358;20117279000;12113100000;12613100000;10240;10228
1359;20117458000;12113100000;12613100000;10240;10228
1360;20117728000;12113100000;12613100000;10240;10228
1361;20117743000;12113100000;12613100000;10240;10228
1362;20118002000;12113100000;12613100000;10240;10228
1363;20118012000;12113122222;12613122222;10240;10228
1364;20118230000;12113422222;12613422222;10240;10228
1365;20118240000;12113422222;12613422222;10240;10228
1366;20118461000;12113422222;12613422222;10240;10228
1367;20118482000;12154766666;12654766666;10240;10228
1368;20118721000;12154766666;12654766666;10240;10228
1369;20118998000;12154766666;12654766666;10240;10228
1370;20119007000;12154766666;12654766666;10240;10228
1371;20119307000;12154766666;12654766666;10240;10228
1372;20119315000;12154766666;12654766666;10240;10228
1373;20119581000;12154766666;12654766666;10240;10228
1374;20119592000;12154788888;12654788888;10240;10228
1375;20119831000;12155122222;12655122222;10240;10228
1376;20120073000;12155122222;12655122222;10240;10228
1377;20120080000;12155122222;12655122222;10240;10228
1378;20120084000;12196444444;12696444444;10240;10228
1379;20120330000;12196444444;12696444444;10240;10228
1380;20120336000;12196444444;12696444444;10240;10228
1381;20120597000;12196444444;12696444444;10240;10228
1382;20120620000;12196444444;12696444444;10240;10228
1383;20120800000;12196444444;12696444444;10240;10228
1384;20120810000;12196444444;12696444444;10240;10228
1385;20121080000;12196466666;12696466666;10240;10228
1386;20121087000;12196755555;12696755555;10240;10228
1387;20121334000;12196755555;12696755555;10240;10228
1388;20121353000;12196755555;12696755555;10240;10228
1389;20121575000;12238111111;12738111111;10240;10228
1390;20121587000;12238111111;12738111111;10240;10228
1391;20121822000;12238111111;12738111111;10240;10228
1392;20121834000;12238111111;12738111111;10240;10228
1393;20122077000;12238111111;12738111111;10240;10228
1394;20122083000;12238111111;12738111111;10240;10228
1395;20122088000;12238111111;12738111111;10240;10228
1396;20122297000;12238133333;12738133333;10240;10228
1397;20122596000;12238433333;12738433333;10240;10228
1398;20122849000;12238433333;12738433333;10240;10228
1399;20122855000;12238433333;12738433333;10240;10228
1400;20123054000;12279777777;12779777777;10240;10228
1401;20123061000;12279777777;12779777777;10240;10228
1402;20123317000;12279777777;12779777777;10240;10228
1403;20123325000;12279777777;12779777777;10240;10228
1404;20123595000;12279777777;12779777777;10240;10228
1405;20123602000;12279777777;12779777777;10240;10228
1406;20123839000;12279777777;12779777777;10240;10228
1407;20123848000;12279800000;12779800000;10240;10228
1408;20123853000;12280144444;12780144444;10240;10228
1409;20124111000;12280144444;12780144444;10240;10228
1410;20124120000;12280144444;12780144444;10240;10228
1411;20124307000;12321444444;12821444444;10240;10228
1412;20124314000;12321444444;12821444444;10240;10228
1413;20124597000;12321444444;12821444444;10240;10228
1414;20124604000;12321444444;12821444444;10240;10228
1415;20124838000;12321444444;12821444444;10240;10228
1416;20124844000;12321444444;12821444444;10240;10228
1417;20125093000;12321444444;12821444444;10240;10228
1418;20125100000;12321466666;12821466666;10240;10228
1419;20125310000;12321755555;12821755555;10240;10228
1420;20125318000;12321755555;12821755555;10240;10228
1421;20125600000;12321755555;12821755555;10240;10228
1422;20125608000;12363111111;12863111111;10240;10228
1423;20125617000;12363111111;12863111111;10240;10228
1424;20125841000;12363111111;12863111111;10240;10228
1425;20125846000;12363111111;12863111111;10240;10228
1426;20126086000;12363111111;12863111111;10240;10228
1427;20126091000;12363111111;12863111111;10240;10228
1428;20126340000;12363111111;12863111111;10240;10228
1429;20126346000;12363122222;12863122222;10240;10228
1430;20126588000;12363388888;12863388888;10240;10228
1431;20126595000;12363388888;12863388888;10240;10228
1432;20126842000;12363388888;12863388888;10240;10228
1433;20317509000;12404777777;12904777777;10240;10228
1434;20317876000;12404777777;12904777777;10240;10228
1435;20318136000;12404777777;12904777777;10240;10228
1436;20318143000;12404777777;12904777777;10240;10228
1437;20318148000;12404777777;12904777777;10240;10228
1438;20318373000;12404777777;12904777777;10240;10228
1439;20318640000;12404777777;12904777777;10240;10228
1440;20318650000;12404800000;12904800000;10240;10228
1441;20319080000;12405111111;12905111111;10240;10228
1442;20319093000;12405111111;12905111111;10240;10228
1443;20319325000;12405111111;12905111111;10240;10228
1444;20319339000;12446444444;12946444444;10240;10228
1445;20319583000;12446444444;12946444444;10240;10228
1446;20319595000;12446444444;12946444444;10240;10228
1447;20319853000;12446444444;12946444444;10240;10228
1448;20319864000;12446444444;12946444444;10240;10228
1449;20320052000;12446444444;12946444444;10240;10228
1450;20320325000;12446444444;12946444444;10240;10228
1451;20320333000;12446455555;12946455555;10240;10228
1452;20320624000;12446755555;12946755555;10240;10228
1453;20320635000;12446755555;12946755555;10240;10228
1454;20320919000;12446755555;12946755555;10240;10228
1455;20321164000;12488111111;12988111111;10240;10228
1456;20321380000;12488111111;12988111111;10240;10228
1457;20321395000;12488111111;12988111111;10240;10228
1458;20321411000;12488111111;12988111111;10240;10228
1459;20321659000;12488111111;12988111111;10240;10228
1460;20321668000;12488111111;12988111111;10240;10228
1461;20321918000;12488111111;12988111111;10240;10228
1462;20321936000;12488133333;12988133333;10240;10228
1463;20322167000;12488444444;12988444444;10240;10228
1464;20322174000;12488444444;12988444444;10240;10228
1465;20322384000;12488444444;12988444444;10240;10228
1466;20322392000;12529777777;13029777777;10240;10228
1467;20322676000;12529777777;13029777777;10240;10228
1468;20322687000;12529777777;13029777777;10240;10228
1469;20322692000;12529777777;13029777777;10240;10228
1470;20322917000;12529777777;13029777777;10240;10228
1472;20322922000;12529777777;13029777777;10240;10228
1473;20323130000;12529800000;13029800000;10240;10228
1474;20323140000;12530133333;13030133333;10240;10228
1475;20323405000;12530133333;13030133333;10240;10228
1476;20323415000;12530133333;13030133333;10240;10228
1477;20323676000;12571444444;13071444444;10240;10228
1478;20323696000;12571444444;13071444444;10240;10228
1479;20323925000;12571444444;13071444444;10240;10228
1480;20324186000;12571444444;13071444444;10240;10228
1481;20324193000;12571444444;13071444444;10240;10228
1482;20324381000;12571444444;13071444444;10240;10228
1483;20324674000;12571444444;13071444444;10240;10228
1484;20324681000;12571466666;13071466666;10240;10228
1485;20324688000;12571777777;13071777777;10240;10228
1486;20324926000;12571777777;13071777777;10240;10228
1487;20324932000;12571777777;13071777777;10240;10228
1488;20325174000;12613111111;13113111111;10240;10228
1489;20325180000;12613111111;13113111111;10240;10228
1490;20325384000;12613111111;13113111111;10240;10228
1491;20325389000;12613111111;13113111111;10240;10228
1492;20325706000;12613111111;13113111111;10240;10228
1493;20325716000;12613111111;13113111111;10240;10228
1494;20325953000;12613111111;13113111111;10240;10228
1495;20325958000;12613133333;13113133333;10240;10228
1496;20326195000;12613433333;13113433333;10240;10228
1497;20326203000;12613433333;13113433333;10240;10228
1498;20326407000;12613433333;13113433333;10240;10228
1501;20326417000;12654777777;13154777777;10240;10228
1502;20326704000;12654777777;13154777777;10240;10228
1503;20326949000;12654777777;13154777777;10240;10228
1504;20326954000;12654777777;13154777777;10240;10228
1505;20327206000;12654777777;13154777777;10240;10228
1506;20327212000;12654788888;13154788888;10240;10228
1507;20327419000;12655100000;13155100000;10240;10228
1508;20327426000;12655100000;13155100000;10240;10228
1509;20327706000;12655100000;13155100000;10240;10228
1510;20327713000;12696433333;13196433333;10240;10228
1511;20327956000;12696433333;13196433333;10240;10228
1512;20518019000;12696433333;13196433333;10240;10228
1513;20518643000;12696433333;13196433333;10240;10228
1514;20518908000;12696433333;13196433333;10240;10228
1515;20519244000;12696433333;13196433333;10240;10228
1516;20519268000;12696433333;13196433333;10240;10228
1517;20519484000;12696455555;13196455555;10240;10228
1518;20519517000;12696744444;13196744444;10240;10228
1519;20519757000;12696744444;13196744444;10240;10228
1520;20519767000;12696744444;13196744444;10240;10228
1521;20520394000;12738100000;13238100000;10240;10228
1522;20520677000;12738100000;13238100000;10240;10228
1523;20520687000;12738100000;13238100000;10240;10228
1524;20520691000;12738100000;13238100000;10240;10228
1525;20520932000;12738100000;13238100000;10240;10228
1526;20520941000;12738100000;13238100000;10240;10228
1527;20521173000;12738100000;13238100000;10240;10228
1528;20521191000;12738122222;13238122222;10240;10228
1529;20522762000;12738422222;13238422222;10240;10228
1530;20522773000;12738422222;13238422222;10240;10228
1531;20523023000;12738422222;13238422222;10240;10228
1532;20523029000;12779822222;13279822222;10240;10228
1533;20523239000;12779822222;13279822222;10240;10228
1534;20523250000;12779822222;13279822222;10240;10228
1535;20523486000;12779822222;13279822222;10240;10228
1536;20523496000;12779822222;13279822222;10240;10228
1537;20523760000;12779822222;13279822222;10240;10228
1538;20523771000;12779822222;13279822222;10240;10228
1539;20523970000;12779833333;13279833333;10240;10228
1540;20523978000;12780188888;13280188888;10240;10228
1543;20524228000;12821444444;13321444444;10240;10228
1544;20524247000;12821444444;13321444444;10240;10228
1545;20524465000;12821444444;13321444444;10240;10228
1546;20524491000;12821444444;13321444444;10240;10228
1547;20524768000;12821444444;13321444444;10240;10228
1548;20524782000;12821444444;13321444444;10240;10228
1549;20524787000;12821444444;13321444444;10240;10228
1550;20525007000;12821466666;13321466666;10240;10228
1551;20525028000;12821766666;13321766666;10240;10228
1552;20525262000;12821766666;13321766666;10240;10228
1553;20525278000;12821766666;13321766666;10240;10228
1554;20525457000;12863111111;13363111111;10240;10228
1555;20525465000;12863111111;13363111111;10240;10228
1556;20525771000;12863111111;13363111111;10240;10228
1557;20525783000;12863111111;13363111111;10240;10228
1558;20525999000;12863111111;13363111111;10240;10228
1559;20526009000;12863111111;13363111111;10240;10228
1560;20526259000;12863111111;13363111111;10240;10228
1561;20526265000;12863122222;13363122222;10240;10228
1562;20526276000;12863400000;13363400000;10240;10228
1563;20526459000;12863400000;13363400000;10240;10228
1564;20526762000;12863400000;13363400000;10240;10228
1565;20526768000;12904766666;13404766666;10240;10228
1566;20526779000;12904766666;13404766666;10240;10228
1567;20527005000;12904766666;13404766666;10240;10228
1568;20527014000;12904766666;13404766666;10240;10228
1569;20527257000;12904766666;13404766666;10240;10228
1570;20527265000;12904766666;13404766666;10240;10228
1571;20527493000;12904766666;13404766666;10240;10228
1572;20527509000;12904788888;13404788888;10240;10228
1573;20527773000;12905144444;13405144444;10240;10228
1574;20527783000;12905144444;13405144444;10240;10228
1575;20527796000;12905144444;13405144444;10240;10228
1576;20528004000;12946444444;13446444444;10240;10228
1577;20528258000;12946444444;13446444444;10240;10228
1578;20528265000;12946444444;13446444444;10240;10228
1579;20528269000;12946444444;13446444444;10240;10228
1580;20528462000;12946444444;13446444444;10240;10228
1582;20528468000;12946444444;13446444444;10240;10228
1583;20528757000;12946455555;13446455555;10240;10228
1584;20528765000;12946766666;13446766666;10240;10228
1585;20529007000;12946766666;13446766666;10240;10228
1586;20529012000;12946766666;13446766666;10240;10228
1587;20529262000;12988111111;13488111111;10240;10228
1588;20529267000;12988111111;13488111111;10240;10228
1589;20529482000;12988111111;13488111111;10240;10228
1590;20719203000;12988111111;13488111111;10240;10228
1591;20719214000;12988111111;13488111111;10240;10228
1592;20719744000;12988111111;13488111111;10240;10228
1593;20720022000;12988111111;13488111111;10240;10228
1594;20720040000;12988133333;13488133333;10240;10228
1595;20720314000;12988422222;13488422222;10240;10228
1596;20720576000;12988422222;13488422222;10240;10228
1597;20720841000;12988422222;13488422222;10240;10228
1598;20720851000;13029777777;13529777777;10240;10228
1599;20721078000;13029777777;13529777777;10240;10228
1600;20721100000;13029777777;13529777777;10240;10228
1601;20721759000;13029777777;13529777777;10240;10228
1602;20721770000;13029777777;13529777777;10240;10228
1603;20721992000;13029777777;13529777777;10240;10228
1604;20722240000;13029777777;13529777777;10240;10228
1605;20722254000;13029800000;13529800000;10240;10228
1606;20722269000;13030133333;13530133333;10240;10228
1607;20723397000;13030133333;13530133333;10240;10228
1608;20723651000;13030133333;13530133333;10240;10228
1609;20723665000;13071444444;13571444444;10240;10228
1610;20723948000;13071444444;13571444444;10240;10228
1611;20723962000;13071444444;13571444444;10240;10228
1612;20724175000;13071444444;13571444444;10240;10228
1613;20724188000;13071444444;13571444444;10240;10228
1614;20724405000;13071444444;13571444444;10240;10228
1615;20724695000;13071444444;13571444444;10240;10228
1616;20724705000;13071466666;13571466666;10240;10228
1617;20724724000;13071755555;13571755555;10240;10228
1618;20724930000;13071755555;13571755555;10240;10228
1619;20725178000;13071755555;13571755555;10240;10228
1620;20725185000;13113100000;13613100000;10240;10228
1621;20725389000;13113100000;13613100000;10240;10228
1622;20725406000;13113100000;13613100000;10240;10228
1624;20725644000;13113100000;13613100000;10240;10228
1625;20725935000;13113100000;13613100000;10240;10228
1626;20725945000;13113100000;13613100000;10240;10228
1627;20725956000;13113122222;13613122222;10240;10228
1628;20726174000;13113422222;13613422222;10240;10228
1629;20726182000;13113422222;13613422222;10240;10228
1630;20726422000;13113422222;13613422222;10240;10228
1631;20726431000;13154766666;13654766666;10240;10228
1632;20726685000;13154766666;13654766666;10240;10228
1633;20726693000;13154766666;13654766666;10240;10228
1634;20726921000;13154766666;13654766666;10240;10228
1635;20726931000;13154766666;13654766666;10240;10228
1636;20727179000;13154766666;13654766666;10240;10228
1637;20727185000;13154766666;13654766666;10240;10228
1638;20727381000;13154777777;13654777777;10240;10228
1639;20727388000;13155122222;13655122222;10240;10228
1640;20727681000;13155122222;13655122222;10240;10228
1641;20727688000;13155122222;13655122222;10240;10228
1642;20727692000;13196444444;13696444444;10240;10228
1643;20727930000;13196444444;13696444444;10240;10228
1644;20727936000;13196444444;13696444444;10240;10228
1645;20728177000;13196444444;13696444444;10240;10228
1646;20728184000;13196444444;13696444444;10240;10228
1647;20728395000;13196444444;13696444444;10240;10228
1648;20728401000;13196444444;13696444444;10240;10228
1649;20728681000;13196466666;13696466666;10240;10228
1650;20728687000;13196777777;13696777777;10240;10228
1651;20728933000;13196777777;13696777777;10240;10228
1652;20728939000;13196777777;13696777777;10240;10228
1653;20729192000;13238111111;13738111111;10240;10228
1654;20729200000;13238111111;13738111111;10240;10228
1655;20729204000;13238111111;13738111111;10240;10228
1656;20729397000;13238111111;13738111111;10240;10228
1657;20729687000;13238111111;13738111111;10240;10228
1658;20729693000;13238111111;13738111111;10240;10228
1659;20729738000;13238111111;13738111111;10240;10228
1660;20729937000;13238133333;13738133333;10240;10228
1661;20729949000;13238444444;13738444444;10240;10228
1662;20730169000;13238444444;13738444444;10240;10228
1663;20730175000;13238444444;13738444444;10240;10228
1664;20730393000;13279777777;13779777777;10240;10228
1665;20730400000;13279777777;13779777777;10240;10228
1666;20730689000;13279777777;13779777777;10240;10228
1667;20730694000;13279777777;13779777777;10240;10228
1668;20919719000;13279777777;13779777777;10240;10228
1669;20919967000;13279777777;13779777777;10240;10228
1670;20920291000;13279777777;13779777777;10240;10228
1671;20920565000;13279800000;13779800000;10240;10228
1672;20921148000;13280133333;13780133333;10240;10228
1673;20921162000;13280133333;13780133333;10240;10228
1674;20921379000;13280133333;13780133333;10240;10228
1675;20921397000;13321444444;13821444444;10240;10228
1676;20921646000;13321444444;13821444444;10240;10228
1677;20921920000;13321444444;13821444444;10240;10228
1678;20922174000;13321444444;13821444444;10240;10228
1679;20922416000;13321444444;13821444444;10240;10228
1680;20922425000;13321444444;13821444444;10240;10228
1681;20922735000;13321444444;13821444444;10240;10228
1682;20922744000;13321466666;13821466666;10240;10228
1683;20922978000;13321777777;13821777777;10240;10228
1684;20923306000;13321777777;13821777777;10240;10228
1685;20923904000;13321777777;13821777777;10240;10228
1686;20924152000;13363111111;13863111111;10240;10228
1687;20924393000;13363111111;13863111111;10240;10228
1688;20924765000;13363111111;13863111111;10240;10228
1689;20924777000;13363111111;13863111111;10240;10228
1690;20925001000;13363111111;13863111111;10240;10228
1691;20925242000;13363111111;13863111111;10240;10228
1692;20925258000;13363111111;13863111111;10240;10228
1693;20925266000;13363133333;13863133333;10240;10228
1694;20925598000;13363400000;13863400000;10240;10228
1695;20925609000;13363400000;13863400000;10240;10228
1696;20925838000;13363400000;13863400000;10240;10228
1697;20925848000;13404777777;13904777777;10240;10228
1698;20926075000;13404777777;13904777777;10240;10228
1699;20926291000;13404777777;13904777777;10240;10228
1700;20926309000;13404777777;13904777777;10240;10228
1701;20926586000;13404777777;13904777777;10240;10228
1702;20926828000;13404777777;13904777777;10240;10228
1703;20926834000;13404777777;13904777777;10240;10228
1704;20926837000;13404800000;13904800000;10240;10228
1705;20927062000;13405133333;13905133333;10240;10228
1706;20927298000;13405133333;13905133333;10240;10228
1707;20927306000;13405133333;13905133333;10240;10228
1708;20927312000;13446444444;13946444444;10240;10228
1709;20927587000;13446444444;13946444444;10240;10228
1710;20927592000;13446444444;13946444444;10240;10228
1711;20927825000;13446444444;13946444444;10240;10228
1712;20927832000;13446444444;13946444444;10240;10228
1714;20928073000;13446444444;13946444444;10240;10228
1715;20928094000;13446455555;13946455555;10240;10228
1716;20928330000;13446766666;13946766666;10240;10228
1717;20928335000;13446766666;13946766666;10240;10228
1718;20928594000;13446766666;13946766666;10240;10228
1719;20928837000;13488111111;13988111111;10240;10228
1720;20928843000;13488111111;13988111111;10240;10228
1721;20929081000;13488111111;13988111111;10240;10228
1722;20929091000;13488111111;13988111111;10240;10228
1723;20929335000;13488111111;13988111111;10240;10228
1724;20929341000;13488111111;13988111111;10240;10228
1725;20929592000;13488111111;13988111111;10240;10228
1726;20929598000;13488133333;13988133333;10240;10228
1727;20929602000;13488433333;13988433333;10240;10228
1728;20929835000;13488433333;13988433333;10240;10228
1729;20929843000;13488433333;13988433333;10240;10228
1730;20930077000;13529777777;14029777777;10240;10228
1731;20930082000;13529777777;14029777777;10240;10228
1732;20930305000;13529777777;14029777777;10240;10228
1733;20930311000;13529777777;14029777777;10240;10228
1735;20930596000;13529777777;14029777777;10240;10228
1736;20930603000;13529777777;14029777777;10240;10228
1737;20930863000;13529800000;14029800000;10240;10228
1738;20930869000;13530144444;14030144444;10240;10228
1740;20931081000;13530144444;14030144444;10240;10228
1741;20931087000;13571444444;14071444444;10240;10228
1742;20931337000;13571444444;14071444444;10240;10228
1743;20931343000;13571444444;14071444444;10240;10228
1744;20931359000;13571444444;14071444444;10240;10228
1745;20931844000;13571444444;14071444444;10240;10228
1746;20931850000;13571444444;14071444444;10240;10228
1747;21120211000;13571444444;14071444444;10240;10228
1748;21120998000;13571466666;14071466666;10240;10228
1749;21121246000;13571777777;14071777777;10240;10228
1750;21121256000;13571777777;14071777777;10240;10228
1751;21121755000;13571777777;14071777777;10240;10228
1752;21122272000;13613111111;14113111111;10240;10228
1753;21122283000;13613111111;14113111111;10240;10228
1754;21122526000;13613111111;14113111111;10240;10228
1755;21122539000;13613111111;14113111111;10240;10228
1756;21122779000;13613111111;14113111111;10240;10228
1757;21123276000;13613111111;14113111111;10240;10228
1758;21123591000;13613111111;14113111111;10240;10228
1759;21123600000;13613133333;14113133333;10240;10228
1760;21123917000;13613433333;14113433333;10240;10228
1762;21124159000;13613433333;14113433333;10240;10228
1763;21124404000;13654777777;14154777777;10240;10228
1764;21124409000;13654777777;14154777777;10240;10228
1765;21125496000;13654777777;14154777777;10240;10228
1766;21125770000;13654777777;14154777777;10240;10228
1767;21125781000;13654777777;14154777777;10240;10228
1768;21125786000;13654777777;14154777777;10240;10228
1769;21126087000;13654777777;14154777777;10240;10228
1770;21126095000;13654800000;14154800000;10240;10228
1771;21126343000;13655111111;14155111111;10240;10228
1772;21126352000;13655111111;14155111111;10240;10228
1774;21126604000;13696455555;14196455555;10240;10228
1775;21126615000;13696455555;14196455555;10240;10228
1776;21126896000;13696455555;14196455555;10240;10228
1777;21127181000;13696455555;14196455555;10240;10228
1778;21127187000;13696455555;14196455555;10240;10228
1779;21127439000;13696455555;14196455555;10240;10228
1780;21127444000;13696455555;14196455555;10240;10228
1781;21127784000;13696466666;14196466666;10240;10228
1782;21128048000;13696777777;14196777777;10240;10228
1783;21128055000;13696777777;14196777777;10240;10228
1784;21128375000;13696777777;14196777777;10240;10228
1785;21128663000;13738111111;14238111111;10240;10228
1786;21128679000;13738111111;14238111111;10240;10228
1787;21128684000;13738111111;14238111111;10240;10228
1788;21128919000;13738111111;14238111111;10240;10228
1789;21128928000;13738111111;14238111111;10240;10228
1790;21129160000;13738111111;14238111111;10240;10228
1791;21129166000;13738111111;14238111111;10240;10228
1792;21129377000;13738133333;14238133333;10240;10228
1793;21129387000;13738444444;14238444444;10240;10228
1794;21129662000;13738444444;14238444444;10240;10228
1795;21129673000;13738444444;14238444444;10240;10228
1796;21129907000;13779800000;14279800000;10240;10228
1797;21129913000;13779800000;14279800000;10240;10228
1798;21129919000;13779800000;14279800000;10240;10228
1799;21130164000;13779800000;14279800000;10240;10228
1800;21130170000;13779800000;14279800000;10240;10228
1801;21130376000;13779800000;14279800000;10240;10228
1802;21130671000;13779800000;14279800000;10240;10228
1803;21130680000;13779966666;14279966666;10240;10228
1804;21130687000;13780333333;14280333333;10240;10228
1805;21130911000;13780333333;14280333333;10240;10228
1806;21130916000;13780333333;14280333333;10240;10228
1807;21131139000;13821444444;14321444444;10240;10228
1808;21131158000;13821444444;14321444444;10240;10228
1809;21131375000;13821444444;14321444444;10240;10228
1810;21131380000;13821444444;14321444444;10240;10228
1812;21131663000;13821444444;14321444444;10240;10228
1813;21131671000;13821444444;14321444444;10240;10228
1814;21131675000;13821466666;14321466666;10240;10228
1815;21131920000;13821777777;14321777777;10240;10228
1816;21131926000;13821777777;14321777777;10240;10228
1817;21132171000;13821777777;14321777777;10240;10228
1818;21132177000;13863111111;14363111111;10240;10228
1819;21132373000;13863111111;14363111111;10240;10228
1820;21132665000;13863111111;14363111111;10240;10228
1821;21132673000;13863111111;14363111111;10240;10228
1822;21132677000;13863111111;14363111111;10240;10228
1823;21132915000;13863111111;14363111111;10240;10228
1824;21132920000;13863111111;14363111111;10240;10228
1825;21133169000;13863133333;14363133333;10240;10228
1826;21321198000;13863422222;14363422222;10240;10228
1827;21321543000;13863422222;14363422222;10240;10228
1828;21322297000;13863422222;14363422222;10240;10228
1829;21322547000;13904777777;14404777777;10240;10228
1830;21322825000;13904777777;14404777777;10240;10228
1831;21322839000;13904777777;14404777777;10240;10228
1832;21323317000;13904777777;14404777777;10240;10228
1833;21323577000;13904777777;14404777777;10240;10228
1834;21323593000;13904777777;14404777777;10240;10228
1835;21323829000;13904777777;14404777777;10240;10228
1836;21323844000;13904800000;14404800000;10240;10228
1837;21324344000;13905144444;14405144444;10240;10228
1838;21324602000;13905144444;14405144444;10240;10228
1839;21324613000;13905144444;14405144444;10240;10228
1840;21325447000;13946444444;14446444444;10240;10228
1841;21325459000;13946444444;14446444444;10240;10228
1842;21326011000;13946444444;14446444444;10240;10228
1843;21326253000;13946444444;14446444444;10240;10228
1844;21326600000;13946444444;14446444444;10240;10228
1845;21326612000;13946444444;14446444444;10240;10228
1846;21326840000;13946444444;14446444444;10240;10228
1847;21326851000;13946455555;14446455555;10240;10228
1848;21327076000;13946733333;14446733333;10240;10228
1849;21327082000;13946733333;14446733333;10240;10228
1850;21327332000;13946733333;14446733333;10240;10228
1851;21327337000;13988144444;14488144444;10240;10228
1852;21327600000;13988144444;14488144444;10240;10228
1853;21327609000;13988144444;14488144444;10240;10228
1854;21327850000;13988144444;14488144444;10240;10228
1855;21327868000;13988144444;14488144444;10240;10228
1856;21328113000;13988144444;14488144444;10240;10228
1857;21328301000;13988144444;14488144444;10240;10228
1858;21328311000;13988155555;14488155555;10240;10228
1859;21328316000;13988433333;14488433333;10240;10228
1860;21328603000;13988433333;14488433333;10240;10228
1861;21328886000;13988433333;14488433333;10240;10228
1862;21328893000;14029777777;14529777777;10240;10228
1863;21329130000;14029777777;14529777777;10240;10228
1864;21329379000;14029777777;14529777777;10240;10228
1865;21329385000;14029777777;14529777777;10240;10228
1866;21329638000;14029777777;14529777777;10240;10228
1867;21329646000;14029777777;14529777777;10240;10228
1868;21329892000;14029777777;14529777777;10240;10228
1869;21329899000;14029800000;14529800000;10240;10228
1870;21330195000;14030122222;14530122222;10240;10228
1871;21330206000;14030122222;14530122222;10240;10228
1872;21330409000;14030122222;14530122222;10240;10228
1873;21330696000;14071444444;14571444444;10240;10228
1874;21330715000;14071444444;14571444444;10240;10228
1875;21330964000;14071444444;14571444444;10240;10228
1876;21330976000;14071444444;14571444444;10240;10228
1877;21331208000;14071444444;14571444444;10240;10228
1878;21331215000;14071444444;14571444444;10240;10228
1879;21331399000;14071444444;14571444444;10240;10228
1880;21331406000;14071466666;14571466666;10240;10228
1881;21331697000;14071733333;14571733333;10240;10228
1883;21331706000;14071733333;14571733333;10240;10228
1884;21331947000;14113100000;14613100000;10240;10228
1885;21331953000;14113100000;14613100000;10240;10228
1886;21332199000;14113100000;14613100000;10240;10228
1887;21332205000;14113100000;14613100000;10240;10228
1888;21332401000;14113100000;14613100000;10240;10228
1889;21332407000;14113100000;14613100000;10240;10228
1890;21332692000;14113100000;14613100000;10240;10228
1891;21332698000;14113122222;14613122222;10240;10228
1892;21332934000;14113400000;14613400000;10240;10228
1893;21332944000;14113400000;14613400000;10240;10228
1894;21333202000;14113400000;14613400000;10240;10228
1895;21333213000;14154766666;14654766666;10240;10228
1896;21333218000;14154766666;14654766666;10240;10228
1897;21333411000;14154766666;14654766666;10240;10228
1898;21333715000;14154766666;14654766666;10240;10228
1899;21333731000;14154766666;14654766666;10240;10228
1900;21333953000;14154766666;14654766666;10240;10228
1901;21333959000;14154766666;14654766666;10240;10228
1902;21333967000;14154788888;14654788888;10240;10228
1904;21522367000;14155100000;14655100000;10240;10228
1905;21522624000;14155100000;14655100000;10240;10228
1906;21522635000;14196455555;14696455555;10240;10228
1907;21523420000;14196455555;14696455555;10240;10228
1908;21523433000;14196455555;14696455555;10240;10228
1909;21523929000;14196455555;14696455555;10240;10228
1910;21523940000;14196455555;14696455555;10240;10228
1911;21524173000;14196455555;14696455555;10240;10228
1912;21524416000;14196455555;14696455555;10240;10228
1913;21524422000;14196477777;14696477777;10240;10228
1914;21524927000;14196755555;14696755555;10240;10228
1915;21524937000;14196755555;14696755555;10240;10228
1916;21525170000;14196755555;14696755555;10240;10228
1917;21525653000;14238111111;14738111111;10240;10228
1918;21525662000;14238111111;14738111111;10240;10228
1919;21525922000;14238111111;14738111111;10240;10228
1920;21526596000;14238111111;14738111111;10240;10228
1921;21527117000;14238111111;14738111111;10240;10228
1922;21527137000;14238111111;14738111111;10240;10228
1923;21527390000;14238111111;14738111111;10240;10228
1924;21527397000;14238133333;14738133333;10240;10228
1925;21527622000;14238422222;14738422222;10240;10228
1926;21527912000;14238422222;14738422222;10240;10228
1927;21528152000;14238422222;14738422222;10240;10228
1928;21528160000;14279777777;14779777777;10240;10228
1929;21528403000;14279777777;14779777777;10240;10228
1930;21528409000;14279777777;14779777777;10240;10228
1931;21528670000;14279777777;14779777777;10240;10228
1932;21528678000;14279777777;14779777777;10240;10228
1933;21528914000;14279777777;14779777777;10240;10228
1934;21528921000;14279777777;14779777777;10240;10228
1935;21529173000;14279800000;14779800000;10240;10228
1936;21529194000;14280155555;14780155555;10240;10228
1937;21529409000;14280155555;14780155555;10240;10228
1938;21529416000;14280155555;14780155555;10240;10228
1939;21529660000;14321433333;14821433333;10240;10228
1940;21529668000;14321433333;14821433333;10240;10228
1941;21529988000;14321433333;14821433333;10240;10228
1942;21530011000;14321433333;14821433333;10240;10228
1943;21530351000;14321433333;14821433333;10240;10228
1944;21530358000;14321433333;14821433333;10240;10228
1945;21530618000;14321433333;14821433333;10240;10228
1946;21530628000;14321455555;14821455555;10240;10228
1947;21530859000;14321733333;14821733333;10240;10228
1948;21530879000;14321733333;14821733333;10240;10228
1949;21531108000;14321733333;14821733333;10240;10228
1950;21531352000;14363100000;14863100000;10240;10228
1951;21531361000;14363100000;14863100000;10240;10228
1952;21531598000;14363100000;14863100000;10240;10228
1955;21532001000;14363100000;14863100000;10240;10228
1956;21532215000;14363100000;14863100000;10240;10228
1959;21532221000;14363366666;14863366666;10240;10228
1960;21532437000;14363366666;14863366666;10240;10228
1961;21532442000;14404777777;14904777777;10240;10228
1962;21533051000;14404777777;14904777777;10240;10228
1963;21533058000;14404777777;14904777777;10240;10228
1964;21533299000;14404777777;14904777777;10240;10228
1965;21533304000;14404777777;14904777777;10240;10228
1966;21533563000;14404777777;14904777777;10240;10228
1967;21533569000;14404777777;14904777777;10240;10228
1968;21533801000;14404800000;14904800000;10240;10228
1969;21533807000;14405100000;14905100000;10240;10228
1970;21534045000;14405100000;14905100000;10240;10228
1971;21534051000;14405100000;14905100000;10240;10228
1972;21534306000;14446444444;14946444444;10240;10228
1973;21534314000;14446444444;14946444444;10240;10228
1974;21534318000;14446444444;14946444444;10240;10228
1975;21534551000;14446444444;14946444444;10240;10228
1976;21534556000;14446444444;14946444444;10240;10228
1977;21534805000;14446444444;14946444444;10240;10228
1978;21534810000;14446444444;14946444444;10240;10228
1979;21535061000;14446466666;14946466666;10240;10228
1980;21535081000;14446744444;14946744444;10240;10228
1981;21535317000;14446744444;14946744444;10240;10228
1982;21722900000;14446744444;14946744444;10240;10228
1983;21723751000;14488111111;14988111111;10240;10228
1984;21723777000;14488111111;14988111111;10240;10228
1985;21724542000;14488111111;14988111111;10240;10228
1986;21724807000;14488111111;14988111111;10240;10228
1987;21724815000;14488111111;14988111111;10240;10228
1988;21725043000;14488111111;14988111111;10240;10228
1989;21725061000;14488111111;14988111111;10240;10228
1990;21725296000;14488133333;14988133333;10240;10228
1991;21725504000;14488400000;14988400000;10240;10228
1992;21726056000;14488400000;14988400000;10240;10228
1993;21726065000;14488400000;14988400000;10240;10228
1994;21726292000;14529788888;15029788888;10240;10228
1995;21726298000;14529788888;15029788888;10240;10228
1996;21726766000;14529788888;15029788888;10240;10228
1997;21726777000;14529788888;15029788888;10240;10228
1998;21727021000;14529788888;15029788888;10240;10228
1999;21727256000;14529788888;15029788888;10240;10228
2000;21727693000;14529788888;15029788888;10240;10228
2001;21727924000;14529800000;15029800000;10240;10228
2002;21728425000;14530133333;15030133333;10240;10228
2003;21728744000;14530133333;15030133333;10240;10228
2004;21728770000;14530133333;15030133333;10240;10228
2005;21728995000;14571444444;15071444444;10240;10228
2006;21729247000;14571444444;15071444444;10240;10228
2007;21729257000;14571444444;15071444444;10240;10228
2008;21729451000;14571444444;15071444444;10240;10228
2009;21729748000;14571444444;15071444444;10240;10228
2010;21729769000;14571444444;15071444444;10240;10228
2011;21730001000;14571444444;15071444444;10240;10228
2012;21730012000;14571466666;15071466666;10240;10228
2013;21730018000;14571755555;15071755555;10240;10228
2014;21730255000;14571755555;15071755555;10240;10228
2015;21730482000;14571755555;15071755555;10240;10228
2016;21730774000;14613111111;15113111111;10240;10228
2017;21730782000;14613111111;15113111111;10240;10228
2018;21730786000;14613111111;15113111111;10240;10228
2019;21731023000;14613111111;15113111111;10240;10228
2020;21731033000;14613111111;15113111111;10240;10228
2021;21731265000;14613111111;15113111111;10240;10228
2022;21731270000;14613111111;15113111111;10240;10228
2023;21731487000;14613133333;15113133333;10240;10228
2024;21731787000;14613433333;15113433333;10240;10228
2025;21731797000;14613433333;15113433333;10240;10228
2026;21732017000;14613433333;15113433333;10240;10228
2027;21732037000;14654777777;15154777777;10240;10228
2028;21732301000;14654777777;15154777777;10240;10228
2029;21732546000;14654777777;15154777777;10240;10228
2030;21732564000;14654777777;15154777777;10240;10228
2031;21732781000;14654777777;15154777777;10240;10228
2032;21732786000;14654777777;15154777777;10240;10228
2033;21733300000;14654777777;15154777777;10240;10228
2034;21733309000;14654800000;15154800000;10240;10228
2035;21733523000;14655088888;15155088888;10240;10228
2036;21733534000;14655088888;15155088888;10240;10228
2037;21733807000;14655088888;15155088888;10240;10228
2038;21733818000;14696444444;15196444444;10240;10228
2039;21734141000;14696444444;15196444444;10240;10228
2040;21734149000;14696444444;15196444444;10240;10228
2041;21734388000;14696444444;15196444444;10240;10228
2042;21734397000;14696444444;15196444444;10240;10228
2043;21734646000;14696444444;15196444444;10240;10228
2044;21734653000;14696444444;15196444444;10240;10228
2045;21734904000;14696466666;15196466666;10240;10228
2046;21734914000;14696733333;15196733333;10240;10228
2047;21735152000;14696733333;15196733333;10240;10228
2048;21735171000;14696733333;15196733333;10240;10228
2049;21735391000;14738111111;15238111111;10240;10228
2050;21735396000;14738111111;15238111111;10240;10228
2051;21735644000;14738111111;15238111111;10240;10228
2052;21735649000;14738111111;15238111111;10240;10228
2053;21735891000;14738111111;15238111111;10240;10228
2054;21735897000;14738111111;15238111111;10240;10228
2055;21735901000;14738111111;15238111111;10240;10228
2056;21736136000;14738133333;15238133333;10240;10228
2057;21736144000;14738411111;15238411111;10240;10228
2058;21736386000;14738411111;15238411111;10240;10228
2059;21736396000;14738411111;15238411111;10240;10228
2060;21924010000;14779777777;15279777777;10240;10228
2061;21924290000;14779777777;15279777777;10240;10228
2062;21924859000;14779777777;15279777777;10240;10228
2063;21924869000;14779777777;15279777777;10240;10228
2064;21925098000;14779777777;15279777777;10240;10228
2065;21925872000;14779777777;15279777777;10240;10228
2066;21925883000;14779777777;15279777777;10240;10228
2067;21926104000;14779800000;15279800000;10240;10228
2068;21926341000;14780122222;15280122222;10240;10228
2069;21926638000;14780122222;15280122222;10240;10228
2070;21926650000;14780122222;15280122222;10240;10228
2071;21926655000;14821444444;15321444444;10240;10228
2072;21927160000;14821444444;15321444444;10240;10228
2073;21927171000;14821444444;15321444444;10240;10228
2074;21927374000;14821444444;15321444444;10240;10228
2075;21927869000;14821444444;15321444444;10240;10228
2076;21927879000;14821444444;15321444444;10240;10228
2077;21928074000;14821444444;15321444444;10240;10228
2078;21928079000;14821466666;15321466666;10240;10228
2079;21928420000;14821766666;15321766666;10240;10228
2080;21928425000;14821766666;15321766666;10240;10228
2081;21929219000;14821766666;15321766666;10240;10228
2082;21929485000;14863111111;15363111111;10240;10228
2083;21929835000;14863111111;15363111111;10240;10228
2084;21929845000;14863111111;15363111111;10240;10228
2085;21930277000;14863111111;15363111111;10240;10228
2086;21930577000;14863111111;15363111111;10240;10228
2087;21930815000;14863111111;15363111111;10240;10228
2088;21931031000;14863111111;15363111111;10240;10228
2089;21931037000;14863122222;15363122222;10240;10228
2090;21931280000;14863400000;15363400000;10240;10228
2091;21931287000;14863400000;15363400000;10240;10228
2092;21931575000;14863400000;15363400000;10240;10228
2093;21931584000;14904777777;15404777777;10240;10228
2094;21931825000;14904777777;15404777777;10240;10228
2095;21931835000;14904777777;15404777777;10240;10228
2096;21932040000;14904777777;15404777777;10240;10228
2097;21932050000;14904777777;15404777777;10240;10228
2098;21932291000;14904777777;15404777777;10240;10228
2099;21932302000;14904777777;15404777777;10240;10228
2100;21932306000;14904800000;15404800000;10240;10228
2101;21932594000;14905133333;15405133333;10240;10228
2102;21932603000;14905133333;15405133333;10240;10228
2103;21932818000;14905133333;15405133333;10240;10228
2104;21932825000;14946444444;15446444444;10240;10228
2105;21933033000;14946444444;15446444444;10240;10228
2106;21933038000;14946444444;15446444444;10240;10228
2107;21933282000;14946444444;15446444444;10240;10228
2108;21933637000;14946444444;15446444444;10240;10228
2109;21933645000;14946444444;15446444444;10240;10228
2110;21933853000;14946444444;15446444444;10240;10228
2111;21933860000;14946455555;15446455555;10240;10228
2112;21934130000;14946777777;15446777777;10240;10228
2113;21934374000;14946777777;15446777777;10240;10228
2114;21934381000;14946777777;15446777777;10240;10228
2115;21934675000;14988111111;15488111111;10240;10228
2116;21934684000;14988111111;15488111111;10240;10228
2117;21934889000;14988111111;15488111111;10240;10228
2118;21935140000;14988111111;15488111111;10240;10228
2119;21935145000;14988111111;15488111111;10240;10228
2120;21935389000;14988111111;15488111111;10240;10228
2121;21935394000;14988111111;15488111111;10240;10228
2122;21935398000;14988133333;15488133333;10240;10228
2123;21935791000;14988433333;15488433333;10240;10228
2124;21935799000;14988433333;15488433333;10240;10228
2125;21936003000;14988433333;15488433333;10240;10228
2126;21936257000;15029777777;15529777777;10240;10228
2127;21936526000;15029777777;15529777777;10240;10228
2128;21936533000;15029777777;15529777777;10240;10228
2129;21936772000;15029777777;15529777777;10240;10228
2130;21936785000;15029777777;15529777777;10240;10228
2131;21937009000;15029777777;15529777777;10240;10228
2132;21937014000;15029777777;15529777777;10240;10228
2133;21937257000;15029800000;15529800000;10240;10228
2134;21937263000;15030144444;15530144444;10240;10228
2135;21937267000;15030144444;15530144444;10240;10228
2136;21937548000;15030144444;15530144444;10240;10228
2137;21937554000;15071444444;15571444444;10240;10228
2138;21937758000;15071444444;15571444444;10240;10228
2139;22124545000;15071444444;15571444444;10240;10228
2140;22125380000;15071444444;15571444444;10240;10228
2141;22126000000;15071444444;15571444444;10240;10228
2142;22126012000;15071444444;15571444444;10240;10228
2143;22126252000;15071444444;15571444444;10240;10228
2144;22126850000;15071455555;15571455555;10240;10228
2145;22127069000;15071766666;15571766666;10240;10228
2146;22127078000;15071766666;15571766666;10240;10228
2147;22127336000;15071766666;15571766666;10240;10228
2148;22127761000;15113100000;15613100000;10240;10228
2149;22127771000;15113100000;15613100000;10240;10228
2150;22128263000;15113100000;15613100000;10240;10228
2151;22128276000;15113100000;15613100000;10240;10228
2152;22128467000;15113100000;15613100000;10240;10228
2153;22128992000;15113100000;15613100000;10240;10228
2154;22129001000;15113100000;15613100000;10240;10228
2156;22129237000;15113433333;15613433333;10240;10228
2157;22129481000;15113433333;15613433333;10240;10228
2158;22129779000;15113433333;15613433333;10240;10228
2159;22129788000;15154766666;15654766666;10240;10228
2160;22130324000;15154766666;15654766666;10240;10228
2161;22130335000;15154766666;15654766666;10240;10228
2162;22130917000;15154766666;15654766666;10240;10228
2163;22131349000;15154766666;15654766666;10240;10228
2164;22131361000;15154766666;15654766666;10240;10228
2165;22131614000;15154766666;15654766666;10240;10228
2166;22131624000;15154777777;15654777777;10240;10228
2167;22131924000;15155133333;15655133333;10240;10228
2168;22131929000;15155133333;15655133333;10240;10228
2169;22132173000;15155133333;15655133333;10240;10228
2170;22132178000;15196444444;15696444444;10240;10228
2171;22132423000;15196444444;15696444444;10240;10228
2172;22132908000;15196444444;15696444444;10240;10228
2173;22133179000;15196444444;15696444444;10240;10228
2174;22133186000;15196444444;15696444444;10240;10228
2175;22133190000;15196444444;15696444444;10240;10228
2176;22133376000;15196444444;15696444444;10240;10228
2177;22133383000;15196466666;15696466666;10240;10228
2178;22133661000;15196777777;15696777777;10240;10228
2179;22133671000;15196777777;15696777777;10240;10228
2180;22133875000;15196777777;15696777777;10240;10228
2181;22133881000;15238111111;15738111111;10240;10228
2182;22134159000;15238111111;15738111111;10240;10228
2183;22134165000;15238111111;15738111111;10240;10228
2184;22134371000;15238111111;15738111111;10240;10228
2185;22134381000;15238111111;15738111111;10240;10228
2186;22134664000;15238111111;15738111111;10240;10228
2187;22134675000;15238111111;15738111111;10240;10228
2188;22134679000;15238133333;15738133333;10240;10228
2189;22134889000;15238444444;15738444444;10240;10228
2190;22134900000;15238444444;15738444444;10240;10228
2191;22135192000;15238444444;15738444444;10240;10228
2192;22135393000;15279777777;15779777777;10240;10228
2193;22135401000;15279777777;15779777777;10240;10228
2194;22135704000;15279777777;15779777777;10240;10228
2195;22135715000;15279777777;15779777777;10240;10228
2196;22135975000;15279777777;15779777777;10240;10228
2197;22136256000;15279777777;15779777777;10240;10228
2198;22136265000;15279777777;15779777777;10240;10228
2199;22136446000;15279800000;15779800000;10240;10228
2200;22136452000;15280133333;15780133333;10240;10228
2201;22136748000;15280133333;15780133333;10240;10228
2202;22136755000;15280133333;15780133333;10240;10228
2203;22136998000;15321444444;15821444444;10240;10228
2204;22137004000;15321444444;15821444444;10240;10228
2205;22137249000;15321444444;15821444444;10240;10228
2206;22137258000;15321444444;15821444444;10240;10228
2207;22137463000;15321444444;15821444444;10240;10228
2208;22137477000;15321444444;15821444444;10240;10228
2209;22137900000;15321444444;15821444444;10240;10228
2211;22138343000;15321777777;15821777777;10240;10228
2212;22138633000;15321777777;15821777777;10240;10228
2213;22138642000;15321777777;15821777777;10240;10228
2214;22138646000;15363111111;15863111111;10240;10228
2215;22138888000;15363111111;15863111111;10240;10228
2216;22138908000;15363111111;15863111111;10240;10228
2217;22139121000;15363111111;15863111111;10240;10228
2218;22325575000;15363111111;15863111111;10240;10228
2219;22325586000;15363111111;15863111111;10240;10228
2220;22326582000;15363111111;15863111111;10240;10228
2221;22327006000;15363122222;15863122222;10240;10228
2222;22327332000;15363411111;15863411111;10240;10228
2223;22327342000;15363411111;15863411111;10240;10228
2224;22327926000;15363411111;15863411111;10240;10228
2225;22328202000;15404777777;15904777777;10240;10228
2226;22328442000;15404777777;15904777777;10240;10228
2227;22328807000;15404777777;15904777777;10240;10228
2228;22328817000;15404777777;15904777777;10240;10228
2229;22329042000;15404777777;15904777777;10240;10228
2230;22329392000;15404777777;15904777777;10240;10228
2231;22329403000;15404777777;15904777777;10240;10228
2232;22329646000;15404800000;15904800000;10240;10228
2233;22330058000;15405122222;15905122222;10240;10228
2234;22330329000;15405122222;15905122222;10240;10228
2235;22330559000;15405122222;15905122222;10240;10228
2236;22330881000;15446444444;15946444444;10240;10228
2237;22330892000;15446444444;15946444444;10240;10228
2238;22331122000;15446444444;15946444444;10240;10228
2239;22331385000;15446444444;15946444444;10240;10228
2240;22331876000;15446444444;15946444444;10240;10228
2241;22331897000;15446444444;15946444444;10240;10228
2242;22332123000;15446444444;15946444444;10240;10228
2243;22332143000;15446455555;15946455555;10240;10228
2244;22332422000;15446777777;15946777777;10240;10228
2245;22332740000;15446777777;15946777777;10240;10228
2246;22332995000;15446777777;15946777777;10240;10228
2247;22333001000;15488111111;15988111111;10240;10228
2248;22333254000;15488111111;15988111111;10240;10228
2249;22333261000;15488111111;15988111111;10240;10228
2250;22333460000;15488111111;15988111111;10240;10228
2251;22333465000;15488111111;15988111111;10240;10228
2252;22333993000;15488111111;15988111111;10240;10228
2253;22334001000;15488111111;15988111111;10240;10228
2254;22334249000;15488133333;15988133333;10240;10228
2255;22334258000;15488433333;15988433333;10240;10228
2256;22334463000;15488433333;15988433333;10240;10228
2257;22334488000;15488433333;15988433333;10240;10228
2258;22334747000;15529777777;16029777777;10240;10228
2259;22334754000;15529777777;16029777777;10240;10228
2260;22334999000;15529777777;16029777777;10240;10228
2261;22335254000;15529777777;16029777777;10240;10228
2262;22335260000;15529777777;16029777777;10240;10228
2263;22335457000;15529777777;16029777777;10240;10228
2264;22335464000;15529777777;16029777777;10240;10228
2266;22335766000;15530144444;16030144444;10240;10228
2267;22335787000;15530144444;16030144444;10240;10228
2268;22336012000;15530144444;16030144444;10240;10228
2269;22336018000;15571444444;16071444444;10240;10228
2270;22336270000;15571444444;16071444444;10240;10228
2271;22336276000;15571444444;16071444444;10240;10228
2272;22336487000;15571444444;16071444444;10240;10228
2273;22336746000;15571444444;16071444444;10240;10228
2274;22336753000;15571444444;16071444444;10240;10228
2275;22337023000;15571444444;16071444444;10240;10228
2276;22337028000;15571466666;16071466666;10240;10228
2277;22337279000;15571788888;16071788888;10240;10228
2278;22337284000;15571788888;16071788888;10240;10228
2279;22337492000;15571788888;16071788888;10240;10228
2280;22337855000;15613111111;16113111111;10240;10228
2281;22337864000;15613111111;16113111111;10240;10228
2282;22338075000;15613111111;16113111111;10240;10228
2283;22338080000;15613111111;16113111111;10240;10228
2284;22338328000;15613111111;16113111111;10240;10228
2285;22338334000;15613111111;16113111111;10240;10228
2286;22338589000;15613111111;16113111111;10240;10228
2287;22338599000;15613133333;16113133333;10240;10228
2288;22338893000;15613455555;16113455555;10240;10228
2289;22339148000;15613455555;16113455555;10240;10228
2290;22339156000;15613455555;16113455555;10240;10228
2291;22339381000;15654777777;16154777777;10240;10228
2292;22339642000;15654777777;16154777777;10240;10228
2293;22339972000;15654777777;16154777777;10240;10228
2294;22339979000;15654777777;16154777777;10240;10228
2295;22340221000;15654777777;16154777777;10240;10228
2296;22526711000;15654777777;16154777777;10240;10228
2297;22526722000;15654777777;16154777777;10240;10228
2298;22527212000;15654788888;16154788888;10240;10228
2299;22527705000;15655122222;16155122222;10240;10228
2300;22528097000;15655122222;16155122222;10240;10228
2301;22528108000;15655122222;16155122222;10240;10228
2302;22528337000;15696433333;16196433333;10240;10228
2303;22529035000;15696433333;16196433333;10240;10228
2304;22529279000;15696433333;16196433333;10240;10228
2305;22529285000;15696433333;16196433333;10240;10228
2306;22529892000;15696433333;16196433333;10240;10228
2307;22529912000;15696433333;16196433333;10240;10228
2308;22530152000;15696433333;16196433333;10240;10228
2309;22530381000;15696455555;16196455555;10240;10228
2310;22530652000;15696766666;16196766666;10240;10228
2311;22530662000;15696766666;16196766666;10240;10228
2312;22531067000;15696766666;16196766666;10240;10228
2313;22531404000;15738100000;16238100000;10240;10228
2314;22531674000;15738100000;16238100000;10240;10228
2315;22531683000;15738100000;16238100000;10240;10228
2316;22531917000;15738100000;16238100000;10240;10228
2317;22532171000;15738100000;16238100000;10240;10228
2318;22532375000;15738100000;16238100000;10240;10228
2319;22532384000;15738100000;16238100000;10240;10228
2320;22532658000;15738122222;16238122222;10240;10228
2321;22533000000;15738444444;16238444444;10240;10228
2322;22533019000;15738444444;16238444444;10240;10228
2323;22533478000;15738444444;16238444444;10240;10228
2324;22533811000;15779766666;16279766666;10240;10228
2325;22534050000;15779766666;16279766666;10240;10228
2326;22534068000;15779766666;16279766666;10240;10228
2327;22534327000;15779766666;16279766666;10240;10228
2328;22534337000;15779766666;16279766666;10240;10228
2329;22534568000;15779766666;16279766666;10240;10228
2330;22534576000;15779766666;16279766666;10240;10228
2331;22534844000;15779788888;16279788888;10240;10228
2332;22534861000;15780144444;16280144444;10240;10228
2333;22535104000;15780144444;16280144444;10240;10228
2334;22535368000;15780144444;16280144444;10240;10228
2335;22535373000;15821444444;16321444444;10240;10228
2336;22535595000;15821444444;16321444444;10240;10228
2337;22535605000;15821444444;16321444444;10240;10228
2339;22535911000;15821444444;16321444444;10240;10228
2340;22536189000;15821444444;16321444444;10240;10228
2341;22536196000;15821444444;16321444444;10240;10228
2342;22536391000;15821455555;16321455555;10240;10228
2343;22536399000;15821777777;16321777777;10240;10228
2344;22536690000;15821777777;16321777777;10240;10228
2345;22536698000;15821777777;16321777777;10240;10228
2349;22537267000;15863111111;16363111111;10240;10228
2350;22537275000;15863111111;16363111111;10240;10228
2351;22537483000;15863111111;16363111111;10240;10228
2352;22537488000;15863111111;16363111111;10240;10228
2353;22537786000;15863122222;16363122222;10240;10228
2354;22538070000;15863422222;16363422222;10240;10228
2355;22538077000;15863422222;16363422222;10240;10228
2356;22538325000;15863422222;16363422222;10240;10228
2357;22538331000;15904777777;16404777777;10240;10228
2358;22538567000;15904777777;16404777777;10240;10228
2359;22538966000;15904777777;16404777777;10240;10228
2360;22538986000;15904777777;16404777777;10240;10228
2361;22539208000;15904777777;16404777777;10240;10228
2362;22539216000;15904777777;16404777777;10240;10228
2363;22539419000;15904777777;16404777777;10240;10228
2364;22539424000;15904800000;16404800000;10240;10228
2365;22539742000;15905144444;16405144444;10240;10228
2366;22539750000;15905144444;16405144444;10240;10228
2367;22539985000;15905144444;16405144444;10240;10228
2368;22539992000;15946444444;16446444444;10240;10228
2369;22540226000;15946444444;16446444444;10240;10228
2370;22540451000;15946444444;16446444444;10240;10228
2371;22540738000;15946444444;16446444444;10240;10228
2372;22540745000;15946444444;16446444444;10240;10228
2373;22541041000;15946444444;16446444444;10240;10228
2374;22541298000;15946444444;16446444444;10240;10228
2375;22727121000;15946455555;16446455555;10240;10228
2376;22727791000;15946766666;16446766666;10240;10228
2377;22728319000;15946766666;16446766666;10240;10228
2378;22728781000;15946766666;16446766666;10240;10228
2379;22729188000;15988111111;16488111111;10240;10228
2380;22729197000;15988111111;16488111111;10240;10228
2381;22729426000;15988111111;16488111111;10240;10228
2382;22729847000;15988111111;16488111111;10240;10228
2383;22730386000;15988111111;16488111111;10240;10228
2384;22730395000;15988111111;16488111111;10240;10228
2385;22730983000;15988111111;16488111111;10240;10228
2387;22730993000;15988422222;16488422222;10240;10228
2388;22731445000;15988422222;16488422222;10240;10228
2389;22731717000;15988422222;16488422222;10240;10228
2390;22731726000;16029777777;16529777777;10240;10228
2391;22731969000;16029777777;16529777777;10240;10228
2392;22732207000;16029777777;16529777777;10240;10228
2393;22732722000;16029777777;16529777777;10240;10228
2394;22732732000;16029777777;16529777777;10240;10228
2395;22732978000;16029777777;16529777777;10240;10228
2396;22733218000;16029777777;16529777777;10240;10228
2397;22733230000;16029800000;16529800000;10240;10228
2398;22733428000;16030133333;16530133333;10240;10228
2399;22733690000;16030133333;16530133333;10240;10228
2400;22734026000;16030133333;16530133333;10240;10228
2401;22734506000;16071444444;16571444444;10240;10228
2402;22734515000;16071444444;16571444444;10240;10228
2403;22734859000;16071444444;16571444444;10240;10228
2404;22735108000;16071444444;16571444444;10240;10228
2405;22735355000;16071444444;16571444444;10240;10228
2406;22735366000;16071444444;16571444444;10240;10228
2407;22735611000;16071444444;16571444444;10240;10228
2408;22735620000;16071466666;16571466666;10240;10228
2409;22735856000;16071766666;16571766666;10240;10228
2410;22735864000;16071766666;16571766666;10240;10228
2411;22736106000;16071766666;16571766666;10240;10228
2412;22736111000;16113111111;16613111111;10240;10228
2413;22736354000;16113111111;16613111111;10240;10228
2414;22736359000;16113111111;16613111111;10240;10228
2415;22736616000;16113111111;16613111111;10240;10228
2416;22736635000;16113111111;16613111111;10240;10228
2417;22736861000;16113111111;16613111111;10240;10228
2418;22736867000;16113111111;16613111111;10240;10228
2419;22737105000;16113133333;16613133333;10240;10228
2420;22737361000;16113433333;16613433333;10240;10228
2421;22737369000;16113433333;16613433333;10240;10228
2422;22737606000;16113433333;16613433333;10240;10228
2423;22737613000;16154777777;16654777777;10240;10228
2424;22737850000;16154777777;16654777777;10240;10228
2425;22737855000;16154777777;16654777777;10240;10228
2426;22738333000;16154777777;16654777777;10240;10228
2427;22738340000;16154777777;16654777777;10240;10228
2428;22738588000;16154777777;16654777777;10240;10228
2429;22738598000;16154777777;16654777777;10240;10228
2430;22738839000;16154800000;16654800000;10240;10228
2431;22738844000;16155133333;16655133333;10240;10228
2432;22739087000;16155133333;16655133333;10240;10228
2433;22739092000;16155133333;16655133333;10240;10228
2434;22739334000;16196444444;16696444444;10240;10228
2435;22739339000;16196444444;16696444444;10240;10228
2436;22739591000;16196444444;16696444444;10240;10228
2437;22739601000;16196444444;16696444444;10240;10228
2438;22739946000;16196444444;16696444444;10240;10228
2439;22739952000;16196444444;16696444444;10240;10228
2440;22740237000;16196444444;16696444444;10240;10228
2441;22740245000;16196466666;16696466666;10240;10228
2442;22740456000;16196777777;16696777777;10240;10228
2443;22740465000;16196777777;16696777777;10240;10228
2444;22740766000;16196777777;16696777777;10240;10228
2445;22740773000;16238111111;16738111111;10240;10228
2446;22741011000;16238111111;16738111111;10240;10228
2447;22741030000;16238111111;16738111111;10240;10228
2448;22741298000;16238111111;16738111111;10240;10228
2449;22741304000;16238111111;16738111111;10240;10228
2450;22741795000;16238111111;16738111111;10240;10228
2451;22741806000;16238111111;16738111111;10240;10228
2452;22742041000;16238133333;16738133333;10240;10228
2453;22928233000;16238444444;16738444444;10240;10228
2454;22928246000;16238444444;16738444444;10240;10228
2455;22928911000;16238444444;16738444444;10240;10228
2456;22929429000;16279777777;16779777777;10240;10228
2457;22929881000;16279777777;16779777777;10240;10228
2458;22930263000;16279777777;16779777777;10240;10228
2459;22930272000;16279777777;16779777777;10240;10228
2460;22930483000;16279777777;16779777777;10240;10228
2461;22931005000;16279777777;16779777777;10240;10228
2462;22931015000;16279777777;16779777777;10240;10228
2463;22931450000;16279800000;16779800000;10240;10228
2464;22932078000;16280133333;16780133333;10240;10228
2465;22932089000;16280133333;16780133333;10240;10228
2466;22932323000;16280133333;16780133333;10240;10228
2467;22932854000;16321444444;16821444444;10240;10228
2468;22932866000;16321444444;16821444444;10240;10228
2469;22933030000;16321444444;16821444444;10240;10228
2470;22933302000;16321444444;16821444444;10240;10228
2471;22933314000;16321444444;16821444444;10240;10228
2472;22933561000;16321444444;16821444444;10240;10228
2473;22933803000;16321444444;16821444444;10240;10228
2474;22933816000;16321455555;16821455555;10240;10228
2475;22934087000;16321777777;16821777777;10240;10228
2476;22934348000;16321777777;16821777777;10240;10228
2477;22934789000;16321777777;16821777777;10240;10228
2478;22934810000;16363111111;16863111111;10240;10228
2479;22935064000;16363111111;16863111111;10240;10228
2480;22935075000;16363111111;16863111111;10240;10228
2481;22935623000;16363111111;16863111111;10240;10228
2482;22935868000;16363111111;16863111111;10240;10228
2483;22936122000;16363111111;16863111111;10240;10228
2484;22936132000;16363111111;16863111111;10240;10228
2485;22936370000;16363133333;16863133333;10240;10228
2488;22936745000;16363400000;16863400000;10240;10228
2489;22936767000;16404777777;16904777777;10240;10228
2490;22937193000;16404777777;16904777777;10240;10228
2491;22937201000;16404777777;16904777777;10240;10228
2492;22937452000;16404777777;16904777777;10240;10228
2493;22937459000;16404777777;16904777777;10240;10228
2494;22937685000;16404777777;16904777777;10240;10228
2495;22937696000;16404777777;16904777777;10240;10228
2496;22937967000;16404800000;16904800000;10240;10228
2497;22937975000;16405122222;16905122222;10240;10228
2498;22938193000;16405122222;16905122222;10240;10228
2499;22938199000;16405122222;16905122222;10240;10228
2500;22938405000;16446444444;16946444444;10240;10228
2501;22938751000;16446444444;16946444444;10240;10228
2502;22938758000;16446444444;16946444444;10240;10228
2503;22938995000;16446444444;16946444444;10240;10228
2504;22939002000;16446444444;16946444444;10240;10228
2505;22939248000;16446444444;16946444444;10240;10228
2506;22939254000;16446444444;16946444444;10240;10228
2507;22939461000;16446455555;16946455555;10240;10228
2508;22939769000;16446766666;16946766666;10240;10228
2509;22940014000;16446766666;16946766666;10240;10228
2510;22940034000;16446766666;16946766666;10240;10228
2511;22940264000;16488111111;16988111111;10240;10228
2512;22940278000;16488111111;16988111111;10240;10228
2513;22940465000;16488111111;16988111111;10240;10228
2514;22940491000;16488111111;16988111111;10240;10228
2515;22940705000;16488111111;16988111111;10240;10228
2516;22941018000;16488111111;16988111111;10240;10228
2517;22941025000;16488111111;16988111111;10240;10228
2518;22941301000;16488133333;16988133333;10240;10228
2519;22941309000;16488444444;16988444444;10240;10228
2520;22941559000;16488444444;16988444444;10240;10228
2521;22941580000;16488444444;16988444444;10240;10228
2522;22941809000;16529777777;17029777777;10240;10228
2523;22941831000;16529777777;17029777777;10240;10228
2524;22942056000;16529777777;17029777777;10240;10228
2525;22942067000;16529777777;17029777777;10240;10228
2526;22942302000;16529777777;17029777777;10240;10228
2527;22942309000;16529777777;17029777777;10240;10228
2528;22942564000;16529777777;17029777777;10240;10228
2529;22942801000;16529800000;17029800000;10240;10228
2530;22943048000;16530155555;17030155555;10240;10228
2531;22943054000;16530155555;17030155555;10240;10228
2532;23128826000;16530155555;17030155555;10240;10228
2533;23129367000;16571444444;17071444444;10240;10228
2534;23130039000;16571444444;17071444444;10240;10228
2535;23131038000;16571444444;17071444444;10240;10228
2536;23131328000;16571444444;17071444444;10240;10228
2537;23131605000;16571444444;17071444444;10240;10228
2538;23131617000;16571444444;17071444444;10240;10228
2539;23132123000;16571444444;17071444444;10240;10228
2540;23132135000;16571466666;17071466666;10240;10228
2541;23132357000;16571777777;17071777777;10240;10228
2542;23132620000;16571777777;17071777777;10240;10228
2543;23132961000;16571777777;17071777777;10240;10228
2544;23133198000;16613111111;17113111111;10240;10228
2545;23133206000;16613111111;17113111111;10240;10228
2546;23133453000;16613111111;17113111111;10240;10228
2547;23133892000;16613111111;17113111111;10240;10228
2548;23133902000;16613111111;17113111111;10240;10228
2549;23134172000;16613111111;17113111111;10240;10228
2550;23134178000;16613111111;17113111111;10240;10228
2551;23134399000;16613133333;17113133333;10240;10228
2552;23134651000;16613444444;17113444444;10240;10228
2553;23134950000;16613444444;17113444444;10240;10228
2554;23135187000;16613444444;17113444444;10240;10228
2555;23135412000;16654777777;17154777777;10240;10228
2556;23135903000;16654777777;17154777777;10240;10228
2557;23135923000;16654777777;17154777777;10240;10228
2558;23136197000;16654777777;17154777777;10240;10228
2559;23136216000;16654777777;17154777777;10240;10228
2560;23136420000;16654777777;17154777777;10240;10228
2561;23136662000;16654777777;17154777777;10240;10228
2562;23136670000;16654788888;17154788888;10240;10228
2563;23137001000;16655111111;17155111111;10240;10228
2564;23137256000;16655111111;17155111111;10240;10228
2565;23137840000;16655111111;17155111111;10240;10228
2566;23137849000;16696444444;17196444444;10240;10228
2567;23138080000;16696444444;17196444444;10240;10228
2568;23138089000;16696444444;17196444444;10240;10228
2569;23138335000;16696444444;17196444444;10240;10228
2570;23138344000;16696444444;17196444444;10240;10228
2571;23138574000;16696444444;17196444444;10240;10228
2572;23138584000;16696444444;17196444444;10240;10228
2573;23138837000;16696466666;17196466666;10240;10228
2574;23138848000;16696755555;17196755555;10240;10228
2575;23139270000;16696755555;17196755555;10240;10228
2576;23139276000;16696755555;17196755555;10240;10228
2577;23139454000;16738111111;17238111111;10240;10228
2578;23139756000;16738111111;17238111111;10240;10228
2579;23139768000;16738111111;17238111111;10240;10228
2581;23139773000;16738111111;17238111111;10240;10228
2582;23140006000;16738111111;17238111111;10240;10228
2583;23140253000;16738111111;17238111111;10240;10228
2584;23140264000;16738133333;17238133333;10240;10228
2585;23140478000;16738433333;17238433333;10240;10228
2586;23140489000;16738433333;17238433333;10240;10228
2588;23140994000;16779777777;17279777777;10240;10228
2589;23141014000;16779777777;17279777777;10240;10228
2590;23141284000;16779777777;17279777777;10240;10228
2591;23141493000;16779777777;17279777777;10240;10228
2592;23141502000;16779777777;17279777777;10240;10228
2593;23141782000;16779777777;17279777777;10240;10228
2594;23141790000;16779777777;17279777777;10240;10228
2595;23142018000;16779800000;17279800000;10240;10228
2596;23142024000;16780144444;17280144444;10240;10228
2597;23142376000;16780144444;17280144444;10240;10228
2598;23142382000;16780144444;17280144444;10240;10228
2599;23142632000;16821444444;17321444444;10240;10228
2600;23142880000;16821444444;17321444444;10240;10228
2601;23142887000;16821444444;17321444444;10240;10228
2602;23143138000;16821444444;17321444444;10240;10228
2605;23143431000;16821444444;17321444444;10240;10228
2606;23143441000;16821466666;17321466666;10240;10228
2607;23143884000;16821777777;17321777777;10240;10228
2608;23144166000;16821777777;17321777777;10240;10228
2609;23144173000;16821777777;17321777777;10240;10228
2610;23329954000;16863111111;17363111111;10240;10228
2611;23329965000;16863111111;17363111111;10240;10228
2612;23330457000;16863111111;17363111111;10240;10228
2613;23331144000;16863111111;17363111111;10240;10228
2614;23331504000;16863111111;17363111111;10240;10228
2615;23332133000;16863111111;17363111111;10240;10228
2616;23332621000;16863111111;17363111111;10240;10228
2617;23332630000;16863122222;17363122222;10240;10228
2618;23332876000;16863411111;17363411111;10240;10228
2619;23333247000;16863411111;17363411111;10240;10228
2620;23333269000;16863411111;17363411111;10240;10228
2621;23333508000;16904777777;17404777777;10240;10228
2622;23333760000;16904777777;17404777777;10240;10228
2623;23334283000;16904777777;17404777777;10240;10228
2624;23334294000;16904777777;17404777777;10240;10228
2625;23334503000;16904777777;17404777777;10240;10228
2626;23334793000;16904777777;17404777777;10240;10228
2627;23335048000;16904777777;17404777777;10240;10228
2628;23335055000;16904800000;17404800000;10240;10228
2629;23335294000;16905133333;17405133333;10240;10228
2630;23335493000;16905133333;17405133333;10240;10228
2631;23335756000;16905133333;17405133333;10240;10228
2632;23336040000;16946444444;17446444444;10240;10228
2633;23336289000;16946444444;17446444444;10240;10228
2634;23336505000;16946444444;17446444444;10240;10228
2635;23337001000;16946444444;17446444444;10240;10228
2636;23337245000;16946444444;17446444444;10240;10228
2637;23337261000;16946444444;17446444444;10240;10228
2638;23337444000;16946444444;17446444444;10240;10228
2639;23337751000;16946466666;17446466666;10240;10228
2640;23337760000;16946744444;17446744444;10240;10228
2641;23337990000;16946744444;17446744444;10240;10228
2642;23337996000;16946744444;17446744444;10240;10228
2643;23338321000;16988111111;17488111111;10240;10228
2644;23338586000;16988111111;17488111111;10240;10228
2645;23338832000;16988111111;17488111111;10240;10228
2646;23338844000;16988111111;17488111111;10240;10228
2647;23339064000;16988111111;17488111111;10240;10228
2648;23339070000;16988111111;17488111111;10240;10228
2649;23339316000;16988111111;17488111111;10240;10228
2650;23339324000;16988133333;17488133333;10240;10228
2651;23339714000;16988411111;17488411111;10240;10228
2652;23339724000;16988411111;17488411111;10240;10228
2653;23339958000;16988411111;17488411111;10240;10228
2654;23339969000;17029777777;17529777777;10240;10228
2655;23340314000;17029777777;17529777777;10240;10228
2656;23340851000;17029777777;17529777777;10240;10228
2657;23340862000;17029777777;17529777777;10240;10228
2658;23341080000;17029777777;17529777777;10240;10228
2659;23341089000;17029777777;17529777777;10240;10228
2660;23341361000;17029777777;17529777777;10240;10228
2661;23341370000;17029800000;17529800000;10240;10228
2662;23341621000;17030133333;17530133333;10240;10228
2663;23341632000;17030133333;17530133333;10240;10228
2664;23341885000;17030133333;17530133333;10240;10228
2665;23341895000;17071444444;17571444444;10240;10228
2666;23342125000;17071444444;17571444444;10240;10228
2667;23342141000;17071444444;17571444444;10240;10228
2668;23342329000;17071444444;17571444444;10240;10228
2669;23342335000;17071444444;17571444444;10240;10228
2670;23342621000;17071444444;17571444444;10240;10228
2672;23342626000;17071466666;17571466666;10240;10228
2673;23342943000;17071733333;17571733333;10240;10228
2674;23342948000;17071733333;17571733333;10240;10228
2675;23343193000;17071733333;17571733333;10240;10228
2676;23343413000;17113111111;17613111111;10240;10228
2677;23343420000;17113111111;17613111111;10240;10228
2679;23343746000;17113111111;17613111111;10240;10228
2681;23344013000;17113111111;17613111111;10240;10228
2682;23344274000;17113111111;17613111111;10240;10228
2683;23344281000;17113133333;17613133333;10240;10228
2684;23344608000;17113400000;17613400000;10240;10228
2685;23344855000;17113400000;17613400000;10240;10228
2686;23345254000;17113400000;17613400000;10240;10228
2687;23345260000;17154777777;17654777777;10240;10228
2688;23530507000;17154777777;17654777777;10240;10228
2689;23531040000;17154777777;17654777777;10240;10228
2690;23531052000;17154777777;17654777777;10240;10228
2691;23531566000;17154777777;17654777777;10240;10228
2692;23532288000;17154777777;17654777777;10240;10228
2693;23532582000;17154777777;17654777777;10240;10228
2694;23533088000;17154788888;17654788888;10240;10228
2695;23533340000;17155111111;17655111111;10240;10228
2696;23533739000;17155111111;17655111111;10240;10228
2697;23534016000;17155111111;17655111111;10240;10228
2698;23534024000;17196444444;17696444444;10240;10228
2699;23534267000;17196444444;17696444444;10240;10228
2700;23534601000;17196444444;17696444444;10240;10228
2701;23534898000;17196444444;17696444444;10240;10228
2702;23534906000;17196444444;17696444444;10240;10228
2703;23535354000;17196444444;17696444444;10240;10228
2704;23535367000;17196444444;17696444444;10240;10228
2705;23535631000;17196466666;17696466666;10240;10228
2706;23535927000;17196744444;17696744444;10240;10228
2707;23536201000;17196744444;17696744444;10240;10228
2708;23536409000;17196744444;17696744444;10240;10228
2709;23536711000;17238111111;17738111111;10240;10228
2710;23536966000;17238111111;17738111111;10240;10228
2711;23537195000;17238111111;17738111111;10240;10228
2712;23537409000;17238111111;17738111111;10240;10228
2713;23537697000;17238111111;17738111111;10240;10228
2714;23537703000;17238111111;17738111111;10240;10228
2715;23537978000;17238111111;17738111111;10240;10228
2716;23538209000;17238133333;17738133333;10240;10228
2717;23538425000;17238422222;17738422222;10240;10228
2718;23538431000;17238422222;17738422222;10240;10228
2719;23538889000;17238422222;17738422222;10240;10228
2720;23538895000;17279777777;17779777777;10240;10228
2721;23539125000;17279777777;17779777777;10240;10228
2722;23539131000;17279777777;17779777777;10240;10228
2723;23539366000;17279777777;17779777777;10240;10228
2724;23539675000;17279777777;17779777777;10240;10228
2725;23539950000;17279777777;17779777777;10240;10228
2726;23540223000;17279777777;17779777777;10240;10228
2727;23540231000;17279800000;17779800000;10240;10228
2728;23540439000;17280111111;17780111111;10240;10228
2729;23540445000;17280111111;17780111111;10240;10228
2730;23540859000;17280111111;17780111111;10240;10228
2731;23540879000;17321444444;17821444444;10240;10228
2732;23541089000;17321444444;17821444444;10240;10228
2733;23541102000;17321444444;17821444444;10240;10228
2734;23541378000;17321444444;17821444444;10240;10228
2735;23541383000;17321444444;17821444444;10240;10228
2736;23542003000;17321444444;17821444444;10240;10228
2737;23542022000;17321444444;17821444444;10240;10228
2738;23542247000;17321466666;17821466666;10240;10228
2739;23542254000;17321755555;17821755555;10240;10228
2740;23542456000;17321755555;17821755555;10240;10228
2741;23542755000;17321755555;17821755555;10240;10228
2742;23542768000;17363111111;17863111111;10240;10228
2743;23542774000;17363111111;17863111111;10240;10228
2744;23543024000;17363111111;17863111111;10240;10228
2745;23543030000;17363111111;17863111111;10240;10228
2746;23543245000;17363111111;17863111111;10240;10228
2747;23543251000;17363111111;17863111111;10240;10228
2748;23543458000;17363111111;17863111111;10240;10228
2749;23543802000;17363133333;17863133333;10240;10228
2750;23544067000;17363377777;17863377777;10240;10228
2751;23544075000;17363377777;17863377777;10240;10228
2752;23544325000;17363377777;17863377777;10240;10228
2753;23544333000;17404777777;17904777777;10240;10228
2754;23544606000;17404777777;17904777777;10240;10228
2755;23544613000;17404777777;17904777777;10240;10228
2756;23544616000;17404777777;17904777777;10240;10228
2757;23544824000;17404777777;17904777777;10240;10228
2758;23544830000;17404777777;17904777777;10240;10228
2759;23545308000;17404777777;17904777777;10240;10228
2760;23545316000;17404811111;17904811111;10240;10228
2761;23545597000;17405133333;17905133333;10240;10228
2762;23545609000;17405133333;17905133333;10240;10228
2763;23545842000;17405133333;17905133333;10240;10228
2764;23545849000;17446444444;17946444444;10240;10228
2765;23546083000;17446444444;17946444444;10240;10228
2766;23546339000;17446444444;17946444444;10240;10228
2767;23731065000;17446444444;17946444444;10240;10228
2768;23732160000;17446444444;17946444444;10240;10228
2769;23732171000;17446444444;17946444444;10240;10228
2770;23732653000;17446444444;17946444444;10240;10228
2771;23733317000;17446466666;17946466666;10240;10228
2772;23733699000;17446755555;17946755555;10240;10228
2773;23733710000;17446755555;17946755555;10240;10228
2774;23734452000;17446755555;17946755555;10240;10228
2775;23734463000;17488111111;17988111111;10240;10228
2776;23735099000;17488111111;17988111111;10240;10228
2777;23735111000;17488111111;17988111111;10240;10228
2778;23735356000;17488111111;17988111111;10240;10228
2779;23735707000;17488111111;17988111111;10240;10228
2780;23736003000;17488111111;17988111111;10240;10228
2781;23736013000;17488111111;17988111111;10240;10228
2782;23736246000;17488133333;17988133333;10240;10228
2783;23736463000;17488411111;17988411111;10240;10228
2784;23736761000;17488411111;17988411111;10240;10228
2785;23737022000;17488411111;17988411111;10240;10228
2786;23737033000;17529777777;18029777777;10240;10228
2788;23737819000;17529777777;18029777777;10240;10228
2789;23738067000;17529777777;18029777777;10240;10228
2790;23738320000;17529777777;18029777777;10240;10228
2791;23738332000;17529777777;18029777777;10240;10228
2792;23738786000;17529777777;18029777777;10240;10228
2793;23738797000;17529800000;18029800000;10240;10228
2794;23739078000;17530166666;18030166666;10240;10228
2795;23739327000;17530166666;18030166666;10240;10228
2796;23739338000;17530166666;18030166666;10240;10228
2797;23739580000;17571444444;18071444444;10240;10228
2798;23739790000;17571444444;18071444444;10240;10228
2799;23740067000;17571444444;18071444444;10240;10228
2800;23740079000;17571444444;18071444444;10240;10228
2801;23740319000;17571444444;18071444444;10240;10228
2804;23740700000;17571466666;18071466666;10240;10228
2805;23741323000;17571755555;18071755555;10240;10228
2806;23741335000;17571755555;18071755555;10240;10228
2807;23741514000;17571755555;18071755555;10240;10228
2808;23741524000;17613111111;18113111111;10240;10228
2809;23742050000;17613111111;18113111111;10240;10228
2810;23742060000;17613111111;18113111111;10240;10228
2811;23742305000;17613111111;18113111111;10240;10228
2812;23742315000;17613111111;18113111111;10240;10228
2813;23742562000;17613111111;18113111111;10240;10228
2814;23742571000;17613111111;18113111111;10240;10228
2815;23742810000;17613133333;18113133333;10240;10228
2816;23743037000;17613433333;18113433333;10240;10228
2817;23743337000;17613433333;18113433333;10240;10228
2818;23743343000;17613433333;18113433333;10240;10228
2819;23743606000;17654777777;18154777777;10240;10228
2820;23743616000;17654777777;18154777777;10240;10228
2821;23743840000;17654777777;18154777777;10240;10228
2822;23743860000;17654777777;18154777777;10240;10228
2823;23744083000;17654777777;18154777777;10240;10228
2824;23744333000;17654777777;18154777777;10240;10228
2825;23744339000;17654777777;18154777777;10240;10228
2826;23744635000;17654788888;18154788888;10240;10228
2827;23744646000;17655100000;18155100000;10240;10228
2828;23744893000;17655100000;18155100000;10240;10228
2829;23744898000;17655100000;18155100000;10240;10228
2830;23745111000;17696444444;18196444444;10240;10228
2831;23745378000;17696444444;18196444444;10240;10228
2832;23745672000;17696444444;18196444444;10240;10228
2833;23745681000;17696444444;18196444444;10240;10228
2834;23745694000;17696444444;18196444444;10240;10228
2835;23745895000;17696444444;18196444444;10240;10228
2836;23745906000;17696444444;18196444444;10240;10228
2837;23746149000;17696466666;18196466666;10240;10228
2838;23746171000;17696733333;18196733333;10240;10228
2839;23746413000;17696733333;18196733333;10240;10228
2840;23746419000;17696733333;18196733333;10240;10228
2841;23746624000;17738111111;18238111111;10240;10228
2842;23746932000;17738111111;18238111111;10240;10228
2843;23746952000;17738111111;18238111111;10240;10228
2844;23747198000;17738111111;18238111111;10240;10228
2845;23747209000;17738111111;18238111111;10240;10228
2846;23932242000;17738111111;18238111111;10240;10228
2847;23932252000;17738111111;18238111111;10240;10228
2848;23933198000;17738133333;18238133333;10240;10228
2849;23933787000;17738411111;18238411111;10240;10228
2850;23934436000;17738411111;18238411111;10240;10228
2851;23934787000;17738411111;18238411111;10240;10228
2852;23934798000;17779777777;18279777777;10240;10228
2853;23935579000;17779777777;18279777777;10240;10228
2854;23935838000;17779777777;18279777777;10240;10228
2855;23936242000;17779777777;18279777777;10240;10228
2856;23936262000;17779777777;18279777777;10240;10228
2857;23936465000;17779777777;18279777777;10240;10228
2858;23936800000;17779777777;18279777777;10240;10228
2859;23937036000;17779800000;18279800000;10240;10228
2860;23937056000;17780122222;18280122222;10240;10228
2861;23937285000;17780122222;18280122222;10240;10228
2862;23937593000;17780122222;18280122222;10240;10228
2863;23937853000;17821444444;18321444444;10240;10228
2864;23938112000;17821444444;18321444444;10240;10228
2865;23938133000;17821444444;18321444444;10240;10228
2866;23938943000;17821444444;18321444444;10240;10228
2867;23939188000;17821444444;18321444444;10240;10228
2868;23939194000;17821444444;18321444444;10240;10228
2869;23939425000;17821444444;18321444444;10240;10228
2870;23939781000;17821466666;18321466666;10240;10228
2871;23940029000;17821755555;18321755555;10240;10228
2872;23940040000;17821755555;18321755555;10240;10228
2873;23940296000;17821755555;18321755555;10240;10228
2874;23940305000;17863111111;18363111111;10240;10228
2875;23940544000;17863111111;18363111111;10240;10228
2876;23940565000;17863111111;18363111111;10240;10228
2877;23940794000;17863111111;18363111111;10240;10228
2878;23940801000;17863111111;18363111111;10240;10228
2879;23941046000;17863111111;18363111111;10240;10228
2880;23941301000;17863111111;18363111111;10240;10228
2881;23941706000;17863122222;18363122222;10240;10228
2882;23942397000;17863400000;18363400000;10240;10228
2883;23942669000;17863400000;18363400000;10240;10228
2884;23942680000;17863400000;18363400000;10240;10228
2885;23942684000;17904777777;18404777777;10240;10228
2886;23942912000;17904777777;18404777777;10240;10228
2887;23942932000;17904777777;18404777777;10240;10228
2888;23943184000;17904777777;18404777777;10240;10228
2889;23943193000;17904777777;18404777777;10240;10228
2890;23943402000;17904777777;18404777777;10240;10228
2891;23943685000;17904777777;18404777777;10240;10228
2892;23943691000;17904800000;18404800000;10240;10228
2893;23943696000;17905122222;18405122222;10240;10228
2894;23944132000;17905122222;18405122222;10240;10228
2895;23944418000;17905122222;18405122222;10240;10228
2896;23944425000;17946444444;18446444444;10240;10228
2897;23944658000;17946444444;18446444444;10240;10228
2898;23944665000;17946444444;18446444444;10240;10228
2899;23944930000;17946444444;18446444444;10240;10228
2900;23944940000;17946444444;18446444444;10240;10228
2901;23945167000;17946444444;18446444444;10240;10228
2902;23945187000;17946444444;18446444444;10240;10228
2903;23945414000;17946455555;18446455555;10240;10228
2904;23945421000;17946733333;18446733333;10240;10228
2905;23945651000;17946733333;18446733333;10240;10228
2906;23945658000;17946733333;18446733333;10240;10228
2907;23945921000;17988111111;18488111111;10240;10228
2908;23945930000;17988111111;18488111111;10240;10228
2909;23946167000;17988111111;18488111111;10240;10228
2910;23946173000;17988111111;18488111111;10240;10228
2911;23946384000;17988111111;18488111111;10240;10228
2912;23946805000;17988111111;18488111111;10240;10228
2913;23946812000;17988111111;18488111111;10240;10228
2914;23947044000;17988133333;18488133333;10240;10228
2915;23947050000;17988400000;18488400000;10240;10228
2916;23947468000;17988400000;18488400000;10240;10228
2917;23947755000;17988400000;18488400000;10240;10228
2918;23947760000;18029777777;18529777777;10240;10228
2919;23947777000;18029777777;18529777777;10240;10228
2920;23947988000;18029777777;18529777777;10240;10228
2921;23948260000;18029777777;18529777777;10240;10228
2922;23948265000;18029777777;18529777777;10240;10228
2923;23948495000;18029777777;18529777777;10240;10228
2924;23948513000;18029777777;18529777777;10240;10228
2925;24133161000;18029800000;18529800000;10240;10228
2926;24133410000;18030100000;18530100000;10240;10228
2927;24134019000;18030100000;18530100000;10240;10228
2928;24134897000;18030100000;18530100000;10240;10228
2929;24135526000;18071444444;18571444444;10240;10228
2930;24135870000;18071444444;18571444444;10240;10228
2931;24135878000;18071444444;18571444444;10240;10228
2932;24136683000;18071444444;18571444444;10240;10228
2933;24136929000;18071444444;18571444444;10240;10228
2934;24137270000;18071444444;18571444444;10240;10228
2935;24137486000;18071444444;18571444444;10240;10228
2936;24137493000;18071455555;18571455555;10240;10228
2937;24137821000;18071722222;18571722222;10240;10228
2938;24138130000;18071722222;18571722222;10240;10228
2939;24138151000;18071722222;18571722222;10240;10228
2940;24138381000;18113111111;18613111111;10240;10228
2941;24138654000;18113111111;18613111111;10240;10228
2942;24138940000;18113111111;18613111111;10240;10228
2943;24139194000;18113111111;18613111111;10240;10228
2944;24139213000;18113111111;18613111111;10240;10228
2945;24139837000;18113111111;18613111111;10240;10228
2946;24140067000;18113111111;18613111111;10240;10228
2947;24140074000;18113133333;18613133333;10240;10228
2948;24140428000;18113400000;18613400000;10240;10228
2949;24140434000;18113400000;18613400000;10240;10228
2950;24140925000;18113400000;18613400000;10240;10228
2951;24140938000;18154777777;18654777777;10240;10228
2952;24141195000;18154777777;18654777777;10240;10228
2953;24141201000;18154777777;18654777777;10240;10228
2955;24141686000;18154777777;18654777777;10240;10228
2956;24141708000;18154777777;18654777777;10240;10228
2957;24141926000;18154777777;18654777777;10240;10228
2958;24141935000;18154788888;18654788888;10240;10228
2959;24142398000;18155100000;18655100000;10240;10228
2960;24142796000;18155100000;18655100000;10240;10228
2961;24143034000;18155100000;18655100000;10240;10228
2962;24143761000;18196555555;18696555555;10240;10228
2963;24143773000;18196555555;18696555555;10240;10228
2964;24143999000;18196555555;18696555555;10240;10228
2965;24144005000;18196555555;18696555555;10240;10228
2966;24144254000;18196555555;18696555555;10240;10228
2967;24144260000;18196555555;18696555555;10240;10228
2968;24144464000;18196555555;18696555555;10240;10228
2969;24144469000;18196566666;18696566666;10240;10228
2970;24144725000;18196844444;18696844444;10240;10228
2971;24144744000;18196844444;18696844444;10240;10228
2972;24145007000;18196844444;18696844444;10240;10228
2973;24145019000;18238111111;18738111111;10240;10228
2974;24145217000;18238111111;18738111111;10240;10228
2975;24145228000;18238111111;18738111111;10240;10228
2976;24145463000;18238111111;18738111111;10240;10228
2977;24145468000;18238111111;18738111111;10240;10228
2978;24145768000;18238111111;18738111111;10240;10228
2979;24146015000;18238111111;18738111111;10240;10228
2980;24146024000;18238133333;18738133333;10240;10228
2981;24146252000;18238411111;18738411111;10240;10228
2982;24146479000;18238411111;18738411111;10240;10228
2983;24146487000;18238411111;18738411111;10240;10228
2984;24146773000;18279777777;18779777777;10240;10228
2985;24146785000;18279777777;18779777777;10240;10228
2986;24147023000;18279777777;18779777777;10240;10228
2987;24147035000;18279777777;18779777777;10240;10228
2988;24147271000;18279777777;18779777777;10240;10228
2989;24147282000;18279777777;18779777777;10240;10228
2990;24147462000;18279777777;18779777777;10240;10228
2991;24147480000;18279800000;18779800000;10240;10228
2992;24147929000;18280100000;18780100000;10240;10228
2993;24147936000;18280100000;18780100000;10240;10228
2994;24148170000;18280100000;18780100000;10240;10228
2995;24148176000;18321444444;18821444444;10240;10228
2996;24148667000;18321444444;18821444444;10240;10228
2997;24148673000;18321444444;18821444444;10240;10228
2998;24148905000;18321444444;18821444444;10240;10228
2999;24148911000;18321444444;18821444444;10240;10228
3000;24149331000;18321444444;18821444444;10240;10228
3001;24149336000;18321444444;18821444444;10240;10228
3002;24149582000;18321466666;18821466666;10240;10228
3003;24334279000;18321733333;18821733333;10240;10228
3004;24334531000;18321733333;18821733333;10240;10228
3005;24335154000;18321733333;18821733333;10240;10228
3006;24335164000;18363111111;18863111111;10240;10228
3007;24336022000;18363111111;18863111111;10240;10228
3008;24336653000;18363111111;18863111111;10240;10228
3009;24336969000;18363111111;18863111111;10240;10228
3010;24337812000;18363111111;18863111111;10240;10228
3011;24338058000;18363111111;18863111111;10240;10228
3012;24338078000;18363111111;18863111111;10240;10228
3013;24338304000;18363122222;18863122222;10240;10228
3014;24338622000;18363366666;18863366666;10240;10228
3015;24338634000;18363366666;18863366666;10240;10228
3016;24338897000;18363366666;18863366666;10240;10228
3017;24339190000;18404777777;18904777777;10240;10228
3018;24339211000;18404777777;18904777777;10240;10228
3019;24339445000;18404777777;18904777777;10240;10228
3020;24339752000;18404777777;18904777777;10240;10228
3021;24340011000;18404777777;18904777777;10240;10228
3022;24340220000;18404777777;18904777777;10240;10228
3023;24340631000;18404777777;18904777777;10240;10228
3024;24340858000;18404800000;18904800000;10240;10228
3025;24341092000;18405100000;18905100000;10240;10228
3026;24341103000;18405100000;18905100000;10240;10228
3027;24341542000;18405100000;18905100000;10240;10228
3028;24341562000;18446444444;18946444444;10240;10228
3029;24341789000;18446444444;18946444444;10240;10228
3030;24342040000;18446444444;18946444444;10240;10228
3031;24342322000;18446444444;18946444444;10240;10228
3032;24342331000;18446444444;18946444444;10240;10228
3033;24342584000;18446444444;18946444444;10240;10228
3034;24342824000;18446444444;18946444444;10240;10228
3035;24342845000;18446466666;18946466666;10240;10228
3036;24343458000;18446744444;18946744444;10240;10228
3037;24343705000;18446744444;18946744444;10240;10228
3038;24343751000;18446744444;18946744444;10240;10228
3039;24344110000;18488133333;18988133333;10240;10228
3040;24344117000;18488133333;18988133333;10240;10228
3041;24344451000;18488133333;18988133333;10240;10228
3042;24344720000;18488133333;18988133333;10240;10228
3043;24345133000;18488133333;18988133333;10240;10228
3044;24345156000;18488133333;18988133333;10240;10228
3045;24345382000;18488133333;18988133333;10240;10228
3046;24345388000;18488155555;18988155555;10240;10228
3047;24345640000;18488422222;18988422222;10240;10228
3048;24345661000;18488422222;18988422222;10240;10228
3049;24345884000;18488422222;18988422222;10240;10228
3050;24345904000;18529777777;19029777777;10240;10228
3051;24346140000;18529777777;19029777777;10240;10228
3052;24346151000;18529777777;19029777777;10240;10228
3053;24346401000;18529777777;19029777777;10240;10228
3054;24346407000;18529777777;19029777777;10240;10228
3055;24346638000;18529777777;19029777777;10240;10228
3056;24346643000;18529777777;19029777777;10240;10228
3057;24346885000;18529800000;19029800000;10240;10228
3058;24347129000;18530111111;19030111111;10240;10228
3059;24347136000;18530111111;19030111111;10240;10228
3060;24347385000;18530111111;19030111111;10240;10228
3061;24347391000;18571444444;19071444444;10240;10228
3062;24347635000;18571444444;19071444444;10240;10228
3063;24347889000;18571444444;19071444444;10240;10228
3064;24347894000;18571444444;19071444444;10240;10228
3065;24348112000;18571444444;19071444444;10240;10228
3066;24348124000;18571444444;19071444444;10240;10228
3067;24348358000;18571444444;19071444444;10240;10228
3068;24348370000;18571466666;19071466666;10240;10228
3069;24348640000;18571744444;19071744444;10240;10228
3070;24348647000;18571744444;19071744444;10240;10228
3071;24348890000;18571744444;19071744444;10240;10228
3072;24349141000;18613111111;19113111111;10240;10228
3073;24349146000;18613111111;19113111111;10240;10228
3074;24349354000;18613111111;19113111111;10240;10228
3075;24349362000;18613111111;19113111111;10240;10228
3076;24349771000;18613111111;19113111111;10240;10228
3077;24350014000;18613111111;19113111111;10240;10228
3078;24350020000;18613111111;19113111111;10240;10228
3079;24350306000;18613133333;19113133333;10240;10228
3080;24350572000;18613411111;19113411111;10240;10228
3081;24350582000;18613411111;19113411111;10240;10228
3082;24350809000;18613411111;19113411111;10240;10228
3083;24535652000;18654777777;19154777777;10240;10228
3084;24535899000;18654777777;19154777777;10240;10228
3085;24536281000;18654777777;19154777777;10240;10228
3086;24537138000;18654777777;19154777777;10240;10228
3087;24537582000;18654777777;19154777777;10240;10228
3088;24538068000;18654777777;19154777777;10240;10228
3089;24538331000;18654777777;19154777777;10240;10228
3090;24538713000;18654788888;19154788888;10240;10228
3091;24539404000;18655077777;19155077777;10240;10228
3092;24539727000;18655077777;19155077777;10240;10228
3093;24539738000;18655077777;19155077777;10240;10228
3094;24539971000;18696444444;19196444444;10240;10228
3095;24540251000;18696444444;19196444444;10240;10228
3096;24540263000;18696444444;19196444444;10240;10228
3097;24540491000;18696444444;19196444444;10240;10228
3098;24540842000;18696444444;19196444444;10240;10228
3099;24541116000;18696444444;19196444444;10240;10228
3100;24541124000;18696444444;19196444444;10240;10228
3101;24541365000;18696466666;19196466666;10240;10228
3102;24541371000;18696744444;19196744444;10240;10228
3103;24541631000;18696744444;19196744444;10240;10228
3104;24541988000;18696744444;19196744444;10240;10228
3105;24542238000;18738111111;19238111111;10240;10228
3106;24542678000;18738111111;19238111111;10240;10228
3107;24542707000;18738111111;19238111111;10240;10228
3108;24542929000;18738111111;19238111111;10240;10228
3109;24543181000;18738111111;19238111111;10240;10228
3110;24543415000;18738111111;19238111111;10240;10228
3111;24543637000;18738111111;19238111111;10240;10228
3113;24543972000;18738400000;19238400000;10240;10228
3114;24543996000;18738400000;19238400000;10240;10228
3115;24544220000;18738400000;19238400000;10240;10228
3116;24544635000;18779777777;19279777777;10240;10228
3117;24544657000;18779777777;19279777777;10240;10228
3118;24545212000;18779777777;19279777777;10240;10228
3119;24545222000;18779777777;19279777777;10240;10228
3120;24545486000;18779777777;19279777777;10240;10228
3121;24545792000;18779777777;19279777777;10240;10228
3122;24546243000;18779777777;19279777777;10240;10228
3123;24546254000;18779800000;19279800000;10240;10228
3124;24546456000;18780111111;19280111111;10240;10228
3125;24546462000;18780111111;19280111111;10240;10228
3126;24546769000;18780111111;19280111111;10240;10228
3127;24547029000;18821444444;19321444444;10240;10228
3128;24547048000;18821444444;19321444444;10240;10228
3129;24547264000;18821444444;19321444444;10240;10228
3130;24547272000;18821444444;19321444444;10240;10228
3131;24547529000;18821444444;19321444444;10240;10228
3132;24547539000;18821444444;19321444444;10240;10228
3133;24547791000;18821444444;19321444444;10240;10228
3135;24547802000;18821744444;19321744444;10240;10228
3136;24548034000;18821744444;19321744444;10240;10228
3137;24548238000;18821744444;19321744444;10240;10228
3138;24548248000;18863111111;19363111111;10240;10228
3139;24548514000;18863111111;19363111111;10240;10228
3140;24548525000;18863111111;19363111111;10240;10228
3141;24548791000;18863111111;19363111111;10240;10228
3142;24549031000;18863111111;19363111111;10240;10228
3143;24549042000;18863111111;19363111111;10240;10228
3144;24549283000;18863111111;19363111111;10240;10228
3145;24549291000;18863122222;19363122222;10240;10228
3146;24549487000;18863388888;19363388888;10240;10228
3147;24549493000;18863388888;19363388888;10240;10228
3148;24549828000;18863388888;19363388888;10240;10228
3149;24549834000;18904777777;19404777777;10240;10228
3150;24550023000;18904777777;19404777777;10240;10228
3151;24550274000;18904777777;19404777777;10240;10228
3152;24550280000;18904777777;19404777777;10240;10228
3153;24550493000;18904777777;19404777777;10240;10228
3154;24550500000;18904777777;19404777777;10240;10228
3155;24550909000;18904777777;19404777777;10240;10228
3156;24550915000;18904800000;19404800000;10240;10228
3157;24551158000;18905111111;19405111111;10240;10228
3158;24551410000;18905111111;19405111111;10240;10228
3159;24551679000;18905111111;19405111111;10240;10228
3160;24551685000;18946444444;19446444444;10240;10228
3161;24551928000;18946444444;19446444444;10240;10228
3162;24736225000;18946444444;19446444444;10240;10228
3163;24737005000;18946444444;19446444444;10240;10228
3164;24737029000;18946444444;19446444444;10240;10228
3165;24738276000;18946444444;19446444444;10240;10228
3166;24738624000;18946444444;19446444444;10240;10228
3167;24739089000;18946455555;19446455555;10240;10228
3168;24739434000;18946744444;19446744444;10240;10228
3169;24739813000;18946744444;19446744444;10240;10228
3170;24739823000;18946744444;19446744444;10240;10228
3171;24740523000;18988111111;19488111111;10240;10228
3172;24740856000;18988111111;19488111111;10240;10228
3173;24740865000;18988111111;19488111111;10240;10228
3174;24741089000;18988111111;19488111111;10240;10228
3175;24741370000;18988111111;19488111111;10240;10228
3176;24741377000;18988111111;19488111111;10240;10228
3177;24741630000;18988111111;19488111111;10240;10228
3178;24741641000;18988133333;19488133333;10240;10228
3179;24742230000;18988411111;19488411111;10240;10228
3180;24742483000;18988411111;19488411111;10240;10228
3181;24742502000;18988411111;19488411111;10240;10228
3182;24742740000;19029788888;19529788888;10240;10228
3183;24742750000;19029788888;19529788888;10240;10228
3184;24743299000;19029788888;19529788888;10240;10228
3185;24743787000;19029788888;19529788888;10240;10228
3186;24743800000;19029788888;19529788888;10240;10228
3187;24744035000;19029788888;19529788888;10240;10228
3188;24744040000;19029788888;19529788888;10240;10228
3189;24744281000;19029800000;19529800000;10240;10228
3190;24744617000;19030111111;19530111111;10240;10228
3191;24745055000;19030111111;19530111111;10240;10228
3192;24745073000;19030111111;19530111111;10240;10228
3193;24745306000;19071444444;19571444444;10240;10228
3194;24745311000;19071444444;19571444444;10240;10228
3195;24745545000;19071444444;19571444444;10240;10228
3196;24746334000;19071444444;19571444444;10240;10228
3197;24746345000;19071444444;19571444444;10240;10228
3198;24746579000;19071444444;19571444444;10240;10228
3199;24746589000;19071444444;19571444444;10240;10228
3200;24746837000;19071466666;19571466666;10240;10228
3201;24746848000;19071722222;19571722222;10240;10228
3202;24747342000;19071722222;19571722222;10240;10228
3203;24747351000;19071722222;19571722222;10240;10228
3204;24747600000;19113111111;19613111111;10240;10228
3205;24747844000;19113111111;19613111111;10240;10228
3206;24748106000;19113111111;19613111111;10240;10228
3207;24748375000;19113111111;19613111111;10240;10228
3208;24748381000;19113111111;19613111111;10240;10228
3209;24748385000;19113111111;19613111111;10240;10228
3210;24748628000;19113111111;19613111111;10240;10228
3211;24748638000;19113144444;19613144444;10240;10228
3212;24748846000;19113455555;19613455555;10240;10228
3214;24748862000;19113455555;19613455555;10240;10228
3215;24749137000;19154788888;19654788888;10240;10228
3216;24749145000;19154788888;19654788888;10240;10228
3217;24749386000;19154788888;19654788888;10240;10228
3218;24749398000;19154788888;19654788888;10240;10228
3219;24749644000;19154788888;19654788888;10240;10228
3220;24749664000;19154788888;19654788888;10240;10228
3221;24749895000;19154788888;19654788888;10240;10228
3222;24749915000;19154800000;19654800000;10240;10228
3223;24750232000;19155144444;19655144444;10240;10228
3224;24750242000;19155144444;19655144444;10240;10228
3225;24750446000;19155144444;19655144444;10240;10228
3226;24750733000;19196455555;19696455555;10240;10228
3227;24750745000;19196455555;19696455555;10240;10228
3228;24750976000;19196455555;19696455555;10240;10228
3230;24751356000;19196455555;19696455555;10240;10228
3231;24751644000;19196455555;19696455555;10240;10228
3232;24751656000;19196455555;19696455555;10240;10228
3233;24751904000;19196477777;19696477777;10240;10228
3234;24752163000;19196766666;19696766666;10240;10228
3235;24752173000;19196766666;19696766666;10240;10228
3237;24752814000;19238122222;19738122222;10240;10228
3238;24752821000;19238122222;19738122222;10240;10228
3239;24753051000;19238122222;19738122222;10240;10228
3240;24937368000;19238122222;19738122222;10240;10228
3241;24937617000;19238122222;19738122222;10240;10228
3242;24938131000;19238122222;19738122222;10240;10228
3243;24938140000;19238122222;19738122222;10240;10228
3244;24939318000;19238144444;19738144444;10240;10228
3245;24939696000;19238411111;19738411111;10240;10228
3246;24940236000;19238411111;19738411111;10240;10228
3247;24940514000;19238411111;19738411111;10240;10228
3248;24940904000;19279777777;19779777777;10240;10228
3249;24940914000;19279777777;19779777777;10240;10228
3250;24941212000;19279777777;19779777777;10240;10228
3251;24941447000;19279777777;19779777777;10240;10228
3252;24941895000;19279777777;19779777777;10240;10228
3253;24942211000;19279777777;19779777777;10240;10228
3254;24942450000;19279777777;19779777777;10240;10228
3255;24942461000;19279800000;19779800000;10240;10228
3256;24942732000;19280088888;19780088888;10240;10228
3257;24942743000;19280088888;19780088888;10240;10228
3258;24943326000;19280088888;19780088888;10240;10228
3259;24943582000;19321444444;19821444444;10240;10228
3260;24943855000;19321444444;19821444444;10240;10228
3261;24943867000;19321444444;19821444444;10240;10228
3262;24944134000;19321444444;19821444444;10240;10228
3263;24944337000;19321444444;19821444444;10240;10228
3264;24944602000;19321444444;19821444444;10240;10228
3265;24944910000;19321444444;19821444444;10240;10228
3266;24944931000;19321466666;19821466666;10240;10228
3267;24945245000;19321755555;19821755555;10240;10228
3268;24945487000;19321755555;19821755555;10240;10228
3269;24945737000;19321755555;19821755555;10240;10228
3270;24945749000;19363100000;19863100000;10240;10228
3271;24946435000;19363100000;19863100000;10240;10228
3272;24946456000;19363100000;19863100000;10240;10228
3273;24946681000;19363100000;19863100000;10240;10228
3274;24946704000;19363100000;19863100000;10240;10228
3275;24946923000;19363100000;19863100000;10240;10228
3276;24947445000;19363100000;19863100000;10240;10228
3277;24947456000;19363122222;19863122222;10240;10228
3278;24947693000;19363377777;19863377777;10240;10228
3279;24947979000;19363377777;19863377777;10240;10228
3280;24947991000;19363377777;19863377777;10240;10228
3281;24948161000;19404766666;19904766666;10240;10228
3282;24948180000;19404766666;19904766666;10240;10228
3283;24948689000;19404766666;19904766666;10240;10228
3284;24948698000;19404766666;19904766666;10240;10228
3285;24948944000;19404766666;19904766666;10240;10228
3286;24949182000;19404766666;19904766666;10240;10228
3287;24949431000;19404766666;19904766666;10240;10228
3288;24949438000;19404788888;19904788888;10240;10228
3289;24949715000;19405088888;19905088888;10240;10228
3290;24949723000;19405088888;19905088888;10240;10228
3292;24949981000;19446455555;19946455555;10240;10228
3293;24949988000;19446455555;19946455555;10240;10228
3294;24950189000;19446455555;19946455555;10240;10228
3295;24950201000;19446455555;19946455555;10240;10228
3296;24950461000;19446455555;19946455555;10240;10228
3297;24950468000;19446455555;19946455555;10240;10228
3298;24950737000;19446455555;19946455555;10240;10228
3299;24950745000;19446466666;19946466666;10240;10228
3300;24951054000;19446744444;19946744444;10240;10228
3301;24951306000;19446744444;19946744444;10240;10228
3302;24951313000;19446744444;19946744444;10240;10228
3303;24951587000;19488111111;19988111111;10240;10228
3304;24951596000;19488111111;19988111111;10240;10228
3305;24951812000;19488111111;19988111111;10240;10228
3306;24951819000;19488111111;19988111111;10240;10228
3307;24952054000;19488111111;19988111111;10240;10228
3308;24952060000;19488111111;19988111111;10240;10228
3309;24952314000;19488111111;19988111111;10240;10228
3310;24952321000;19488133333;19988133333;10240;10228
3311;24952742000;19488400000;19988400000;10240;10228
3312;24952989000;19488400000;19988400000;10240;10228
3313;24952994000;19488400000;19988400000;10240;10228
3314;24953278000;19529766666;20029766666;10240;10228
3315;24953284000;19529766666;20029766666;10240;10228
3316;24953724000;19529766666;20029766666;10240;10228
3317;25137970000;19529766666;20029766666;10240;10228
3318;25138219000;19529766666;20029766666;10240;10228
3319;25138533000;19529766666;20029766666;10240;10228
3320;25138785000;19529766666;20029766666;10240;10228
3321;25139148000;19529788888;20029788888;10240;10228
3322;25139389000;19530100000;20030100000;10240;10228
3323;25140482000;19530100000;20030100000;10240;10228
3324;25140801000;19530100000;20030100000;10240;10228
3325;25141364000;19571444444;20071444444;10240;10228
3326;25141647000;19571444444;20071444444;10240;10228
3327;25142015000;19571444444;20071444444;10240;10228
3328;25142027000;19571444444;20071444444;10240;10228
3329;25142262000;19571444444;20071444444;10240;10228
3330;25142514000;19571444444;20071444444;10240;10228
3331;25143024000;19571444444;20071444444;10240;10228
3332;25143276000;19571466666;20071466666;10240;10228
3333;25143551000;19571744444;20071744444;10240;10228
3334;25143866000;19571744444;20071744444;10240;10228
3335;25143876000;19571744444;20071744444;10240;10228
3336;25144493000;19613111111;20113111111;10240;10228
3337;25144513000;19613111111;20113111111;10240;10228
3338;25144748000;19613111111;20113111111;10240;10228
3339;25144766000;19613111111;20113111111;10240;10228
3340;25144988000;19613111111;20113111111;10240;10228
3341;25145008000;19613111111;20113111111;10240;10228
3342;25145236000;19613111111;20113111111;10240;10228
3343;25145619000;19613133333;20113133333;10240;10228
3344;25145869000;19613422222;20113422222;10240;10228
3345;25146317000;19613422222;20113422222;10240;10228
3346;25146627000;19613422222;20113422222;10240;10228
3347;25146875000;19654788888;20154788888;10240;10228
3348;25146883000;19654788888;20154788888;10240;10228
3349;25147121000;19654788888;20154788888;10240;10228
3350;25147126000;19654788888;20154788888;10240;10228
3351;25147767000;19654788888;20154788888;10240;10228
3352;25147774000;19654788888;20154788888;10240;10228
3354;25148008000;19654800000;20154800000;10240;10228
3355;25148504000;19655100000;20155100000;10240;10228
3356;25148513000;19655100000;20155100000;10240;10228
3357;25148748000;19655100000;20155100000;10240;10228
3358;25148996000;19696444444;20196444444;10240;10228
3359;25149004000;19696444444;20196444444;10240;10228
3360;25149257000;19696444444;20196444444;10240;10228
3361;25149263000;19696444444;20196444444;10240;10228
3362;25149796000;19696444444;20196444444;10240;10228
3363;25149817000;19696444444;20196444444;10240;10228
3364;25150025000;19696444444;20196444444;10240;10228
3365;25150032000;19696466666;20196466666;10240;10228
3366;25150301000;19696722222;20196722222;10240;10228
3367;25150317000;19696722222;20196722222;10240;10228
3368;25150582000;19696722222;20196722222;10240;10228
3369;25150588000;19738111111;20238111111;10240;10228
3370;25150817000;19738111111;20238111111;10240;10228
3371;25151075000;19738111111;20238111111;10240;10228
3372;25151081000;19738111111;20238111111;10240;10228
3373;25151335000;19738111111;20238111111;10240;10228
3374;25151593000;19738111111;20238111111;10240;10228
3375;25151600000;19738111111;20238111111;10240;10228
3376;25151836000;19738133333;20238133333;10240;10228
3377;25151842000;19738411111;20238411111;10240;10228
3378;25152081000;19738411111;20238411111;10240;10228
3379;25152090000;19738411111;20238411111;10240;10228
3380;25152339000;19779777777;20279777777;10240;10228
3381;25152344000;19779777777;20279777777;10240;10228
3382;25152592000;19779777777;20279777777;10240;10228
3383;25152612000;19779777777;20279777777;10240;10228
3384;25152941000;19779777777;20279777777;10240;10228
3385;25152947000;19779777777;20279777777;10240;10228
3386;25153193000;19779777777;20279777777;10240;10228
3387;25153199000;19779800000;20279800000;10240;10228
3388;25153442000;19780111111;20280111111;10240;10228
3389;25153450000;19780111111;20280111111;10240;10228
3390;25153828000;19780111111;20280111111;10240;10228
3391;25154086000;19821522222;20321522222;10240;10228
3392;25154093000;19821522222;20321522222;10240;10228
3393;25154341000;19821522222;20321522222;10240;10228
3394;25154346000;19821522222;20321522222;10240;10228
3395;25154833000;19821522222;20321522222;10240;10228
3396;25338501000;19821522222;20321522222;10240;10228
3397;25339369000;19821522222;20321522222;10240;10228
3398;25339621000;19821655555;20321655555;10240;10228
3399;25340317000;19822077777;20322077777;10240;10228
3400;25340605000;19822077777;20322077777;10240;10228
3401;25341625000;19822077777;20322077777;10240;10228
3402;25341889000;19863111111;20363111111;10240;10228
3403;25342443000;19863111111;20363111111;10240;10228
3404;25342781000;19863111111;20363111111;10240;10228
3405;25343046000;19863111111;20363111111;10240;10228
3406;25343053000;19863111111;20363111111;10240;10228
3407;25343257000;19863111111;20363111111;10240;10228
3408;25343262000;19863111111;20363111111;10240;10228
3409;25343478000;19863133333;20363133333;10240;10228
3410;25344159000;19863388888;20363388888;10240;10228
3411;25344421000;19863388888;20363388888;10240;10228
3412;25344429000;19863388888;20363388888;10240;10228
3413;25344653000;19904777777;20404777777;10240;10228
3414;25344961000;19904777777;20404777777;10240;10228
3415;25345210000;19904777777;20404777777;10240;10228
3416;25345821000;19904777777;20404777777;10240;10228
3417;25346098000;19904777777;20404777777;10240;10228
3418;25346109000;19904777777;20404777777;10240;10228
3419;25346118000;19904777777;20404777777;10240;10228
3420;25346347000;19904800000;20404800000;10240;10228
3421;25346741000;19905111111;20405111111;10240;10228
3422;25346984000;19905111111;20405111111;10240;10228
3423;25346993000;19905111111;20405111111;10240;10228
3424;25347015000;19946444444;20446444444;10240;10228
3425;25347507000;19946444444;20446444444;10240;10228
3426;25347519000;19946444444;20446444444;10240;10228
3427;25347990000;19946444444;20446444444;10240;10228
3428;25348261000;19946444444;20446444444;10240;10228
3429;25348270000;19946444444;20446444444;10240;10228
3430;25348469000;19946444444;20446444444;10240;10228
3431;25348783000;19946466666;20446466666;10240;10228
3432;25349019000;19946744444;20446744444;10240;10228
3433;25349641000;19946744444;20446744444;10240;10228
3434;25349650000;19946744444;20446744444;10240;10228
3435;25349887000;19988122222;20488122222;10240;10228
3436;25349906000;19988122222;20488122222;10240;10228
3437;25350143000;19988122222;20488122222;10240;10228
3438;25350163000;19988122222;20488122222;10240;10228
3439;25350384000;19988122222;20488122222;10240;10228
3440;25350393000;19988122222;20488122222;10240;10228
3441;25350726000;19988122222;20488122222;10240;10228
3442;25350733000;19988133333;20488133333;10240;10228
3443;25350975000;19988411111;20488411111;10240;10228
3444;25350981000;19988411111;20488411111;10240;10228
3445;25351253000;19988411111;20488411111;10240;10228
3446;25351474000;20029811111;20529811111;10240;10228
3447;25351780000;20029811111;20529811111;10240;10228
3448;25351794000;20029811111;20529811111;10240;10228
3449;25352013000;20029811111;20529811111;10240;10228
3450;25352025000;20029811111;20529811111;10240;10228
3451;25352286000;20029811111;20529811111;10240;10228
3452;25352465000;20029811111;20529811111;10240;10228
3453;25352478000;20029822222;20529822222;10240;10228
3454;25352759000;20030177777;20530177777;10240;10228
3455;25352771000;20030177777;20530177777;10240;10228
3456;25353016000;20030177777;20530177777;10240;10228
3457;25353023000;20071444444;20571444444;10240;10228
3458;25353284000;20071444444;20571444444;10240;10228
3459;25353467000;20071444444;20571444444;10240;10228
3460;25353489000;20071444444;20571444444;10240;10228
3461;25353771000;20071444444;20571444444;10240;10228
3462;25353779000;20071444444;20571444444;10240;10228
3463;25354020000;20071444444;20571444444;10240;10228
3464;25354025000;20071466666;20571466666;10240;10228
3465;25354280000;20071733333;20571733333;10240;10228
3466;25354285000;20071733333;20571733333;10240;10228
3467;25354536000;20071733333;20571733333;10240;10228
3469;25354820000;20113111111;20613111111;10240;10228
3470;25355184000;20113111111;20613111111;10240;10228
3471;25355190000;20113111111;20613111111;10240;10228
3472;25355442000;20113111111;20613111111;10240;10228
3473;25355448000;20113111111;20613111111;10240;10228
3474;25355946000;20113111111;20613111111;10240;10228
3475;25539559000;20113133333;20613133333;10240;10228
3476;25539805000;20113400000;20613400000;10240;10228
3477;25540764000;20113400000;20613400000;10240;10228
3478;25540773000;20113400000;20613400000;10240;10228
3479;25541701000;20154766666;20654766666;10240;10228
3480;25542200000;20154766666;20654766666;10240;10228
3481;25543052000;20154766666;20654766666;10240;10228
3482;25543061000;20154766666;20654766666;10240;10228
3483;25543575000;20154766666;20654766666;10240;10228
3484;25543586000;20154766666;20654766666;10240;10228
3485;25544160000;20154766666;20654766666;10240;10228
3486;25544180000;20154788888;20654788888;10240;10228
3487;25544416000;20155100000;20655100000;10240;10228
3488;25544427000;20155100000;20655100000;10240;10228
3489;25545307000;20155100000;20655100000;10240;10228
3490;25545539000;20196444444;20696444444;10240;10228
3492;25545817000;20196444444;20696444444;10240;10228
3493;25546073000;20196444444;20696444444;10240;10228
3494;25546317000;20196444444;20696444444;10240;10228
3495;25546335000;20196444444;20696444444;10240;10228
3496;25547232000;20196444444;20696444444;10240;10228
3497;25547243000;20196477777;20696477777;10240;10228
3498;25547467000;20196766666;20696766666;10240;10228
3499;25547733000;20196766666;20696766666;10240;10228
3500;25547754000;20196766666;20696766666;10240;10228
3501;25548043000;20238122222;20738122222;10240;10228
3502;25548065000;20238122222;20738122222;10240;10228
3503;25548567000;20238122222;20738122222;10240;10228
3504;25548825000;20238122222;20738122222;10240;10228
3505;25548843000;20238122222;20738122222;10240;10228
3506;25549078000;20238122222;20738122222;10240;10228
3507;25549361000;20238122222;20738122222;10240;10228
3508;25549370000;20238133333;20738133333;10240;10228
3509;25549625000;20238422222;20738422222;10240;10228
3510;25549895000;20238422222;20738422222;10240;10228
3511;25550153000;20238422222;20738422222;10240;10228
3512;25550175000;20279777777;20779777777;10240;10228
3514;25550974000;20279777777;20779777777;10240;10228
3515;25551240000;20279777777;20779777777;10240;10228
3516;25551481000;20279777777;20779777777;10240;10228
3517;25551488000;20279777777;20779777777;10240;10228
3518;25551804000;20279777777;20779777777;10240;10228
3519;25551813000;20279800000;20779800000;10240;10228
3520;25551818000;20280100000;20780100000;10240;10228
3521;25552038000;20280100000;20780100000;10240;10228
3522;25552055000;20280100000;20780100000;10240;10228
3523;25552270000;20321433333;20821433333;10240;10228
3524;25552276000;20321433333;20821433333;10240;10228
3525;25552504000;20321433333;20821433333;10240;10228
3526;25552510000;20321433333;20821433333;10240;10228
3527;25552912000;20321433333;20821433333;10240;10228
3528;25553153000;20321433333;20821433333;10240;10228
3529;25553160000;20321433333;20821433333;10240;10228
3530;25553377000;20321466666;20821466666;10240;10228
3531;25553385000;20321777777;20821777777;10240;10228
3532;25553665000;20321777777;20821777777;10240;10228
3533;25553672000;20321777777;20821777777;10240;10228
3534;25553904000;20363100000;20863100000;10240;10228
3535;25554159000;20363100000;20863100000;10240;10228
3536;25554165000;20363100000;20863100000;10240;10228
3537;25554409000;20363100000;20863100000;10240;10228
3538;25554414000;20363100000;20863100000;10240;10228
3539;25554663000;20363100000;20863100000;10240;10228
3540;25554910000;20363100000;20863100000;10240;10228
3541;25554915000;20363122222;20863122222;10240;10228
3542;25555168000;20363377777;20863377777;10240;10228
3543;25555175000;20363377777;20863377777;10240;10228
3544;25555379000;20363377777;20863377777;10240;10228
3545;25555384000;20404766666;20904766666;10240;10228
3546;25555667000;20404766666;20904766666;10240;10228
3547;25555929000;20404766666;20904766666;10240;10228
3548;25556257000;20404766666;20904766666;10240;10228
3549;25556269000;20404766666;20904766666;10240;10228
3550;25556523000;20404766666;20904766666;10240;10228
3551;25556764000;20404766666;20904766666;10240;10228
3552;25557020000;20404788888;20904788888;10240;10228
3553;25741922000;20405100000;20905100000;10240;10228
3554;25741942000;20405100000;20905100000;10240;10228
3555;25742188000;20405100000;20905100000;10240;10228
3556;25742194000;20446622222;20946622222;10240;10228
3557;25742405000;20446622222;20946622222;10240;10228
3558;25742410000;20446622222;20946622222;10240;10228
3559;25743332000;20446622222;20946622222;10240;10228
3560;25744183000;20446622222;20946622222;10240;10228
3561;25744194000;20446622222;20946622222;10240;10228
3562;25744722000;20446622222;20946622222;10240;10228
3563;25744733000;20446644444;20946644444;10240;10228
3564;25744950000;20446933333;20946933333;10240;10228
3565;25745261000;20446933333;20946933333;10240;10228
3566;25745527000;20446933333;20946933333;10240;10228
3567;25746113000;20488111111;20988111111;10240;10228
3568;25746424000;20488111111;20988111111;10240;10228
3569;25746688000;20488111111;20988111111;10240;10228
3570;25746942000;20488111111;20988111111;10240;10228
3571;25747177000;20488111111;20988111111;10240;10228
3572;25747414000;20488111111;20988111111;10240;10228
3573;25747421000;20488111111;20988111111;10240;10228
3574;25747704000;20488133333;20988133333;10240;10228
3575;25748212000;20488400000;20988400000;10240;10228
3576;25748234000;20488400000;20988400000;10240;10228
3577;25748731000;20488400000;20988400000;10240;10228
3578;25748975000;20529766666;21029766666;10240;10228
3579;25748996000;20529766666;21029766666;10240;10228
3580;25749224000;20529766666;21029766666;10240;10228
3581;25749242000;20529766666;21029766666;10240;10228
3582;25749436000;20529766666;21029766666;10240;10228
3583;25749972000;20529766666;21029766666;10240;10228
3584;25749981000;20529766666;21029766666;10240;10228
3585;25750216000;20529788888;21029788888;10240;10228
3586;25750223000;20530111111;21030111111;10240;10228
3587;25750441000;20530111111;21030111111;10240;10228
3588;25750697000;20530111111;21030111111;10240;10228
3589;25750946000;20571444444;21071444444;10240;10228
3590;25751246000;20571444444;21071444444;10240;10228
3591;25751255000;20571444444;21071444444;10240;10228
3592;25751819000;20571444444;21071444444;10240;10228
3593;25752057000;20571444444;21071444444;10240;10228
3594;25752326000;20571444444;21071444444;10240;10228
3595;25752332000;20571444444;21071444444;10240;10228
3596;25752558000;20571466666;21071466666;10240;10228
3597;25752569000;20571755555;21071755555;10240;10228
3598;25752917000;20571755555;21071755555;10240;10228
3599;25752936000;20571755555;21071755555;10240;10228
3600;25753154000;20613111111;21113111111;10240;10228
3601;25753162000;20613111111;21113111111;10240;10228
3602;25753379000;20613111111;21113111111;10240;10228
3603;25753388000;20613111111;21113111111;10240;10228
3604;25753671000;20613111111;21113111111;10240;10228
3605;25753682000;20613111111;21113111111;10240;10228
3606;25753913000;20613111111;21113111111;10240;10228
3607;25753922000;20613133333;21113133333;10240;10228
3608;25754124000;20613422222;21113422222;10240;10228
3609;25754368000;20613422222;21113422222;10240;10228
3610;25754378000;20613422222;21113422222;10240;10228
3611;25754717000;20654788888;21154788888;10240;10228
3612;25754737000;20654788888;21154788888;10240;10228
3613;25754961000;20654788888;21154788888;10240;10228
3614;25754972000;20654788888;21154788888;10240;10228
3615;25755273000;20654788888;21154788888;10240;10228
3616;25755284000;20654788888;21154788888;10240;10228
3617;25755488000;20654788888;21154788888;10240;10228
3618;25755784000;20654800000;21154800000;10240;10228
3619;25755794000;20655122222;21155122222;10240;10228
3620;25756036000;20655122222;21155122222;10240;10228
3621;25756261000;20655122222;21155122222;10240;10228
3622;25756269000;20696444444;21196444444;10240;10228
3623;25756484000;20696444444;21196444444;10240;10228
3624;25756491000;20696444444;21196444444;10240;10228
3625;25756792000;20696444444;21196444444;10240;10228
3626;25756799000;20696444444;21196444444;10240;10228
3627;25757090000;20696444444;21196444444;10240;10228
3628;25757346000;20696444444;21196444444;10240;10228
3629;25757617000;20696466666;21196466666;10240;10228
3630;25757623000;20696733333;21196733333;10240;10228
3631;25758130000;20696733333;21196733333;10240;10228
3632;25942497000;20696733333;21196733333;10240;10228
3633;25943070000;20738100000;21238100000;10240;10228
3634;25943338000;20738100000;21238100000;10240;10228
3635;25943349000;20738100000;21238100000;10240;10228
3636;25943590000;20738100000;21238100000;10240;10228
3637;25943601000;20738100000;21238100000;10240;10228
3638;25944522000;20738100000;21238100000;10240;10228
3639;25945324000;20738100000;21238100000;10240;10228
3640;25945335000;20738122222;21238122222;10240;10228
3641;25945862000;20738411111;21238411111;10240;10228
3642;25945874000;20738411111;21238411111;10240;10228
3643;25946110000;20738411111;21238411111;10240;10228
3644;25946372000;20779766666;21279766666;10240;10228
3645;25946677000;20779766666;21279766666;10240;10228
3646;25946688000;20779766666;21279766666;10240;10228
3647;25947340000;20779766666;21279766666;10240;10228
3648;25947804000;20779766666;21279766666;10240;10228
3649;25948054000;20779766666;21279766666;10240;10228
3650;25948068000;20779766666;21279766666;10240;10228
3651;25948304000;20779788888;21279788888;10240;10228
3652;25948580000;20780111111;21280111111;10240;10228
3653;25948818000;20780111111;21280111111;10240;10228
3655;25949386000;20821677777;21321677777;10240;10228
3656;25949851000;20821677777;21321677777;10240;10228
3657;25950089000;20821677777;21321677777;10240;10228
3658;25950350000;20821677777;21321677777;10240;10228
3659;25950363000;20821677777;21321677777;10240;10228
3660;25950368000;20821677777;21321677777;10240;10228
3661;25950617000;20821677777;21321677777;10240;10228
3662;25950628000;20821700000;21321700000;10240;10228
3663;25951105000;20822066666;21322066666;10240;10228
3664;25951353000;20822066666;21322066666;10240;10228
3665;25951363000;20822066666;21322066666;10240;10228
3666;25951367000;20863133333;21363133333;10240;10228
3667;25951866000;20863133333;21363133333;10240;10228
3668;25952112000;20863133333;21363133333;10240;10228
3669;25952361000;20863133333;21363133333;10240;10228
3670;25952939000;20863133333;21363133333;10240;10228
3671;25953236000;20863133333;21363133333;10240;10228
3672;25953243000;20863133333;21363133333;10240;10228
3673;25953250000;20863155555;21363155555;10240;10228
3674;25953469000;20863422222;21363422222;10240;10228
3675;25953740000;20863422222;21363422222;10240;10228
3676;25953761000;20863422222;21363422222;10240;10228
3677;25953973000;20904777777;21404777777;10240;10228
3678;25953981000;20904777777;21404777777;10240;10228
3679;25954239000;20904777777;21404777777;10240;10228
3680;25954245000;20904777777;21404777777;10240;10228
3681;25954420000;20904777777;21404777777;10240;10228
3682;25954438000;20904777777;21404777777;10240;10228
3683;25954739000;20904777777;21404777777;10240;10228
3684;25954761000;20904800000;21404800000;10240;10228
3685;25955028000;20905111111;21405111111;10240;10228
3686;25955049000;20905111111;21405111111;10240;10228
3687;25955277000;20905111111;21405111111;10240;10228
3688;25955288000;20946444444;21446444444;10240;10228
3689;25955502000;20946444444;21446444444;10240;10228
3690;25955850000;20946444444;21446444444;10240;10228
3691;25956048000;20946444444;21446444444;10240;10228
3692;25956059000;20946444444;21446444444;10240;10228
3693;25956290000;20946444444;21446444444;10240;10228
3694;25956301000;20946444444;21446444444;10240;10228
3695;25956596000;20946466666;21446466666;10240;10228
3696;25956607000;20946744444;21446744444;10240;10228
3697;25956912000;20946744444;21446744444;10240;10228
3698;25956930000;20946744444;21446744444;10240;10228
3699;25957160000;20988111111;21488111111;10240;10228
3700;25957169000;20988111111;21488111111;10240;10228
3701;25957395000;20988111111;21488111111;10240;10228
3702;25957702000;20988111111;21488111111;10240;10228
3703;25957712000;20988111111;21488111111;10240;10228
3704;25957724000;20988111111;21488111111;10240;10228
3705;25957934000;20988111111;21488111111;10240;10228
3706;25957944000;20988133333;21488133333;10240;10228
3707;25958200000;20988400000;21488400000;10240;10228
3708;25958763000;20988400000;21488400000;10240;10228
3709;25958772000;20988400000;21488400000;10240;10228
3710;25959243000;21029900000;21529900000;10240;10228
3711;26143722000;21029900000;21529900000;10240;10228
3712;26143737000;21029900000;21529900000;10240;10228
3713;26144449000;21029900000;21529900000;10240;10228
3714;26144460000;21029900000;21529900000;10240;10228
3715;26144734000;21029900000;21529900000;10240;10228
3716;26144749000;21029900000;21529900000;10240;10228
3717;26145677000;21030022222;21530022222;10240;10228
3718;26146490000;21030366666;21530366666;10240;10228
3719;26146506000;21030366666;21530366666;10240;10228
3720;26147017000;21030366666;21530366666;10240;10228
3721;26147257000;21071444444;21571444444;10240;10228
3722;26147459000;21071444444;21571444444;10240;10228
3723;26147750000;21071444444;21571444444;10240;10228
3724;26148018000;21071444444;21571444444;10240;10228
3725;26148038000;21071444444;21571444444;10240;10228
3726;26148062000;21071444444;21571444444;10240;10228
3727;26148624000;21071444444;21571444444;10240;10228
3728;26148634000;21071466666;21571466666;10240;10228
3729;26149005000;21071744444;21571744444;10240;10228
3730;26149254000;21071744444;21571744444;10240;10228
3731;26149708000;21071744444;21571744444;10240;10228
3732;26149974000;21113111111;21613111111;10240;10228
3733;26150528000;21113111111;21613111111;10240;10228
3734;26151001000;21113111111;21613111111;10240;10228
3735;26151251000;21113111111;21613111111;10240;10228
3736;26151468000;21113111111;21613111111;10240;10228
3737;26151500000;21113111111;21613111111;10240;10228
3738;26151735000;21113111111;21613111111;10240;10228
3739;26151754000;21113133333;21613133333;10240;10228
3740;26152005000;21113388888;21613388888;10240;10228
3741;26152024000;21113388888;21613388888;10240;10228
3742;26152225000;21113388888;21613388888;10240;10228
3743;26152434000;21154766666;21654766666;10240;10228
3744;26152691000;21154766666;21654766666;10240;10228
3745;26152922000;21154766666;21654766666;10240;10228
3746;26153197000;21154766666;21654766666;10240;10228
3747;26153480000;21154766666;21654766666;10240;10228
3748;26153500000;21154766666;21654766666;10240;10228
3749;26153775000;21154766666;21654766666;10240;10228
3750;26153783000;21154788888;21654788888;10240;10228
3751;26154377000;21155088888;21655088888;10240;10228
3752;26154396000;21155088888;21655088888;10240;10228
3753;26154597000;21155088888;21655088888;10240;10228
3754;26154608000;21196444444;21696444444;10240;10228
3755;26154868000;21196444444;21696444444;10240;10228
3756;26154881000;21196444444;21696444444;10240;10228
3757;26155113000;21196444444;21696444444;10240;10228
3758;26155123000;21196444444;21696444444;10240;10228
3759;26155326000;21196444444;21696444444;10240;10228
3760;26155336000;21196444444;21696444444;10240;10228
3761;26155630000;21196466666;21696466666;10240;10228
3762;26155892000;21196733333;21696733333;10240;10228
3763;26155900000;21196733333;21696733333;10240;10228
3764;26156145000;21196733333;21696733333;10240;10228
3765;26156155000;21238122222;21738122222;10240;10228
3766;26156348000;21238122222;21738122222;10240;10228
3767;26156659000;21238122222;21738122222;10240;10228
3768;26156673000;21238122222;21738122222;10240;10228
3769;26156681000;21238122222;21738122222;10240;10228
3770;26156921000;21238122222;21738122222;10240;10228
3771;26157173000;21238122222;21738122222;10240;10228
3772;26157183000;21238144444;21738144444;10240;10228
3773;26157424000;21238411111;21738411111;10240;10228
3774;26157442000;21238411111;21738411111;10240;10228
3775;26157704000;21238411111;21738411111;10240;10228
3776;26158049000;21279777777;21779777777;10240;10228
3777;26158064000;21279777777;21779777777;10240;10228
3778;26158289000;21279777777;21779777777;10240;10228
3779;26158299000;21279777777;21779777777;10240;10228
3780;26158494000;21279777777;21779777777;10240;10228
3781;26158837000;21279777777;21779777777;10240;10228
3782;26158848000;21279777777;21779777777;10240;10228
3783;26159082000;21279788888;21779788888;10240;10228
3784;26159092000;21280122222;21780122222;10240;10228
3785;26159296000;21280122222;21780122222;10240;10228
3786;26159306000;21280122222;21780122222;10240;10228
3787;26159888000;21321444444;21821444444;10240;10228
3788;26159899000;21321444444;21821444444;10240;10228
3789;26160398000;21321444444;21821444444;10240;10228
3790;26344933000;21321444444;21821444444;10240;10228
3791;26344946000;21321444444;21821444444;10240;10228
3792;26345138000;21321444444;21821444444;10240;10228
3793;26345650000;21321444444;21821444444;10240;10228
3794;26345661000;21321466666;21821466666;10240;10228
3795;26345968000;21321744444;21821744444;10240;10228
3796;26346851000;21321744444;21821744444;10240;10228
3797;26347646000;21321744444;21821744444;10240;10228
3798;26347652000;21363100000;21863100000;10240;10228
3799;26347904000;21363100000;21863100000;10240;10228
3800;26348139000;21363100000;21863100000;10240;10228
3801;26348390000;21363100000;21863100000;10240;10228
3802;26348396000;21363100000;21863100000;10240;10228
3803;26349139000;21363100000;21863100000;10240;10228
3804;26349148000;21363100000;21863100000;10240;10228
3805;26349382000;21363122222;21863122222;10240;10228
3806;26349393000;21363366666;21863366666;10240;10228
3807;26349828000;21363366666;21863366666;10240;10228
3808;26349838000;21363366666;21863366666;10240;10228
3809;26350384000;21404777777;21904777777;10240;10228
3810;26350857000;21404777777;21904777777;10240;10228
3811;26351110000;21404777777;21904777777;10240;10228
3812;26351543000;21404777777;21904777777;10240;10228
3813;26351799000;21404777777;21904777777;10240;10228
3814;26352040000;21404777777;21904777777;10240;10228
3815;26352060000;21404777777;21904777777;10240;10228
3816;26352301000;21404800000;21904800000;10240;10228
3817;26352535000;21405088888;21905088888;10240;10228
3818;26352885000;21405088888;21905088888;10240;10228
3819;26353132000;21405088888;21905088888;10240;10228
3820;26353143000;21446455555;21946455555;10240;10228
3821;26353343000;21446455555;21946455555;10240;10228
3822;26353355000;21446455555;21946455555;10240;10228
3823;26353603000;21446455555;21946455555;10240;10228
3824;26353688000;21446455555;21946455555;10240;10228
3825;26354044000;21446455555;21946455555;10240;10228
3826;26354282000;21446455555;21946455555;10240;10228
3827;26354508000;21446466666;21946466666;10240;10228
3828;26354928000;21446733333;21946733333;10240;10228
3829;26354941000;21446733333;21946733333;10240;10228
3830;26355170000;21446733333;21946733333;10240;10228
3831;26355190000;21488111111;21988111111;10240;10228
3832;26355466000;21488111111;21988111111;10240;10228
3833;26355748000;21488111111;21988111111;10240;10228
3834;26355995000;21488111111;21988111111;10240;10228
3835;26356014000;21488111111;21988111111;10240;10228
3836;26356244000;21488111111;21988111111;10240;10228
3837;26356253000;21488111111;21988111111;10240;10228
3838;26356433000;21488133333;21988133333;10240;10228
3839;26356445000;21488411111;21988411111;10240;10228
3840;26356800000;21488411111;21988411111;10240;10228
3841;26357038000;21488411111;21988411111;10240;10228
3842;26357060000;21529766666;22029766666;10240;10228
3843;26357275000;21529766666;22029766666;10240;10228
3844;26357289000;21529766666;22029766666;10240;10228
3845;26357543000;21529766666;22029766666;10240;10228
3846;26357553000;21529766666;22029766666;10240;10228
3847;26357798000;21529766666;22029766666;10240;10228
3848;26357816000;21529766666;22029766666;10240;10228
3849;26358027000;21529788888;22029788888;10240;10228
3850;26358034000;21530155555;22030155555;10240;10228
3851;26358294000;21530155555;22030155555;10240;10228
3852;26358541000;21530155555;22030155555;10240;10228
3853;26358558000;21571433333;22071433333;10240;10228
3854;26358798000;21571433333;22071433333;10240;10228
3855;26359042000;21571433333;22071433333;10240;10228
3856;26359048000;21571433333;22071433333;10240;10228
3857;26359314000;21571433333;22071433333;10240;10228
3858;26359320000;21571433333;22071433333;10240;10228
3859;26359583000;21571433333;22071433333;10240;10228
3860;26359589000;21571455555;22071455555;10240;10228
3861;26359941000;21571766666;22071766666;10240;10228
3862;26360204000;21571766666;22071766666;10240;10228
3863;26360209000;21571766666;22071766666;10240;10228
3864;26360417000;21613100000;22113100000;10240;10228
3865;26360712000;21613100000;22113100000;10240;10228
3866;26361026000;21613100000;22113100000;10240;10228
3867;26361031000;21613100000;22113100000;10240;10228
3868;26361507000;21613100000;22113100000;10240;10228
3869;26546104000;21613100000;22113100000;10240;10228
3870;26546129000;21613100000;22113100000;10240;10228
3871;26546354000;21613122222;22113122222;10240;10228
3872;26546372000;21613400000;22113400000;10240;10228
3873;26546787000;21613400000;22113400000;10240;10228
3874;26547045000;21613400000;22113400000;10240;10228
3875;26547973000;21654788888;22154788888;10240;10228
3876;26548776000;21654788888;22154788888;10240;10228
3877;26548792000;21654788888;22154788888;10240;10228
3878;26549016000;21654788888;22154788888;10240;10228
3879;26549268000;21654788888;22154788888;10240;10228
3880;26549540000;21654788888;22154788888;10240;10228
3881;26549780000;21654788888;22154788888;10240;10228
3882;26549794000;21654800000;22154800000;10240;10228
3883;26550572000;21655088888;22155088888;10240;10228
3884;26550596000;21655088888;22155088888;10240;10228
3885;26550823000;21655088888;22155088888;10240;10228
3886;26551063000;21696444444;22196444444;10240;10228
3887;26551082000;21696444444;22196444444;10240;10228
3888;26551499000;21696444444;22196444444;10240;10228
3889;26551928000;21696444444;22196444444;10240;10228
3890;26552215000;21696444444;22196444444;10240;10228
3891;26552688000;21696444444;22196444444;10240;10228
3892;26552927000;21696444444;22196444444;10240;10228
3893;26552946000;21696466666;22196466666;10240;10228
3894;26553364000;21696744444;22196744444;10240;10228
3895;26553691000;21696744444;22196744444;10240;10228
3896;26553701000;21696744444;22196744444;10240;10228
3897;26553981000;21738111111;22238111111;10240;10228
3898;26554236000;21738111111;22238111111;10240;10228
3899;26554257000;21738111111;22238111111;10240;10228
3900;26554497000;21738111111;22238111111;10240;10228
3901;26554509000;21738111111;22238111111;10240;10228
3902;26554742000;21738111111;22238111111;10240;10228
3903;26554755000;21738111111;22238111111;10240;10228
3905;26555384000;21738411111;22238411111;10240;10228
3906;26555411000;21738411111;22238411111;10240;10228
3907;26555893000;21738411111;22238411111;10240;10228
3908;26556166000;21779777777;22279777777;10240;10228
3909;26556190000;21779777777;22279777777;10240;10228
3910;26556535000;21779777777;22279777777;10240;10228
3911;26556857000;21779777777;22279777777;10240;10228
3912;26557120000;21779777777;22279777777;10240;10228
3913;26557141000;21779777777;22279777777;10240;10228
3914;26557347000;21779777777;22279777777;10240;10228
3915;26557358000;21779800000;22279800000;10240;10228
3916;26557615000;21780111111;22280111111;10240;10228
3917;26557627000;21780111111;22280111111;10240;10228
3918;26557932000;21780111111;22280111111;10240;10228
3919;26558141000;21821444444;22321444444;10240;10228
3920;26558148000;21821444444;22321444444;10240;10228
3921;26558383000;21821444444;22321444444;10240;10228
3922;26558389000;21821444444;22321444444;10240;10228
3923;26558635000;21821444444;22321444444;10240;10228
3924;26558642000;21821444444;22321444444;10240;10228
3925;26558874000;21821444444;22321444444;10240;10228
3926;26558880000;21821466666;22321466666;10240;10228
3927;26559124000;21821744444;22321744444;10240;10228
3928;26559133000;21821744444;22321744444;10240;10228
3929;26559376000;21821744444;22321744444;10240;10228
3930;26559385000;21863122222;22363122222;10240;10228
3931;26559668000;21863122222;22363122222;10240;10228
3932;26559688000;21863122222;22363122222;10240;10228
3933;26559927000;21863122222;22363122222;10240;10228
3934;26560160000;21863122222;22363122222;10240;10228
3935;26560381000;21863122222;22363122222;10240;10228
3936;26560650000;21863122222;22363122222;10240;10228
3937;26560661000;21863144444;22363144444;10240;10228
3938;26560668000;21863400000;22363400000;10240;10228
3939;26560927000;21863400000;22363400000;10240;10228
3940;26560933000;21863400000;22363400000;10240;10228
3941;26561397000;21904777777;22404777777;10240;10228
3942;26561402000;21904777777;22404777777;10240;10228
3943;26561683000;21904777777;22404777777;10240;10228
3944;26561688000;21904777777;22404777777;10240;10228
3946;26562194000;21904777777;22404777777;10240;10228
3947;26562620000;21904777777;22404777777;10240;10228
3948;26747244000;21904800000;22404800000;10240;10228
3949;26747499000;21905122222;22405122222;10240;10228
3950;26747511000;21905122222;22405122222;10240;10228
3951;26747750000;21905122222;22405122222;10240;10228
3952;26747760000;21946433333;22446433333;10240;10228
3953;26748154000;21946433333;22446433333;10240;10228
3954;26749153000;21946433333;22446433333;10240;10228
3955;26749912000;21946433333;22446433333;10240;10228
3956;26749921000;21946433333;22446433333;10240;10228
3957;26750164000;21946433333;22446433333;10240;10228
3958;26750414000;21946433333;22446433333;10240;10228
3959;26750425000;21946455555;22446455555;10240;10228
3960;26750934000;21946733333;22446733333;10240;10228
3961;26750945000;21946733333;22446733333;10240;10228
3962;26751185000;21946733333;22446733333;10240;10228
3963;26751460000;21988100000;22488100000;10240;10228
3964;26751754000;21988100000;22488100000;10240;10228
3965;26751996000;21988100000;22488100000;10240;10228
3966;26752603000;21988100000;22488100000;10240;10228
3967;26752612000;21988100000;22488100000;10240;10228
3968;26753113000;21988100000;22488100000;10240;10228
3969;26753359000;21988100000;22488100000;10240;10228
3970;26753717000;21988122222;22488122222;10240;10228
3971;26753987000;21988400000;22488400000;10240;10228
3972;26754009000;21988400000;22488400000;10240;10228
3973;26754235000;21988400000;22488400000;10240;10228
3974;26754800000;22029788888;22529788888;10240;10228
3975;26754811000;22029788888;22529788888;10240;10228
3976;26755027000;22029788888;22529788888;10240;10228
3979;26755674000;22029788888;22529788888;10240;10228
3980;26755938000;22029788888;22529788888;10240;10228
3981;26755950000;22029811111;22529811111;10240;10228
3982;26756185000;22030155555;22530155555;10240;10228
3983;26756191000;22030155555;22530155555;10240;10228
3984;26756417000;22030155555;22530155555;10240;10228
3985;26757024000;22071455555;22571455555;10240;10228
3988;26757259000;22071455555;22571455555;10240;10228
3989;26757267000;22071455555;22571455555;10240;10228
3990;26757615000;22071455555;22571455555;10240;10228
3991;26757854000;22071455555;22571455555;10240;10228
3992;26757862000;22071466666;22571466666;10240;10228
3993;26758101000;22071733333;22571733333;10240;10228
3994;26758479000;22071733333;22571733333;10240;10228
3995;26758774000;22071733333;22571733333;10240;10228
3996;26758785000;22113100000;22613100000;10240;10228
3997;26759010000;22113100000;22613100000;10240;10228
3998;26759017000;22113100000;22613100000;10240;10228
4000;26759383000;22113100000;22613100000;10240;10228
4001;26759680000;22113100000;22613100000;10240;10228
4002;26759692000;22113100000;22613100000;10240;10228
4003;26759697000;22113122222;22613122222;10240;10228
4004;26759914000;22113388888;22613388888;10240;10228
4005;26759920000;22113388888;22613388888;10240;10228
4006;26760166000;22113388888;22613388888;10240;10228
4007;26760173000;22154766666;22654766666;10240;10228
4008;26760418000;22154766666;22654766666;10240;10228
4009;26760423000;22154766666;22654766666;10240;10228
4010;26760771000;22154766666;22654766666;10240;10228
4011;26761024000;22154766666;22654766666;10240;10228
4012;26761033000;22154766666;22654766666;10240;10228
4013;26761037000;22154766666;22654766666;10240;10228
4014;26761274000;22154788888;22654788888;10240;10228
4015;26761497000;22155122222;22655122222;10240;10228
4017;26761831000;22155122222;22655122222;10240;10228
4018;26762070000;22196433333;22696433333;10240;10228
4019;26762076000;22196433333;22696433333;10240;10228
4020;26762500000;22196433333;22696433333;10240;10228
4021;26762506000;22196433333;22696433333;10240;10228
4022;26762769000;22196433333;22696433333;10240;10228
4023;26762779000;22196433333;22696433333;10240;10228
4024;26763270000;22196433333;22696433333;10240;10228
4025;26763577000;22196455555;22696455555;10240;10228
4026;26948392000;22196766666;22696766666;10240;10228
4027;26948681000;22196766666;22696766666;10240;10228
4028;26948693000;22196766666;22696766666;10240;10228
4029;26948930000;22238133333;22738133333;10240;10228
4030;26948942000;22238133333;22738133333;10240;10228
4031;26949166000;22238133333;22738133333;10240;10228
4032;26949172000;22238133333;22738133333;10240;10228
4033;26950315000;22238133333;22738133333;10240;10228
4034;26951044000;22238133333;22738133333;10240;10228
4035;26951055000;22238133333;22738133333;10240;10228
4036;26951302000;22238300000;22738300000;10240;10228
4037;26951592000;22238622222;22738622222;10240;10228
4038;26952056000;22238622222;22738622222;10240;10228
4039;26952067000;22238622222;22738622222;10240;10228
4040;26952301000;22279777777;22779777777;10240;10228
4041;26952308000;22279777777;22779777777;10240;10228
4042;26952606000;22279777777;22779777777;10240;10228
4043;26952846000;22279777777;22779777777;10240;10228
4044;26953106000;22279777777;22779777777;10240;10228
4045;26953117000;22279777777;22779777777;10240;10228
4046;26953719000;22279777777;22779777777;10240;10228
4047;26954124000;22279800000;22779800000;10240;10228
4048;26954503000;22280100000;22780100000;10240;10228
4049;26954524000;22280100000;22780100000;10240;10228
4050;26955073000;22280100000;22780100000;10240;10228
4051;26955082000;22321444444;22821444444;10240;10228
4052;26955357000;22321444444;22821444444;10240;10228
4053;26955961000;22321444444;22821444444;10240;10228
4054;26955998000;22321444444;22821444444;10240;10228
4055;26956146000;22321444444;22821444444;10240;10228
4056;26956383000;22321444444;22821444444;10240;10228
4057;26956918000;22321444444;22821444444;10240;10228
4058;26956933000;22321466666;22821466666;10240;10228
4059;26957162000;22321755555;22821755555;10240;10228
4060;26957181000;22321755555;22821755555;10240;10228
4061;26957387000;22321755555;22821755555;10240;10228
4062;26957397000;22363111111;22863111111;10240;10228
4063;26957660000;22363111111;22863111111;10240;10228
4064;26957670000;22363111111;22863111111;10240;10228
4065;26958199000;22363111111;22863111111;10240;10228
4066;26958381000;22363111111;22863111111;10240;10228
4067;26958698000;22363111111;22863111111;10240;10228
4068;26958709000;22363111111;22863111111;10240;10228
4070;26958993000;22363377777;22863377777;10240;10228
4071;26959004000;22363377777;22863377777;10240;10228
4072;26959245000;22363377777;22863377777;10240;10228
4073;26959254000;22404777777;22904777777;10240;10228
4074;26959488000;22404777777;22904777777;10240;10228
4075;26959944000;22404777777;22904777777;10240;10228
4078;26960188000;22404777777;22904777777;10240;10228
4079;26960376000;22404777777;22904777777;10240;10228
4080;26960384000;22404800000;22904800000;10240;10228
4081;26960841000;22405088888;22905088888;10240;10228
4082;26960851000;22405088888;22905088888;10240;10228
4083;26961081000;22405088888;22905088888;10240;10228
4084;26961110000;22446455555;22946455555;10240;10228
4085;26961330000;22446455555;22946455555;10240;10228
4086;26961340000;22446455555;22946455555;10240;10228
4087;26961622000;22446455555;22946455555;10240;10228
4088;26961640000;22446455555;22946455555;10240;10228
4089;26961850000;22446455555;22946455555;10240;10228
4090;26961859000;22446455555;22946455555;10240;10228
4091;26962088000;22446466666;22946466666;10240;10228
4092;26962394000;22446744444;22946744444;10240;10228
4093;26962664000;22446744444;22946744444;10240;10228
4094;26962676000;22446744444;22946744444;10240;10228
4095;26962959000;22488122222;22988122222;10240;10228
4096;26962971000;22488122222;22988122222;10240;10228
4097;26963221000;22488122222;22988122222;10240;10228
4098;26963634000;22488122222;22988122222;10240;10228
4099;26963654000;22488122222;22988122222;10240;10228
4100;26963836000;22488122222;22988122222;10240;10228
4101;26964088000;22488122222;22988122222;10240;10228
4102;26964097000;22488144444;22988144444;10240;10228
4103;26964710000;22488422222;22988422222;10240;10228
4104;27149087000;22488422222;22988422222;10240;10228
4105;27149113000;22488422222;22988422222;10240;10228
4106;27149339000;22529788888;23029788888;10240;10228
4107;27149626000;22529788888;23029788888;10240;10228
4108;27150078000;22529788888;23029788888;10240;10228
4109;27150089000;22529788888;23029788888;10240;10228
4110;27150334000;22529788888;23029788888;10240;10228
4111;27150344000;22529788888;23029788888;10240;10228
4112;27151520000;22529788888;23029788888;10240;10228
4113;27152118000;22529811111;23029811111;10240;10228
4114;27152346000;22530144444;23030144444;10240;10228
4115;27152357000;22530144444;23030144444;10240;10228
4116;27152635000;22530144444;23030144444;10240;10228
4117;27152999000;22571455555;23071455555;10240;10228
4118;27153033000;22571455555;23071455555;10240;10228
4119;27153260000;22571455555;23071455555;10240;10228
4120;27153455000;22571455555;23071455555;10240;10228
4121;27153805000;22571455555;23071455555;10240;10228
4122;27153820000;22571455555;23071455555;10240;10228
4123;27154248000;22571455555;23071455555;10240;10228
4124;27154280000;22571477777;23071477777;10240;10228
4125;27154905000;22571766666;23071766666;10240;10228
4126;27155238000;22571766666;23071766666;10240;10228
4127;27155620000;22571766666;23071766666;10240;10228
4128;27155634000;22613122222;23113122222;10240;10228
4129;27156246000;22613122222;23113122222;10240;10228
4130;27156265000;22613122222;23113122222;10240;10228
4131;27156441000;22613122222;23113122222;10240;10228
4132;27156750000;22613122222;23113122222;10240;10228
4133;27157115000;22613122222;23113122222;10240;10228
4134;27157136000;22613122222;23113122222;10240;10228
4135;27157376000;22613144444;23113144444;10240;10228
4136;27157645000;22613433333;23113433333;10240;10228
4137;27158095000;22613433333;23113433333;10240;10228
4138;27158351000;22613433333;23113433333;10240;10228
4139;27158362000;22654788888;23154788888;10240;10228
4140;27158568000;22654788888;23154788888;10240;10228
4141;27158578000;22654788888;23154788888;10240;10228
4142;27158811000;22654788888;23154788888;10240;10228
4143;27159092000;22654788888;23154788888;10240;10228
4144;27159102000;22654788888;23154788888;10240;10228
4145;27159117000;22654788888;23154788888;10240;10228
4146;27159336000;22654800000;23154800000;10240;10228
4147;27159645000;22655088888;23155088888;10240;10228
4148;27160154000;22655088888;23155088888;10240;10228
4149;27160163000;22655088888;23155088888;10240;10228
4150;27160356000;22696444444;23196444444;10240;10228
4151;27160370000;22696444444;23196444444;10240;10228
4152;27160657000;22696444444;23196444444;10240;10228
4153;27160667000;22696444444;23196444444;10240;10228
4154;27160906000;22696444444;23196444444;10240;10228
4155;27161312000;22696444444;23196444444;10240;10228
4156;27161627000;22696444444;23196444444;10240;10228
4157;27161648000;22696466666;23196466666;10240;10228
4158;27161657000;22696722222;23196722222;10240;10228
4159;27162024000;22696722222;23196722222;10240;10228
4160;27162038000;22696722222;23196722222;10240;10228
4161;27162275000;22738100000;23238100000;10240;10228
4162;27162284000;22738100000;23238100000;10240;10228
4163;27162487000;22738100000;23238100000;10240;10228
4164;27162498000;22738100000;23238100000;10240;10228
4165;27162715000;22738100000;23238100000;10240;10228
4166;27162725000;22738100000;23238100000;10240;10228
4167;27163025000;22738100000;23238100000;10240;10228
4168;27163034000;22738133333;23238133333;10240;10228
4169;27163281000;22738444444;23238444444;10240;10228
4170;27163291000;22738444444;23238444444;10240;10228
4171;27163468000;22738444444;23238444444;10240;10228
4172;27163485000;22779766666;23279766666;10240;10228
4173;27163773000;22779766666;23279766666;10240;10228
4174;27164122000;22779766666;23279766666;10240;10228
4175;27164142000;22779766666;23279766666;10240;10228
4176;27164326000;22779766666;23279766666;10240;10228
4177;27164336000;22779766666;23279766666;10240;10228
4178;27164614000;22779766666;23279766666;10240;10228
4179;27164623000;22779788888;23279788888;10240;10228
4180;27164931000;22780100000;23280100000;10240;10228
4181;27165215000;22780100000;23280100000;10240;10228
4182;27165867000;22780100000;23280100000;10240;10228
4183;27349670000;22821433333;23321433333;10240;10228
4184;27350112000;22821433333;23321433333;10240;10228
4185;27350487000;22821433333;23321433333;10240;10228
4186;27350779000;22821433333;23321433333;10240;10228
4187;27351226000;22821433333;23321433333;10240;10228
4188;27351235000;22821433333;23321433333;10240;10228
4189;27351459000;22821433333;23321433333;10240;10228
4190;27351468000;22821455555;23321455555;10240;10228
4191;27352719000;22821744444;23321744444;10240;10228
4192;27353074000;22821744444;23321744444;10240;10228
4193;27353319000;22821744444;23321744444;10240;10228
4194;27353580000;22863122222;23363122222;10240;10228
4195;27353589000;22863122222;23363122222;10240;10228
4196;27354154000;22863122222;23363122222;10240;10228
4197;27354173000;22863122222;23363122222;10240;10228
4198;27354406000;22863122222;23363122222;10240;10228
4199;27354415000;22863122222;23363122222;10240;10228
4200;27354958000;22863122222;23363122222;10240;10228
4201;27354967000;22863133333;23363133333;10240;10228
4202;27355389000;22863400000;23363400000;10240;10228
4203;27355398000;22863400000;23363400000;10240;10228
4204;27356073000;22863400000;23363400000;10240;10228
4205;27356368000;22904777777;23404777777;10240;10228
4206;27356768000;22904777777;23404777777;10240;10228
4207;27356779000;22904777777;23404777777;10240;10228
4208;27357428000;22904777777;23404777777;10240;10228
4209;27357440000;22904777777;23404777777;10240;10228
4210;27357691000;22904777777;23404777777;10240;10228
4211;27357932000;22904777777;23404777777;10240;10228
4212;27357950000;22904800000;23404800000;10240;10228
4213;27358189000;22905100000;23405100000;10240;10228
4214;27358525000;22905100000;23405100000;10240;10228
4215;27358785000;22905100000;23405100000;10240;10228
4218;27359593000;22946444444;23446444444;10240;10228
4219;27359636000;22946444444;23446444444;10240;10228
4220;27359846000;22946444444;23446444444;10240;10228
4221;27359867000;22946444444;23446444444;10240;10228
4222;27360251000;22946444444;23446444444;10240;10228
4223;27360260000;22946466666;23446466666;10240;10228
4224;27360463000;22946755555;23446755555;10240;10228
4225;27360469000;22946755555;23446755555;10240;10228
4226;27360826000;22946755555;23446755555;10240;10228
4227;27360838000;22988111111;23488111111;10240;10228
4228;27361124000;22988111111;23488111111;10240;10228
4229;27361131000;22988111111;23488111111;10240;10228
4230;27361399000;22988111111;23488111111;10240;10228
4231;27361796000;22988111111;23488111111;10240;10228
4232;27361806000;22988111111;23488111111;10240;10228
4233;27362032000;22988111111;23488111111;10240;10228
4234;27362042000;22988133333;23488133333;10240;10228
4235;27362598000;22988411111;23488411111;10240;10228
4236;27362611000;22988411111;23488411111;10240;10228
4237;27362831000;22988411111;23488411111;10240;10228
4238;27362840000;23029777777;23529777777;10240;10228
4240;27363391000;23029777777;23529777777;10240;10228
4241;27363659000;23029777777;23529777777;10240;10228
4242;27363670000;23029777777;23529777777;10240;10228
4243;27363674000;23029777777;23529777777;10240;10228
4246;27364172000;23030144444;23530144444;10240;10228
4247;27364193000;23030144444;23530144444;10240;10228
4248;27364413000;23030144444;23530144444;10240;10228
4249;27364426000;23071455555;23571455555;10240;10228
4250;27364705000;23071455555;23571455555;10240;10228
4251;27364718000;23071455555;23571455555;10240;10228
4252;27364957000;23071455555;23571455555;10240;10228
4253;27364978000;23071455555;23571455555;10240;10228
4254;27365184000;23071455555;23571455555;10240;10228
4255;27365195000;23071455555;23571455555;10240;10228
4256;27365393000;23071477777;23571477777;10240;10228
4257;27365689000;23071744444;23571744444;10240;10228
4258;27365699000;23071744444;23571744444;10240;10228
4259;27366047000;23071744444;23571744444;10240;10228
4260;27366330000;23113111111;23613111111;10240;10228
4261;27367007000;23113111111;23613111111;10240;10228
4262;27550646000;23113111111;23613111111;10240;10228
4263;27551256000;23113111111;23613111111;10240;10228
4264;27551637000;23113111111;23613111111;10240;10228
4265;27551918000;23113111111;23613111111;10240;10228
4266;27552382000;23113111111;23613111111;10240;10228
4267;27552391000;23113133333;23613133333;10240;10228
4268;27552644000;23113400000;23613400000;10240;10228
4269;27553695000;23113400000;23613400000;10240;10228
4270;27553709000;23113400000;23613400000;10240;10228
4271;27554092000;23154766666;23654766666;10240;10228
4272;27554454000;23154766666;23654766666;10240;10228
4273;27554770000;23154766666;23654766666;10240;10228
4274;27554781000;23154766666;23654766666;10240;10228
4275;27555274000;23154766666;23654766666;10240;10228
4276;27555554000;23154766666;23654766666;10240;10228
4277;27555574000;23154766666;23654766666;10240;10228
4278;27556065000;23154788888;23654788888;10240;10228
4279;27556317000;23155100000;23655100000;10240;10228
4280;27556582000;23155100000;23655100000;10240;10228
4281;27556594000;23155100000;23655100000;10240;10228
4282;27556823000;23196433333;23696433333;10240;10228
4283;27557259000;23196433333;23696433333;10240;10228
4284;27557542000;23196433333;23696433333;10240;10228
4285;27557899000;23196433333;23696433333;10240;10228
4287;27558585000;23196433333;23696433333;10240;10228
4288;27558839000;23196433333;23696433333;10240;10228
4289;27558845000;23196455555;23696455555;10240;10228
4290;27559090000;23196744444;23696744444;10240;10228
4291;27559102000;23196744444;23696744444;10240;10228
4292;27559704000;23196744444;23696744444;10240;10228
4293;27559923000;23238111111;23738111111;10240;10228
4294;27560720000;23238111111;23738111111;10240;10228
4295;27560763000;23238111111;23738111111;10240;10228
4296;27561018000;23238111111;23738111111;10240;10228
4297;27561030000;23238111111;23738111111;10240;10228
4298;27561248000;23238111111;23738111111;10240;10228
4299;27561260000;23238111111;23738111111;10240;10228
4300;27561463000;23238144444;23738144444;10240;10228
4301;27561479000;23238500000;23738500000;10240;10228
4302;27561696000;23238500000;23738500000;10240;10228
4303;27561702000;23238500000;23738500000;10240;10228
4304;27561983000;23279788888;23779788888;10240;10228
4305;27561988000;23279788888;23779788888;10240;10228
4306;27562234000;23279788888;23779788888;10240;10228
4307;27562239000;23279788888;23779788888;10240;10228
4308;27562448000;23279788888;23779788888;10240;10228
4309;27562453000;23279788888;23779788888;10240;10228
4310;27562775000;23279788888;23779788888;10240;10228
4311;27562781000;23279800000;23779800000;10240;10228
4312;27562995000;23280111111;23780111111;10240;10228
4313;27563013000;23280111111;23780111111;10240;10228
4314;27563243000;23280111111;23780111111;10240;10228
4315;27563780000;23321444444;23821444444;10240;10228
4316;27563785000;23321444444;23821444444;10240;10228
4317;27564031000;23321444444;23821444444;10240;10228
4318;27564050000;23321444444;23821444444;10240;10228
4319;27564710000;23321444444;23821444444;10240;10228
4320;27564716000;23321444444;23821444444;10240;10228
4321;27564977000;23321444444;23821444444;10240;10228
4322;27564996000;23321466666;23821466666;10240;10228
4323;27565212000;23321755555;23821755555;10240;10228
4324;27565236000;23321755555;23821755555;10240;10228
4325;27565431000;23321755555;23821755555;10240;10228
4326;27565693000;23363100000;23863100000;10240;10228
4327;27565704000;23363100000;23863100000;10240;10228
4328;27565719000;23363100000;23863100000;10240;10228
4329;27565959000;23363100000;23863100000;10240;10228
4330;27565981000;23363100000;23863100000;10240;10228
4331;27566198000;23363100000;23863100000;10240;10228
4332;27566210000;23363100000;23863100000;10240;10228
4333;27566414000;23363122222;23863122222;10240;10228
4334;27566425000;23363388888;23863388888;10240;10228
4335;27566658000;23363388888;23863388888;10240;10228
4336;27566669000;23363388888;23863388888;10240;10228
4337;27566906000;23404766666;23904766666;10240;10228
4338;27567202000;23404766666;23904766666;10240;10228
4339;27567417000;23404766666;23904766666;10240;10228
4340;27568125000;23404766666;23904766666;10240;10228
4341;27751168000;23404766666;23904766666;10240;10228
4342;27752409000;23404766666;23904766666;10240;10228
4343;27753576000;23404766666;23904766666;10240;10228
4344;27753596000;23404788888;23904788888;10240;10228
4345;27753793000;23405100000;23905100000;10240;10228
4346;27753802000;23405100000;23905100000;10240;10228
4347;27754233000;23405100000;23905100000;10240;10228
4348;27754868000;23446455555;23946455555;10240;10228
4349;27754880000;23446455555;23946455555;10240;10228
4350;27755125000;23446455555;23946455555;10240;10228
4351;27755607000;23446455555;23946455555;10240;10228
4352;27755877000;23446455555;23946455555;10240;10228
4353;27755887000;23446455555;23946455555;10240;10228
4354;27756115000;23446455555;23946455555;10240;10228
4356;27756740000;23446755555;23946755555;10240;10228
4357;27756995000;23446755555;23946755555;10240;10228
4358;27757236000;23446755555;23946755555;10240;10228
4359;27757708000;23488111111;23988111111;10240;10228
4360;27757718000;23488111111;23988111111;10240;10228
4361;27757984000;23488111111;23988111111;10240;10228
4362;27758379000;23488111111;23988111111;10240;10228
4363;27758675000;23488111111;23988111111;10240;10228
4364;27759049000;23488111111;23988111111;10240;10228
4365;27759381000;23488111111;23988111111;10240;10228
4366;27759648000;23488133333;23988133333;10240;10228
4367;27759989000;23488422222;23988422222;10240;10228
4368;27760261000;23488422222;23988422222;10240;10228
4369;27760270000;23488422222;23988422222;10240;10228
4370;27760493000;23529766666;24029766666;10240;10228
4371;27760512000;23529766666;24029766666;10240;10228
4372;27761052000;23529766666;24029766666;10240;10228
4373;27761293000;23529766666;24029766666;10240;10228
4374;27761678000;23529766666;24029766666;10240;10228
4375;27761930000;23529766666;24029766666;10240;10228
4376;27762171000;23529766666;24029766666;10240;10228
4377;27762191000;23529800000;24029800000;10240;10228
4378;27762414000;23530155555;24030155555;10240;10228
4379;27762425000;23530155555;24030155555;10240;10228
4380;27762627000;23530155555;24030155555;10240;10228
4381;27762878000;23571433333;24071433333;10240;10228
4382;27762910000;23571433333;24071433333;10240;10228
4383;27763144000;23571433333;24071433333;10240;10228
4384;27763176000;23571433333;24071433333;10240;10228
4385;27763426000;23571433333;24071433333;10240;10228
4386;27763435000;23571433333;24071433333;10240;10228
4387;27763676000;23571433333;24071433333;10240;10228
4388;27763694000;23571455555;24071455555;10240;10228
4389;27763924000;23571755555;24071755555;10240;10228
4390;27763945000;23571755555;24071755555;10240;10228
4391;27764169000;23571755555;24071755555;10240;10228
4392;27764179000;23613111111;24113111111;10240;10228
4393;27764365000;23613111111;24113111111;10240;10228
4394;27764970000;23613111111;24113111111;10240;10228
4395;27764988000;23613111111;24113111111;10240;10228
4396;27765179000;23613111111;24113111111;10240;10228
4397;27765244000;23613111111;24113111111;10240;10228
4398;27765425000;23613111111;24113111111;10240;10228
4399;27765430000;23613133333;24113133333;10240;10228
4400;27765924000;23613422222;24113422222;10240;10228
4401;27766184000;23613422222;24113422222;10240;10228
4402;27766201000;23613422222;24113422222;10240;10228
4403;27766418000;23654788888;24154788888;10240;10228
4404;27766424000;23654788888;24154788888;10240;10228
4405;27766677000;23654788888;24154788888;10240;10228
4406;27766695000;23654788888;24154788888;10240;10228
4407;27766700000;23654788888;24154788888;10240;10228
4408;27766920000;23654788888;24154788888;10240;10228
4409;27766926000;23654788888;24154788888;10240;10228
4410;27767169000;23654800000;24154800000;10240;10228
4411;27767423000;23655122222;24155122222;10240;10228
4412;27767428000;23655122222;24155122222;10240;10228
4413;27767845000;23655122222;24155122222;10240;10228
4414;27767850000;23696444444;24196444444;10240;10228
4415;27768093000;23696444444;24196444444;10240;10228
4416;27768350000;23696444444;24196444444;10240;10228
4417;27768355000;23696444444;24196444444;10240;10228
4418;27769257000;23696444444;24196444444;10240;10228
4419;27952394000;23696444444;24196444444;10240;10228
4420;27952643000;23696444444;24196444444;10240;10228
4421;27953506000;23696455555;24196455555;10240;10228
4422;27954062000;23696733333;24196733333;10240;10228
4423;27954786000;23696733333;24196733333;10240;10228
4424;27954797000;23696733333;24196733333;10240;10228
4425;27955038000;23738100000;24238100000;10240;10228
4426;27955401000;23738100000;24238100000;10240;10228
4427;27956021000;23738100000;24238100000;10240;10228
4428;27956032000;23738100000;24238100000;10240;10228
4429;27956274000;23738100000;24238100000;10240;10228
4430;27956725000;23738100000;24238100000;10240;10228
4431;27957010000;23738100000;24238100000;10240;10228
4432;27957030000;23738122222;24238122222;10240;10228
4433;27957265000;23738433333;24238433333;10240;10228
4434;27957274000;23738433333;24238433333;10240;10228
4435;27958118000;23738433333;24238433333;10240;10228
4436;27958367000;23779766666;24279766666;10240;10228
4437;27958379000;23779766666;24279766666;10240;10228
4438;27958853000;23779766666;24279766666;10240;10228
4439;27958864000;23779766666;24279766666;10240;10228
4440;27959099000;23779766666;24279766666;10240;10228
4441;27959496000;23779766666;24279766666;10240;10228
4442;27959780000;23779766666;24279766666;10240;10228
4443;27960022000;23779788888;24279788888;10240;10228
4444;27960499000;23780122222;24280122222;10240;10228
4445;27960505000;23780122222;24280122222;10240;10228
4446;27960755000;23780122222;24280122222;10240;10228
4447;27961342000;23821444444;24321444444;10240;10228
4448;27961362000;23821444444;24321444444;10240;10228
4449;27961596000;23821444444;24321444444;10240;10228
4450;27961880000;23821444444;24321444444;10240;10228
4452;27962235000;23821444444;24321444444;10240;10228
4453;27962453000;23821444444;24321444444;10240;10228
4454;27962943000;23821466666;24321466666;10240;10228
4455;27963278000;23821755555;24321755555;10240;10228
4456;27963488000;23821755555;24321755555;10240;10228
4457;27963493000;23821755555;24321755555;10240;10228
4458;27963830000;23863122222;24363122222;10240;10228
4459;27963835000;23863122222;24363122222;10240;10228
4460;27964051000;23863122222;24363122222;10240;10228
4461;27964307000;23863122222;24363122222;10240;10228
4462;27964313000;23863122222;24363122222;10240;10228
4463;27964558000;23863122222;24363122222;10240;10228
4464;27964568000;23863122222;24363122222;10240;10228
4465;27964810000;23863133333;24363133333;10240;10228
4466;27964831000;23863400000;24363400000;10240;10228
4467;27965059000;23863400000;24363400000;10240;10228
4468;27965070000;23863400000;24363400000;10240;10228
4469;27965317000;23904777777;24404777777;10240;10228
4470;27965328000;23904777777;24404777777;10240;10228
4471;27965594000;23904777777;24404777777;10240;10228
4472;27965894000;23904777777;24404777777;10240;10228
4473;27966124000;23904777777;24404777777;10240;10228
4474;27966144000;23904777777;24404777777;10240;10228
4475;27966370000;23904777777;24404777777;10240;10228
4476;27966380000;23904788888;24404788888;10240;10228
4477;27966583000;23905122222;24405122222;10240;10228
4478;27966604000;23905122222;24405122222;10240;10228
4479;27966857000;23905122222;24405122222;10240;10228
4480;27966863000;23946433333;24446433333;10240;10228
4481;27967102000;23946433333;24446433333;10240;10228
4482;27967360000;23946433333;24446433333;10240;10228
4483;27967632000;23946433333;24446433333;10240;10228
4484;27967863000;23946433333;24446433333;10240;10228
4485;27967868000;23946433333;24446433333;10240;10228
4486;27968107000;23946433333;24446433333;10240;10228
4487;27968112000;23946455555;24446455555;10240;10228
4488;27968346000;23946744444;24446744444;10240;10228
4489;27968351000;23946744444;24446744444;10240;10228
4490;27968620000;23946744444;24446744444;10240;10228
4491;27968628000;23988100000;24488100000;10240;10228
4492;27968864000;23988100000;24488100000;10240;10228
4493;27968869000;23988100000;24488100000;10240;10228
4494;27969106000;23988100000;24488100000;10240;10228
4495;27969467000;23988100000;24488100000;10240;10228
4496;27969489000;23988100000;24488100000;10240;10228
4497;27969739000;23988100000;24488100000;10240;10228
4498;28152918000;23988122222;24488122222;10240;10228
4499;28153800000;23988388888;24488388888;10240;10228
4500;28154691000;23988388888;24488388888;10240;10228
4501;28155201000;23988388888;24488388888;10240;10228
4502;28155211000;24029766666;24529766666;10240;10228
4503;28155926000;24029766666;24529766666;10240;10228
4504;28156184000;24029766666;24529766666;10240;10228
4505;28156529000;24029766666;24529766666;10240;10228
4506;28157206000;24029766666;24529766666;10240;10228
4507;28157217000;24029766666;24529766666;10240;10228
4508;28157449000;24029766666;24529766666;10240;10228
4509;28157771000;24029788888;24529788888;10240;10228
4510;28158145000;24030088888;24530088888;10240;10228
4511;28158423000;24030088888;24530088888;10240;10228
4512;28158431000;24030088888;24530088888;10240;10228
4513;28159266000;24071455555;24571455555;10240;10228
4514;28159523000;24071455555;24571455555;10240;10228
4516;28159982000;24071455555;24571455555;10240;10228
4517;28160013000;24071455555;24571455555;10240;10228
4518;28160259000;24071455555;24571455555;10240;10228
4519;28160598000;24071455555;24571455555;10240;10228
4520;28160841000;24071466666;24571466666;10240;10228
4521;28161141000;24071722222;24571722222;10240;10228
4522;28161393000;24071722222;24571722222;10240;10228
4523;28161667000;24071722222;24571722222;10240;10228
4524;28161678000;24113111111;24613111111;10240;10228
4525;28161916000;24113111111;24613111111;10240;10228
4527;28162466000;24113111111;24613111111;10240;10228
4528;28162758000;24113111111;24613111111;10240;10228
4529;28163018000;24113111111;24613111111;10240;10228
4530;28163309000;24113111111;24613111111;10240;10228
4531;28163320000;24113133333;24613133333;10240;10228
4532;28164109000;24113377777;24613377777;10240;10228
4533;28164122000;24113377777;24613377777;10240;10228
4534;28164355000;24113377777;24613377777;10240;10228
4535;28164362000;24154777777;24654777777;10240;10228
4536;28164608000;24154777777;24654777777;10240;10228
4537;28164619000;24154777777;24654777777;10240;10228
4538;28164927000;24154777777;24654777777;10240;10228
4539;28165159000;24154777777;24654777777;10240;10228
4540;28165167000;24154777777;24654777777;10240;10228
4541;28165377000;24154777777;24654777777;10240;10228
4542;28165385000;24154800000;24654800000;10240;10228
4543;28165668000;24155100000;24655100000;10240;10228
4544;28165910000;24155100000;24655100000;10240;10228
4546;28166214000;24196444444;24696444444;10240;10228
4547;28166223000;24196444444;24696444444;10240;10228
4548;28166421000;24196444444;24696444444;10240;10228
4549;28166731000;24196444444;24696444444;10240;10228
4550;28166742000;24196444444;24696444444;10240;10228
4551;28166746000;24196444444;24696444444;10240;10228
4552;28167000000;24196444444;24696444444;10240;10228
4553;28167379000;24196466666;24696466666;10240;10228
4554;28167658000;24196733333;24696733333;10240;10228
4555;28167668000;24196733333;24696733333;10240;10228
4556;28167894000;24196733333;24696733333;10240;10228
4557;28167899000;24238122222;24738122222;10240;10228
4558;28168143000;24238122222;24738122222;10240;10228
4559;28168148000;24238122222;24738122222;10240;10228
4560;28168392000;24238122222;24738122222;10240;10228
4561;28168397000;24238122222;24738122222;10240;10228
4562;28168644000;24238122222;24738122222;10240;10228
4563;28168650000;24238122222;24738122222;10240;10228
4564;28168894000;24238244444;24738244444;10240;10228
4565;28169141000;24238533333;24738533333;10240;10228
4566;28169161000;24238533333;24738533333;10240;10228
4567;28169391000;24238533333;24738533333;10240;10228
4568;28169397000;24279800000;24779800000;10240;10228
4569;28169647000;24279800000;24779800000;10240;10228
4570;28169652000;24279800000;24779800000;10240;10228
4571;28169998000;24279800000;24779800000;10240;10228
4572;28170003000;24279800000;24779800000;10240;10228
4573;28170245000;24279800000;24779800000;10240;10228
4574;28170625000;24279800000;24779800000;10240;10228
4575;28170634000;24279811111;24779811111;10240;10228
4576;28170876000;24280100000;24780100000;10240;10228
4577;28171124000;24280100000;24780100000;10240;10228
4578;28354151000;24280100000;24780100000;10240;10228
4579;28355867000;24321444444;24821444444;10240;10228
4580;28356350000;24321444444;24821444444;10240;10228
4581;28356601000;24321444444;24821444444;10240;10228
4582;28357078000;24321444444;24821444444;10240;10228
4583;28357337000;24321444444;24821444444;10240;10228
4584;28357659000;24321444444;24821444444;10240;10228
4585;28358624000;24321444444;24821444444;10240;10228
4586;28358634000;24321466666;24821466666;10240;10228
4587;28358865000;24321722222;24821722222;10240;10228
4588;28358876000;24321722222;24821722222;10240;10228
4589;28359126000;24321722222;24821722222;10240;10228
4590;28359510000;24363100000;24863100000;10240;10228
4591;28359517000;24363100000;24863100000;10240;10228
4592;28359792000;24363100000;24863100000;10240;10228
4593;28360441000;24363100000;24863100000;10240;10228
4594;28360697000;24363100000;24863100000;10240;10228
4595;28360953000;24363100000;24863100000;10240;10228
4597;28361339000;24363122222;24863122222;10240;10228
4598;28361696000;24363366666;24863366666;10240;10228
4599;28361980000;24363366666;24863366666;10240;10228
4600;28362234000;24363366666;24863366666;10240;10228
4601;28362450000;24404766666;24904766666;10240;10228
4602;28362804000;24404766666;24904766666;10240;10228
4603;28362813000;24404766666;24904766666;10240;10228
4604;28363066000;24404766666;24904766666;10240;10228
4605;28364411000;24404766666;24904766666;10240;10228
4606;28364694000;24404766666;24904766666;10240;10228
4607;28364706000;24404766666;24904766666;10240;10228
4608;28364710000;24404788888;24904788888;10240;10228
4609;28364930000;24405077777;24905077777;10240;10228
4610;28364959000;24405077777;24905077777;10240;10228
4611;28365187000;24405077777;24905077777;10240;10228
4612;28365197000;24446444444;24946444444;10240;10228
4613;28365403000;24446444444;24946444444;10240;10228
4614;28365700000;24446444444;24946444444;10240;10228
4615;28365711000;24446444444;24946444444;10240;10228
4616;28365716000;24446444444;24946444444;10240;10228
4617;28365968000;24446444444;24946444444;10240;10228
4618;28366226000;24446444444;24946444444;10240;10228
4619;28366233000;24446600000;24946600000;10240;10228
4620;28366432000;24447122222;24947122222;10240;10228
4621;28366437000;24447122222;24947122222;10240;10228
4622;28366781000;24447122222;24947122222;10240;10228
4623;28367031000;24488111111;24988111111;10240;10228
4624;28367307000;24488111111;24988111111;10240;10228
4625;28367313000;24488111111;24988111111;10240;10228
4626;28367573000;24488111111;24988111111;10240;10228
4627;28367860000;24488111111;24988111111;10240;10228
4628;28367882000;24488111111;24988111111;10240;10228
4629;28368124000;24488111111;24988111111;10240;10228
4630;28368129000;24488133333;24988133333;10240;10228
4631;28368352000;24488388888;24988388888;10240;10228
4632;28368357000;24488388888;24988388888;10240;10228
4633;28368623000;24488388888;24988388888;10240;10228
4634;28368858000;24529777777;25029777777;10240;10228
4635;28369101000;24529777777;25029777777;10240;10228
4636;28369348000;24529777777;25029777777;10240;10228
4637;28369359000;24529777777;25029777777;10240;10228
4638;28369583000;24529777777;25029777777;10240;10228
4639;28369603000;24529777777;25029777777;10240;10228
4640;28369852000;24529777777;25029777777;10240;10228
4641;28369859000;24529800000;25029800000;10240;10228
4642;28369865000;24530100000;25030100000;10240;10228
4643;28370103000;24530100000;25030100000;10240;10228
4644;28370111000;24530100000;25030100000;10240;10228
4645;28370356000;24571444444;25071444444;10240;10228
4646;28370617000;24571444444;25071444444;10240;10228
4647;28370626000;24571444444;25071444444;10240;10228
4648;28370853000;24571444444;25071444444;10240;10228
4649;28371136000;24571444444;25071444444;10240;10228
4650;28371146000;24571444444;25071444444;10240;10228
4651;28371375000;24571444444;25071444444;10240;10228
4652;28371662000;24571466666;25071466666;10240;10228
4653;28371937000;24571744444;25071744444;10240;10228
4654;28371943000;24571744444;25071744444;10240;10228
4655;28372263000;24571744444;25071744444;10240;10228
4656;28554903000;24613111111;25113111111;10240;10228
4657;28555297000;24613111111;25113111111;10240;10228
4658;28555707000;24613111111;25113111111;10240;10228
4659;28556966000;24613111111;25113111111;10240;10228
4660;28557708000;24613111111;25113111111;10240;10228
4661;28558255000;24613111111;25113111111;10240;10228
4662;28558498000;24613111111;25113111111;10240;10228
4663;28558753000;24613133333;25113133333;10240;10228
4664;28559169000;24613400000;25113400000;10240;10228
4665;28559672000;24613400000;25113400000;10240;10228
4666;28560015000;24613400000;25113400000;10240;10228
4667;28560026000;24654811111;25154811111;10240;10228
4668;28560269000;24654811111;25154811111;10240;10228
4669;28560696000;24654811111;25154811111;10240;10228
4670;28560707000;24654811111;25154811111;10240;10228
4671;28560947000;24654811111;25154811111;10240;10228
4672;28560958000;24654811111;25154811111;10240;10228
4673;28561835000;24654811111;25154811111;10240;10228
4674;28561846000;24654833333;25154833333;10240;10228
4675;28562263000;24655133333;25155133333;10240;10228
4677;28563101000;24655133333;25155133333;10240;10228
4678;28563327000;24696444444;25196444444;10240;10228
4679;28563636000;24696444444;25196444444;10240;10228
4680;28563647000;24696444444;25196444444;10240;10228
4681;28563898000;24696444444;25196444444;10240;10228
4682;28563909000;24696444444;25196444444;10240;10228
4683;28564163000;24696444444;25196444444;10240;10228
4684;28564996000;24696444444;25196444444;10240;10228
4685;28565262000;24696466666;25196466666;10240;10228
4686;28565581000;24696711111;25196711111;10240;10228
4687;28565847000;24696711111;25196711111;10240;10228
4688;28565883000;24696711111;25196711111;10240;10228
4689;28566084000;24738111111;25238111111;10240;10228
4690;28566331000;24738111111;25238111111;10240;10228
4691;28566348000;24738111111;25238111111;10240;10228
4692;28566556000;24738111111;25238111111;10240;10228
4693;28566842000;24738111111;25238111111;10240;10228
4694;28566862000;24738111111;25238111111;10240;10228
4695;28567082000;24738111111;25238111111;10240;10228
4696;28567089000;24738144444;25238144444;10240;10228
4698;28567425000;24738411111;25238411111;10240;10228
4699;28567721000;24738411111;25238411111;10240;10228
4700;28567732000;24779788888;25279788888;10240;10228
4701;28567736000;24779788888;25279788888;10240;10228
4702;28568189000;24779788888;25279788888;10240;10228
4703;28568382000;24779788888;25279788888;10240;10228
4704;28568390000;24779788888;25279788888;10240;10228
4705;28568663000;24779788888;25279788888;10240;10228
4706;28568669000;24779788888;25279788888;10240;10228
4707;28568910000;24779811111;25279811111;10240;10228
4708;28569153000;24780122222;25280122222;10240;10228
4709;28569462000;24780122222;25280122222;10240;10228
4710;28569746000;24780122222;25280122222;10240;10228
4711;28569758000;24821444444;25321444444;10240;10228
4712;28569762000;24821444444;25321444444;10240;10228
4713;28569986000;24821444444;25321444444;10240;10228
4714;28569991000;24821444444;25321444444;10240;10228
4715;28570247000;24821444444;25321444444;10240;10228
4716;28570447000;24821444444;25321444444;10240;10228
4717;28570456000;24821444444;25321444444;10240;10228
4718;28570765000;24821466666;25321466666;10240;10228
4719;28570784000;24821733333;25321733333;10240;10228
4720;28570991000;24821733333;25321733333;10240;10228
4721;28570996000;24821733333;25321733333;10240;10228
4722;28571241000;24863122222;25363122222;10240;10228
4723;28571246000;24863122222;25363122222;10240;10228
4724;28571459000;24863122222;25363122222;10240;10228
4725;28571749000;24863122222;25363122222;10240;10228
4726;28571756000;24863122222;25363122222;10240;10228
4727;28571996000;24863122222;25363122222;10240;10228
4728;28572004000;24863122222;25363122222;10240;10228
4729;28572239000;24863133333;25363133333;10240;10228
4730;28572249000;24863388888;25363388888;10240;10228
4731;28572555000;24863388888;25363388888;10240;10228
4732;28572818000;24863388888;25363388888;10240;10228
4733;28572824000;24904777777;25404777777;10240;10228
4734;28573383000;24904777777;25404777777;10240;10228
4735;28755425000;24904777777;25404777777;10240;10228
4736;28756413000;24904777777;25404777777;10240;10228
4737;28756856000;24904777777;25404777777;10240;10228
4738;28758123000;24904777777;25404777777;10240;10228
4739;28758878000;24904777777;25404777777;10240;10228
4740;28759316000;24904800000;25404800000;10240;10228
4741;28759695000;24905088888;25405088888;10240;10228
4742;28759940000;24905088888;25405088888;10240;10228
4743;28760296000;24905088888;25405088888;10240;10228
4744;28760825000;24946433333;25446433333;10240;10228
4745;28761124000;24946433333;25446433333;10240;10228
4746;28761145000;24946433333;25446433333;10240;10228
4747;28761381000;24946433333;25446433333;10240;10228
4748;28761639000;24946433333;25446433333;10240;10228
4749;28761887000;24946433333;25446433333;10240;10228
4750;28762130000;24946433333;25446433333;10240;10228
4751;28762148000;24946455555;25446455555;10240;10228
4752;28762899000;24946744444;25446744444;10240;10228
4753;28762914000;24946744444;25446744444;10240;10228
4754;28763397000;24946744444;25446744444;10240;10228
4755;28763699000;24988111111;25488111111;10240;10228
4756;28764242000;24988111111;25488111111;10240;10228
4757;28764784000;24988111111;25488111111;10240;10228
4758;28764795000;24988111111;25488111111;10240;10228
4759;28765038000;24988111111;25488111111;10240;10228
4760;28765288000;24988111111;25488111111;10240;10228
4761;28765294000;24988111111;25488111111;10240;10228
4762;28766076000;24988133333;25488133333;10240;10228
4763;28766305000;24988422222;25488422222;10240;10228
4764;28766312000;24988422222;25488422222;10240;10228
4765;28766575000;24988422222;25488422222;10240;10228
4766;28766602000;25029777777;25529777777;10240;10228
4767;28766818000;25029777777;25529777777;10240;10228
4768;28767051000;25029777777;25529777777;10240;10228
4769;28767287000;25029777777;25529777777;10240;10228
4770;28767293000;25029777777;25529777777;10240;10228
4771;28767543000;25029777777;25529777777;10240;10228
4772;28767829000;25029777777;25529777777;10240;10228
4773;28767839000;25029800000;25529800000;10240;10228
4774;28768109000;25030133333;25530133333;10240;10228
4775;28768333000;25030133333;25530133333;10240;10228
4776;28768340000;25030133333;25530133333;10240;10228
4777;28768844000;25071455555;25571455555;10240;10228
4778;28769087000;25071455555;25571455555;10240;10228
4779;28769095000;25071455555;25571455555;10240;10228
4780;28769099000;25071455555;25571455555;10240;10228
4781;28769337000;25071455555;25571455555;10240;10228
4782;28769586000;25071455555;25571455555;10240;10228
4783;28769592000;25071455555;25571455555;10240;10228
4784;28769595000;25071466666;25571466666;10240;10228
4785;28769842000;25071744444;25571744444;10240;10228
4786;28770094000;25071744444;25571744444;10240;10228
4787;28770100000;25071744444;25571744444;10240;10228
4788;28770334000;25113111111;25613111111;10240;10228
4789;28770343000;25113111111;25613111111;10240;10228
4790;28770632000;25113111111;25613111111;10240;10228
4791;28770867000;25113111111;25613111111;10240;10228
4792;28770873000;25113111111;25613111111;10240;10228
4793;28771134000;25113111111;25613111111;10240;10228
4794;28771153000;25113111111;25613111111;10240;10228
4795;28771373000;25113133333;25613133333;10240;10228
4796;28771379000;25113411111;25613411111;10240;10228
4799;28771952000;25154766666;25654766666;10240;10228
4800;28772202000;25154766666;25654766666;10240;10228
4801;28772207000;25154766666;25654766666;10240;10228
4802;28772414000;25154766666;25654766666;10240;10228
4803;28772419000;25154766666;25654766666;10240;10228
4804;28772704000;25154766666;25654766666;10240;10228
4805;28772954000;25154766666;25654766666;10240;10228
4806;28772963000;25154788888;25654788888;10240;10228
4807;28773201000;25155111111;25655111111;10240;10228
4808;28773207000;25155111111;25655111111;10240;10228
4809;28773414000;25155111111;25655111111;10240;10228
4810;28773701000;25196433333;25696433333;10240;10228
4811;28773956000;25196433333;25696433333;10240;10228
4812;28773962000;25196433333;25696433333;10240;10228
4813;28774510000;25196433333;25696433333;10240;10228
4814;28956641000;25196433333;25696433333;10240;10228
4815;28956655000;25196433333;25696433333;10240;10228
4816;28957978000;25196433333;25696433333;10240;10228
4817;28959166000;25196455555;25696455555;10240;10228
4818;28960028000;25196755555;25696755555;10240;10228
4819;28960404000;25196755555;25696755555;10240;10228
4820;28960851000;25196755555;25696755555;10240;10228
4821;28960861000;25238100000;25738100000;10240;10228
4822;28961427000;25238100000;25738100000;10240;10228
4823;28961956000;25238100000;25738100000;10240;10228
4824;28962237000;25238100000;25738100000;10240;10228
4825;28962484000;25238100000;25738100000;10240;10228
4826;28962770000;25238100000;25738100000;10240;10228
4827;28962779000;25238100000;25738100000;10240;10228
4828;28963019000;25238122222;25738122222;10240;10228
4829;28963270000;25238455555;25738455555;10240;10228
4830;28963500000;25238455555;25738455555;10240;10228
4831;28964057000;25238455555;25738455555;10240;10228
4832;28964069000;25279788888;25779788888;10240;10228
4833;28964545000;25279788888;25779788888;10240;10228
4834;28964839000;25279788888;25779788888;10240;10228
4835;28965369000;25279788888;25779788888;10240;10228
4836;28965625000;25279788888;25779788888;10240;10228
4837;28965884000;25279788888;25779788888;10240;10228
4838;28965893000;25279788888;25779788888;10240;10228
4839;28965897000;25279811111;25779811111;10240;10228
4840;28966413000;25280122222;25780122222;10240;10228
4841;28966761000;25280122222;25780122222;10240;10228
4842;28967237000;25280122222;25780122222;10240;10228
4843;28967422000;25321444444;25821444444;10240;10228
4844;28967736000;25321444444;25821444444;10240;10228
4845;28967747000;25321444444;25821444444;10240;10228
4846;28967769000;25321444444;25821444444;10240;10228
4847;28967964000;25321444444;25821444444;10240;10228
4848;28968221000;25321444444;25821444444;10240;10228
4849;28968446000;25321444444;25821444444;10240;10228
4850;28968456000;25321466666;25821466666;10240;10228
4851;28968736000;25321755555;25821755555;10240;10228
4852;28968748000;25321755555;25821755555;10240;10228
4853;28968995000;25321755555;25821755555;10240;10228
4854;28969257000;25363111111;25863111111;10240;10228
4855;28969500000;25363111111;25863111111;10240;10228
4856;28969731000;25363111111;25863111111;10240;10228
4857;28969981000;25363111111;25863111111;10240;10228
4858;28970232000;25363111111;25863111111;10240;10228
4859;28970492000;25363111111;25863111111;10240;10228
4860;28970787000;25363111111;25863111111;10240;10228
4861;28970797000;25363133333;25863133333;10240;10228
4862;28970802000;25363400000;25863400000;10240;10228
4863;28971041000;25363400000;25863400000;10240;10228
4864;28971061000;25363400000;25863400000;10240;10228
4865;28971270000;25404777777;25904777777;10240;10228
4868;28971485000;25404777777;25904777777;10240;10228
4869;28971779000;25404777777;25904777777;10240;10228
4870;28972021000;25404777777;25904777777;10240;10228
4871;28972028000;25404777777;25904777777;10240;10228
4872;28972266000;25404800000;25904800000;10240;10228
4873;28972489000;25405111111;25905111111;10240;10228
4874;28972773000;25405111111;25905111111;10240;10228
4875;28972778000;25405111111;25905111111;10240;10228
4876;28973040000;25446600000;25946600000;10240;10228
4877;28973301000;25446600000;25946600000;10240;10228
4878;28973573000;25446600000;25946600000;10240;10228
4879;28973581000;25446600000;25946600000;10240;10228
4880;28973600000;25446600000;25946600000;10240;10228
4881;28973819000;25446600000;25946600000;10240;10228
4882;28973825000;25446600000;25946600000;10240;10228
4883;28974063000;25447111111;25947111111;10240;10228
4884;28974069000;25447411111;25947411111;10240;10228
4885;28974319000;25447411111;25947411111;10240;10228
4886;28974325000;25447411111;25947411111;10240;10228
4887;28974592000;25488122222;25988122222;10240;10228
4888;28974601000;25488122222;25988122222;10240;10228
4889;28974821000;25488122222;25988122222;10240;10228
4890;28975067000;25488122222;25988122222;10240;10228
4891;28975074000;25488122222;25988122222;10240;10228
4892;28975595000;25488122222;25988122222;10240;10228
4893;29157927000;25488122222;25988122222;10240;10228
4894;29157937000;25488144444;25988144444;10240;10228
4895;29158290000;25488422222;25988422222;10240;10228
4896;29160334000;25488422222;25988422222;10240;10228
4897;29161182000;25488422222;25988422222;10240;10228
4898;29161549000;25529777777;26029777777;10240;10228
4899;29161561000;25529777777;26029777777;10240;10228
4900;29161990000;25529777777;26029777777;10240;10228
4901;29162542000;25529777777;26029777777;10240;10228
4902;29163147000;25529777777;26029777777;10240;10228
4904;29163392000;25529777777;26029777777;10240;10228
4905;29163796000;25529800000;26029800000;10240;10228
4906;29164035000;25530122222;26030122222;10240;10228
4907;29164042000;25530122222;26030122222;10240;10228
4908;29164395000;25530122222;26030122222;10240;10228
4909;29164402000;25571444444;26071444444;10240;10228
4910;29165204000;25571444444;26071444444;10240;10228
4911;29165216000;25571444444;26071444444;10240;10228
4912;29165712000;25571444444;26071444444;10240;10228
4914;29166306000;25571444444;26071444444;10240;10228
4915;29166759000;25571444444;26071444444;10240;10228
4916;29166770000;25571466666;26071466666;10240;10228
4917;29167077000;25571766666;26071766666;10240;10228
4918;29167555000;25571766666;26071766666;10240;10228
4919;29167876000;25571766666;26071766666;10240;10228
4920;29167885000;25613111111;26113111111;10240;10228
4921;29168123000;25613111111;26113111111;10240;10228
4922;29168367000;25613111111;26113111111;10240;10228
4923;29168629000;25613111111;26113111111;10240;10228
4924;29168879000;25613111111;26113111111;10240;10228
4925;29169107000;25613111111;26113111111;10240;10228
4926;29169364000;25613111111;26113111111;10240;10228
4927;29169380000;25613133333;26113133333;10240;10228
4928;29170133000;25613433333;26113433333;10240;10228
4929;29170375000;25613433333;26113433333;10240;10228
4930;29170386000;25613433333;26113433333;10240;10228
4931;29170394000;25654966666;26154966666;10240;10228
4932;29170671000;25654966666;26154966666;10240;10228
4933;29170681000;25654966666;26154966666;10240;10228
4934;29170904000;25654966666;26154966666;10240;10228
4935;29170909000;25654966666;26154966666;10240;10228
4936;29171161000;25654966666;26154966666;10240;10228
4937;29171166000;25654966666;26154966666;10240;10228
4938;29171419000;25655100000;26155100000;10240;10228
4939;29171425000;25655611111;26155611111;10240;10228
4940;29171789000;25655611111;26155611111;10240;10228
4941;29171798000;25655611111;26155611111;10240;10228
4942;29172026000;25696444444;26196444444;10240;10228
4943;29172271000;25696444444;26196444444;10240;10228
4944;29172278000;25696444444;26196444444;10240;10228
4945;29172486000;25696444444;26196444444;10240;10228
4946;29172930000;25696444444;26196444444;10240;10228
4947;29172938000;25696444444;26196444444;10240;10228
4948;29173168000;25696444444;26196444444;10240;10228
4949;29173174000;25696466666;26196466666;10240;10228
4950;29173435000;25696744444;26196744444;10240;10228
4951;29173451000;25696744444;26196744444;10240;10228
4952;29173659000;25696744444;26196744444;10240;10228
4953;29173679000;25738111111;26238111111;10240;10228
4954;29173917000;25738111111;26238111111;10240;10228
4955;29173927000;25738111111;26238111111;10240;10228
4956;29174145000;25738111111;26238111111;10240;10228
4957;29174681000;25738111111;26238111111;10240;10228
4958;29174702000;25738111111;26238111111;10240;10228
4959;29174923000;25738111111;26238111111;10240;10228
4960;29174932000;25738133333;26238133333;10240;10228
4961;29175169000;25738422222;26238422222;10240;10228
4962;29175424000;25738422222;26238422222;10240;10228
4963;29175431000;25738422222;26238422222;10240;10228
4964;29175678000;25779788888;26279788888;10240;10228
4965;29175689000;25779788888;26279788888;10240;10228
4966;29175937000;25779788888;26279788888;10240;10228
4967;29175948000;25779788888;26279788888;10240;10228
4968;29176171000;25779788888;26279788888;10240;10228
4969;29176179000;25779788888;26279788888;10240;10228
4970;29359032000;25779788888;26279788888;10240;10228
4971;29359045000;25779811111;26279811111;10240;10228
4973;29359372000;25780166666;26280166666;10240;10228
4974;29359889000;25780166666;26280166666;10240;10228
4975;29361522000;25821444444;26321444444;10240;10228
4976;29362336000;25821444444;26321444444;10240;10228
4977;29362667000;25821444444;26321444444;10240;10228
4978;29362678000;25821444444;26321444444;10240;10228
4979;29363176000;25821444444;26321444444;10240;10228
4980;29363690000;25821444444;26321444444;10240;10228
4981;29364302000;25821444444;26321444444;10240;10228
4982;29364312000;25821466666;26321466666;10240;10228
4983;29364595000;25821755555;26321755555;10240;10228
4984;29365165000;25821755555;26321755555;10240;10228
4985;29365410000;25821755555;26321755555;10240;10228
4986;29365418000;25863122222;26363122222;10240;10228
4987;29365670000;25863122222;26363122222;10240;10228
4988;29366355000;25863122222;26363122222;10240;10228
4989;29366368000;25863122222;26363122222;10240;10228
4990;29366613000;25863122222;26363122222;10240;10228
4991;29366870000;25863122222;26363122222;10240;10228
4992;29366880000;25863122222;26363122222;10240;10228
4993;29367779000;25863144444;26363144444;10240;10228
4994;29368021000;25863411111;26363411111;10240;10228
4995;29368029000;25863411111;26363411111;10240;10228
4996;29368268000;25863411111;26363411111;10240;10228
4997;29368466000;25904788888;26404788888;10240;10228
4998;29369022000;25904788888;26404788888;10240;10228
4999;29369030000;25904788888;26404788888;10240;10228
5000;29369266000;25904788888;26404788888;10240;10228
5001;29369460000;25904788888;26404788888;10240;10228
5002;29369793000;25904788888;26404788888;10240;10228
5003;29369802000;25904788888;26404788888;10240;10228
5004;29369806000;25904800000;26404800000;10240;10228
5005;29370042000;25905133333;26405133333;10240;10228
5006;29370502000;25905133333;26405133333;10240;10228
5007;29370766000;25905133333;26405133333;10240;10228
5008;29371171000;25946444444;26446444444;10240;10228
5009;29371596000;25946444444;26446444444;10240;10228
5010;29371831000;25946444444;26446444444;10240;10228
5011;29371843000;25946444444;26446444444;10240;10228
5012;29371848000;25946444444;26446444444;10240;10228
5013;29372071000;25946444444;26446444444;10240;10228
5014;29372090000;25946444444;26446444444;10240;10228
5015;29372318000;25946488888;26446488888;10240;10228
5016;29372328000;25946844444;26446844444;10240;10228
5017;29372580000;25946844444;26446844444;10240;10228
5018;29372590000;25946844444;26446844444;10240;10228
5019;29372828000;25988100000;26488100000;10240;10228
5020;29372839000;25988100000;26488100000;10240;10228
5021;29373032000;25988100000;26488100000;10240;10228
5022;29373052000;25988100000;26488100000;10240;10228
5023;29373398000;25988100000;26488100000;10240;10228
5024;29373409000;25988100000;26488100000;10240;10228
5025;29373671000;25988100000;26488100000;10240;10228
5026;29373948000;25988122222;26488122222;10240;10228
5027;29374290000;25988411111;26488411111;10240;10228
5028;29374298000;25988411111;26488411111;10240;10228
5029;29374541000;25988411111;26488411111;10240;10228
5030;29374547000;26029777777;26529777777;10240;10228
5031;29374811000;26029777777;26529777777;10240;10228
5032;29374827000;26029777777;26529777777;10240;10228
5033;29375059000;26029777777;26529777777;10240;10228
5034;29375066000;26029777777;26529777777;10240;10228
5035;29375319000;26029777777;26529777777;10240;10228
5036;29375323000;26029777777;26529777777;10240;10228
5037;29375653000;26029800000;26529800000;10240;10228
5038;29375925000;26030111111;26530111111;10240;10228
5039;29375933000;26030111111;26530111111;10240;10228
5040;29376174000;26030111111;26530111111;10240;10228
5041;29376393000;26071455555;26571455555;10240;10228
5042;29376676000;26071455555;26571455555;10240;10228
5043;29376685000;26071455555;26571455555;10240;10228
5044;29376688000;26071455555;26571455555;10240;10228
5045;29376905000;26071455555;26571455555;10240;10228
5046;29376911000;26071455555;26571455555;10240;10228
5047;29377326000;26071455555;26571455555;10240;10228
5048;29377332000;26071477777;26571477777;10240;10228
5049;29559630000;26071744444;26571744444;10240;10228
5050;29560069000;26071744444;26571744444;10240;10228
5051;29560447000;26071744444;26571744444;10240;10228
5052;29561050000;26113111111;26613111111;10240;10228
5053;29562729000;26113111111;26613111111;10240;10228
5054;29563496000;26113111111;26613111111;10240;10228
5055;29563799000;26113111111;26613111111;10240;10228
5056;29563811000;26113111111;26613111111;10240;10228
5057;29564337000;26113111111;26613111111;10240;10228
5058;29564851000;26113111111;26613111111;10240;10228
5059;29565334000;26113133333;26613133333;10240;10228
5060;29565597000;26113400000;26613400000;10240;10228
5061;29565608000;26113400000;26613400000;10240;10228
5062;29565853000;26113400000;26613400000;10240;10228
5063;29565864000;26154766666;26654766666;10240;10228
5064;29566142000;26154766666;26654766666;10240;10228
5065;29566598000;26154766666;26654766666;10240;10228
5066;29566856000;26154766666;26654766666;10240;10228
5067;29566867000;26154766666;26654766666;10240;10228
5068;29567511000;26154766666;26654766666;10240;10228
5069;29567766000;26154766666;26654766666;10240;10228
5070;29567776000;26154788888;26654788888;10240;10228
5071;29568078000;26155122222;26655122222;10240;10228
5072;29568565000;26155122222;26655122222;10240;10228
5073;29568793000;26155122222;26655122222;10240;10228
5074;29569158000;26196444444;26696444444;10240;10228
5075;29569415000;26196444444;26696444444;10240;10228
5076;29569422000;26196444444;26696444444;10240;10228
5077;29570143000;26196444444;26696444444;10240;10228
5078;29570152000;26196444444;26696444444;10240;10228
5079;29570385000;26196444444;26696444444;10240;10228
5080;29570391000;26196444444;26696444444;10240;10228
5081;29570851000;26196466666;26696466666;10240;10228
5082;29571084000;26196755555;26696755555;10240;10228
5083;29571103000;26196755555;26696755555;10240;10228
5084;29571659000;26196755555;26696755555;10240;10228
5085;29571916000;26238111111;26738111111;10240;10228
5086;29572292000;26238111111;26738111111;10240;10228
5087;29572300000;26238111111;26738111111;10240;10228
5088;29572556000;26238111111;26738111111;10240;10228
5089;29572978000;26238111111;26738111111;10240;10228
5090;29572984000;26238111111;26738111111;10240;10228
5091;29573233000;26238111111;26738111111;10240;10228
5092;29573239000;26238133333;26738133333;10240;10228
5093;29573428000;26238422222;26738422222;10240;10228
5094;29573433000;26238422222;26738422222;10240;10228
5095;29573721000;26238422222;26738422222;10240;10228
5096;29573731000;26279788888;26779788888;10240;10228
5097;29573969000;26279788888;26779788888;10240;10228
5098;29573975000;26279788888;26779788888;10240;10228
5099;29574216000;26279788888;26779788888;10240;10228
5100;29574222000;26279788888;26779788888;10240;10228
5101;29574429000;26279788888;26779788888;10240;10228
5102;29574435000;26279788888;26779788888;10240;10228
5103;29574690000;26279800000;26779800000;10240;10228
5104;29574773000;26280111111;26780111111;10240;10228
5105;29575071000;26280111111;26780111111;10240;10228
5106;29575082000;26280111111;26780111111;10240;10228
5107;29575325000;26321444444;26821444444;10240;10228
5108;29575635000;26321444444;26821444444;10240;10228
5109;29575934000;26321444444;26821444444;10240;10228
5110;29575945000;26321444444;26821444444;10240;10228
5111;29576211000;26321444444;26821444444;10240;10228
5112;29576391000;26321444444;26821444444;10240;10228
5113;29576399000;26321444444;26821444444;10240;10228
5114;29576409000;26321466666;26821466666;10240;10228
5115;29576680000;26321744444;26821744444;10240;10228
5116;29576700000;26321744444;26821744444;10240;10228
5117;29576904000;26321744444;26821744444;10240;10228
5118;29576914000;26363111111;26863111111;10240;10228
5119;29577228000;26363111111;26863111111;10240;10228
5120;29577233000;26363111111;26863111111;10240;10228
5121;29577440000;26363111111;26863111111;10240;10228
5122;29577844000;26363111111;26863111111;10240;10228
5123;29578088000;26363111111;26863111111;10240;10228
5124;29578100000;26363111111;26863111111;10240;10228
5125;29578357000;26363133333;26863133333;10240;10228
5126;29578601000;26363400000;26863400000;10240;10228
5127;29760634000;26363400000;26863400000;10240;10228
5128;29760645000;26363400000;26863400000;10240;10228
5129;29761024000;26404777777;26904777777;10240;10228
5130;29761568000;26404777777;26904777777;10240;10228
5131;29762246000;26404777777;26904777777;10240;10228
5132;29763316000;26404777777;26904777777;10240;10228
5134;29764574000;26404777777;26904777777;10240;10228
5135;29764942000;26404777777;26904777777;10240;10228
5136;29765298000;26404800000;26904800000;10240;10228
5137;29766045000;26405100000;26905100000;10240;10228
5138;29766056000;26405100000;26905100000;10240;10228
5139;29766459000;26405100000;26905100000;10240;10228
5140;29766755000;26446444444;26946444444;10240;10228
5141;29767012000;26446444444;26946444444;10240;10228
5143;29767284000;26446444444;26946444444;10240;10228
5144;29767772000;26446444444;26946444444;10240;10228
5145;29768042000;26446444444;26946444444;10240;10228
5146;29768061000;26446444444;26946444444;10240;10228
5147;29768588000;26446455555;26946455555;10240;10228
5148;29768936000;26446755555;26946755555;10240;10228
5149;29768947000;26446755555;26946755555;10240;10228
5150;29769197000;26446755555;26946755555;10240;10228
5151;29769728000;26488122222;26988122222;10240;10228
5152;29769975000;26488122222;26988122222;10240;10228
5153;29769984000;26488122222;26988122222;10240;10228
5154;29770559000;26488122222;26988122222;10240;10228
5155;29770577000;26488122222;26988122222;10240;10228
5156;29770813000;26488122222;26988122222;10240;10228
5157;29771271000;26488122222;26988122222;10240;10228
5158;29771282000;26488144444;26988144444;10240;10228
5159;29771781000;26488422222;26988422222;10240;10228
5160;29771792000;26488422222;26988422222;10240;10228
5161;29772244000;26488422222;26988422222;10240;10228
5162;29772262000;26529788888;27029788888;10240;10228
5163;29772446000;26529788888;27029788888;10240;10228
5164;29772885000;26529788888;27029788888;10240;10228
5165;29773427000;26529788888;27029788888;10240;10228
5166;29773436000;26529788888;27029788888;10240;10228
5167;29773683000;26529788888;27029788888;10240;10228
5168;29773931000;26529788888;27029788888;10240;10228
5169;29773953000;26529800000;27029800000;10240;10228
5170;29774184000;26530133333;27030133333;10240;10228
5171;29774195000;26530133333;27030133333;10240;10228
5172;29774398000;26530133333;27030133333;10240;10228
5173;29774409000;26571444444;27071444444;10240;10228
5174;29774856000;26571444444;27071444444;10240;10228
5175;29774869000;26571444444;27071444444;10240;10228
5176;29775121000;26571444444;27071444444;10240;10228
5177;29775127000;26571444444;27071444444;10240;10228
5178;29775373000;26571444444;27071444444;10240;10228
5179;29775378000;26571444444;27071444444;10240;10228
5180;29775630000;26571466666;27071466666;10240;10228
5181;29775636000;26571766666;27071766666;10240;10228
5182;29775881000;26571766666;27071766666;10240;10228
5183;29775886000;26571766666;27071766666;10240;10228
5184;29776186000;26613111111;27113111111;10240;10228
5185;29776192000;26613111111;27113111111;10240;10228
5186;29776397000;26613111111;27113111111;10240;10228
5187;29776687000;26613111111;27113111111;10240;10228
5188;29776695000;26613111111;27113111111;10240;10228
5189;29776937000;26613111111;27113111111;10240;10228
5190;29777179000;26613111111;27113111111;10240;10228
5191;29777185000;26613133333;27113133333;10240;10228
5192;29777439000;26613422222;27113422222;10240;10228
5193;29777719000;26613422222;27113422222;10240;10228
5194;29777724000;26613422222;27113422222;10240;10228
5195;29777962000;26654766666;27154766666;10240;10228
5196;29777968000;26654766666;27154766666;10240;10228
5197;29778219000;26654766666;27154766666;10240;10228
5198;29778223000;26654766666;27154766666;10240;10228
5199;29778432000;26654766666;27154766666;10240;10228
5200;29778720000;26654766666;27154766666;10240;10228
5201;29778726000;26654766666;27154766666;10240;10228
5202;29778729000;26655055555;27155055555;10240;10228
5203;29779219000;26655511111;27155511111;10240;10228
5204;29779434000;26655511111;27155511111;10240;10228
5205;29779744000;26655511111;27155511111;10240;10228
5206;29961837000;26696455555;27196455555;10240;10228
5207;29961847000;26696455555;27196455555;10240;10228
5208;29962139000;26696455555;27196455555;10240;10228
5209;29962747000;26696455555;27196455555;10240;10228
5210;29963401000;26696455555;27196455555;10240;10228
5211;29964489000;26696455555;27196455555;10240;10228
5212;29965518000;26696455555;27196455555;10240;10228
5213;29965768000;26696466666;27196466666;10240;10228
5214;29966430000;26696744444;27196744444;10240;10228
5215;29967207000;26696744444;27196744444;10240;10228
5216;29967219000;26696744444;27196744444;10240;10228
5217;29967437000;26738111111;27238111111;10240;10228
5218;29967718000;26738111111;27238111111;10240;10228
5219;29967976000;26738111111;27238111111;10240;10228
5220;29968223000;26738111111;27238111111;10240;10228
5221;29968465000;26738111111;27238111111;10240;10228
5222;29968885000;26738111111;27238111111;10240;10228
5223;29969174000;26738111111;27238111111;10240;10228
5224;29969180000;26738133333;27238133333;10240;10228
5225;29969720000;26738411111;27238411111;10240;10228
5226;29970044000;26738411111;27238411111;10240;10228
5227;29970295000;26738411111;27238411111;10240;10228
5228;29970302000;26779777777;27279777777;10240;10228
5229;29970895000;26779777777;27279777777;10240;10228
5230;29970906000;26779777777;27279777777;10240;10228
5231;29971135000;26779777777;27279777777;10240;10228
5232;29971141000;26779777777;27279777777;10240;10228
5233;29971719000;26779777777;27279777777;10240;10228
5234;29971964000;26779777777;27279777777;10240;10228
5235;29971969000;26779800000;27279800000;10240;10228
5236;29972375000;26780122222;27280122222;10240;10228
5237;29972381000;26780122222;27280122222;10240;10228
5238;29972889000;26780122222;27280122222;10240;10228
5239;29972905000;26821444444;27321444444;10240;10228
5240;29973395000;26821444444;27321444444;10240;10228
5241;29973401000;26821444444;27321444444;10240;10228
5242;29973653000;26821444444;27321444444;10240;10228
5243;29973663000;26821444444;27321444444;10240;10228
5244;29974536000;26821444444;27321444444;10240;10228
5245;29974791000;26821444444;27321444444;10240;10228
5246;29974797000;26821466666;27321466666;10240;10228
5247;29975021000;26821755555;27321755555;10240;10228
5248;29975318000;26821755555;27321755555;10240;10228
5249;29975326000;26821755555;27321755555;10240;10228
5250;29975571000;26863311111;27363311111;10240;10228
5251;29975577000;26863311111;27363311111;10240;10228
5252;29975995000;26863311111;27363311111;10240;10228
5253;29976003000;26863311111;27363311111;10240;10228
5254;29976290000;26863311111;27363311111;10240;10228
5256;29976462000;26863311111;27363311111;10240;10228
5257;29976490000;26863466666;27363466666;10240;10228
5258;29976772000;26863744444;27363744444;10240;10228
5259;29976787000;26863744444;27363744444;10240;10228
5260;29977029000;26863744444;27363744444;10240;10228
5261;29977039000;26904777777;27404777777;10240;10228
5262;29977335000;26904777777;27404777777;10240;10228
5263;29977342000;26904777777;27404777777;10240;10228
5264;29977596000;26904777777;27404777777;10240;10228
5265;29977604000;26904777777;27404777777;10240;10228
5266;29977801000;26904777777;27404777777;10240;10228
5267;29977806000;26904777777;27404777777;10240;10228
5268;29978050000;26904800000;27404800000;10240;10228
5269;29978312000;26905111111;27405111111;10240;10228
5270;29978320000;26905111111;27405111111;10240;10228
5271;29978570000;26905111111;27405111111;10240;10228
5272;29978840000;26946444444;27446444444;10240;10228
5273;29979085000;26946444444;27446444444;10240;10228
5274;29979130000;26946444444;27446444444;10240;10228
5275;29979367000;26946444444;27446444444;10240;10228
5276;29979375000;26946444444;27446444444;10240;10228
5277;29979627000;26946444444;27446444444;10240;10228
5278;29979899000;26946444444;27446444444;10240;10228
5279;29979908000;26946466666;27446466666;10240;10228
5280;29980118000;26946744444;27446744444;10240;10228
5281;29980124000;26946744444;27446744444;10240;10228
5282;29980367000;26946744444;27446744444;10240;10228
5283;29980373000;26988111111;27488111111;10240;10228
5284;29980913000;26988111111;27488111111;10240;10228
5285;30163050000;26988111111;27488111111;10240;10228
5286;30163061000;26988111111;27488111111;10240;10228
5287;30163304000;26988111111;27488111111;10240;10228
5288;30163901000;26988111111;27488111111;10240;10228
5289;30164537000;26988111111;27488111111;10240;10228
5290;30165591000;26988133333;27488133333;10240;10228
5291;30166064000;26988411111;27488411111;10240;10228
5292;30166383000;26988411111;27488411111;10240;10228
5293;30166939000;26988411111;27488411111;10240;10228
5294;30167798000;27029777777;27529777777;10240;10228
5295;30168184000;27029777777;27529777777;10240;10228
5296;30168629000;27029777777;27529777777;10240;10228
5297;30168880000;27029777777;27529777777;10240;10228
5298;30169126000;27029777777;27529777777;10240;10228
5299;30169377000;27029777777;27529777777;10240;10228
5300;30169636000;27029777777;27529777777;10240;10228
5301;30169645000;27029800000;27529800000;10240;10228
5302;30170284000;27030122222;27530122222;10240;10228
5303;30170295000;27030122222;27530122222;10240;10228
5304;30170609000;27030122222;27530122222;10240;10228
5305;30170861000;27071455555;27571455555;10240;10228
5306;30171442000;27071455555;27571455555;10240;10228
5307;30171455000;27071455555;27571455555;10240;10228
5308;30171699000;27071455555;27571455555;10240;10228
5309;30172036000;27071455555;27571455555;10240;10228
5310;30172286000;27071455555;27571455555;10240;10228
5311;30172297000;27071455555;27571455555;10240;10228
5312;30172513000;27071477777;27571477777;10240;10228
5313;30172895000;27071755555;27571755555;10240;10228
5314;30173129000;27071755555;27571755555;10240;10228
5315;30173447000;27071755555;27571755555;10240;10228
5316;30173453000;27113111111;27613111111;10240;10228
5317;30174052000;27113111111;27613111111;10240;10228
5318;30174062000;27113111111;27613111111;10240;10228
5319;30174522000;27113111111;27613111111;10240;10228
5320;30174533000;27113111111;27613111111;10240;10228
5321;30174789000;27113111111;27613111111;10240;10228
5322;30175037000;27113111111;27613111111;10240;10228
5323;30175046000;27113133333;27613133333;10240;10228
5324;30175944000;27113400000;27613400000;10240;10228
5325;30175957000;27113400000;27613400000;10240;10228
5326;30176187000;27113400000;27613400000;10240;10228
5327;30176209000;27154788888;27654788888;10240;10228
5328;30176480000;27154788888;27654788888;10240;10228
5329;30176499000;27154788888;27654788888;10240;10228
5330;30176705000;27154788888;27654788888;10240;10228
5331;30176719000;27154788888;27654788888;10240;10228
5332;30177018000;27154788888;27654788888;10240;10228
5333;30177270000;27154788888;27654788888;10240;10228
5334;30177287000;27154811111;27654811111;10240;10228
5335;30177659000;27155155555;27655155555;10240;10228
5336;30177907000;27155155555;27655155555;10240;10228
5337;30177917000;27155155555;27655155555;10240;10228
5338;30178161000;27196444444;27696444444;10240;10228
5339;30178182000;27196444444;27696444444;10240;10228
5340;30178354000;27196444444;27696444444;10240;10228
5341;30178373000;27196444444;27696444444;10240;10228
5342;30178662000;27196444444;27696444444;10240;10228
5343;30178672000;27196444444;27696444444;10240;10228
5344;30178911000;27196444444;27696444444;10240;10228
5345;30178921000;27196466666;27696466666;10240;10228
5346;30179162000;27196744444;27696744444;10240;10228
5347;30179171000;27196744444;27696744444;10240;10228
5348;30179402000;27196744444;27696744444;10240;10228
5349;30179709000;27238144444;27738144444;10240;10228
5350;30179722000;27238144444;27738144444;10240;10228
5351;30179729000;27238144444;27738144444;10240;10228
5352;30180109000;27238144444;27738144444;10240;10228
5353;30180118000;27238144444;27738144444;10240;10228
5354;30180294000;27238144444;27738144444;10240;10228
5355;30180611000;27238144444;27738144444;10240;10228
5356;30180621000;27238155555;27738155555;10240;10228
5357;30180857000;27238455555;27738455555;10240;10228
5358;30180866000;27238455555;27738455555;10240;10228
5360;30181270000;27279788888;27779788888;10240;10228
5361;30181293000;27279788888;27779788888;10240;10228
5362;30181465000;27279788888;27779788888;10240;10228
5363;30182108000;27279788888;27779788888;10240;10228
5364;30364268000;27279788888;27779788888;10240;10228
5365;30364282000;27279788888;27779788888;10240;10228
5367;30364978000;27279811111;27779811111;10240;10228
5368;30365717000;27280122222;27780122222;10240;10228
5369;30366752000;27280122222;27780122222;10240;10228
5370;30367243000;27280122222;27780122222;10240;10228
5371;30367501000;27321444444;27821444444;10240;10228
5372;30368116000;27321444444;27821444444;10240;10228
5373;30368125000;27321444444;27821444444;10240;10228
5374;30368853000;27321444444;27821444444;10240;10228
5375;30369783000;27321444444;27821444444;10240;10228
5376;30370040000;27321444444;27821444444;10240;10228
5377;30370280000;27321444444;27821444444;10240;10228
5378;30370292000;27321466666;27821466666;10240;10228
5379;30370798000;27321744444;27821744444;10240;10228
5380;30371047000;27321744444;27821744444;10240;10228
5381;30371409000;27321744444;27821744444;10240;10228
5382;30371420000;27363100000;27863100000;10240;10228
5383;30371676000;27363100000;27863100000;10240;10228
5384;30371983000;27363100000;27863100000;10240;10228
5385;30372550000;27363100000;27863100000;10240;10228
5386;30372556000;27363100000;27863100000;10240;10228
5387;30372803000;27363100000;27863100000;10240;10228
5388;30372808000;27363100000;27863100000;10240;10228
5389;30373290000;27363122222;27863122222;10240;10228
5390;30373522000;27363377777;27863377777;10240;10228
5391;30373799000;27363377777;27863377777;10240;10228
5392;30374042000;27363377777;27863377777;10240;10228
5393;30374048000;27404766666;27904766666;10240;10228
5394;30374553000;27404766666;27904766666;10240;10228
5395;30374808000;27404766666;27904766666;10240;10228
5396;30375150000;27404766666;27904766666;10240;10228
5397;30375165000;27404766666;27904766666;10240;10228
5398;30375667000;27404766666;27904766666;10240;10228
5399;30375675000;27404766666;27904766666;10240;10228
5400;30375961000;27404788888;27904788888;10240;10228
5401;30376160000;27405100000;27905100000;10240;10228
5402;30376168000;27405100000;27905100000;10240;10228
5403;30376445000;27405100000;27905100000;10240;10228
5404;30377110000;27446444444;27946444444;10240;10228
5405;30377120000;27446444444;27946444444;10240;10228
5406;30377351000;27446444444;27946444444;10240;10228
5407;30377358000;27446444444;27946444444;10240;10228
5408;30377630000;27446444444;27946444444;10240;10228
5409;30377641000;27446444444;27946444444;10240;10228
5410;30377872000;27446444444;27946444444;10240;10228
5411;30378111000;27446477777;27946477777;10240;10228
5412;30378365000;27446766666;27946766666;10240;10228
5413;30378372000;27446766666;27946766666;10240;10228
5414;30378625000;27446766666;27946766666;10240;10228
5415;30378849000;27488122222;27988122222;10240;10228
5416;30379096000;27488122222;27988122222;10240;10228
5417;30379355000;27488122222;27988122222;10240;10228
5418;30379364000;27488122222;27988122222;10240;10228
5419;30379652000;27488122222;27988122222;10240;10228
5420;30379663000;27488122222;27988122222;10240;10228
5421;30379667000;27488122222;27988122222;10240;10228
5422;30379902000;27488144444;27988144444;10240;10228
5423;30380148000;27488422222;27988422222;10240;10228
5424;30380169000;27488422222;27988422222;10240;10228
5425;30380360000;27488422222;27988422222;10240;10228
5426;30380371000;27529777777;28029777777;10240;10228
5427;30380654000;27529777777;28029777777;10240;10228
5428;30380665000;27529777777;28029777777;10240;10228
5429;30380900000;27529777777;28029777777;10240;10228
5430;30380911000;27529777777;28029777777;10240;10228
5431;30380915000;27529777777;28029777777;10240;10228
5432;30381141000;27529777777;28029777777;10240;10228
5433;30381161000;27529800000;28029800000;10240;10228
5434;30381794000;27530111111;28030111111;10240;10228
5435;30381814000;27530111111;28030111111;10240;10228
5436;30382041000;27530111111;28030111111;10240;10228
5437;30382061000;27571433333;28071433333;10240;10228
5438;30382424000;27571433333;28071433333;10240;10228
5439;30382436000;27571433333;28071433333;10240;10228
5440;30382683000;27571433333;28071433333;10240;10228
5441;30383243000;27571433333;28071433333;10240;10228
5443;30565508000;27571433333;28071433333;10240;10228
5444;30566047000;27571455555;28071455555;10240;10228
5445;30566886000;27571755555;28071755555;10240;10228
5446;30567936000;27571755555;28071755555;10240;10228
5447;30567946000;27571755555;28071755555;10240;10228
5448;30568406000;27613100000;28113100000;10240;10228
5449;30568697000;27613100000;28113100000;10240;10228
5450;30569327000;27613100000;28113100000;10240;10228
5451;30569340000;27613100000;28113100000;10240;10228
5452;30570016000;27613100000;28113100000;10240;10228
5453;30570027000;27613100000;28113100000;10240;10228
5454;30570953000;27613100000;28113100000;10240;10228
5455;30570964000;27613122222;28113122222;10240;10228
5456;30571354000;27613422222;28113422222;10240;10228
5457;30571363000;27613422222;28113422222;10240;10228
5458;30571639000;27613422222;28113422222;10240;10228
5459;30572167000;27654944444;28154944444;10240;10228
5460;30572518000;27654944444;28154944444;10240;10228
5461;30572834000;27654944444;28154944444;10240;10228
5462;30573136000;27654944444;28154944444;10240;10228
5463;30573719000;27654944444;28154944444;10240;10228
5464;30573732000;27654944444;28154944444;10240;10228
5465;30573965000;27654944444;28154944444;10240;10228
5466;30573988000;27654966666;28154966666;10240;10228
5467;30574213000;27655288888;28155288888;10240;10228
5468;30574221000;27655288888;28155288888;10240;10228
5469;30574463000;27655288888;28155288888;10240;10228
5471;30574994000;27696455555;28196455555;10240;10228
5472;30575249000;27696455555;28196455555;10240;10228
5473;30575693000;27696455555;28196455555;10240;10228
5474;30575958000;27696455555;28196455555;10240;10228
5475;30576288000;27696455555;28196455555;10240;10228
5476;30576308000;27696455555;28196455555;10240;10228
5477;30576805000;27696477777;28196477777;10240;10228
5478;30576816000;27696744444;28196744444;10240;10228
5479;30577058000;27696744444;28196744444;10240;10228
5480;30577330000;27696744444;28196744444;10240;10228
5481;30577339000;27738111111;28238111111;10240;10228
5482;30577608000;27738111111;28238111111;10240;10228
5483;30577617000;27738111111;28238111111;10240;10228
5484;30578181000;27738111111;28238111111;10240;10228
5485;30578416000;27738111111;28238111111;10240;10228
5486;30578428000;27738111111;28238111111;10240;10228
5487;30578681000;27738111111;28238111111;10240;10228
5488;30578691000;27738133333;28238133333;10240;10228
5489;30578961000;27738422222;28238422222;10240;10228
5490;30578970000;27738422222;28238422222;10240;10228
5491;30579411000;27738422222;28238422222;10240;10228
5492;30579418000;27779777777;28279777777;10240;10228
5493;30579652000;27779777777;28279777777;10240;10228
5494;30579940000;27779777777;28279777777;10240;10228
5495;30580241000;27779777777;28279777777;10240;10228
5496;30580452000;27779777777;28279777777;10240;10228
5497;30580458000;27779777777;28279777777;10240;10228
5498;30580786000;27779777777;28279777777;10240;10228
5499;30580793000;27779800000;28279800000;10240;10228
