seqnum;now;rtptime;deadline;packet_len;payload_len
2;4343734000;4253211111;4453211111;10240;10228
5;4343890000;4253211111;4453211111;10240;10228
6;4343898000;4253211111;4453211111;10240;10228
4;4344029000;4253211111;4453211111;10240;10228
7;4344044000;4253211111;4453211111;10240;10228
8;4384244000;4253211111;4453211111;10240;10228
9;4384382000;4253211111;4453211111;10240;10228
10;4384602000;4253211111;4453211111;10240;10228
1;4384685000;4253211111;4453211111;10240;10228
11;4424721000;4284566666;4484566666;10240;10228
13;4424874000;4284566666;4484566666;10240;10228
14;4424898000;4284566666;4484566666;10240;10228
12;4425034000;4284566666;4484566666;10240;10228
15;4425056000;4284566666;4484566666;10240;10228
0;4445069000;4253211111;4453211111;10240;10228
3;4445099000;4253211111;4453211111;10240;10228
16;4445239000;4284566666;4484566666;10240;10228
17;4445260000;4284566666;4484566666;10240;10228
19;4465391000;4284566666;4484566666;10240;10228
21;4465410000;4284566666;4484566666;10240;10228
22;4465537000;4326244444;4526244444;10240;10228
18;4465550000;4284566666;4484566666;10240;10228
24;4465795000;4326244444;4526244444;10240;10228
20;4465814000;4284566666;4484566666;10240;10228
23;4466034000;4326244444;4526244444;10240;10228
25;4476071000;4326244444;4526244444;10240;10228
26;4485882000;4326244444;4526244444;10240;10228
28;4486104000;4326244444;4526244444;10240;10228
27;4486116000;4326244444;4526244444;10240;10228
29;4505869000;4326244444;4526244444;10240;10228
33;4506020000;4367844444;4567844444;10240;10228
30;4506174000;4326244444;4526244444;10240;10228
31;4506197000;4326244444;4526244444;10240;10228
35;4506202000;4367844444;4567844444;10240;10228
36;4506213000;4367844444;4567844444;10240;10228
32;4506428000;4326244444;4526244444;10240;10228
34;4506440000;4367844444;4567844444;10240;10228
37;4506445000;4367844444;4567844444;10240;10228
38;4506857000;4367844444;4567844444;10240;10228
39;4506866000;4367844444;4567844444;10240;10228
40;4522347000;4367844444;4567844444;10240;10228
41;4522369000;4367844444;4567844444;10240;10228
43;4526528000;4367844444;4567844444;10240;10228
42;4526759000;4367844444;4567844444;10240;10228
44;4526995000;4409466666;4609466666;10240;10228
45;4527017000;4409466666;4609466666;10240;10228
46;4546526000;4409466666;4609466666;10240;10228
50;4546708000;4409466666;4609466666;10240;10228
48;4546854000;4409466666;4609466666;10240;10228
51;4546893000;4409466666;4609466666;10240;10228
52;4546902000;4409466666;4609466666;10240;10228
53;4547325000;4409466666;4609466666;10240;10228
54;4547594000;4409466666;4609466666;10240;10228
55;4547613000;4451188888;4651188888;10240;10228
56;4557643000;4451188888;4651188888;10240;10228
57;4557947000;4451188888;4651188888;10240;10228
58;4557958000;4451188888;4651188888;10240;10228
59;4558197000;4451188888;4651188888;10240;10228
60;4558218000;4451188888;4651188888;10240;10228
61;4563362000;4451188888;4651188888;10240;10228
62;4563383000;4451188888;4651188888;10240;10228
64;4563637000;4451188888;4651188888;10240;10228
65;4567027000;4451188888;4651188888;10240;10228
66;4567598000;4492800000;4692800000;10240;10228
67;4567867000;4492800000;4692800000;10240;10228
68;4567877000;4492800000;4692800000;10240;10228
69;4568118000;4492800000;4692800000;10240;10228
70;4573178000;4492800000;4692800000;10240;10228
71;4573200000;4492800000;4692800000;10240;10228
74;4587759000;4492800000;4692800000;10240;10228
49;4587771000;4409466666;4609466666;10240;10228
47;4588577000;4409466666;4609466666;10240;10228
78;4608874000;4534466666;4734466666;10240;10228
79;4608885000;4534466666;4734466666;10240;10228
63;4614246000;4451188888;4651188888;10240;10228
80;4628817000;4534466666;4734466666;10240;10228
81;4628828000;4534466666;4734466666;10240;10228
82;4629570000;4534466666;4734466666;10240;10228
83;4649867000;4534466666;4734466666;10240;10228
84;4649898000;4534466666;4734466666;10240;10228
87;4669776000;4534466666;4734466666;10240;10228
89;4670037000;4576177777;4776177777;10240;10228
90;4670581000;4576177777;4776177777;10240;10228
91;4683828000;4576177777;4776177777;10240;10228
92;4684032000;4576177777;4776177777;10240;10228
93;4684082000;4576177777;4776177777;10240;10228
72;4684110000;4492800000;4692800000;10240;10228
73;4684116000;4492800000;4692800000;10240;10228
94;4684244000;4576177777;4776177777;10240;10228
75;4684377000;4492800000;4692800000;10240;10228
76;4684396000;4492800000;4692800000;10240;10228
95;4710836000;4576177777;4776177777;10240;10228
96;4710847000;4576177777;4776177777;10240;10228
97;4711084000;4576177777;4776177777;10240;10228
98;4724227000;4576177777;4776177777;10240;10228
101;4724468000;4617800000;4817800000;10240;10228
99;4724626000;4617800000;4817800000;10240;10228
100;4724636000;4617800000;4817800000;10240;10228
102;4724667000;4617800000;4817800000;10240;10228
77;4724907000;4534466666;4734466666;10240;10228
103;4724928000;4617800000;4817800000;10240;10228
105;4751882000;4617800000;4817800000;10240;10228
88;4751893000;4576177777;4776177777;10240;10228
106;4764705000;4617800000;4817800000;10240;10228
109;4765366000;4617800000;4817800000;10240;10228
110;4765377000;4659477777;4859477777;10240;10228
112;4765615000;4659477777;4859477777;10240;10228
111;4765628000;4659477777;4859477777;10240;10228
113;4792909000;4659477777;4859477777;10240;10228
114;4792932000;4659477777;4859477777;10240;10228
115;4805180000;4659477777;4859477777;10240;10228
118;4806061000;4659477777;4859477777;10240;10228
116;4806169000;4659477777;4859477777;10240;10228
104;4806420000;4617800000;4817800000;10240;10228
119;4810874000;4659477777;4859477777;10240;10228
120;4811083000;4659477777;4859477777;10240;10228
107;4811190000;4617800000;4817800000;10240;10228
121;4833941000;4701166666;4901166666;10240;10228
122;4833953000;4701166666;4901166666;10240;10228
124;4845656000;4701166666;4901166666;10240;10228
125;4846504000;4701166666;4901166666;10240;10228
127;4847217000;4701166666;4901166666;10240;10228
128;4851350000;4701166666;4901166666;10240;10228
129;4851568000;4701166666;4901166666;10240;10228
130;4851787000;4701166666;4901166666;10240;10228
117;4851797000;4659477777;4859477777;10240;10228
131;4874860000;4701166666;4901166666;10240;10228
132;4875107000;4742800000;4942800000;10240;10228
133;4875118000;4742800000;4942800000;10240;10228
134;4886132000;4742800000;4942800000;10240;10228
135;4886974000;4742800000;4942800000;10240;10228
136;4888250000;4742800000;4942800000;10240;10228
137;4888261000;4742800000;4942800000;10240;10228
138;4891826000;4742800000;4942800000;10240;10228
139;4892034000;4742800000;4942800000;10240;10228
123;4892233000;4701166666;4901166666;10240;10228
126;4892251000;4701166666;4901166666;10240;10228
140;4892742000;4742800000;4942800000;10240;10228
141;4892761000;4742800000;4942800000;10240;10228
142;4915467000;4742800000;4942800000;10240;10228
143;4915900000;4784466666;4984466666;10240;10228
144;4915920000;4784466666;4984466666;10240;10228
145;4926636000;4784466666;4984466666;10240;10228
147;4928931000;4784466666;4984466666;10240;10228
146;4929267000;4784466666;4984466666;10240;10228
148;4929276000;4784466666;4984466666;10240;10228
150;4932538000;4784466666;4984466666;10240;10228
152;4933717000;4784466666;4984466666;10240;10228
153;4956131000;4784466666;4984466666;10240;10228
154;4956924000;4826200000;5026200000;10240;10228
155;4956945000;4826200000;5026200000;10240;10228
156;4969408000;4826200000;5026200000;10240;10228
157;4969607000;4826200000;5026200000;10240;10228
158;4969821000;4826200000;5026200000;10240;10228
159;4970300000;4826200000;5026200000;10240;10228
160;4970311000;4826200000;5026200000;10240;10228
162;4972989000;4826200000;5026200000;10240;10228
163;4974745000;4826200000;5026200000;10240;10228
164;4996543000;4826200000;5026200000;10240;10228
166;4996746000;4867833333;5067833333;10240;10228
165;4996950000;4867833333;5067833333;10240;10228
167;4997927000;4867833333;5067833333;10240;10228
168;4997936000;4867833333;5067833333;10240;10228
169;5009928000;4867833333;5067833333;10240;10228
170;5010083000;4867833333;5067833333;10240;10228
171;5010324000;4867833333;5067833333;10240;10228
172;5011330000;4867833333;5067833333;10240;10228
173;5011350000;4867833333;5067833333;10240;10228
161;5019259000;4826200000;5026200000;10240;10228
175;5019489000;4867833333;5067833333;10240;10228
176;5019761000;4909433333;5109433333;10240;10228
178;5037030000;4909433333;5109433333;10240;10228
179;5037243000;4909433333;5109433333;10240;10228
181;5038951000;4909433333;5109433333;10240;10228
182;5038962000;4909433333;5109433333;10240;10228
183;5050419000;4909433333;5109433333;10240;10228
184;5050610000;4909433333;5109433333;10240;10228
185;5050795000;4909433333;5109433333;10240;10228
186;5052279000;4909433333;5109433333;10240;10228
187;5052535000;4951166666;5151166666;10240;10228
174;5060269000;4867833333;5067833333;10240;10228
188;5060414000;4951166666;5151166666;10240;10228
190;5077525000;4951166666;5151166666;10240;10228
192;5077730000;4951166666;5151166666;10240;10228
191;5077850000;4951166666;5151166666;10240;10228
193;5079991000;4951166666;5151166666;10240;10228
194;5080000000;4951166666;5151166666;10240;10228
195;5090924000;4951166666;5151166666;10240;10228
196;5091249000;4951166666;5151166666;10240;10228
197;5091451000;4951166666;5151166666;10240;10228
177;5093345000;4909433333;5109433333;10240;10228
180;5093366000;4909433333;5109433333;10240;10228
198;5100911000;4992788888;5192788888;10240;10228
199;5118000000;4992788888;5192788888;10240;10228
200;5118208000;4992788888;5192788888;10240;10228
202;5131731000;4992788888;5192788888;10240;10228
203;5131942000;4992788888;5192788888;10240;10228
204;5134391000;4992788888;5192788888;10240;10228
205;5134405000;4992788888;5192788888;10240;10228
206;5134630000;4992788888;5192788888;10240;10228
207;5141402000;4992788888;5192788888;10240;10228
208;5158418000;4992788888;5192788888;10240;10228
209;5158671000;5034466666;5234466666;10240;10228
211;5172442000;5034466666;5234466666;10240;10228
201;5175318000;4992788888;5192788888;10240;10228
213;5175329000;5034466666;5234466666;10240;10228
214;5175630000;5034466666;5234466666;10240;10228
215;5198912000;5034466666;5234466666;10240;10228
216;5199117000;5034466666;5234466666;10240;10228
217;5212945000;5034466666;5234466666;10240;10228
218;5215803000;5034466666;5234466666;10240;10228
219;5216235000;5034466666;5234466666;10240;10228
220;5216628000;5076188888;5276188888;10240;10228
212;5227739000;5034466666;5234466666;10240;10228
221;5227960000;5076188888;5276188888;10240;10228
210;5228070000;5034466666;5234466666;10240;10228
222;5228099000;5076188888;5276188888;10240;10228
223;5228331000;5076188888;5276188888;10240;10228
224;5239446000;5076188888;5276188888;10240;10228
225;5253745000;5076188888;5276188888;10240;10228
227;5256877000;5076188888;5276188888;10240;10228
228;5257591000;5076188888;5276188888;10240;10228
226;5268662000;5076188888;5276188888;10240;10228
229;5268891000;5076188888;5276188888;10240;10228
230;5269033000;5076188888;5276188888;10240;10228
231;5269251000;5117822222;5317822222;10240;10228
232;5280249000;5117822222;5317822222;10240;10228
233;5294452000;5117822222;5317822222;10240;10228
235;5297406000;5117822222;5317822222;10240;10228
234;5297684000;5117822222;5317822222;10240;10228
236;5298335000;5117822222;5317822222;10240;10228
239;5309783000;5117822222;5317822222;10240;10228
241;5335118000;5117822222;5317822222;10240;10228
243;5338325000;5159455555;5359455555;10240;10228
244;5339132000;5159455555;5359455555;10240;10228
242;5349984000;5159455555;5359455555;10240;10228
237;5350199000;5117822222;5317822222;10240;10228
238;5350227000;5117822222;5317822222;10240;10228
245;5350236000;5159455555;5359455555;10240;10228
246;5350413000;5159455555;5359455555;10240;10228
240;5350422000;5117822222;5317822222;10240;10228
247;5350696000;5159455555;5359455555;10240;10228
249;5378790000;5159455555;5359455555;10240;10228
250;5378999000;5159455555;5359455555;10240;10228
248;5379112000;5159455555;5359455555;10240;10228
251;5379144000;5159455555;5359455555;10240;10228
252;5379791000;5159455555;5359455555;10240;10228
253;5390787000;5201177777;5401177777;10240;10228
254;5390964000;5201177777;5401177777;10240;10228
255;5391341000;5201177777;5401177777;10240;10228
256;5419286000;5201177777;5401177777;10240;10228
257;5419635000;5201177777;5401177777;10240;10228
259;5419740000;5201177777;5401177777;10240;10228
258;5419843000;5201177777;5401177777;10240;10228
260;5420603000;5201177777;5401177777;10240;10228
261;5431245000;5201177777;5401177777;10240;10228
262;5431446000;5201177777;5401177777;10240;10228
263;5431731000;5201177777;5401177777;10240;10228
264;5436773000;5242800000;5442800000;10240;10228
265;5437003000;5242800000;5442800000;10240;10228
266;5460129000;5242800000;5442800000;10240;10228
267;5460341000;5242800000;5442800000;10240;10228
268;5461344000;5242800000;5442800000;10240;10228
269;5472106000;5242800000;5442800000;10240;10228
270;5472356000;5242800000;5442800000;10240;10228
271;5472631000;5242800000;5442800000;10240;10228
272;5477448000;5242800000;5442800000;10240;10228
274;5500857000;5242800000;5442800000;10240;10228
275;5501153000;5284455555;5484455555;10240;10228
277;5512870000;5284455555;5484455555;10240;10228
278;5513079000;5284455555;5484455555;10240;10228
279;5513333000;5284455555;5484455555;10240;10228
280;5518131000;5284455555;5484455555;10240;10228
281;5518150000;5284455555;5484455555;10240;10228
282;5541476000;5284455555;5484455555;10240;10228
283;5541869000;5284455555;5484455555;10240;10228
285;5553616000;5284455555;5484455555;10240;10228
286;5553892000;5326166666;5526166666;10240;10228
287;5554152000;5326166666;5526166666;10240;10228
288;5558821000;5326166666;5526166666;10240;10228
284;5559258000;5284455555;5484455555;10240;10228
290;5582312000;5326166666;5526166666;10240;10228
291;5582660000;5326166666;5526166666;10240;10228
292;5594220000;5326166666;5526166666;10240;10228
294;5594571000;5326166666;5526166666;10240;10228
293;5594600000;5326166666;5526166666;10240;10228
295;5594824000;5326166666;5526166666;10240;10228
289;5599464000;5326166666;5526166666;10240;10228
296;5599481000;5326166666;5526166666;10240;10228
297;5599780000;5367777777;5567777777;10240;10228
298;5622911000;5367777777;5567777777;10240;10228
300;5635094000;5367777777;5567777777;10240;10228
302;5635317000;5367777777;5567777777;10240;10228
301;5635689000;5367777777;5567777777;10240;10228
303;5635708000;5367777777;5567777777;10240;10228
304;5640010000;5367777777;5567777777;10240;10228
305;5640224000;5367777777;5567777777;10240;10228
299;5645248000;5367777777;5567777777;10240;10228
306;5645324000;5367777777;5567777777;10240;10228
307;5645346000;5367777777;5567777777;10240;10228
308;5675652000;5409444444;5609444444;10240;10228
309;5675846000;5409444444;5609444444;10240;10228
310;5676119000;5409444444;5609444444;10240;10228
311;5676345000;5409444444;5609444444;10240;10228
314;5685801000;5409444444;5609444444;10240;10228
315;5686109000;5409444444;5609444444;10240;10228
317;5716710000;5409444444;5609444444;10240;10228
318;5716828000;5409444444;5609444444;10240;10228
319;5717259000;5451200000;5651200000;10240;10228
320;5726536000;5451200000;5651200000;10240;10228
312;5726638000;5409444444;5609444444;10240;10228
321;5726764000;5451200000;5651200000;10240;10228
313;5726876000;5409444444;5609444444;10240;10228
322;5727171000;5451200000;5651200000;10240;10228
323;5727383000;5451200000;5651200000;10240;10228
324;5757384000;5451200000;5651200000;10240;10228
325;5757519000;5451200000;5651200000;10240;10228
326;5757954000;5451200000;5651200000;10240;10228
327;5758267000;5451200000;5651200000;10240;10228
329;5767465000;5451200000;5651200000;10240;10228
330;5767872000;5492844444;5692844444;10240;10228
331;5768013000;5492844444;5692844444;10240;10228
333;5798367000;5492844444;5692844444;10240;10228
335;5799018000;5492844444;5692844444;10240;10228
332;5807767000;5492844444;5692844444;10240;10228
328;5808089000;5451200000;5651200000;10240;10228
338;5808633000;5492844444;5692844444;10240;10228
339;5808865000;5492844444;5692844444;10240;10228
341;5839157000;5534477777;5734477777;10240;10228
343;5839447000;5534477777;5734477777;10240;10228
342;5839838000;5534477777;5734477777;10240;10228
345;5849068000;5534477777;5734477777;10240;10228
346;5849288000;5534477777;5734477777;10240;10228
344;5849330000;5534477777;5734477777;10240;10228
347;5849873000;5534477777;5734477777;10240;10228
340;5853864000;5492844444;5692844444;10240;10228
348;5854020000;5534477777;5734477777;10240;10228
349;5854244000;5534477777;5734477777;10240;10228
350;5890031000;5534477777;5734477777;10240;10228
353;5890271000;5576188888;5776188888;10240;10228
351;5890296000;5534477777;5734477777;10240;10228
352;5890531000;5576188888;5776188888;10240;10228
354;5890553000;5576188888;5776188888;10240;10228
355;5890575000;5576188888;5776188888;10240;10228
356;5894619000;5576188888;5776188888;10240;10228
357;5894818000;5576188888;5776188888;10240;10228
359;5930772000;5576188888;5776188888;10240;10228
358;5930832000;5576188888;5776188888;10240;10228
361;5930917000;5576188888;5776188888;10240;10228
360;5931118000;5576188888;5776188888;10240;10228
362;5931138000;5576188888;5776188888;10240;10228
363;5931360000;5617788888;5817788888;10240;10228
364;5935358000;5617788888;5817788888;10240;10228
365;5935497000;5617788888;5817788888;10240;10228
367;5971358000;5617788888;5817788888;10240;10228
368;5971526000;5617788888;5817788888;10240;10228
366;5971611000;5617788888;5817788888;10240;10228
369;5971622000;5617788888;5817788888;10240;10228
370;5971857000;5617788888;5817788888;10240;10228
371;5972010000;5617788888;5817788888;10240;10228
372;5975857000;5617788888;5817788888;10240;10228
373;5976048000;5617788888;5817788888;10240;10228
374;6012234000;5659388888;5859388888;10240;10228
376;6012731000;5659388888;5859388888;10240;10228
375;6016662000;5659388888;5859388888;10240;10228
377;6017004000;5659388888;5859388888;10240;10228
378;6017031000;5659388888;5859388888;10240;10228
379;6017218000;5659388888;5859388888;10240;10228
380;6052918000;5659388888;5859388888;10240;10228
381;6053443000;5659388888;5859388888;10240;10228
384;6057648000;5659388888;5859388888;10240;10228
382;6057766000;5659388888;5859388888;10240;10228
385;6057787000;5701155555;5901155555;10240;10228
386;6058028000;5701155555;5901155555;10240;10228
387;6058050000;5701155555;5901155555;10240;10228
388;6058228000;5701155555;5901155555;10240;10228
389;6093758000;5701155555;5901155555;10240;10228
390;6093779000;5701155555;5901155555;10240;10228
393;6098151000;5701155555;5901155555;10240;10228
391;6098176000;5701155555;5901155555;10240;10228
394;6098372000;5701155555;5901155555;10240;10228
395;6098389000;5701155555;5901155555;10240;10228
392;6098397000;5701155555;5901155555;10240;10228
396;6098492000;5742800000;5942800000;10240;10228
397;6098757000;5742800000;5942800000;10240;10228
398;6098789000;5742800000;5942800000;10240;10228
399;6103503000;5742800000;5942800000;10240;10228
401;6134327000;5742800000;5942800000;10240;10228
402;6134465000;5742800000;5942800000;10240;10228
403;6138658000;5742800000;5942800000;10240;10228
404;6138871000;5742800000;5942800000;10240;10228
405;6139178000;5742800000;5942800000;10240;10228
406;6139459000;5742800000;5942800000;10240;10228
407;6139719000;5784455555;5984455555;10240;10228
408;6139739000;5784455555;5984455555;10240;10228
409;6139987000;5784455555;5984455555;10240;10228
400;6143939000;5742800000;5942800000;10240;10228
411;6175147000;5784455555;5984455555;10240;10228
412;6175183000;5784455555;5984455555;10240;10228
414;6179508000;5784455555;5984455555;10240;10228
415;6179764000;5784455555;5984455555;10240;10228
416;6179921000;5784455555;5984455555;10240;10228
417;6180102000;5784455555;5984455555;10240;10228
418;6180420000;5826188888;6026188888;10240;10228
419;6180570000;5826188888;6026188888;10240;10228
420;6180819000;5826188888;6026188888;10240;10228
413;6184438000;5784455555;5984455555;10240;10228
410;6184547000;5784455555;5984455555;10240;10228
421;6184891000;5826188888;6026188888;10240;10228
422;6215802000;5826188888;6026188888;10240;10228
423;6216011000;5826188888;6026188888;10240;10228
424;6220287000;5826188888;6026188888;10240;10228
425;6220465000;5826188888;6026188888;10240;10228
426;6220488000;5826188888;6026188888;10240;10228
431;6221597000;5867833333;6067833333;10240;10228
427;6224978000;5826188888;6026188888;10240;10228
428;6225162000;5826188888;6026188888;10240;10228
430;6225183000;5867833333;6067833333;10240;10228
432;6225428000;5867833333;6067833333;10240;10228
433;6256654000;5867833333;6067833333;10240;10228
434;6261322000;5867833333;6067833333;10240;10228
435;6261344000;5867833333;6067833333;10240;10228
436;6261547000;5867833333;6067833333;10240;10228
438;6261570000;5867833333;6067833333;10240;10228
439;6262271000;5867833333;6067833333;10240;10228
440;6262430000;5909500000;6109500000;10240;10228
441;6262653000;5909500000;6109500000;10240;10228
442;6262674000;5909500000;6109500000;10240;10228
443;6262852000;5909500000;6109500000;10240;10228
437;6266279000;5867833333;6067833333;10240;10228
444;6266682000;5909500000;6109500000;10240;10228
446;6302068000;5909500000;6109500000;10240;10228
447;6302243000;5909500000;6109500000;10240;10228
448;6302458000;5909500000;6109500000;10240;10228
449;6302480000;5909500000;6109500000;10240;10228
450;6302491000;5909500000;6109500000;10240;10228
451;6303110000;5951200000;6151200000;10240;10228
452;6303132000;5951200000;6151200000;10240;10228
453;6303349000;5951200000;6151200000;10240;10228
454;6303371000;5951200000;6151200000;10240;10228
455;6303630000;5951200000;6151200000;10240;10228
456;6303653000;5951200000;6151200000;10240;10228
445;6311807000;5909500000;6109500000;10240;10228
457;6312478000;5951200000;6151200000;10240;10228
458;6342999000;5951200000;6151200000;10240;10228
459;6343021000;5951200000;6151200000;10240;10228
460;6343242000;5951200000;6151200000;10240;10228
461;6343275000;5951200000;6151200000;10240;10228
462;6343492000;5992777777;6192777777;10240;10228
463;6343505000;5992777777;6192777777;10240;10228
464;6343848000;5992777777;6192777777;10240;10228
465;6344013000;5992777777;6192777777;10240;10228
466;6344036000;5992777777;6192777777;10240;10228
467;6344227000;5992777777;6192777777;10240;10228
468;6344414000;5992777777;6192777777;10240;10228
469;6352973000;5992777777;6192777777;10240;10228
470;6353192000;5992777777;6192777777;10240;10228
471;6362019000;5992777777;6192777777;10240;10228
473;6383612000;6034455555;6234455555;10240;10228
474;6383813000;6034455555;6234455555;10240;10228
475;6384019000;6034455555;6234455555;10240;10228
476;6384216000;6034455555;6234455555;10240;10228
477;6384238000;6034455555;6234455555;10240;10228
478;6384421000;6034455555;6234455555;10240;10228
479;6384792000;6034455555;6234455555;10240;10228
480;6384808000;6034455555;6234455555;10240;10228
481;6385200000;6034455555;6234455555;10240;10228
482;6385214000;6034455555;6234455555;10240;10228
483;6385448000;6034455555;6234455555;10240;10228
484;6392885000;6076200000;6276200000;10240;10228
485;6393660000;6076200000;6276200000;10240;10228
486;6393684000;6076200000;6276200000;10240;10228
487;6407906000;6076200000;6276200000;10240;10228
488;6424991000;6076200000;6276200000;10240;10228
489;6425231000;6076200000;6276200000;10240;10228
490;6425244000;6076200000;6276200000;10240;10228
491;6425256000;6076200000;6276200000;10240;10228
495;6425341000;6117800000;6317800000;10240;10228
492;6425485000;6076200000;6276200000;10240;10228
493;6425496000;6076200000;6276200000;10240;10228
494;6425753000;6076200000;6276200000;10240;10228
496;6425900000;6117800000;6317800000;10240;10228
499;6426096000;6117800000;6317800000;10240;10228
500;6426118000;6117800000;6317800000;10240;10228
501;6433480000;6117800000;6317800000;10240;10228
502;6434302000;6117800000;6317800000;10240;10228
497;6434325000;6117800000;6317800000;10240;10228
498;6434341000;6117800000;6317800000;10240;10228
503;6434879000;6117800000;6317800000;10240;10228
504;6448667000;6117800000;6317800000;10240;10228
505;6465745000;6117800000;6317800000;10240;10228
508;6465950000;6159455555;6359455555;10240;10228
506;6466173000;6159455555;6359455555;10240;10228
509;6466184000;6159455555;6359455555;10240;10228
510;6466192000;6159455555;6359455555;10240;10228
511;6466357000;6159455555;6359455555;10240;10228
512;6466379000;6159455555;6359455555;10240;10228
513;6466538000;6159455555;6359455555;10240;10228
514;6466874000;6159455555;6359455555;10240;10228
515;6466886000;6159455555;6359455555;10240;10228
516;6467126000;6159455555;6359455555;10240;10228
517;6467139000;6201166666;6401166666;10240;10228
518;6467372000;6201166666;6401166666;10240;10228
519;6467391000;6201166666;6401166666;10240;10228
520;6474293000;6201166666;6401166666;10240;10228
521;6475331000;6201166666;6401166666;10240;10228
522;6484027000;6201166666;6401166666;10240;10228
523;6499398000;6201166666;6401166666;10240;10228
526;6506397000;6201166666;6401166666;10240;10228
524;6506499000;6201166666;6401166666;10240;10228
525;6506784000;6201166666;6401166666;10240;10228
527;6506802000;6201166666;6401166666;10240;10228
528;6507008000;6242800000;6442800000;10240;10228
529;6507031000;6242800000;6442800000;10240;10228
530;6507277000;6242800000;6442800000;10240;10228
531;6507299000;6242800000;6442800000;10240;10228
533;6507552000;6242800000;6442800000;10240;10228
532;6507591000;6242800000;6442800000;10240;10228
534;6507733000;6242800000;6442800000;10240;10228
535;6507951000;6242800000;6442800000;10240;10228
536;6507974000;6242800000;6442800000;10240;10228
537;6508147000;6242800000;6442800000;10240;10228
538;6508160000;6242800000;6442800000;10240;10228
539;6514762000;6284455555;6484455555;10240;10228
540;6515824000;6284455555;6484455555;10240;10228
541;6521160000;6284455555;6484455555;10240;10228
542;6540107000;6284455555;6484455555;10240;10228
543;6546819000;6284455555;6484455555;10240;10228
545;6547042000;6284455555;6484455555;10240;10228
544;6547185000;6284455555;6484455555;10240;10228
546;6547428000;6284455555;6484455555;10240;10228
547;6547674000;6284455555;6484455555;10240;10228
548;6547698000;6284455555;6484455555;10240;10228
549;6547869000;6284455555;6484455555;10240;10228
551;6548120000;6326188888;6526188888;10240;10228
552;6548313000;6326188888;6526188888;10240;10228
553;6548709000;6326188888;6526188888;10240;10228
554;6548719000;6326188888;6526188888;10240;10228
555;6548960000;6326188888;6526188888;10240;10228
556;6548980000;6326188888;6526188888;10240;10228
557;6549203000;6326188888;6526188888;10240;10228
558;6549224000;6326188888;6526188888;10240;10228
559;6555765000;6326188888;6526188888;10240;10228
560;6560786000;6326188888;6526188888;10240;10228
550;6562090000;6326188888;6526188888;10240;10228
561;6562365000;6367788888;6567788888;10240;10228
562;6581136000;6367788888;6567788888;10240;10228
563;6587472000;6367788888;6567788888;10240;10228
564;6587859000;6367788888;6567788888;10240;10228
565;6587883000;6367788888;6567788888;10240;10228
566;6588204000;6367788888;6567788888;10240;10228
567;6588445000;6367788888;6567788888;10240;10228
568;6588460000;6367788888;6567788888;10240;10228
570;6588697000;6367788888;6567788888;10240;10228
571;6588715000;6367788888;6567788888;10240;10228
572;6588958000;6409455555;6609455555;10240;10228
573;6588999000;6409455555;6609455555;10240;10228
574;6589382000;6409455555;6609455555;10240;10228
575;6589594000;6409455555;6609455555;10240;10228
576;6589796000;6409455555;6609455555;10240;10228
579;6589817000;6409455555;6609455555;10240;10228
580;6596458000;6409455555;6609455555;10240;10228
581;6601291000;6409455555;6609455555;10240;10228
577;6602272000;6409455555;6609455555;10240;10228
578;6602282000;6409455555;6609455555;10240;10228
569;6602297000;6367788888;6567788888;10240;10228
582;6602772000;6409455555;6609455555;10240;10228
584;6627919000;6451155555;6651155555;10240;10228
585;6628106000;6451155555;6651155555;10240;10228
586;6628438000;6451155555;6651155555;10240;10228
587;6628672000;6451155555;6651155555;10240;10228
588;6629122000;6451155555;6651155555;10240;10228
589;6629336000;6451155555;6651155555;10240;10228
590;6629347000;6451155555;6651155555;10240;10228
591;6629504000;6451155555;6651155555;10240;10228
592;6629781000;6451155555;6651155555;10240;10228
593;6629794000;6451155555;6651155555;10240;10228
595;6629798000;6492800000;6692800000;10240;10228
596;6630138000;6492800000;6692800000;10240;10228
597;6630381000;6492800000;6692800000;10240;10228
598;6630647000;6492800000;6692800000;10240;10228
599;6630656000;6492800000;6692800000;10240;10228
600;6630892000;6492800000;6692800000;10240;10228
602;6637271000;6492800000;6692800000;10240;10228
603;6642124000;6492800000;6692800000;10240;10228
583;6642275000;6451155555;6651155555;10240;10228
604;6642295000;6492800000;6692800000;10240;10228
605;6642491000;6534455555;6734455555;10240;10228
606;6642729000;6534455555;6734455555;10240;10228
607;6642740000;6534455555;6734455555;10240;10228
608;6642899000;6534455555;6734455555;10240;10228
609;6642921000;6534455555;6734455555;10240;10228
610;6643094000;6534455555;6734455555;10240;10228
611;6643299000;6534455555;6734455555;10240;10228
612;6643308000;6534455555;6734455555;10240;10228
613;6668341000;6534455555;6734455555;10240;10228
614;6670501000;6534455555;6734455555;10240;10228
615;6670534000;6534455555;6734455555;10240;10228
616;6670861000;6576188888;6776188888;10240;10228
617;6671119000;6576188888;6776188888;10240;10228
618;6671378000;6576188888;6776188888;10240;10228
619;6671640000;6576188888;6776188888;10240;10228
620;6671650000;6576188888;6776188888;10240;10228
621;6671906000;6576188888;6776188888;10240;10228
622;6671927000;6576188888;6776188888;10240;10228
623;6678322000;6576188888;6776188888;10240;10228
625;6682786000;6576188888;6776188888;10240;10228
626;6682993000;6576188888;6776188888;10240;10228
624;6683106000;6576188888;6776188888;10240;10228
627;6683373000;6617800000;6817800000;10240;10228
594;6683465000;6492800000;6692800000;10240;10228
628;6683645000;6617800000;6817800000;10240;10228
629;6683794000;6617800000;6817800000;10240;10228
630;6683998000;6617800000;6817800000;10240;10228
631;6708805000;6617800000;6817800000;10240;10228
632;6711530000;6617800000;6817800000;10240;10228
633;6711540000;6617800000;6817800000;10240;10228
634;6711760000;6617800000;6817800000;10240;10228
636;6712145000;6617800000;6817800000;10240;10228
637;6712528000;6617800000;6817800000;10240;10228
638;6721574000;6659455555;6859455555;10240;10228
639;6721595000;6659455555;6859455555;10240;10228
640;6721803000;6659455555;6859455555;10240;10228
641;6721813000;6659455555;6859455555;10240;10228
642;6723262000;6659455555;6859455555;10240;10228
643;6723465000;6659455555;6859455555;10240;10228
644;6723477000;6659455555;6859455555;10240;10228
646;6723880000;6659455555;6859455555;10240;10228
648;6724106000;6659455555;6859455555;10240;10228
645;6724118000;6659455555;6859455555;10240;10228
647;6724393000;6659455555;6859455555;10240;10228
635;6762609000;6617800000;6817800000;10240;10228
650;6762886000;6701200000;6901200000;10240;10228
652;6763094000;6701200000;6901200000;10240;10228
653;6763115000;6701200000;6901200000;10240;10228
649;6763208000;6701200000;6901200000;10240;10228
651;6763228000;6701200000;6901200000;10240;10228
654;6763747000;6701200000;6901200000;10240;10228
657;6763949000;6701200000;6901200000;10240;10228
658;6763971000;6701200000;6901200000;10240;10228
655;6764067000;6701200000;6901200000;10240;10228
656;6764088000;6701200000;6901200000;10240;10228
660;6804538000;6742833333;6942833333;10240;10228
666;6804731000;6742833333;6942833333;10240;10228
668;6804750000;6742833333;6942833333;10240;10228
661;6804848000;6742833333;6942833333;10240;10228
663;6804871000;6742833333;6942833333;10240;10228
670;6804952000;6742833333;6942833333;10240;10228
665;6805105000;6742833333;6942833333;10240;10228
659;6845134000;6701200000;6901200000;10240;10228
662;6845706000;6742833333;6942833333;10240;10228
664;6845717000;6742833333;6942833333;10240;10228
672;6846189000;6784522222;6984522222;10240;10228
671;6846527000;6784522222;6984522222;10240;10228
673;6846540000;6784522222;6984522222;10240;10228
675;6846761000;6784522222;6984522222;10240;10228
676;6846773000;6784522222;6984522222;10240;10228
677;6885576000;6784522222;6984522222;10240;10228
680;6886661000;6784522222;6984522222;10240;10228
678;6886749000;6784522222;6984522222;10240;10228
679;6886760000;6784522222;6984522222;10240;10228
681;6887431000;6784522222;6984522222;10240;10228
667;6887684000;6742833333;6942833333;10240;10228
669;6887693000;6742833333;6942833333;10240;10228
682;6888197000;6826188888;7026188888;10240;10228
683;6926058000;6826188888;7026188888;10240;10228
684;6927131000;6826188888;7026188888;10240;10228
685;6927801000;6826188888;7026188888;10240;10228
687;6928456000;6826188888;7026188888;10240;10228
688;6928468000;6826188888;7026188888;10240;10228
689;6929212000;6826188888;7026188888;10240;10228
690;6929233000;6826188888;7026188888;10240;10228
691;6966533000;6826188888;7026188888;10240;10228
692;6966743000;6826188888;7026188888;10240;10228
674;6966853000;6784522222;6984522222;10240;10228
694;6967606000;6867822222;7067822222;10240;10228
695;6969495000;6867822222;7067822222;10240;10228
696;6969505000;6867822222;7067822222;10240;10228
686;6970238000;6826188888;7026188888;10240;10228
697;7007016000;6867822222;7067822222;10240;10228
698;7007230000;6867822222;7067822222;10240;10228
699;7007879000;6867822222;7067822222;10240;10228
700;7008047000;6867822222;7067822222;10240;10228
701;7010573000;6867822222;7067822222;10240;10228
702;7010593000;6867822222;7067822222;10240;10228
704;7047478000;6909444444;7109444444;10240;10228
707;7047698000;6909444444;7109444444;10240;10228
703;7047710000;6867822222;7067822222;10240;10228
705;7047956000;6909444444;7109444444;10240;10228
693;7047967000;6867822222;7067822222;10240;10228
708;7048547000;6909444444;7109444444;10240;10228
709;7048747000;6909444444;7109444444;10240;10228
710;7051615000;6909444444;7109444444;10240;10228
711;7051635000;6909444444;7109444444;10240;10228
712;7059179000;6909444444;7109444444;10240;10228
714;7088099000;6909444444;7109444444;10240;10228
715;7088743000;6951166666;7151166666;10240;10228
717;7089026000;6951166666;7151166666;10240;10228
719;7089212000;6951166666;7151166666;10240;10228
716;7089289000;6951166666;7151166666;10240;10228
720;7092599000;6951166666;7151166666;10240;10228
721;7092866000;6951166666;7151166666;10240;10228
706;7100202000;6909444444;7109444444;10240;10228
723;7129468000;6951166666;7151166666;10240;10228
724;7129667000;6951166666;7151166666;10240;10228
725;7129676000;6951166666;7151166666;10240;10228
726;7130332000;6992800000;7192800000;10240;10228
727;7133640000;6992800000;7192800000;10240;10228
728;7133661000;6992800000;7192800000;10240;10228
729;7141255000;6992800000;7192800000;10240;10228
730;7141277000;6992800000;7192800000;10240;10228
732;7169974000;6992800000;7192800000;10240;10228
733;7170147000;6992800000;7192800000;10240;10228
734;7170167000;6992800000;7192800000;10240;10228
735;7170343000;6992800000;7192800000;10240;10228
736;7174540000;6992800000;7192800000;10240;10228
737;7174778000;7034466666;7234466666;10240;10228
738;7182281000;7034466666;7234466666;10240;10228
739;7182290000;7034466666;7234466666;10240;10228
740;7182533000;7034466666;7234466666;10240;10228
741;7182552000;7034466666;7234466666;10240;10228
742;7186146000;7034466666;7234466666;10240;10228
731;7186349000;6992800000;7192800000;10240;10228
743;7186361000;7034466666;7234466666;10240;10228
744;7186366000;7034466666;7234466666;10240;10228
745;7186565000;7034466666;7234466666;10240;10228
746;7211134000;7034466666;7234466666;10240;10228
747;7215174000;7034466666;7234466666;10240;10228
749;7223314000;7076200000;7276200000;10240;10228
750;7223328000;7076200000;7276200000;10240;10228
752;7223571000;7076200000;7276200000;10240;10228
753;7223589000;7076200000;7276200000;10240;10228
755;7226838000;7076200000;7276200000;10240;10228
756;7226857000;7076200000;7276200000;10240;10228
757;7227035000;7076200000;7276200000;10240;10228
758;7227204000;7076200000;7276200000;10240;10228
760;7255648000;7117811111;7317811111;10240;10228
759;7255967000;7117811111;7317811111;10240;10228
761;7264352000;7117811111;7317811111;10240;10228
762;7264373000;7117811111;7317811111;10240;10228
748;7264617000;7076200000;7276200000;10240;10228
751;7267304000;7076200000;7276200000;10240;10228
763;7267508000;7117811111;7317811111;10240;10228
754;7267663000;7076200000;7276200000;10240;10228
764;7267698000;7117811111;7317811111;10240;10228
766;7296130000;7117811111;7317811111;10240;10228
767;7296888000;7117811111;7317811111;10240;10228
768;7305394000;7117811111;7317811111;10240;10228
769;7305403000;7117811111;7317811111;10240;10228
771;7307986000;7159433333;7359433333;10240;10228
772;7308353000;7159433333;7359433333;10240;10228
773;7308581000;7159433333;7359433333;10240;10228
774;7308767000;7159433333;7359433333;10240;10228
775;7336582000;7159433333;7359433333;10240;10228
776;7336751000;7159433333;7359433333;10240;10228
777;7337903000;7159433333;7359433333;10240;10228
778;7337914000;7159433333;7359433333;10240;10228
779;7346397000;7159433333;7359433333;10240;10228
780;7346408000;7159433333;7359433333;10240;10228
781;7348445000;7201200000;7401200000;10240;10228
782;7348780000;7201200000;7401200000;10240;10228
783;7348989000;7201200000;7401200000;10240;10228
784;7349207000;7201200000;7401200000;10240;10228
785;7376982000;7201200000;7401200000;10240;10228
787;7377215000;7201200000;7401200000;10240;10228
786;7377316000;7201200000;7401200000;10240;10228
788;7378945000;7201200000;7401200000;10240;10228
789;7378965000;7201200000;7401200000;10240;10228
790;7387433000;7201200000;7401200000;10240;10228
791;7387444000;7201200000;7401200000;10240;10228
792;7388953000;7242811111;7442811111;10240;10228
793;7389266000;7242811111;7442811111;10240;10228
794;7389410000;7242811111;7442811111;10240;10228
796;7394880000;7242811111;7442811111;10240;10228
797;7394898000;7242811111;7442811111;10240;10228
798;7395104000;7242811111;7442811111;10240;10228
799;7417737000;7242811111;7442811111;10240;10228
800;7418029000;7242811111;7442811111;10240;10228
801;7418049000;7242811111;7442811111;10240;10228
802;7428071000;7242811111;7442811111;10240;10228
803;7428284000;7284477777;7484477777;10240;10228
804;7428474000;7284477777;7484477777;10240;10228
805;7429409000;7284477777;7484477777;10240;10228
807;7429878000;7284477777;7484477777;10240;10228
795;7435251000;7242811111;7442811111;10240;10228
808;7435481000;7284477777;7484477777;10240;10228
809;7435493000;7284477777;7484477777;10240;10228
810;7435755000;7284477777;7484477777;10240;10228
811;7435766000;7284477777;7484477777;10240;10228
813;7458150000;7284477777;7484477777;10240;10228
812;7458576000;7284477777;7484477777;10240;10228
815;7458698000;7326200000;7526200000;10240;10228
817;7468770000;7326200000;7526200000;10240;10228
818;7468961000;7326200000;7526200000;10240;10228
819;7469906000;7326200000;7526200000;10240;10228
820;7470316000;7326200000;7526200000;10240;10228
806;7475860000;7284477777;7484477777;10240;10228
821;7476135000;7326200000;7526200000;10240;10228
822;7476145000;7326200000;7526200000;10240;10228
823;7476378000;7326200000;7526200000;10240;10228
824;7476388000;7326200000;7526200000;10240;10228
825;7476594000;7367800000;7567800000;10240;10228
826;7498574000;7367800000;7567800000;10240;10228
827;7498910000;7367800000;7567800000;10240;10228
828;7498920000;7367800000;7567800000;10240;10228
829;7499121000;7367800000;7567800000;10240;10228
830;7509223000;7367800000;7567800000;10240;10228
814;7509415000;7326200000;7526200000;10240;10228
833;7516875000;7367800000;7567800000;10240;10228
831;7516885000;7367800000;7567800000;10240;10228
832;7516900000;7367800000;7567800000;10240;10228
834;7517058000;7367800000;7567800000;10240;10228
816;7517096000;7326200000;7526200000;10240;10228
835;7538945000;7367800000;7567800000;10240;10228
837;7539550000;7409455555;7609455555;10240;10228
836;7539851000;7409455555;7609455555;10240;10228
838;7540110000;7409455555;7609455555;10240;10228
839;7549704000;7409455555;7609455555;10240;10228
840;7549906000;7409455555;7609455555;10240;10228
841;7549926000;7409455555;7609455555;10240;10228
842;7557344000;7409455555;7609455555;10240;10228
843;7557553000;7409455555;7609455555;10240;10228
844;7557851000;7409455555;7609455555;10240;10228
846;7557872000;7409455555;7609455555;10240;10228
847;7579388000;7451166666;7651166666;10240;10228
848;7579989000;7451166666;7651166666;10240;10228
849;7580853000;7451166666;7651166666;10240;10228
850;7587782000;7451166666;7651166666;10240;10228
851;7587792000;7451166666;7651166666;10240;10228
852;7590347000;7451166666;7651166666;10240;10228
853;7590588000;7451166666;7651166666;10240;10228
855;7597403000;7451166666;7651166666;10240;10228
856;7597978000;7451166666;7651166666;10240;10228
857;7598187000;7451166666;7651166666;10240;10228
858;7598876000;7492800000;7692800000;10240;10228
845;7602691000;7409455555;7609455555;10240;10228
860;7603009000;7492800000;7692800000;10240;10228
861;7619860000;7492800000;7692800000;10240;10228
862;7620442000;7492800000;7692800000;10240;10228
864;7628814000;7492800000;7692800000;10240;10228
865;7630828000;7492800000;7692800000;10240;10228
867;7631037000;7492800000;7692800000;10240;10228
866;7631172000;7492800000;7692800000;10240;10228
868;7631262000;7492800000;7692800000;10240;10228
869;7637913000;7534455555;7734455555;10240;10228
854;7638646000;7451166666;7651166666;10240;10228
871;7643454000;7534455555;7734455555;10240;10228
872;7660662000;7534455555;7734455555;10240;10228
873;7669857000;7534455555;7734455555;10240;10228
874;7671310000;7534455555;7734455555;10240;10228
875;7671510000;7534455555;7734455555;10240;10228
876;7671726000;7534455555;7734455555;10240;10228
859;7672029000;7492800000;7692800000;10240;10228
877;7678388000;7534455555;7734455555;10240;10228
878;7679102000;7534455555;7734455555;10240;10228
879;7679314000;7534455555;7734455555;10240;10228
863;7684030000;7492800000;7692800000;10240;10228
880;7701675000;7576177777;7776177777;10240;10228
882;7711788000;7576177777;7776177777;10240;10228
883;7712166000;7576177777;7776177777;10240;10228
884;7712377000;7576177777;7776177777;10240;10228
885;7713056000;7576177777;7776177777;10240;10228
886;7713076000;7576177777;7776177777;10240;10228
870;7718863000;7534455555;7734455555;10240;10228
887;7719780000;7576177777;7776177777;10240;10228
888;7742681000;7576177777;7776177777;10240;10228
889;7752263000;7576177777;7776177777;10240;10228
890;7752541000;7576177777;7776177777;10240;10228
891;7752817000;7617900000;7817900000;10240;10228
892;7754114000;7617900000;7817900000;10240;10228
893;7754125000;7617900000;7817900000;10240;10228
894;7759339000;7617900000;7817900000;10240;10228
896;7760274000;7617900000;7817900000;10240;10228
897;7783762000;7617900000;7817900000;10240;10228
898;7783780000;7617900000;7817900000;10240;10228
899;7792767000;7617900000;7817900000;10240;10228
900;7793003000;7617900000;7817900000;10240;10228
901;7793208000;7617900000;7817900000;10240;10228
902;7795207000;7659400000;7859400000;10240;10228
903;7795228000;7659400000;7859400000;10240;10228
904;7800798000;7659400000;7859400000;10240;10228
905;7800987000;7659400000;7859400000;10240;10228
906;7801008000;7659400000;7859400000;10240;10228
907;7811324000;7659400000;7859400000;10240;10228
908;7811521000;7659400000;7859400000;10240;10228
909;7824500000;7659400000;7859400000;10240;10228
910;7824671000;7659400000;7859400000;10240;10228
911;7833595000;7659400000;7859400000;10240;10228
912;7833615000;7659400000;7859400000;10240;10228
913;7834023000;7701177777;7901177777;10240;10228
914;7836268000;7701177777;7901177777;10240;10228
915;7836286000;7701177777;7901177777;10240;10228
916;7841454000;7701177777;7901177777;10240;10228
917;7841654000;7701177777;7901177777;10240;10228
918;7841673000;7701177777;7901177777;10240;10228
920;7852022000;7701177777;7901177777;10240;10228
921;7865481000;7701177777;7901177777;10240;10228
922;7874252000;7701177777;7901177777;10240;10228
923;7874451000;7701177777;7901177777;10240;10228
924;7875063000;7742811111;7942811111;10240;10228
925;7875082000;7742811111;7942811111;10240;10228
926;7877340000;7742811111;7942811111;10240;10228
927;7877359000;7742811111;7942811111;10240;10228
928;7881930000;7742811111;7942811111;10240;10228
929;7882132000;7742811111;7942811111;10240;10228
930;7882336000;7742811111;7942811111;10240;10228
931;7882356000;7742811111;7942811111;10240;10228
932;7892661000;7742811111;7942811111;10240;10228
933;7892672000;7742811111;7942811111;10240;10228
919;7892822000;7701177777;7901177777;10240;10228
934;7892832000;7742811111;7942811111;10240;10228
935;7906209000;7784422222;7984422222;10240;10228
936;7915096000;7784422222;7984422222;10240;10228
937;7916119000;7784422222;7984422222;10240;10228
938;7916140000;7784422222;7984422222;10240;10228
939;7918439000;7784422222;7984422222;10240;10228
940;7918450000;7784422222;7984422222;10240;10228
941;7918718000;7784422222;7984422222;10240;10228
942;7922416000;7784422222;7984422222;10240;10228
943;7922602000;7784422222;7984422222;10240;10228
944;7922828000;7784422222;7984422222;10240;10228
945;7923015000;7784422222;7984422222;10240;10228
946;7933169000;7826177777;8026177777;10240;10228
947;7933342000;7826177777;8026177777;10240;10228
948;7933352000;7826177777;8026177777;10240;10228
949;7933531000;7826177777;8026177777;10240;10228
950;7953226000;7826177777;8026177777;10240;10228
951;7956162000;7826177777;8026177777;10240;10228
952;7957197000;7826177777;8026177777;10240;10228
953;7957218000;7826177777;8026177777;10240;10228
954;7959508000;7826177777;8026177777;10240;10228
955;7959526000;7826177777;8026177777;10240;10228
956;7959760000;7826177777;8026177777;10240;10228
957;7959780000;7867833333;8067833333;10240;10228
959;7963091000;7867833333;8067833333;10240;10228
958;7963438000;7867833333;8067833333;10240;10228
962;7963462000;7867833333;8067833333;10240;10228
963;7973758000;7867833333;8067833333;10240;10228
966;7973986000;7867833333;8067833333;10240;10228
967;7983751000;7867833333;8067833333;10240;10228
968;7996855000;7909488888;8109488888;10240;10228
969;7997238000;7909488888;8109488888;10240;10228
970;7998273000;7909488888;8109488888;10240;10228
971;7998293000;7909488888;8109488888;10240;10228
972;8000593000;7909488888;8109488888;10240;10228
973;8000604000;7909488888;8109488888;10240;10228
974;8000851000;7909488888;8109488888;10240;10228
975;8003575000;7909488888;8109488888;10240;10228
976;8003906000;7909488888;8109488888;10240;10228
977;8003921000;7909488888;8109488888;10240;10228
978;8004156000;7909488888;8109488888;10240;10228
979;8012873000;7951155555;8151155555;10240;10228
980;8014220000;7951155555;8151155555;10240;10228
960;8014423000;7867833333;8067833333;10240;10228
961;8014636000;7867833333;8067833333;10240;10228
964;8037678000;7867833333;8067833333;10240;10228
965;8037693000;7867833333;8067833333;10240;10228
982;8041608000;7951155555;8151155555;10240;10228
983;8041632000;7951155555;8151155555;10240;10228
986;8044980000;7951155555;8151155555;10240;10228
988;8044995000;7951155555;8151155555;10240;10228
989;8053269000;7951155555;8151155555;10240;10228
990;8054676000;7992811111;8192811111;10240;10228
991;8054883000;7992811111;8192811111;10240;10228
992;8055091000;7992811111;8192811111;10240;10228
993;8055284000;7992811111;8192811111;10240;10228
994;8078680000;7992811111;8192811111;10240;10228
995;8078694000;7992811111;8192811111;10240;10228
996;8082658000;7992811111;8192811111;10240;10228
997;8082672000;7992811111;8192811111;10240;10228
981;8086041000;7951155555;8151155555;10240;10228
998;8093700000;7992811111;8192811111;10240;10228
999;8095137000;7992811111;8192811111;10240;10228
1001;8096200000;8034455555;8234455555;10240;10228
1002;8096399000;8034455555;8234455555;10240;10228
984;8119724000;7951155555;8151155555;10240;10228
985;8119736000;7951155555;8151155555;10240;10228
1003;8123739000;8034455555;8234455555;10240;10228
1004;8127102000;8034455555;8234455555;10240;10228
1005;8134170000;8034455555;8234455555;10240;10228
1006;8135623000;8034455555;8234455555;10240;10228
1007;8136687000;8034455555;8234455555;10240;10228
1009;8160807000;8034455555;8234455555;10240;10228
1010;8160826000;8034455555;8234455555;10240;10228
1011;8161069000;8034455555;8234455555;10240;10228
1012;8164857000;8076177777;8276177777;10240;10228
1013;8168210000;8076177777;8276177777;10240;10228
1000;8174636000;7992811111;8192811111;10240;10228
1014;8176126000;8076177777;8276177777;10240;10228
1015;8177172000;8076177777;8276177777;10240;10228
1016;8201856000;8076177777;8276177777;10240;10228
1017;8201874000;8076177777;8276177777;10240;10228
1018;8202107000;8076177777;8276177777;10240;10228
1019;8202126000;8076177777;8276177777;10240;10228
1020;8205882000;8076177777;8276177777;10240;10228
1021;8209274000;8076177777;8276177777;10240;10228
1022;8216534000;8076177777;8276177777;10240;10228
1023;8216743000;8117811111;8317811111;10240;10228
1024;8217710000;8117811111;8317811111;10240;10228
1025;8227915000;8117811111;8317811111;10240;10228
1008;8228213000;8034455555;8234455555;10240;10228
1026;8242913000;8117811111;8317811111;10240;10228
1027;8242931000;8117811111;8317811111;10240;10228
1028;8243189000;8117811111;8317811111;10240;10228
1029;8243205000;8117811111;8317811111;10240;10228
1030;8243397000;8117811111;8317811111;10240;10228
1031;8250357000;8117811111;8317811111;10240;10228
1032;8250377000;8117811111;8317811111;10240;10228
1033;8257162000;8117811111;8317811111;10240;10228
1034;8257393000;8159444444;8359444444;10240;10228
1035;8268385000;8159444444;8359444444;10240;10228
1036;8268663000;8159444444;8359444444;10240;10228
1037;8283985000;8159444444;8359444444;10240;10228
1038;8284003000;8159444444;8359444444;10240;10228
1039;8284234000;8159444444;8359444444;10240;10228
1040;8284253000;8159444444;8359444444;10240;10228
1041;8284469000;8159444444;8359444444;10240;10228
1042;8284479000;8159444444;8359444444;10240;10228
1043;8291419000;8159444444;8359444444;10240;10228
1044;8291428000;8159444444;8359444444;10240;10228
1045;8297868000;8201200000;8401200000;10240;10228
1046;8308872000;8201200000;8401200000;10240;10228
1047;8309080000;8201200000;8401200000;10240;10228
1048;8325045000;8201200000;8401200000;10240;10228
1049;8325063000;8201200000;8401200000;10240;10228
1050;8325278000;8201200000;8401200000;10240;10228
1051;8325296000;8201200000;8401200000;10240;10228
1052;8325541000;8201200000;8401200000;10240;10228
1053;8325551000;8201200000;8401200000;10240;10228
1054;8325809000;8201200000;8401200000;10240;10228
1055;8332400000;8201200000;8401200000;10240;10228
1056;8332629000;8242822222;8442822222;10240;10228
1057;8338384000;8242822222;8442822222;10240;10228
1058;8349324000;8242822222;8442822222;10240;10228
1059;8349533000;8242822222;8442822222;10240;10228
1060;8365986000;8242822222;8442822222;10240;10228
1061;8365997000;8242822222;8442822222;10240;10228
1063;8366524000;8242822222;8442822222;10240;10228
1064;8366569000;8242822222;8442822222;10240;10228
1065;8366765000;8242822222;8442822222;10240;10228
1066;8366776000;8242822222;8442822222;10240;10228
1067;8367015000;8284433333;8484433333;10240;10228
1068;8367036000;8284433333;8484433333;10240;10228
1069;8373408000;8284433333;8484433333;10240;10228
1070;8378871000;8284433333;8484433333;10240;10228
1071;8390043000;8284433333;8484433333;10240;10228
1072;8390275000;8284433333;8484433333;10240;10228
1073;8407008000;8284433333;8484433333;10240;10228
1074;8407030000;8284433333;8484433333;10240;10228
1075;8407539000;8284433333;8484433333;10240;10228
1076;8407562000;8284433333;8484433333;10240;10228
1062;8407784000;8242822222;8442822222;10240;10228
1077;8414314000;8284433333;8484433333;10240;10228
1078;8419321000;8326166666;8526166666;10240;10228
1079;8430475000;8326166666;8526166666;10240;10228
1080;8430687000;8326166666;8526166666;10240;10228
1081;8448041000;8326166666;8526166666;10240;10228
1082;8448566000;8326166666;8526166666;10240;10228
1083;8448586000;8326166666;8526166666;10240;10228
1084;8448821000;8326166666;8526166666;10240;10228
1085;8448835000;8326166666;8526166666;10240;10228
1086;8449075000;8326166666;8526166666;10240;10228
1087;8455384000;8326166666;8526166666;10240;10228
1088;8459718000;8326166666;8526166666;10240;10228
1089;8459927000;8367788888;8567788888;10240;10228
1090;8470941000;8367788888;8567788888;10240;10228
1091;8471151000;8367788888;8567788888;10240;10228
1092;8489104000;8367788888;8567788888;10240;10228
1094;8489617000;8367788888;8567788888;10240;10228
1095;8489881000;8367788888;8567788888;10240;10228
1096;8489896000;8367788888;8567788888;10240;10228
1100;8500393000;8409444444;8609444444;10240;10228
1102;8511598000;8409444444;8609444444;10240;10228
1103;8530174000;8409444444;8609444444;10240;10228
1104;8530654000;8409444444;8609444444;10240;10228
1105;8530925000;8409444444;8609444444;10240;10228
1093;8530938000;8367788888;8567788888;10240;10228
1106;8540869000;8409444444;8609444444;10240;10228
1107;8552038000;8409444444;8609444444;10240;10228
1097;8558286000;8367788888;8567788888;10240;10228
1098;8558479000;8367788888;8567788888;10240;10228
1099;8558504000;8367788888;8567788888;10240;10228
1108;8571251000;8409444444;8609444444;10240;10228
1109;8571684000;8409444444;8609444444;10240;10228
1110;8571696000;8409444444;8609444444;10240;10228
1111;8571938000;8451144444;8651144444;10240;10228
1112;8572192000;8451144444;8651144444;10240;10228
1113;8572202000;8451144444;8651144444;10240;10228
1114;8581321000;8451144444;8651144444;10240;10228
1115;8592503000;8451144444;8651144444;10240;10228
1101;8592858000;8409444444;8609444444;10240;10228
1116;8612743000;8451144444;8651144444;10240;10228
1117;8613006000;8451144444;8651144444;10240;10228
1118;8613271000;8451144444;8651144444;10240;10228
1119;8613282000;8451144444;8651144444;10240;10228
1120;8621799000;8451144444;8651144444;10240;10228
1121;8621977000;8451144444;8651144444;10240;10228
1123;8633863000;8492800000;8692800000;10240;10228
1124;8645362000;8492800000;8692800000;10240;10228
1125;8645374000;8492800000;8692800000;10240;10228
1126;8645624000;8492800000;8692800000;10240;10228
1127;8653969000;8492800000;8692800000;10240;10228
1128;8654179000;8492800000;8692800000;10240;10228
1129;8662657000;8492800000;8692800000;10240;10228
1130;8674856000;8492800000;8692800000;10240;10228
1122;8685809000;8492800000;8692800000;10240;10228
1131;8686071000;8492800000;8692800000;10240;10228
1132;8686290000;8492800000;8692800000;10240;10228
1133;8686301000;8534422222;8734422222;10240;10228
1134;8686310000;8534422222;8734422222;10240;10228
1135;8694799000;8534422222;8734422222;10240;10228
1136;8694813000;8534422222;8734422222;10240;10228
1137;8695053000;8534422222;8734422222;10240;10228
1138;8703355000;8534422222;8734422222;10240;10228
1139;8715446000;8534422222;8734422222;10240;10228
1140;8726757000;8534422222;8734422222;10240;10228
1141;8726988000;8534422222;8734422222;10240;10228
1142;8727227000;8534422222;8734422222;10240;10228
1143;8735451000;8534422222;8734422222;10240;10228
1144;8735656000;8576177777;8776177777;10240;10228
1145;8735862000;8576177777;8776177777;10240;10228
1146;8744199000;8576177777;8776177777;10240;10228
1147;8756246000;8576177777;8776177777;10240;10228
1148;8767338000;8576177777;8776177777;10240;10228
1150;8767524000;8576177777;8776177777;10240;10228
1151;8767719000;8576177777;8776177777;10240;10228
1152;8776506000;8576177777;8776177777;10240;10228
1153;8776759000;8576177777;8776177777;10240;10228
1154;8784908000;8576177777;8776177777;10240;10228
1155;8796997000;8617788888;8817788888;10240;10228
1156;8808128000;8617788888;8817788888;10240;10228
1157;8808149000;8617788888;8817788888;10240;10228
1158;8808378000;8617788888;8817788888;10240;10228
1159;8808389000;8617788888;8817788888;10240;10228
1160;8808635000;8617788888;8817788888;10240;10228
1161;8817330000;8617788888;8817788888;10240;10228
1162;8817507000;8617788888;8817788888;10240;10228
1163;8837656000;8617788888;8817788888;10240;10228
1164;8849152000;8617788888;8817788888;10240;10228
1165;8849173000;8617788888;8817788888;10240;10228
1166;8849392000;8659433333;8859433333;10240;10228
1167;8849402000;8659433333;8859433333;10240;10228
1168;8849653000;8659433333;8859433333;10240;10228
1169;8849662000;8659433333;8859433333;10240;10228
1170;8853931000;8659433333;8859433333;10240;10228
1171;8854174000;8659433333;8859433333;10240;10228
1172;8858182000;8659433333;8859433333;10240;10228
1174;8878425000;8659433333;8859433333;10240;10228
1175;8889907000;8659433333;8859433333;10240;10228
1176;8890117000;8659433333;8859433333;10240;10228
1177;8890343000;8701144444;8901144444;10240;10228
1173;8894420000;8659433333;8859433333;10240;10228
1178;8894721000;8701144444;8901144444;10240;10228
1179;8894933000;8701144444;8901144444;10240;10228
1180;8894942000;8701144444;8901144444;10240;10228
1181;8898930000;8701144444;8901144444;10240;10228
1182;8918966000;8701144444;8901144444;10240;10228
1183;8919202000;8701144444;8901144444;10240;10228
1185;8931127000;8701144444;8901144444;10240;10228
1184;8935141000;8701144444;8901144444;10240;10228
1186;8935384000;8701144444;8901144444;10240;10228
1187;8935617000;8701144444;8901144444;10240;10228
1188;8935640000;8742800000;8942800000;10240;10228
1189;8935660000;8742800000;8942800000;10240;10228
1190;8939716000;8742800000;8942800000;10240;10228
1191;8959754000;8742800000;8942800000;10240;10228
1192;8959993000;8742800000;8942800000;10240;10228
1193;8971772000;8742800000;8942800000;10240;10228
1194;8972022000;8742800000;8942800000;10240;10228
1195;8976127000;8742800000;8942800000;10240;10228
1197;8976386000;8742800000;8942800000;10240;10228
1198;8980239000;8742800000;8942800000;10240;10228
1199;9000531000;8784455555;8984455555;10240;10228
1200;9000772000;8784455555;8984455555;10240;10228
1201;9012624000;8784455555;8984455555;10240;10228
1202;9012861000;8784455555;8984455555;10240;10228
1196;9016423000;8742800000;8942800000;10240;10228
1203;9016947000;8784455555;8984455555;10240;10228
1204;9016970000;8784455555;8984455555;10240;10228
1206;9017079000;8784455555;8984455555;10240;10228
1205;9017222000;8784455555;8984455555;10240;10228
1207;9041298000;8784455555;8984455555;10240;10228
1208;9041544000;8784455555;8984455555;10240;10228
1209;9053243000;8784455555;8984455555;10240;10228
1210;9053596000;8826166666;9026166666;10240;10228
1211;9057530000;8826166666;9026166666;10240;10228
1212;9057770000;8826166666;9026166666;10240;10228
1213;9057793000;8826166666;9026166666;10240;10228
1215;9058024000;8826166666;9026166666;10240;10228
1216;9081840000;8826166666;9026166666;10240;10228
1217;9082257000;8826166666;9026166666;10240;10228
1218;9094411000;8826166666;9026166666;10240;10228
1223;9098503000;8867811111;9067811111;10240;10228
1219;9098545000;8826166666;9026166666;10240;10228
1220;9098560000;8826166666;9026166666;10240;10228
1221;9098756000;8867811111;9067811111;10240;10228
1222;9099046000;8867811111;9067811111;10240;10228
1224;9099070000;8867811111;9067811111;10240;10228
1226;9103249000;8867811111;9067811111;10240;10228
1227;9122580000;8867811111;9067811111;10240;10228
1228;9123005000;8867811111;9067811111;10240;10228
1230;9139013000;8867811111;9067811111;10240;10228
1231;9139240000;8867811111;9067811111;10240;10228
1229;9139345000;8867811111;9067811111;10240;10228
1232;9139785000;8909477777;9109477777;10240;10228
1225;9143423000;8867811111;9067811111;10240;10228
1233;9143973000;8909477777;9109477777;10240;10228
1234;9144184000;8909477777;9109477777;10240;10228
1235;9144207000;8909477777;9109477777;10240;10228
1236;9163305000;8909477777;9109477777;10240;10228
1237;9163656000;8909477777;9109477777;10240;10228
1238;9179490000;8909477777;9109477777;10240;10228
1239;9179822000;8909477777;9109477777;10240;10228
1240;9180530000;8909477777;9109477777;10240;10228
1244;9184835000;8951144444;9151144444;10240;10228
1241;9184860000;8909477777;9109477777;10240;10228
1242;9184901000;8909477777;9109477777;10240;10228
1243;9184909000;8951144444;9151144444;10240;10228
1245;9204539000;8951144444;9151144444;10240;10228
1246;9204813000;8951144444;9151144444;10240;10228
1248;9220304000;8951144444;9151144444;10240;10228
1247;9220327000;8951144444;9151144444;10240;10228
1249;9221311000;8951144444;9151144444;10240;10228
1250;9225340000;8951144444;9151144444;10240;10228
1251;9225581000;8951144444;9151144444;10240;10228
1252;9225603000;8951144444;9151144444;10240;10228
1253;9245066000;8951144444;9151144444;10240;10228
1254;9245396000;8992788888;9192788888;10240;10228
1255;9260817000;8992788888;9192788888;10240;10228
1256;9261142000;8992788888;9192788888;10240;10228
1257;9265872000;8992788888;9192788888;10240;10228
1258;9266166000;8992788888;9192788888;10240;10228
1260;9266196000;8992788888;9192788888;10240;10228
1262;9286201000;8992788888;9192788888;10240;10228
1263;9301634000;8992788888;9192788888;10240;10228
1265;9306374000;9034455555;9234455555;10240;10228
1266;9307182000;9034455555;9234455555;10240;10228
1259;9311237000;8992788888;9192788888;10240;10228
1261;9311502000;8992788888;9192788888;10240;10228
1264;9311521000;8992788888;9192788888;10240;10228
1267;9311808000;9034455555;9234455555;10240;10228
1268;9312039000;9034455555;9234455555;10240;10228
1269;9312071000;9034455555;9234455555;10240;10228
1271;9326944000;9034455555;9234455555;10240;10228
1270;9327249000;9034455555;9234455555;10240;10228
1272;9342165000;9034455555;9234455555;10240;10228
1273;9347143000;9034455555;9234455555;10240;10228
1274;9347924000;9034455555;9234455555;10240;10228
1275;9352461000;9034455555;9234455555;10240;10228
1276;9352764000;9076177777;9276177777;10240;10228
1277;9352804000;9076177777;9276177777;10240;10228
1278;9352809000;9076177777;9276177777;10240;10228
1280;9367458000;9076177777;9276177777;10240;10228
1279;9367751000;9076177777;9276177777;10240;10228
1281;9382977000;9076177777;9276177777;10240;10228
1282;9387809000;9076177777;9276177777;10240;10228
1283;9388680000;9076177777;9276177777;10240;10228
1284;9393498000;9076177777;9276177777;10240;10228
1285;9393527000;9076177777;9276177777;10240;10228
1286;9393553000;9076177777;9276177777;10240;10228
1287;9393740000;9117800000;9317800000;10240;10228
1289;9408497000;9117800000;9317800000;10240;10228
1288;9408773000;9117800000;9317800000;10240;10228
1290;9423540000;9117800000;9317800000;10240;10228
1291;9428646000;9117800000;9317800000;10240;10228
1292;9429393000;9117800000;9317800000;10240;10228
1293;9434006000;9117800000;9317800000;10240;10228
1295;9434206000;9117800000;9317800000;10240;10228
1294;9434230000;9117800000;9317800000;10240;10228
1297;9448959000;9117800000;9317800000;10240;10228
1296;9449292000;9117800000;9317800000;10240;10228
1298;9464329000;9159477777;9359477777;10240;10228
1299;9469202000;9159477777;9359477777;10240;10228
1300;9470159000;9159477777;9359477777;10240;10228
1301;9474773000;9159477777;9359477777;10240;10228
1302;9474977000;9159477777;9359477777;10240;10228
1303;9475000000;9159477777;9359477777;10240;10228
1304;9475230000;9159477777;9359477777;10240;10228
1305;9490004000;9159477777;9359477777;10240;10228
1306;9504962000;9159477777;9359477777;10240;10228
1307;9510026000;9159477777;9359477777;10240;10228
1308;9510817000;9159477777;9359477777;10240;10228
1309;9515619000;9201266666;9401266666;10240;10228
1310;9516006000;9201266666;9401266666;10240;10228
1311;9516027000;9201266666;9401266666;10240;10228
1312;9516258000;9201266666;9401266666;10240;10228
1314;9520500000;9201266666;9401266666;10240;10228
1315;9520752000;9201266666;9401266666;10240;10228
1316;9530786000;9201266666;9401266666;10240;10228
1317;9545728000;9201266666;9401266666;10240;10228
1318;9556726000;9201266666;9401266666;10240;10228
1319;9556932000;9201266666;9401266666;10240;10228
1320;9556954000;9242800000;9442800000;10240;10228
1313;9560608000;9201266666;9401266666;10240;10228
1322;9561208000;9242800000;9442800000;10240;10228
1324;9561447000;9242800000;9442800000;10240;10228
1323;9561487000;9242800000;9442800000;10240;10228
1325;9571496000;9242800000;9442800000;10240;10228
1326;9586399000;9242800000;9442800000;10240;10228
1327;9597508000;9242800000;9442800000;10240;10228
1328;9597758000;9242800000;9442800000;10240;10228
1321;9601326000;9242800000;9442800000;10240;10228
1329;9601906000;9242800000;9442800000;10240;10228
1332;9601929000;9284422222;9484422222;10240;10228
1330;9602107000;9242800000;9442800000;10240;10228
1331;9602128000;9284422222;9484422222;10240;10228
1333;9602375000;9284422222;9484422222;10240;10228
1334;9612301000;9284422222;9484422222;10240;10228
1336;9638248000;9284422222;9484422222;10240;10228
1337;9638475000;9284422222;9484422222;10240;10228
1335;9642285000;9284422222;9484422222;10240;10228
1340;9642566000;9284422222;9484422222;10240;10228
1341;9642997000;9284422222;9484422222;10240;10228
1342;9678791000;9326200000;9526200000;10240;10228
1343;9679068000;9326200000;9526200000;10240;10228
1344;9679320000;9326200000;9526200000;10240;10228
1338;9682794000;9284422222;9484422222;10240;10228
1339;9682988000;9284422222;9484422222;10240;10228
1345;9683129000;9326200000;9526200000;10240;10228
1346;9683332000;9326200000;9526200000;10240;10228
1348;9683356000;9326200000;9526200000;10240;10228
1350;9719807000;9326200000;9526200000;10240;10228
1351;9720030000;9326200000;9526200000;10240;10228
1352;9723915000;9326200000;9526200000;10240;10228
1353;9724169000;9367788888;9567788888;10240;10228
1354;9724412000;9367788888;9567788888;10240;10228
1355;9724436000;9367788888;9567788888;10240;10228
1356;9724675000;9367788888;9567788888;10240;10228
1357;9724698000;9367788888;9567788888;10240;10228
1349;9728568000;9326200000;9526200000;10240;10228
1358;9729099000;9367788888;9567788888;10240;10228
1359;9729124000;9367788888;9567788888;10240;10228
1360;9729375000;9367788888;9567788888;10240;10228
1361;9729399000;9367788888;9567788888;10240;10228
1362;9760611000;9367788888;9567788888;10240;10228
1363;9760635000;9367788888;9567788888;10240;10228
1365;9764954000;9409422222;9609422222;10240;10228
1366;9765395000;9409422222;9609422222;10240;10228
1367;9765599000;9409422222;9609422222;10240;10228
1368;9769901000;9409422222;9609422222;10240;10228
1364;9770104000;9409422222;9609422222;10240;10228
1372;9770114000;9409422222;9609422222;10240;10228
1369;9770132000;9409422222;9609422222;10240;10228
1370;9770146000;9409422222;9609422222;10240;10228
1373;9770338000;9409422222;9609422222;10240;10228
1374;9770359000;9409422222;9609422222;10240;10228
1375;9801321000;9451255555;9651255555;10240;10228
1376;9801557000;9451255555;9651255555;10240;10228
1378;9805433000;9451255555;9651255555;10240;10228
1377;9805718000;9451255555;9651255555;10240;10228
1379;9806123000;9451255555;9651255555;10240;10228
1380;9806358000;9451255555;9651255555;10240;10228
1381;9806381000;9451255555;9651255555;10240;10228
1383;9810780000;9451255555;9651255555;10240;10228
1385;9810817000;9451255555;9651255555;10240;10228
1382;9810827000;9451255555;9651255555;10240;10228
1386;9810965000;9492811111;9692811111;10240;10228
1384;9811108000;9451255555;9651255555;10240;10228
1388;9811118000;9492811111;9692811111;10240;10228
1390;9842301000;9492811111;9692811111;10240;10228
1391;9845883000;9492811111;9692811111;10240;10228
1392;9846233000;9492811111;9692811111;10240;10228
1394;9847037000;9492811111;9692811111;10240;10228
1395;9847234000;9492811111;9692811111;10240;10228
1387;9851040000;9492811111;9692811111;10240;10228
1389;9851247000;9492811111;9692811111;10240;10228
1397;9851439000;9534477777;9734477777;10240;10228
1400;9851465000;9534477777;9734477777;10240;10228
1393;9851495000;9492811111;9692811111;10240;10228
1396;9851755000;9492811111;9692811111;10240;10228
1402;9851769000;9534477777;9734477777;10240;10228
1403;9851947000;9534477777;9734477777;10240;10228
1398;9851971000;9534477777;9734477777;10240;10228
1399;9851980000;9534477777;9734477777;10240;10228
1401;9852226000;9534477777;9734477777;10240;10228
1404;9882956000;9534477777;9734477777;10240;10228
1405;9883134000;9534477777;9734477777;10240;10228
1406;9886665000;9534477777;9734477777;10240;10228
1407;9886860000;9534477777;9734477777;10240;10228
1408;9887868000;9576166666;9776166666;10240;10228
1409;9887893000;9576166666;9776166666;10240;10228
1410;9888114000;9576166666;9776166666;10240;10228
1413;9892197000;9576166666;9776166666;10240;10228
1415;9892224000;9576166666;9776166666;10240;10228
1411;9892384000;9576166666;9776166666;10240;10228
1417;9892395000;9576166666;9776166666;10240;10228
1412;9892638000;9576166666;9776166666;10240;10228
1414;9892652000;9576166666;9776166666;10240;10228
1416;9892849000;9576166666;9776166666;10240;10228
1418;9892870000;9576166666;9776166666;10240;10228
1419;9923982000;9617811111;9817811111;10240;10228
1421;9927331000;9617811111;9817811111;10240;10228
1420;9927691000;9617811111;9817811111;10240;10228
1422;9927703000;9617811111;9817811111;10240;10228
1423;9931647000;9617811111;9817811111;10240;10228
1424;9931856000;9617811111;9817811111;10240;10228
1425;9931883000;9617811111;9817811111;10240;10228
1426;9932048000;9617811111;9817811111;10240;10228
1427;9933094000;9617811111;9817811111;10240;10228
1429;9933279000;9617811111;9817811111;10240;10228
1431;9933304000;9659388888;9859388888;10240;10228
1428;9933389000;9617811111;9817811111;10240;10228
1430;9933400000;9659388888;9859388888;10240;10228
1433;9933459000;9659388888;9859388888;10240;10228
1434;9933480000;9659388888;9859388888;10240;10228
1438;9972092000;9659388888;9859388888;10240;10228
1439;9972433000;9659388888;9859388888;10240;10228
1440;9972455000;9659388888;9859388888;10240;10228
1441;9972683000;9701177777;9901177777;10240;10228
1442;9972706000;9701177777;9901177777;10240;10228
1443;9973036000;9701177777;9901177777;10240;10228
1445;9973720000;9701177777;9901177777;10240;10228
1446;9973928000;9701177777;9901177777;10240;10228
1447;9973954000;9701177777;9901177777;10240;10228
1444;9974074000;9701177777;9901177777;10240;10228
1448;9974098000;9701177777;9901177777;10240;10228
1450;9974119000;9701177777;9901177777;10240;10228
1449;9974340000;9701177777;9901177777;10240;10228
1451;9974366000;9701177777;9901177777;10240;10228
1452;9974388000;9742800000;9942800000;10240;10228
1437;9977743000;9659388888;9859388888;10240;10228
1435;9978082000;9659388888;9859388888;10240;10228
1436;9978098000;9659388888;9859388888;10240;10228
1453;10012539000;9742800000;9942800000;10240;10228
1454;10012922000;9742800000;9942800000;10240;10228
1455;10012949000;9742800000;9942800000;10240;10228
1457;10012958000;9742800000;9942800000;10240;10228
1456;10013144000;9742800000;9942800000;10240;10228
1458;10013161000;9742800000;9942800000;10240;10228
1459;10013337000;9742800000;9942800000;10240;10228
1460;10013550000;9742800000;9942800000;10240;10228
1461;10013743000;9742800000;9942800000;10240;10228
1463;10014187000;9784466666;9984466666;10240;10228
1466;10014572000;9784466666;9984466666;10240;10228
1464;10014726000;9784466666;9984466666;10240;10228
1465;10014741000;9784466666;9984466666;10240;10228
1468;10014769000;9784466666;9984466666;10240;10228
1467;10014985000;9784466666;9984466666;10240;10228
1469;10015231000;9784466666;9984466666;10240;10228
1470;10015252000;9784466666;9984466666;10240;10228
1471;10015484000;9784466666;9984466666;10240;10228
1462;10018761000;9742800000;9942800000;10240;10228
1472;10019682000;9784466666;9984466666;10240;10228
1474;10053693000;9826188888;10026188888;10240;10228
1475;10053721000;9826188888;10026188888;10240;10228
1477;10054015000;9826188888;10026188888;10240;10228
1478;10054324000;9826188888;10026188888;10240;10228
1479;10054334000;9826188888;10026188888;10240;10228
1480;10055008000;9826188888;10026188888;10240;10228
1483;10055201000;9826188888;10026188888;10240;10228
1484;10055213000;9826188888;10026188888;10240;10228
1481;10055350000;9826188888;10026188888;10240;10228
1482;10055373000;9826188888;10026188888;10240;10228
1486;10055382000;9867777777;10067777777;10240;10228
1485;10055635000;9867777777;10067777777;10240;10228
1487;10055649000;9867777777;10067777777;10240;10228
1489;10055658000;9867777777;10067777777;10240;10228
1488;10055875000;9867777777;10067777777;10240;10228
1490;10055905000;9867777777;10067777777;10240;10228
1491;10056068000;9867777777;10067777777;10240;10228
1476;10059409000;9826188888;10026188888;10240;10228
1492;10059907000;9867777777;10067777777;10240;10228
1493;10060176000;9867777777;10067777777;10240;10228
1495;10094540000;9867777777;10067777777;10240;10228
1496;10094733000;9909433333;10109433333;10240;10228
1494;10094990000;9867777777;10067777777;10240;10228
1498;10095029000;9909433333;10109433333;10240;10228
1497;10095047000;9909433333;10109433333;10240;10228
1499;10095177000;9909433333;10109433333;10240;10228
1500;10095186000;9909433333;10109433333;10240;10228
1503;10095673000;9909433333;10109433333;10240;10228
1501;10095812000;9909433333;10109433333;10240;10228
1504;10095868000;9909433333;10109433333;10240;10228
1506;10095887000;9909433333;10109433333;10240;10228
1502;10096068000;9909433333;10109433333;10240;10228
1505;10096093000;9909433333;10109433333;10240;10228
1508;10096112000;9951166666;10151166666;10240;10228
1510;10096289000;9951166666;10151166666;10240;10228
1507;10096300000;9951166666;10151166666;10240;10228
1509;10096323000;9951166666;10151166666;10240;10228
1511;10096646000;9951166666;10151166666;10240;10228
1512;10096885000;9951166666;10151166666;10240;10228
1513;10100198000;9951166666;10151166666;10240;10228
1514;10100211000;9951166666;10151166666;10240;10228
1515;10134987000;9951166666;10151166666;10240;10228
1516;10135365000;9951166666;10151166666;10240;10228
1519;10135403000;9992811111;10192811111;10240;10228
1520;10135644000;9992811111;10192811111;10240;10228
1518;10135813000;9992811111;10192811111;10240;10228
1521;10135828000;9992811111;10192811111;10240;10228
1523;10136107000;9992811111;10192811111;10240;10228
1525;10136320000;9992811111;10192811111;10240;10228
1522;10136430000;9992811111;10192811111;10240;10228
1526;10136500000;9992811111;10192811111;10240;10228
1528;10136527000;9992811111;10192811111;10240;10228
1524;10136747000;9992811111;10192811111;10240;10228
1527;10136761000;9992811111;10192811111;10240;10228
1529;10136770000;10034411111;10234411111;10240;10228
1530;10136935000;10034411111;10234411111;10240;10228
1531;10137118000;10034411111;10234411111;10240;10228
1532;10137658000;10034411111;10234411111;10240;10228
1533;10137671000;10034411111;10234411111;10240;10228
1534;10137909000;10034411111;10234411111;10240;10228
1535;10141253000;10034411111;10234411111;10240;10228
1536;10141267000;10034411111;10234411111;10240;10228
1538;10175844000;10034411111;10234411111;10240;10228
1539;10176047000;10034411111;10234411111;10240;10228
1540;10176062000;10076211111;10276211111;10240;10228
1537;10176210000;10034411111;10234411111;10240;10228
1541;10176230000;10076211111;10276211111;10240;10228
1543;10176450000;10076211111;10276211111;10240;10228
1542;10176676000;10076211111;10276211111;10240;10228
1544;10176688000;10076211111;10276211111;10240;10228
1545;10176862000;10076211111;10276211111;10240;10228
1546;10177064000;10076211111;10276211111;10240;10228
1548;10177076000;10076211111;10276211111;10240;10228
1550;10177268000;10076211111;10276211111;10240;10228
1549;10177471000;10076211111;10276211111;10240;10228
1551;10179454000;10117800000;10317800000;10240;10228
1552;10179849000;10117800000;10317800000;10240;10228
1553;10179863000;10117800000;10317800000;10240;10228
1554;10180092000;10117800000;10317800000;10240;10228
1555;10180114000;10117800000;10317800000;10240;10228
1556;10180338000;10117800000;10317800000;10240;10228
1557;10180358000;10117800000;10317800000;10240;10228
1558;10182300000;10117800000;10317800000;10240;10228
1560;10216278000;10117800000;10317800000;10240;10228
1561;10216476000;10117800000;10317800000;10240;10228
1559;10216664000;10117800000;10317800000;10240;10228
1547;10220902000;10076211111;10276211111;10240;10228
1562;10221192000;10159466666;10359466666;10240;10228
1566;10221411000;10159466666;10359466666;10240;10228
1568;10221431000;10159466666;10359466666;10240;10228
1563;10221504000;10159466666;10359466666;10240;10228
1570;10221613000;10159466666;10359466666;10240;10228
1572;10221627000;10159466666;10359466666;10240;10228
1565;10221833000;10159466666;10359466666;10240;10228
1567;10221849000;10159466666;10359466666;10240;10228
1569;10221857000;10159466666;10359466666;10240;10228
1571;10222069000;10159466666;10359466666;10240;10228
1564;10262044000;10159466666;10359466666;10240;10228
1574;10262871000;10201244444;10401244444;10240;10228
1576;10263069000;10201244444;10401244444;10240;10228
1578;10263082000;10201244444;10401244444;10240;10228
1573;10263233000;10201244444;10401244444;10240;10228
1575;10263243000;10201244444;10401244444;10240;10228
1580;10263251000;10201244444;10401244444;10240;10228
1577;10263497000;10201244444;10401244444;10240;10228
1579;10263508000;10201244444;10401244444;10240;10228
1582;10263524000;10201244444;10401244444;10240;10228
1581;10263752000;10201244444;10401244444;10240;10228
1583;10263765000;10201244444;10401244444;10240;10228
1584;10304539000;10242866666;10442866666;10240;10228
1586;10304748000;10242866666;10442866666;10240;10228
1588;10304763000;10242866666;10442866666;10240;10228
1585;10304931000;10242866666;10442866666;10240;10228
1587;10304950000;10242866666;10442866666;10240;10228
1594;10304959000;10242866666;10442866666;10240;10228
1589;10305163000;10242866666;10442866666;10240;10228
1591;10305182000;10242866666;10442866666;10240;10228
1593;10305416000;10242866666;10442866666;10240;10228
1596;10346208000;10284533333;10484533333;10240;10228
1598;10346406000;10284533333;10484533333;10240;10228
1600;10346418000;10284533333;10484533333;10240;10228
1595;10346509000;10284533333;10484533333;10240;10228
1602;10346614000;10284533333;10484533333;10240;10228
1597;10346795000;10284533333;10484533333;10240;10228
1599;10346807000;10284533333;10484533333;10240;10228
1601;10346812000;10284533333;10484533333;10240;10228
1604;10346817000;10284533333;10484533333;10240;10228
1603;10347041000;10284533333;10484533333;10240;10228
1605;10347055000;10284533333;10484533333;10240;10228
1590;10387225000;10242866666;10442866666;10240;10228
1592;10387247000;10242866666;10442866666;10240;10228
1606;10387866000;10326255555;10526255555;10240;10228
1608;10388077000;10326255555;10526255555;10240;10228
1610;10388092000;10326255555;10526255555;10240;10228
1607;10388205000;10326255555;10526255555;10240;10228
1609;10388213000;10326255555;10526255555;10240;10228
1612;10388249000;10326255555;10526255555;10240;10228
1611;10388445000;10326255555;10526255555;10240;10228
1613;10388450000;10326255555;10526255555;10240;10228
1614;10388708000;10326255555;10526255555;10240;10228
1618;10429538000;10367855555;10567855555;10240;10228
1622;10429748000;10367855555;10567855555;10240;10228
1624;10429763000;10367855555;10567855555;10240;10228
1617;10429883000;10367855555;10567855555;10240;10228
1619;10429907000;10367855555;10567855555;10240;10228
1626;10429926000;10367855555;10567855555;10240;10228
1621;10430128000;10367855555;10567855555;10240;10228
1623;10430134000;10367855555;10567855555;10240;10228
1625;10430371000;10367855555;10567855555;10240;10228
1627;10430377000;10367855555;10567855555;10240;10228
1615;10471162000;10326255555;10526255555;10240;10228
1628;10471172000;10409533333;10609533333;10240;10228
1630;10471404000;10409533333;10609533333;10240;10228
1632;10471418000;10409533333;10609533333;10240;10228
1629;10471484000;10409533333;10609533333;10240;10228
1634;10471563000;10409533333;10609533333;10240;10228
1631;10471779000;10409533333;10609533333;10240;10228
1633;10471790000;10409533333;10609533333;10240;10228
1635;10471796000;10409533333;10609533333;10240;10228
1636;10471801000;10409533333;10609533333;10240;10228
1620;10511619000;10367855555;10567855555;10240;10228
1638;10511801000;10409533333;10609533333;10240;10228
1637;10511993000;10409533333;10609533333;10240;10228
1640;10512867000;10451244444;10651244444;10240;10228
1642;10513066000;10451244444;10651244444;10240;10228
1644;10513078000;10451244444;10651244444;10240;10228
1639;10513200000;10451244444;10651244444;10240;10228
1641;10513206000;10451244444;10651244444;10240;10228
1643;10513446000;10451244444;10651244444;10240;10228
1645;10513452000;10451244444;10651244444;10240;10228
1646;10552093000;10451244444;10651244444;10240;10228
1647;10552290000;10451244444;10651244444;10240;10228
1648;10553017000;10451244444;10651244444;10240;10228
1649;10553026000;10451244444;10651244444;10240;10228
1650;10554508000;10492844444;10692844444;10240;10228
1652;10554712000;10492844444;10692844444;10240;10228
1654;10554728000;10492844444;10692844444;10240;10228
1651;10554872000;10492844444;10692844444;10240;10228
1653;10554893000;10492844444;10692844444;10240;10228
1655;10555113000;10492844444;10692844444;10240;10228
1656;10555120000;10492844444;10692844444;10240;10228
1657;10592559000;10492844444;10692844444;10240;10228
1658;10592768000;10492844444;10692844444;10240;10228
1659;10593721000;10492844444;10692844444;10240;10228
1660;10593982000;10492844444;10692844444;10240;10228
1662;10596224000;10534477777;10734477777;10240;10228
1664;10596423000;10534477777;10734477777;10240;10228
1666;10596435000;10534477777;10734477777;10240;10228
1661;10596521000;10534477777;10734477777;10240;10228
1663;10596806000;10534477777;10734477777;10240;10228
1665;10596815000;10534477777;10734477777;10240;10228
1667;10596820000;10534477777;10734477777;10240;10228
1668;10597053000;10534477777;10734477777;10240;10228
1669;10597063000;10534477777;10734477777;10240;10228
1670;10597306000;10534477777;10734477777;10240;10228
1671;10632938000;10534477777;10734477777;10240;10228
1672;10637869000;10576233333;10776233333;10240;10228
1674;10638076000;10576233333;10776233333;10240;10228
1676;10638104000;10576233333;10776233333;10240;10228
1673;10638216000;10576233333;10776233333;10240;10228
1675;10638244000;10576233333;10776233333;10240;10228
1678;10638250000;10576233333;10776233333;10240;10228
1679;10638455000;10576233333;10776233333;10240;10228
1681;10638472000;10576233333;10776233333;10240;10228
1680;10638477000;10576233333;10776233333;10240;10228
1682;10638499000;10576233333;10776233333;10240;10228
1684;10679536000;10617911111;10817911111;10240;10228
1686;10679748000;10617911111;10817911111;10240;10228
1688;10679761000;10617911111;10817911111;10240;10228
1683;10679888000;10617911111;10817911111;10240;10228
1685;10679912000;10617911111;10817911111;10240;10228
1690;10679920000;10617911111;10817911111;10240;10228
1687;10680121000;10617911111;10817911111;10240;10228
1689;10680132000;10617911111;10817911111;10240;10228
1692;10680139000;10617911111;10817911111;10240;10228
1691;10680367000;10617911111;10817911111;10240;10228
1693;10680372000;10617911111;10817911111;10240;10228
1677;10720741000;10576233333;10776233333;10240;10228
1694;10721207000;10659522222;10859522222;10240;10228
1696;10721410000;10659522222;10859522222;10240;10228
1698;10721423000;10659522222;10859522222;10240;10228
1695;10721526000;10659522222;10859522222;10240;10228
1700;10721683000;10659522222;10859522222;10240;10228
1701;10721803000;10659522222;10859522222;10240;10228
1702;10721815000;10659522222;10859522222;10240;10228
1703;10721819000;10659522222;10859522222;10240;10228
1704;10722087000;10659522222;10859522222;10240;10228
1705;10762908000;10701244444;10901244444;10240;10228
1707;10763121000;10701244444;10901244444;10240;10228
1709;10763141000;10701244444;10901244444;10240;10228
1706;10763210000;10701244444;10901244444;10240;10228
1708;10763243000;10701244444;10901244444;10240;10228
1711;10763255000;10701244444;10901244444;10240;10228
1712;10763476000;10701244444;10901244444;10240;10228
1713;10763485000;10701244444;10901244444;10240;10228
1715;10803558000;10701244444;10901244444;10240;10228
1717;10804600000;10742866666;10942866666;10240;10228
1719;10804770000;10742866666;10942866666;10240;10228
1722;10804779000;10742866666;10942866666;10240;10228
1718;10804879000;10742866666;10942866666;10240;10228
1723;10804890000;10742866666;10942866666;10240;10228
1724;10805203000;10742866666;10942866666;10240;10228
1725;10844032000;10742866666;10942866666;10240;10228
1726;10845037000;10742866666;10942866666;10240;10228
1714;10845272000;10701244444;10901244444;10240;10228
1720;10845701000;10742866666;10942866666;10240;10228
1697;10845713000;10659522222;10859522222;10240;10228
1721;10845923000;10742866666;10942866666;10240;10228
1699;10846027000;10659522222;10859522222;10240;10228
1727;10885526000;10784488888;10984488888;10240;10228
1728;10885764000;10784488888;10984488888;10240;10228
1729;10886182000;10784488888;10984488888;10240;10228
1730;10886395000;10784488888;10984488888;10240;10228
1731;10886596000;10784488888;10984488888;10240;10228
1710;10892112000;10701244444;10901244444;10240;10228
1732;10892384000;10784488888;10984488888;10240;10228
1733;10926036000;10784488888;10984488888;10240;10228
1734;10926244000;10784488888;10984488888;10240;10228
1735;10926661000;10784488888;10984488888;10240;10228
1736;10926898000;10784488888;10984488888;10240;10228
1737;10927041000;10784488888;10984488888;10240;10228
1738;10927062000;10826177777;11026177777;10240;10228
1739;10933407000;10826177777;11026177777;10240;10228
1741;10966556000;10826177777;11026177777;10240;10228
1742;10966776000;10826177777;11026177777;10240;10228
1743;10967136000;10826177777;11026177777;10240;10228
1744;10967351000;10826177777;11026177777;10240;10228
1745;10967554000;10826177777;11026177777;10240;10228
1747;10974436000;10826177777;11026177777;10240;10228
1749;11007739000;10867822222;11067822222;10240;10228
1750;11007949000;10867822222;11067822222;10240;10228
1751;11007964000;10867822222;11067822222;10240;10228
1752;11008154000;10867822222;11067822222;10240;10228
1753;11015148000;10867822222;11067822222;10240;10228
1755;11015351000;10867822222;11067822222;10240;10228
1754;11015477000;10867822222;11067822222;10240;10228
1746;11019487000;10826177777;11026177777;10240;10228
1748;11019500000;10826177777;11026177777;10240;10228
1758;11048217000;10867822222;11067822222;10240;10228
1759;11048408000;10867822222;11067822222;10240;10228
1760;11048421000;10909455555;11109455555;10240;10228
1757;11048531000;10867822222;11067822222;10240;10228
1761;11048601000;10909455555;11109455555;10240;10228
1762;11048843000;10909455555;11109455555;10240;10228
1763;11055618000;10909455555;11109455555;10240;10228
1764;11055830000;10909455555;11109455555;10240;10228
1765;11056490000;10909455555;11109455555;10240;10228
1766;11059994000;10909455555;11109455555;10240;10228
1767;11060006000;10909455555;11109455555;10240;10228
1756;11060121000;10867822222;11067822222;10240;10228
1768;11088680000;10909455555;11109455555;10240;10228
1770;11088891000;10909455555;11109455555;10240;10228
1769;11089018000;10909455555;11109455555;10240;10228
1771;11089154000;10951166666;11151166666;10240;10228
1772;11096088000;10951166666;11151166666;10240;10228
1773;11096291000;10951166666;11151166666;10240;10228
1774;11096302000;10951166666;11151166666;10240;10228
1775;11097527000;10951166666;11151166666;10240;10228
1776;11100455000;10951166666;11151166666;10240;10228
1777;11100663000;10951166666;11151166666;10240;10228
1778;11100863000;10951166666;11151166666;10240;10228
1780;11129340000;10951166666;11151166666;10240;10228
1779;11129477000;10951166666;11151166666;10240;10228
1781;11129530000;10951166666;11151166666;10240;10228
1782;11136564000;10992800000;11192800000;10240;10228
1783;11136770000;10992800000;11192800000;10240;10228
1784;11136976000;10992800000;11192800000;10240;10228
1785;11138567000;10992800000;11192800000;10240;10228
1786;11140923000;10992800000;11192800000;10240;10228
1787;11141123000;10992800000;11192800000;10240;10228
1788;11141337000;10992800000;11192800000;10240;10228
1790;11169812000;10992800000;11192800000;10240;10228
1791;11170019000;10992800000;11192800000;10240;10228
1789;11170162000;10992800000;11192800000;10240;10228
1792;11176935000;10992800000;11192800000;10240;10228
1793;11177193000;11034444444;11234444444;10240;10228
1794;11177403000;11034444444;11234444444;10240;10228
1795;11179652000;11034444444;11234444444;10240;10228
1796;11181385000;11034444444;11234444444;10240;10228
1797;11181589000;11034444444;11234444444;10240;10228
1798;11181801000;11034444444;11234444444;10240;10228
1799;11210461000;11034444444;11234444444;10240;10228
1801;11210670000;11034444444;11234444444;10240;10228
1800;11210842000;11034444444;11234444444;10240;10228
1802;11217402000;11034444444;11234444444;10240;10228
1803;11217602000;11034444444;11234444444;10240;10228
1804;11217851000;11076211111;11276211111;10240;10228
1805;11220728000;11076211111;11276211111;10240;10228
1806;11221854000;11076211111;11276211111;10240;10228
1807;11222054000;11076211111;11276211111;10240;10228
1808;11222261000;11076211111;11276211111;10240;10228
1809;11227742000;11076211111;11276211111;10240;10228
1810;11227756000;11076211111;11276211111;10240;10228
1811;11227929000;11076211111;11276211111;10240;10228
1812;11251133000;11076211111;11276211111;10240;10228
1814;11258209000;11076211111;11276211111;10240;10228
1816;11262322000;11117833333;11317833333;10240;10228
1817;11262525000;11117833333;11317833333;10240;10228
1818;11262736000;11117833333;11317833333;10240;10228
1813;11268197000;11076211111;11276211111;10240;10228
1819;11268393000;11117833333;11317833333;10240;10228
1820;11268406000;11117833333;11317833333;10240;10228
1821;11268600000;11117833333;11317833333;10240;10228
1822;11268847000;11117833333;11317833333;10240;10228
1823;11291865000;11117833333;11317833333;10240;10228
1824;11298681000;11117833333;11317833333;10240;10228
1825;11302724000;11117833333;11317833333;10240;10228
1826;11302966000;11159422222;11359422222;10240;10228
1827;11303162000;11159422222;11359422222;10240;10228
1815;11308852000;11117833333;11317833333;10240;10228
1828;11309071000;11159422222;11359422222;10240;10228
1830;11309250000;11159422222;11359422222;10240;10228
1831;11309525000;11159422222;11359422222;10240;10228
1832;11309983000;11159422222;11359422222;10240;10228
1833;11332457000;11159422222;11359422222;10240;10228
1834;11332662000;11159422222;11359422222;10240;10228
1836;11343340000;11159422222;11359422222;10240;10228
1837;11343618000;11201200000;11401200000;10240;10228
1838;11349546000;11201200000;11401200000;10240;10228
1839;11349744000;11201200000;11401200000;10240;10228
1840;11349938000;11201200000;11401200000;10240;10228
1841;11350786000;11201200000;11401200000;10240;10228
1842;11372922000;11201200000;11401200000;10240;10228
1843;11373125000;11201200000;11401200000;10240;10228
1844;11373135000;11201200000;11401200000;10240;10228
1845;11383818000;11201200000;11401200000;10240;10228
1847;11384017000;11201200000;11401200000;10240;10228
1846;11384183000;11201200000;11401200000;10240;10228
1850;11390417000;11242755555;11442755555;10240;10228
1851;11391890000;11242755555;11442755555;10240;10228
1852;11413387000;11242755555;11442755555;10240;10228
1853;11413585000;11242755555;11442755555;10240;10228
1854;11413800000;11242755555;11442755555;10240;10228
1855;11424292000;11242755555;11442755555;10240;10228
1857;11424535000;11242755555;11442755555;10240;10228
1856;11424898000;11242755555;11442755555;10240;10228
1858;11430787000;11242755555;11442755555;10240;10228
1859;11432978000;11284400000;11484400000;10240;10228
1860;11436153000;11284400000;11484400000;10240;10228
1861;11436164000;11284400000;11484400000;10240;10228
1848;11436277000;11242755555;11442755555;10240;10228
1862;11436342000;11284400000;11484400000;10240;10228
1863;11436536000;11284400000;11484400000;10240;10228
1865;11436554000;11284400000;11484400000;10240;10228
1866;11436804000;11284400000;11484400000;10240;10228
1868;11464940000;11284400000;11484400000;10240;10228
1867;11465347000;11284400000;11484400000;10240;10228
1869;11473973000;11284400000;11484400000;10240;10228
1870;11474220000;11326155555;11526155555;10240;10228
1874;11476831000;11326155555;11526155555;10240;10228
1875;11476988000;11326155555;11526155555;10240;10228
1876;11477258000;11326155555;11526155555;10240;10228
1864;11477466000;11284400000;11484400000;10240;10228
1878;11505386000;11326155555;11526155555;10240;10228
1877;11505738000;11326155555;11526155555;10240;10228
1879;11514693000;11326155555;11526155555;10240;10228
1880;11514969000;11326155555;11526155555;10240;10228
1881;11515206000;11367777777;11567777777;10240;10228
1882;11517426000;11367777777;11567777777;10240;10228
1871;11517649000;11326155555;11526155555;10240;10228
1872;11517690000;11326155555;11526155555;10240;10228
1883;11517711000;11367777777;11567777777;10240;10228
1884;11517731000;11367777777;11567777777;10240;10228
1885;11517864000;11367777777;11567777777;10240;10228
1886;11517879000;11367777777;11567777777;10240;10228
1873;11517888000;11326155555;11526155555;10240;10228
1887;11518060000;11367777777;11567777777;10240;10228
1888;11555549000;11367777777;11567777777;10240;10228
1889;11556295000;11367777777;11567777777;10240;10228
1890;11556309000;11367777777;11567777777;10240;10228
1891;11558056000;11367777777;11567777777;10240;10228
1892;11558255000;11409444444;11609444444;10240;10228
1893;11558452000;11409444444;11609444444;10240;10228
1894;11558465000;11409444444;11609444444;10240;10228
1895;11558675000;11409444444;11609444444;10240;10228
1896;11558690000;11409444444;11609444444;10240;10228
1897;11558882000;11409444444;11609444444;10240;10228
1898;11559076000;11409444444;11609444444;10240;10228
1899;11596617000;11409444444;11609444444;10240;10228
1900;11597372000;11409444444;11609444444;10240;10228
1901;11597385000;11409444444;11609444444;10240;10228
1902;11598466000;11409444444;11609444444;10240;10228
1903;11598702000;11451266666;11651266666;10240;10228
1904;11598912000;11451266666;11651266666;10240;10228
1905;11599114000;11451266666;11651266666;10240;10228
1906;11599125000;11451266666;11651266666;10240;10228
1907;11599318000;11451266666;11651266666;10240;10228
1908;11599487000;11451266666;11651266666;10240;10228
1909;11599740000;11451266666;11651266666;10240;10228
1910;11638446000;11451266666;11651266666;10240;10228
1911;11638461000;11451266666;11651266666;10240;10228
1913;11638693000;11451266666;11651266666;10240;10228
1915;11639139000;11492800000;11692800000;10240;10228
1916;11639330000;11492800000;11692800000;10240;10228
1917;11639506000;11492800000;11692800000;10240;10228
1918;11639756000;11492800000;11692800000;10240;10228
1919;11639770000;11492800000;11692800000;10240;10228
1920;11639946000;11492800000;11692800000;10240;10228
1921;11640165000;11492800000;11692800000;10240;10228
1922;11644667000;11492800000;11692800000;10240;10228
1923;11644681000;11492800000;11692800000;10240;10228
1924;11644914000;11492800000;11692800000;10240;10228
1925;11644928000;11534466666;11734466666;10240;10228
1926;11679592000;11534466666;11734466666;10240;10228
1927;11679800000;11534466666;11734466666;10240;10228
1914;11680214000;11492800000;11692800000;10240;10228
1928;11680412000;11534466666;11734466666;10240;10228
1929;11680637000;11534466666;11734466666;10240;10228
1930;11685322000;11534466666;11734466666;10240;10228
1932;11685336000;11534466666;11734466666;10240;10228
1933;11686002000;11534466666;11734466666;10240;10228
1934;11720102000;11534466666;11734466666;10240;10228
1935;11720270000;11534466666;11734466666;10240;10228
1936;11720668000;11576255555;11776255555;10240;10228
1937;11720880000;11576255555;11776255555;10240;10228
1938;11720893000;11576255555;11776255555;10240;10228
1939;11721074000;11576255555;11776255555;10240;10228
1940;11721286000;11576255555;11776255555;10240;10228
1931;11725839000;11534466666;11734466666;10240;10228
1941;11726232000;11576255555;11776255555;10240;10228
1942;11726243000;11576255555;11776255555;10240;10228
1943;11760603000;11576255555;11776255555;10240;10228
1944;11760959000;11576255555;11776255555;10240;10228
1946;11761027000;11576255555;11776255555;10240;10228
1945;11761202000;11576255555;11776255555;10240;10228
1947;11761243000;11617800000;11817800000;10240;10228
1948;11761436000;11617800000;11817800000;10240;10228
1949;11761447000;11617800000;11817800000;10240;10228
1950;11761648000;11617800000;11817800000;10240;10228
1952;11761852000;11617800000;11817800000;10240;10228
1953;11767300000;11617800000;11817800000;10240;10228
1954;11767315000;11617800000;11817800000;10240;10228
1955;11767531000;11617800000;11817800000;10240;10228
1956;11801048000;11617800000;11817800000;10240;10228
1959;11801717000;11659555555;11859555555;10240;10228
1957;11801732000;11617800000;11817800000;10240;10228
1960;11801897000;11659555555;11859555555;10240;10228
1958;11801964000;11659555555;11859555555;10240;10228
1961;11802160000;11659555555;11859555555;10240;10228
1962;11802166000;11659555555;11859555555;10240;10228
1963;11802346000;11659555555;11859555555;10240;10228
1964;11802617000;11659555555;11859555555;10240;10228
1965;11808352000;11659555555;11859555555;10240;10228
1966;11808361000;11659555555;11859555555;10240;10228
1967;11808625000;11659555555;11859555555;10240;10228
1968;11841405000;11659555555;11859555555;10240;10228
1969;11841601000;11701111111;11901111111;10240;10228
1970;11841805000;11701111111;11901111111;10240;10228
1971;11842158000;11701111111;11901111111;10240;10228
1973;11842356000;11701111111;11901111111;10240;10228
1972;11842481000;11701111111;11901111111;10240;10228
1975;11842583000;11701111111;11901111111;10240;10228
1976;11842783000;11701111111;11901111111;10240;10228
1974;11842924000;11701111111;11901111111;10240;10228
1977;11842981000;11701111111;11901111111;10240;10228
1978;11842989000;11701111111;11901111111;10240;10228
1979;11849214000;11701111111;11901111111;10240;10228
1980;11849458000;11742788888;11942788888;10240;10228
1981;11849464000;11742788888;11942788888;10240;10228
1983;11882239000;11742788888;11942788888;10240;10228
1984;11882573000;11742788888;11942788888;10240;10228
1985;11882795000;11742788888;11942788888;10240;10228
1987;11883001000;11742788888;11942788888;10240;10228
1988;11883199000;11742788888;11942788888;10240;10228
1986;11883307000;11742788888;11942788888;10240;10228
1989;11883389000;11742788888;11942788888;10240;10228
1990;11883586000;11742788888;11942788888;10240;10228
1992;11883600000;11784411111;11984411111;10240;10228
1991;11883813000;11784411111;11984411111;10240;10228
1993;11890233000;11784411111;11984411111;10240;10228
1994;11890475000;11784411111;11984411111;10240;10228
1995;11922657000;11784411111;11984411111;10240;10228
1996;11923004000;11784411111;11984411111;10240;10228
1982;11923216000;11742788888;11942788888;10240;10228
1997;11923841000;11784411111;11984411111;10240;10228
2000;11924044000;11784411111;11984411111;10240;10228
1998;11924169000;11784411111;11984411111;10240;10228
1999;11924420000;11784411111;11984411111;10240;10228
2001;11924426000;11784411111;11984411111;10240;10228
2002;11931257000;11826155555;12026155555;10240;10228
2004;11963073000;11826155555;12026155555;10240;10228
2005;11963440000;11826155555;12026155555;10240;10228
2006;11963649000;11826155555;12026155555;10240;10228
2007;11963855000;11826155555;12026155555;10240;10228
2008;11964274000;11826155555;12026155555;10240;10228
2009;11964472000;11826155555;12026155555;10240;10228
2010;11965182000;11826155555;12026155555;10240;10228
2011;11965197000;11826155555;12026155555;10240;10228
2012;11965423000;11826155555;12026155555;10240;10228
2013;11972281000;11867811111;12067811111;10240;10228
2014;12003535000;11867811111;12067811111;10240;10228
2015;12003870000;11867811111;12067811111;10240;10228
2016;12004076000;11867811111;12067811111;10240;10228
2017;12004271000;11867811111;12067811111;10240;10228
2018;12004478000;11867811111;12067811111;10240;10228
2019;12004485000;11867811111;12067811111;10240;10228
2020;12004710000;11867811111;12067811111;10240;10228
2021;12004914000;11867811111;12067811111;10240;10228
2003;12005921000;11826155555;12026155555;10240;10228
2022;12006210000;11867811111;12067811111;10240;10228
2023;12006217000;11867811111;12067811111;10240;10228
2024;12006457000;11909422222;12109422222;10240;10228
2026;12044313000;11909422222;12109422222;10240;10228
2025;12044327000;11909422222;12109422222;10240;10228
2027;12044502000;11909422222;12109422222;10240;10228
2028;12044715000;11909422222;12109422222;10240;10228
2029;12044909000;11909422222;12109422222;10240;10228
2030;12045117000;11909422222;12109422222;10240;10228
2031;12045125000;11909422222;12109422222;10240;10228
2032;12045327000;11909422222;12109422222;10240;10228
2033;12045533000;11909422222;12109422222;10240;10228
2034;12046291000;11909422222;12109422222;10240;10228
2036;12047467000;11951133333;12151133333;10240;10228
2037;12084834000;11951133333;12151133333;10240;10228
2039;12085072000;11951133333;12151133333;10240;10228
2041;12085270000;11951133333;12151133333;10240;10228
2040;12085374000;11951133333;12151133333;10240;10228
2042;12085402000;11951133333;12151133333;10240;10228
2043;12085664000;11951133333;12151133333;10240;10228
2044;12085682000;11951133333;12151133333;10240;10228
2045;12085864000;11951133333;12151133333;10240;10228
2046;12085883000;11992777777;12192777777;10240;10228
2048;12086804000;11992777777;12192777777;10240;10228
2049;12125332000;11992777777;12192777777;10240;10228
2051;12125528000;11992777777;12192777777;10240;10228
2050;12125556000;11992777777;12192777777;10240;10228
2052;12125742000;11992777777;12192777777;10240;10228
2055;12125921000;11992777777;12192777777;10240;10228
2056;12126162000;11992777777;12192777777;10240;10228
2054;12126269000;11992777777;12192777777;10240;10228
2057;12126296000;12034455555;12234455555;10240;10228
2058;12126309000;12034455555;12234455555;10240;10228
2059;12126498000;12034455555;12234455555;10240;10228
2060;12127313000;12034455555;12234455555;10240;10228
2038;12141866000;11951133333;12151133333;10240;10228
2061;12142181000;12034455555;12234455555;10240;10228
2062;12142192000;12034455555;12234455555;10240;10228
2063;12165789000;12034455555;12234455555;10240;10228
2047;12166030000;11992777777;12192777777;10240;10228
2064;12166521000;12034455555;12234455555;10240;10228
2053;12166882000;11992777777;12192777777;10240;10228
2066;12167084000;12034455555;12234455555;10240;10228
2065;12167103000;12034455555;12234455555;10240;10228
2067;12167767000;12034455555;12234455555;10240;10228
2068;12183291000;12076133333;12276133333;10240;10228
2069;12183301000;12076133333;12276133333;10240;10228
2070;12206536000;12076133333;12276133333;10240;10228
2071;12206733000;12076133333;12276133333;10240;10228
2073;12207378000;12076133333;12276133333;10240;10228
2072;12207524000;12076133333;12276133333;10240;10228
2074;12207535000;12076133333;12276133333;10240;10228
2076;12207887000;12076133333;12276133333;10240;10228
2075;12208168000;12076133333;12276133333;10240;10228
2077;12208198000;12076133333;12276133333;10240;10228
2079;12224354000;12117800000;12317800000;10240;10228
2080;12224376000;12117800000;12317800000;10240;10228
2083;12247894000;12117800000;12317800000;10240;10228
2084;12248091000;12117800000;12317800000;10240;10228
2086;12248100000;12117800000;12317800000;10240;10228
2087;12248305000;12117800000;12317800000;10240;10228
2085;12248324000;12117800000;12317800000;10240;10228
2088;12248661000;12117800000;12317800000;10240;10228
2089;12248878000;12117800000;12317800000;10240;10228
2090;12265399000;12159444444;12359444444;10240;10228
2091;12265410000;12159444444;12359444444;10240;10228
2078;12268941000;12076133333;12276133333;10240;10228
2092;12269206000;12159444444;12359444444;10240;10228
2093;12288586000;12159444444;12359444444;10240;10228
2094;12288786000;12159444444;12359444444;10240;10228
2095;12288795000;12159444444;12359444444;10240;10228
2081;12289008000;12117800000;12317800000;10240;10228
2082;12289185000;12117800000;12317800000;10240;10228
2096;12289375000;12159444444;12359444444;10240;10228
2097;12306459000;12159444444;12359444444;10240;10228
2098;12306469000;12159444444;12359444444;10240;10228
2099;12310222000;12159444444;12359444444;10240;10228
2100;12329026000;12159444444;12359444444;10240;10228
2101;12329255000;12201155555;12401155555;10240;10228
2102;12329437000;12201155555;12401155555;10240;10228
2103;12329448000;12201155555;12401155555;10240;10228
2104;12329683000;12201155555;12401155555;10240;10228
2105;12329835000;12201155555;12401155555;10240;10228
2106;12347526000;12201155555;12401155555;10240;10228
2107;12347542000;12201155555;12401155555;10240;10228
2108;12347746000;12201155555;12401155555;10240;10228
2109;12350734000;12201155555;12401155555;10240;10228
2110;12350923000;12201155555;12401155555;10240;10228
2111;12369626000;12201155555;12401155555;10240;10228
2112;12369884000;12242822222;12442822222;10240;10228
2113;12370107000;12242822222;12442822222;10240;10228
2114;12370131000;12242822222;12442822222;10240;10228
2115;12370310000;12242822222;12442822222;10240;10228
2116;12370539000;12242822222;12442822222;10240;10228
2117;12388525000;12242822222;12442822222;10240;10228
2118;12388540000;12242822222;12442822222;10240;10228
2119;12388819000;12242822222;12442822222;10240;10228
2120;12391794000;12242822222;12442822222;10240;10228
2121;12410111000;12242822222;12442822222;10240;10228
2122;12410306000;12242822222;12442822222;10240;10228
2123;12410317000;12284466666;12484466666;10240;10228
2124;12410612000;12284466666;12484466666;10240;10228
2125;12410860000;12284466666;12484466666;10240;10228
2126;12410880000;12284466666;12484466666;10240;10228
2127;12411053000;12284466666;12484466666;10240;10228
2130;12429652000;12284466666;12484466666;10240;10228
2131;12429941000;12284466666;12484466666;10240;10228
2132;12432965000;12284466666;12484466666;10240;10228
2133;12436649000;12284466666;12484466666;10240;10228
2134;12436850000;12326166666;12526166666;10240;10228
2135;12450812000;12326166666;12526166666;10240;10228
2136;12451053000;12326166666;12526166666;10240;10228
2137;12451272000;12326166666;12526166666;10240;10228
2138;12451496000;12326166666;12526166666;10240;10228
2139;12451506000;12326166666;12526166666;10240;10228
2140;12451696000;12326166666;12526166666;10240;10228
2141;12470723000;12326166666;12526166666;10240;10228
2142;12470966000;12326166666;12526166666;10240;10228
2129;12477105000;12284466666;12484466666;10240;10228
2143;12477306000;12326166666;12526166666;10240;10228
2144;12477507000;12326166666;12526166666;10240;10228
2128;12477709000;12284466666;12484466666;10240;10228
2145;12491302000;12367833333;12567833333;10240;10228
2146;12491508000;12367833333;12567833333;10240;10228
2147;12491727000;12367833333;12567833333;10240;10228
2148;12491888000;12367833333;12567833333;10240;10228
2149;12492127000;12367833333;12567833333;10240;10228
2150;12492147000;12367833333;12567833333;10240;10228
2151;12511768000;12367833333;12567833333;10240;10228
2152;12511778000;12367833333;12567833333;10240;10228
2153;12512071000;12367833333;12567833333;10240;10228
2154;12517563000;12367833333;12567833333;10240;10228
2155;12517761000;12367833333;12567833333;10240;10228
2156;12517957000;12409555555;12609555555;10240;10228
2157;12531800000;12409555555;12609555555;10240;10228
2158;12531985000;12409555555;12609555555;10240;10228
2159;12532191000;12409555555;12609555555;10240;10228
2160;12532629000;12409555555;12609555555;10240;10228
2161;12532844000;12409555555;12609555555;10240;10228
2162;12532872000;12409555555;12609555555;10240;10228
2163;12552703000;12409555555;12609555555;10240;10228
2164;12552714000;12409555555;12609555555;10240;10228
2165;12553254000;12409555555;12609555555;10240;10228
2167;12558118000;12451200000;12651200000;10240;10228
2168;12558326000;12451200000;12651200000;10240;10228
2169;12558472000;12451200000;12651200000;10240;10228
2170;12572315000;12451200000;12651200000;10240;10228
2171;12572508000;12451200000;12651200000;10240;10228
2172;12572731000;12451200000;12651200000;10240;10228
2173;12573115000;12451200000;12651200000;10240;10228
2174;12573330000;12451200000;12651200000;10240;10228
2175;12573563000;12451200000;12651200000;10240;10228
2177;12593712000;12451200000;12651200000;10240;10228
2179;12594256000;12492822222;12692822222;10240;10228
2180;12598599000;12492822222;12692822222;10240;10228
2181;12598813000;12492822222;12692822222;10240;10228
2182;12599023000;12492822222;12692822222;10240;10228
2183;12612837000;12492822222;12692822222;10240;10228
2184;12613073000;12492822222;12692822222;10240;10228
2185;12613216000;12492822222;12692822222;10240;10228
2186;12613626000;12492822222;12692822222;10240;10228
2187;12613862000;12492822222;12692822222;10240;10228
2188;12613995000;12492822222;12692822222;10240;10228
2189;12634746000;12534500000;12734500000;10240;10228
2190;12635321000;12534500000;12734500000;10240;10228
2191;12639106000;12534500000;12734500000;10240;10228
2192;12639342000;12534500000;12734500000;10240;10228
2193;12639476000;12534500000;12734500000;10240;10228
2195;12653401000;12534500000;12734500000;10240;10228
2196;12653621000;12534500000;12734500000;10240;10228
2194;12653741000;12534500000;12734500000;10240;10228
2197;12653778000;12534500000;12734500000;10240;10228
2199;12675448000;12534500000;12734500000;10240;10228
2200;12675688000;12576277777;12776277777;10240;10228
2198;12675883000;12534500000;12734500000;10240;10228
2201;12675895000;12576277777;12776277777;10240;10228
2202;12693933000;12576277777;12776277777;10240;10228
2203;12694142000;12576277777;12776277777;10240;10228
2204;12694162000;12576277777;12776277777;10240;10228
2205;12694316000;12576277777;12776277777;10240;10228
2206;12694533000;12576277777;12776277777;10240;10228
2207;12694657000;12576277777;12776277777;10240;10228
2208;12694677000;12576277777;12776277777;10240;10228
2210;12716112000;12576277777;12776277777;10240;10228
2211;12716318000;12617822222;12817822222;10240;10228
2212;12716643000;12617822222;12817822222;10240;10228
2213;12734455000;12617822222;12817822222;10240;10228
2214;12734683000;12617822222;12817822222;10240;10228
2215;12734834000;12617822222;12817822222;10240;10228
2216;12734844000;12617822222;12817822222;10240;10228
2217;12735059000;12617822222;12817822222;10240;10228
2218;12735714000;12617822222;12817822222;10240;10228
2219;12735733000;12617822222;12817822222;10240;10228
2220;12756656000;12617822222;12817822222;10240;10228
2221;12756831000;12617822222;12817822222;10240;10228
2222;12757740000;12659477777;12859477777;10240;10228
2223;12757759000;12659477777;12859477777;10240;10228
2224;12767295000;12659477777;12859477777;10240;10228
2225;12774976000;12659477777;12859477777;10240;10228
2226;12775214000;12659477777;12859477777;10240;10228
2227;12775413000;12659477777;12859477777;10240;10228
2228;12775618000;12659477777;12859477777;10240;10228
2229;12775636000;12659477777;12859477777;10240;10228
2230;12776804000;12659477777;12859477777;10240;10228
2231;12776823000;12659477777;12859477777;10240;10228
2232;12797050000;12659477777;12859477777;10240;10228
2233;12798488000;12701200000;12901200000;10240;10228
2234;12798838000;12701200000;12901200000;10240;10228
2235;12798857000;12701200000;12901200000;10240;10228
2236;12799100000;12701200000;12901200000;10240;10228
2237;12807816000;12701200000;12901200000;10240;10228
2238;12815503000;12701200000;12901200000;10240;10228
2239;12815720000;12701200000;12901200000;10240;10228
2240;12815923000;12701200000;12901200000;10240;10228
2241;12816131000;12701200000;12901200000;10240;10228
2242;12816334000;12701200000;12901200000;10240;10228
2243;12817803000;12701200000;12901200000;10240;10228
2244;12818056000;12742822222;12942822222;10240;10228
2245;12837529000;12742822222;12942822222;10240;10228
2246;12839012000;12742822222;12942822222;10240;10228
2247;12839780000;12742822222;12942822222;10240;10228
2248;12839800000;12742822222;12942822222;10240;10228
2249;12840055000;12742822222;12942822222;10240;10228
2250;12840289000;12742822222;12942822222;10240;10228
2251;12848360000;12742822222;12942822222;10240;10228
2252;12856031000;12742822222;12942822222;10240;10228
2253;12856262000;12742822222;12942822222;10240;10228
2254;12856443000;12742822222;12942822222;10240;10228
2257;12858891000;12784466666;12984466666;10240;10228
2258;12859155000;12784466666;12984466666;10240;10228
2259;12879488000;12784466666;12984466666;10240;10228
2260;12879694000;12784466666;12984466666;10240;10228
2261;12880857000;12784466666;12984466666;10240;10228
2262;12880875000;12784466666;12984466666;10240;10228
2264;12881140000;12784466666;12984466666;10240;10228
2265;12888850000;12784466666;12984466666;10240;10228
2266;12896580000;12826188888;13026188888;10240;10228
2267;12896785000;12826188888;13026188888;10240;10228
2268;12896974000;12826188888;13026188888;10240;10228
2269;12899987000;12826188888;13026188888;10240;10228
2270;12900008000;12826188888;13026188888;10240;10228
2271;12900231000;12826188888;13026188888;10240;10228
2272;12920017000;12826188888;13026188888;10240;10228
2273;12920221000;12826188888;13026188888;10240;10228
2274;12921903000;12826188888;13026188888;10240;10228
2275;12921924000;12826188888;13026188888;10240;10228
2276;12922167000;12826188888;13026188888;10240;10228
2255;12929371000;12784466666;12984466666;10240;10228
2256;12929634000;12784466666;12984466666;10240;10228
2277;12929934000;12867833333;13067833333;10240;10228
2278;12937332000;12867833333;13067833333;10240;10228
2279;12937536000;12867833333;13067833333;10240;10228
2280;12941048000;12867833333;13067833333;10240;10228
2263;12941068000;12784466666;12984466666;10240;10228
2281;12960481000;12867833333;13067833333;10240;10228
2282;12960737000;12867833333;13067833333;10240;10228
2283;12962968000;12867833333;13067833333;10240;10228
2284;12962989000;12867833333;13067833333;10240;10228
2285;12969899000;12867833333;13067833333;10240;10228
2287;12970882000;12867833333;13067833333;10240;10228
2288;12977860000;12909511111;13109511111;10240;10228
2289;12978062000;12909511111;13109511111;10240;10228
2290;12982089000;12909511111;13109511111;10240;10228
2291;12982107000;12909511111;13109511111;10240;10228
2292;13001015000;12909511111;13109511111;10240;10228
2293;13001210000;12909511111;13109511111;10240;10228
2294;13001401000;12909511111;13109511111;10240;10228
2295;13004026000;12909511111;13109511111;10240;10228
2296;13004046000;12909511111;13109511111;10240;10228
2297;13004272000;12909511111;13109511111;10240;10228
2298;13010330000;12909511111;13109511111;10240;10228
2299;13013240000;12951155555;13151155555;10240;10228
2300;13018393000;12951155555;13151155555;10240;10228
2301;13018528000;12951155555;13151155555;10240;10228
2302;13023193000;12951155555;13151155555;10240;10228
2303;13023213000;12951155555;13151155555;10240;10228
2286;13041531000;12867833333;13067833333;10240;10228
2304;13045096000;12951155555;13151155555;10240;10228
2305;13045115000;12951155555;13151155555;10240;10228
2306;13045330000;12951155555;13151155555;10240;10228
2307;13045349000;12951155555;13151155555;10240;10228
2308;13050847000;12951155555;13151155555;10240;10228
2309;13054214000;12951155555;13151155555;10240;10228
2310;13058935000;12992777777;13192777777;10240;10228
2311;13059156000;12992777777;13192777777;10240;10228
2312;13064261000;12992777777;13192777777;10240;10228
2313;13064283000;12992777777;13192777777;10240;10228
2314;13082063000;12992777777;13192777777;10240;10228
2315;13086189000;12992777777;13192777777;10240;10228
2316;13086208000;12992777777;13192777777;10240;10228
2318;13086421000;12992777777;13192777777;10240;10228
2319;13086430000;12992777777;13192777777;10240;10228
2320;13091303000;12992777777;13192777777;10240;10228
2322;13096252000;13034477777;13234477777;10240;10228
2323;13099458000;13034477777;13234477777;10240;10228
2324;13099685000;13034477777;13234477777;10240;10228
2325;13105367000;13034477777;13234477777;10240;10228
2328;13126935000;13034477777;13234477777;10240;10228
2327;13127274000;13034477777;13234477777;10240;10228
2329;13127294000;13034477777;13234477777;10240;10228
2330;13127508000;13034477777;13234477777;10240;10228
2332;13137914000;13076233333;13276233333;10240;10228
2333;13138124000;13076233333;13276233333;10240;10228
2334;13139994000;13076233333;13276233333;10240;10228
2335;13140170000;13076233333;13276233333;10240;10228
2336;13140180000;13076233333;13276233333;10240;10228
2317;13146480000;12992777777;13192777777;10240;10228
2337;13167471000;13076233333;13276233333;10240;10228
2321;13168048000;13034477777;13234477777;10240;10228
2326;13168251000;13034477777;13234477777;10240;10228
2338;13180528000;13076233333;13276233333;10240;10228
2339;13180747000;13076233333;13276233333;10240;10228
2340;13180933000;13076233333;13276233333;10240;10228
2341;13180952000;13076233333;13276233333;10240;10228
2343;13208001000;13117844444;13317844444;10240;10228
2342;13208250000;13076233333;13276233333;10240;10228
2344;13208478000;13117844444;13317844444;10240;10228
2345;13208489000;13117844444;13317844444;10240;10228
2346;13208799000;13117844444;13317844444;10240;10228
2347;13221067000;13117844444;13317844444;10240;10228
2348;13221275000;13117844444;13317844444;10240;10228
2349;13221463000;13117844444;13317844444;10240;10228
2350;13221685000;13117844444;13317844444;10240;10228
2351;13248540000;13117844444;13317844444;10240;10228
2354;13249039000;13159477777;13359477777;10240;10228
2352;13249361000;13117844444;13317844444;10240;10228
2353;13249380000;13117844444;13317844444;10240;10228
2355;13249386000;13159477777;13359477777;10240;10228
2356;13249537000;13159477777;13359477777;10240;10228
2357;13261636000;13159477777;13359477777;10240;10228
2358;13261844000;13159477777;13359477777;10240;10228
2359;13262065000;13159477777;13359477777;10240;10228
2360;13262277000;13159477777;13359477777;10240;10228
2361;13289074000;13159477777;13359477777;10240;10228
2362;13289616000;13159477777;13359477777;10240;10228
2363;13289877000;13159477777;13359477777;10240;10228
2364;13290147000;13159477777;13359477777;10240;10228
2366;13290167000;13201300000;13401300000;10240;10228
2365;13290364000;13201300000;13401300000;10240;10228
2367;13302191000;13201300000;13401300000;10240;10228
2368;13302400000;13201300000;13401300000;10240;10228
2369;13302409000;13201300000;13401300000;10240;10228
2370;13302545000;13201300000;13401300000;10240;10228
2371;13302827000;13201300000;13401300000;10240;10228
2372;13329621000;13201300000;13401300000;10240;10228
2373;13330096000;13201300000;13401300000;10240;10228
2374;13330420000;13201300000;13401300000;10240;10228
2376;13330706000;13242811111;13442811111;10240;10228
2375;13330914000;13201300000;13401300000;10240;10228
2377;13331214000;13242811111;13442811111;10240;10228
2378;13342762000;13242811111;13442811111;10240;10228
2379;13342976000;13242811111;13442811111;10240;10228
2380;13343167000;13242811111;13442811111;10240;10228
2381;13343179000;13242811111;13442811111;10240;10228
2383;13343359000;13242811111;13442811111;10240;10228
2384;13370149000;13242811111;13442811111;10240;10228
2385;13370876000;13242811111;13442811111;10240;10228
2386;13371082000;13242811111;13442811111;10240;10228
2387;13371097000;13284477777;13484477777;10240;10228
2388;13371279000;13284477777;13484477777;10240;10228
2389;13371831000;13284477777;13484477777;10240;10228
2390;13372243000;13284477777;13484477777;10240;10228
2391;13383276000;13284477777;13484477777;10240;10228
2392;13383466000;13284477777;13484477777;10240;10228
2393;13383691000;13284477777;13484477777;10240;10228
2394;13383892000;13284477777;13484477777;10240;10228
2395;13383908000;13284477777;13484477777;10240;10228
2396;13410671000;13284477777;13484477777;10240;10228
2382;13411398000;13242811111;13442811111;10240;10228
2397;13412795000;13284477777;13484477777;10240;10228
2398;13413297000;13326177777;13526177777;10240;10228
2400;13424390000;13326177777;13526177777;10240;10228
2401;13424595000;13326177777;13526177777;10240;10228
2402;13424615000;13326177777;13526177777;10240;10228
2403;13424803000;13326177777;13526177777;10240;10228
2404;13451155000;13326177777;13526177777;10240;10228
2405;13451908000;13326177777;13526177777;10240;10228
2406;13453848000;13326177777;13526177777;10240;10228
2407;13454341000;13326177777;13526177777;10240;10228
2408;13464845000;13326177777;13526177777;10240;10228
2409;13465096000;13367800000;13567800000;10240;10228
2399;13465299000;13326177777;13526177777;10240;10228
2410;13492416000;13367800000;13567800000;10240;10228
2411;13494887000;13367800000;13567800000;10240;10228
2412;13495390000;13367800000;13567800000;10240;10228
2413;13505371000;13367800000;13567800000;10240;10228
2414;13505577000;13367800000;13567800000;10240;10228
2415;13505794000;13367800000;13567800000;10240;10228
2416;13532933000;13367800000;13567800000;10240;10228
2417;13533131000;13367800000;13567800000;10240;10228
2418;13535955000;13367800000;13567800000;10240;10228
2419;13536327000;13367800000;13567800000;10240;10228
2420;13545903000;13409466666;13609466666;10240;10228
2421;13546109000;13409466666;13609466666;10240;10228
2422;13546298000;13409466666;13609466666;10240;10228
2423;13573799000;13409466666;13609466666;10240;10228
2425;13576680000;13409466666;13609466666;10240;10228
2426;13577005000;13409466666;13609466666;10240;10228
2427;13586416000;13409466666;13609466666;10240;10228
2428;13586629000;13409466666;13609466666;10240;10228
2429;13586821000;13409466666;13609466666;10240;10228
2430;13587008000;13409466666;13609466666;10240;10228
2431;13587019000;13451200000;13651200000;10240;10228
2424;13601374000;13409466666;13609466666;10240;10228
2432;13601401000;13451200000;13651200000;10240;10228
2433;13601596000;13451200000;13651200000;10240;10228
2434;13601835000;13451200000;13651200000;10240;10228
2435;13614498000;13451200000;13651200000;10240;10228
2436;13617200000;13451200000;13651200000;10240;10228
2439;13627550000;13451200000;13651200000;10240;10228
2437;13627698000;13451200000;13651200000;10240;10228
2438;13627942000;13451200000;13651200000;10240;10228
2440;13641920000;13451200000;13651200000;10240;10228
2441;13642321000;13451200000;13651200000;10240;10228
2442;13642335000;13492811111;13692811111;10240;10228
2443;13642531000;13492811111;13692811111;10240;10228
2445;13642769000;13492811111;13692811111;10240;10228
2447;13668004000;13492811111;13692811111;10240;10228
2448;13668205000;13492811111;13692811111;10240;10228
2450;13682849000;13492811111;13692811111;10240;10228
2451;13683048000;13492811111;13692811111;10240;10228
2452;13683250000;13492811111;13692811111;10240;10228
2453;13683454000;13534488888;13734488888;10240;10228
2454;13708429000;13534488888;13734488888;10240;10228
2456;13708678000;13534488888;13734488888;10240;10228
2457;13708693000;13534488888;13734488888;10240;10228
2455;13708830000;13534488888;13734488888;10240;10228
2458;13723324000;13534488888;13734488888;10240;10228
2460;13723539000;13534488888;13734488888;10240;10228
2459;13723702000;13534488888;13734488888;10240;10228
2461;13723919000;13534488888;13734488888;10240;10228
2462;13728706000;13534488888;13734488888;10240;10228
2463;13728877000;13534488888;13734488888;10240;10228
2464;13729116000;13576177777;13776177777;10240;10228
2465;13729127000;13576177777;13776177777;10240;10228
2466;13729312000;13576177777;13776177777;10240;10228
2467;13749198000;13576177777;13776177777;10240;10228
2469;13764024000;13576177777;13776177777;10240;10228
2468;13764390000;13576177777;13776177777;10240;10228
2470;13764764000;13576177777;13776177777;10240;10228
2471;13769228000;13576177777;13776177777;10240;10228
2475;13769456000;13617811111;13817811111;10240;10228
2476;13769633000;13617811111;13817811111;10240;10228
2477;13804552000;13617811111;13817811111;10240;10228
2478;13804906000;13617811111;13817811111;10240;10228
2479;13805526000;13617811111;13817811111;10240;10228
2481;13809997000;13617811111;13817811111;10240;10228
2480;13810014000;13617811111;13817811111;10240;10228
2482;13810156000;13617811111;13817811111;10240;10228
2483;13810177000;13617811111;13817811111;10240;10228
2484;13810572000;13617811111;13817811111;10240;10228
2485;13810809000;13617811111;13817811111;10240;10228
2486;13810819000;13659444444;13859444444;10240;10228
2487;13811017000;13659444444;13859444444;10240;10228
2488;13811026000;13659444444;13859444444;10240;10228
2489;13845570000;13659444444;13859444444;10240;10228
2490;13850523000;13659444444;13859444444;10240;10228
2491;13850810000;13659444444;13859444444;10240;10228
2492;13851005000;13659444444;13859444444;10240;10228
2493;13851015000;13659444444;13859444444;10240;10228
2494;13851231000;13659444444;13859444444;10240;10228
2495;13851405000;13659444444;13859444444;10240;10228
2496;13851416000;13659444444;13859444444;10240;10228
2497;13851547000;13701166666;13901166666;10240;10228
2498;13886419000;13701166666;13901166666;10240;10228
2499;13891353000;13701166666;13901166666;10240;10228
2500;13891542000;13701166666;13901166666;10240;10228
2501;13891735000;13701166666;13901166666;10240;10228
2502;13891746000;13701166666;13901166666;10240;10228
2503;13891947000;13701166666;13901166666;10240;10228
2504;13892152000;13701166666;13901166666;10240;10228
2505;13892161000;13701166666;13901166666;10240;10228
2506;13927520000;13701166666;13901166666;10240;10228
2507;13931965000;13701166666;13901166666;10240;10228
2509;13932165000;13742811111;13942811111;10240;10228
2510;13932372000;13742811111;13942811111;10240;10228
2508;13932381000;13742811111;13942811111;10240;10228
2511;13932502000;13742811111;13942811111;10240;10228
2512;13932772000;13742811111;13942811111;10240;10228
2513;13932784000;13742811111;13942811111;10240;10228
2514;13968248000;13742811111;13942811111;10240;10228
2516;13972715000;13742811111;13942811111;10240;10228
2518;13972919000;13742811111;13942811111;10240;10228
2517;13973056000;13742811111;13942811111;10240;10228
2519;13973066000;13784555555;13984555555;10240;10228
2520;13973071000;13784555555;13984555555;10240;10228
2521;13973307000;13784555555;13984555555;10240;10228
2522;13973526000;13784555555;13984555555;10240;10228
2515;13977993000;13742811111;13942811111;10240;10228
2523;13978363000;13784555555;13984555555;10240;10228
2524;13978376000;13784555555;13984555555;10240;10228
2525;13978533000;13784555555;13984555555;10240;10228
2526;13978544000;13784555555;13984555555;10240;10228
2528;14013385000;13784555555;13984555555;10240;10228
2529;14014062000;13784555555;13984555555;10240;10228
2530;14018835000;13826188888;14026188888;10240;10228
2531;14018963000;13826188888;14026188888;10240;10228
2532;14018973000;13826188888;14026188888;10240;10228
2533;14019219000;13826188888;14026188888;10240;10228
2534;14019239000;13826188888;14026188888;10240;10228
2535;14019433000;13826188888;14026188888;10240;10228
2527;14019444000;13784555555;13984555555;10240;10228
2536;14054161000;13826188888;14026188888;10240;10228
2537;14054185000;13826188888;14026188888;10240;10228
2538;14059585000;13826188888;14026188888;10240;10228
2539;14059825000;13826188888;14026188888;10240;10228
2540;14059846000;13826188888;14026188888;10240;10228
2541;14059960000;13867833333;14067833333;10240;10228
2542;14060151000;13867833333;14067833333;10240;10228
2544;14060172000;13867833333;14067833333;10240;10228
2545;14094878000;13867833333;14067833333;10240;10228
2546;14095141000;13867833333;14067833333;10240;10228
2543;14100121000;13867833333;14067833333;10240;10228
2547;14100306000;13867833333;14067833333;10240;10228
2548;14100452000;13867833333;14067833333;10240;10228
2549;14100713000;13867833333;14067833333;10240;10228
2550;14100752000;13867833333;14067833333;10240;10228
2551;14100944000;13867833333;14067833333;10240;10228
2552;14100971000;13909466666;14109466666;10240;10228
2553;14101169000;13909466666;14109466666;10240;10228
2554;14135747000;13909466666;14109466666;10240;10228
2555;14135992000;13909466666;14109466666;10240;10228
2556;14141104000;13909466666;14109466666;10240;10228
2557;14141309000;13909466666;14109466666;10240;10228
2558;14141442000;13909466666;14109466666;10240;10228
2559;14141465000;13909466666;14109466666;10240;10228
2560;14141880000;13909466666;14109466666;10240;10228
2562;14176407000;13909466666;14109466666;10240;10228
2563;14176691000;13951166666;14151166666;10240;10228
2564;14176887000;13951166666;14151166666;10240;10228
2561;14176909000;13909466666;14109466666;10240;10228
2565;14181854000;13951166666;14151166666;10240;10228
2566;14182069000;13951166666;14151166666;10240;10228
2567;14182094000;13951166666;14151166666;10240;10228
2568;14182289000;13951166666;14151166666;10240;10228
2569;14182916000;13951166666;14151166666;10240;10228
2570;14186896000;13951166666;14151166666;10240;10228
2571;14187084000;13951166666;14151166666;10240;10228
2572;14187311000;13951166666;14151166666;10240;10228
2573;14187333000;13951166666;14151166666;10240;10228
2575;14216969000;13992900000;14192900000;10240;10228
2576;14222885000;13992900000;14192900000;10240;10228
2577;14223136000;13992900000;14192900000;10240;10228
2578;14223706000;13992900000;14192900000;10240;10228
2580;14227820000;13992900000;14192900000;10240;10228
2581;14227839000;13992900000;14192900000;10240;10228
2582;14227979000;13992900000;14192900000;10240;10228
2583;14227998000;13992900000;14192900000;10240;10228
2579;14228225000;13992900000;14192900000;10240;10228
2584;14263562000;13992900000;14192900000;10240;10228
2585;14263735000;14034488888;14234488888;10240;10228
2586;14263982000;14034488888;14234488888;10240;10228
2587;14264519000;14034488888;14234488888;10240;10228
2591;14268352000;14034488888;14234488888;10240;10228
2592;14268374000;14034488888;14234488888;10240;10228
2593;14304587000;14034488888;14234488888;10240;10228
2594;14304839000;14034488888;14234488888;10240;10228
2595;14305188000;14034488888;14234488888;10240;10228
2596;14305318000;14076188888;14276188888;10240;10228
2597;14309057000;14076188888;14276188888;10240;10228
2588;14309160000;14034488888;14234488888;10240;10228
2589;14309181000;14034488888;14234488888;10240;10228
2598;14309204000;14076188888;14276188888;10240;10228
2590;14309370000;14034488888;14234488888;10240;10228
2599;14309382000;14076188888;14276188888;10240;10228
2600;14309400000;14076188888;14276188888;10240;10228
2601;14345214000;14076188888;14276188888;10240;10228
2602;14345649000;14076188888;14276188888;10240;10228
2603;14345956000;14076188888;14276188888;10240;10228
2604;14346206000;14076188888;14276188888;10240;10228
2605;14349660000;14076188888;14276188888;10240;10228
2606;14349682000;14076188888;14276188888;10240;10228
2607;14349903000;14117900000;14317900000;10240;10228
2608;14349925000;14117900000;14317900000;10240;10228
2609;14350088000;14117900000;14317900000;10240;10228
2610;14386021000;14117900000;14317900000;10240;10228
2611;14386397000;14117900000;14317900000;10240;10228
2612;14386535000;14117900000;14317900000;10240;10228
2613;14386920000;14117900000;14317900000;10240;10228
2614;14390209000;14117900000;14317900000;10240;10228
2615;14390391000;14117900000;14317900000;10240;10228
2616;14390595000;14117900000;14317900000;10240;10228
2617;14390616000;14117900000;14317900000;10240;10228
2618;14390845000;14159444444;14359444444;10240;10228
2619;14426650000;14159444444;14359444444;10240;10228
2621;14426949000;14159444444;14359444444;10240;10228
2620;14427279000;14159444444;14359444444;10240;10228
2622;14427695000;14159444444;14359444444;10240;10228
2623;14430665000;14159444444;14359444444;10240;10228
2624;14430876000;14159444444;14359444444;10240;10228
2625;14431074000;14159444444;14359444444;10240;10228
2626;14431268000;14159444444;14359444444;10240;10228
2627;14435935000;14159444444;14359444444;10240;10228
2628;14435967000;14159444444;14359444444;10240;10228
2629;14436140000;14201277777;14401277777;10240;10228
2630;14436162000;14201277777;14401277777;10240;10228
2631;14436329000;14201277777;14401277777;10240;10228
2632;14467408000;14201277777;14401277777;10240;10228
2633;14468407000;14201277777;14401277777;10240;10228
2634;14471888000;14201277777;14401277777;10240;10228
2635;14472138000;14201277777;14401277777;10240;10228
2637;14476654000;14201277777;14401277777;10240;10228
2638;14476796000;14201277777;14401277777;10240;10228
2639;14476823000;14201277777;14401277777;10240;10228
2640;14477007000;14242800000;14442800000;10240;10228
2641;14508176000;14242800000;14442800000;10240;10228
2642;14509218000;14242800000;14442800000;10240;10228
2643;14512704000;14242800000;14442800000;10240;10228
2644;14512946000;14242800000;14442800000;10240;10228
2645;14517186000;14242800000;14442800000;10240;10228
2636;14517310000;14201277777;14401277777;10240;10228
2646;14517377000;14242800000;14442800000;10240;10228
2647;14517633000;14242800000;14442800000;10240;10228
2648;14517660000;14242800000;14442800000;10240;10228
2649;14548812000;14242800000;14442800000;10240;10228
2650;14549919000;14242800000;14442800000;10240;10228
2651;14550111000;14284433333;14484433333;10240;10228
2652;14553539000;14284433333;14484433333;10240;10228
2653;14553790000;14284433333;14484433333;10240;10228
2654;14557879000;14284433333;14484433333;10240;10228
2655;14558064000;14284433333;14484433333;10240;10228
2656;14558254000;14284433333;14484433333;10240;10228
2657;14558279000;14284433333;14484433333;10240;10228
2658;14590743000;14284433333;14484433333;10240;10228
2661;14594452000;14284433333;14484433333;10240;10228
2659;14594491000;14284433333;14484433333;10240;10228
2662;14594657000;14326177777;14526177777;10240;10228
2664;14598791000;14326177777;14526177777;10240;10228
2665;14598829000;14326177777;14526177777;10240;10228
2660;14599011000;14284433333;14484433333;10240;10228
2666;14599017000;14326177777;14526177777;10240;10228
2667;14599035000;14326177777;14526177777;10240;10228
2668;14631344000;14326177777;14526177777;10240;10228
2669;14635110000;14326177777;14526177777;10240;10228
2671;14639222000;14326177777;14526177777;10240;10228
2673;14639435000;14367777777;14567777777;10240;10228
2672;14639458000;14326177777;14526177777;10240;10228
2674;14639683000;14367777777;14567777777;10240;10228
2675;14639894000;14367777777;14567777777;10240;10228
2670;14644015000;14326177777;14526177777;10240;10228
2676;14644218000;14367777777;14567777777;10240;10228
2677;14644413000;14367777777;14567777777;10240;10228
2678;14644438000;14367777777;14567777777;10240;10228
2679;14644637000;14367777777;14567777777;10240;10228
2680;14644816000;14367777777;14567777777;10240;10228
2682;14680406000;14367777777;14567777777;10240;10228
2683;14680428000;14367777777;14567777777;10240;10228
2684;14684659000;14409444444;14609444444;10240;10228
2685;14684902000;14409444444;14609444444;10240;10228
2688;14684927000;14409444444;14609444444;10240;10228
2681;14685347000;14367777777;14567777777;10240;10228
2689;14685621000;14409444444;14609444444;10240;10228
2690;14721483000;14409444444;14609444444;10240;10228
2686;14725705000;14409444444;14609444444;10240;10228
2687;14725715000;14409444444;14609444444;10240;10228
2691;14725943000;14409444444;14609444444;10240;10228
2692;14725963000;14409444444;14609444444;10240;10228
2693;14726309000;14409444444;14609444444;10240;10228
2694;14762098000;14409444444;14609444444;10240;10228
2695;14766361000;14451222222;14651222222;10240;10228
2696;14766556000;14451222222;14651222222;10240;10228
2697;14766785000;14451222222;14651222222;10240;10228
2698;14766808000;14451222222;14651222222;10240;10228
2699;14774744000;14451222222;14651222222;10240;10228
2700;14774767000;14451222222;14651222222;10240;10228
2701;14802917000;14451222222;14651222222;10240;10228
2702;14806998000;14451222222;14651222222;10240;10228
2704;14807193000;14451222222;14651222222;10240;10228
2705;14807217000;14451222222;14651222222;10240;10228
2706;14807396000;14492800000;14692800000;10240;10228
2707;14807419000;14492800000;14692800000;10240;10228
2708;14811798000;14492800000;14692800000;10240;10228
2703;14811948000;14451222222;14651222222;10240;10228
2709;14811970000;14492800000;14692800000;10240;10228
2710;14812206000;14492800000;14692800000;10240;10228
2711;14815418000;14492800000;14692800000;10240;10228
2712;14815632000;14492800000;14692800000;10240;10228
2713;14847424000;14492800000;14692800000;10240;10228
2714;14848003000;14492800000;14692800000;10240;10228
2715;14848026000;14492800000;14692800000;10240;10228
2716;14848244000;14492800000;14692800000;10240;10228
2717;14848268000;14534466666;14734466666;10240;10228
2718;14848496000;14534466666;14734466666;10240;10228
2719;14852840000;14534466666;14734466666;10240;10228
2720;14853270000;14534466666;14734466666;10240;10228
2721;14856415000;14534466666;14734466666;10240;10228
2722;14856436000;14534466666;14734466666;10240;10228
2725;14888687000;14534466666;14734466666;10240;10228
2726;14888887000;14534466666;14734466666;10240;10228
2727;14888912000;14534466666;14734466666;10240;10228
2724;14889030000;14534466666;14734466666;10240;10228
2728;14889075000;14576177777;14776177777;10240;10228
2729;14889292000;14576177777;14776177777;10240;10228
2730;14892611000;14576177777;14776177777;10240;10228
2723;14893227000;14534466666;14734466666;10240;10228
2731;14893425000;14576177777;14776177777;10240;10228
2732;14893634000;14576177777;14776177777;10240;10228
2733;14893861000;14576177777;14776177777;10240;10228
2734;14897100000;14576177777;14776177777;10240;10228
2735;14897299000;14576177777;14776177777;10240;10228
2736;14897322000;14576177777;14776177777;10240;10228
2737;14906820000;14576177777;14776177777;10240;10228
2739;14929153000;14617788888;14817788888;10240;10228
2740;14929354000;14617788888;14817788888;10240;10228
2738;14929377000;14576177777;14776177777;10240;10228
2741;14929647000;14617788888;14817788888;10240;10228
2742;14929669000;14617788888;14817788888;10240;10228
2743;14930158000;14617788888;14817788888;10240;10228
2744;14930178000;14617788888;14817788888;10240;10228
2745;14933431000;14617788888;14817788888;10240;10228
2746;14933456000;14617788888;14817788888;10240;10228
2747;14934941000;14617788888;14817788888;10240;10228
2748;14937542000;14617788888;14817788888;10240;10228
2749;14937823000;14617788888;14817788888;10240;10228
2750;14938074000;14659444444;14859444444;10240;10228
2751;14938087000;14659444444;14859444444;10240;10228
2752;14938343000;14659444444;14859444444;10240;10228
2753;14957745000;14659444444;14859444444;10240;10228
2754;14969613000;14659444444;14859444444;10240;10228
2755;14969970000;14659444444;14859444444;10240;10228
2756;14969995000;14659444444;14859444444;10240;10228
2758;14970109000;14659444444;14859444444;10240;10228
2757;14970232000;14659444444;14859444444;10240;10228
2759;14970304000;14659444444;14859444444;10240;10228
2760;14970764000;14659444444;14859444444;10240;10228
2761;14970958000;14701144444;14901144444;10240;10228
2762;14974132000;14701144444;14901144444;10240;10228
2763;14974330000;14701144444;14901144444;10240;10228
2764;14974351000;14701144444;14901144444;10240;10228
2766;14977960000;14701144444;14901144444;10240;10228
2765;14978287000;14701144444;14901144444;10240;10228
2767;14978441000;14701144444;14901144444;10240;10228
2768;14978762000;14701144444;14901144444;10240;10228
2769;14978963000;14701144444;14901144444;10240;10228
2770;14988148000;14701144444;14901144444;10240;10228
2771;15008422000;14701144444;14901144444;10240;10228
2772;15010529000;14742811111;14942811111;10240;10228
2776;15010736000;14742811111;14942811111;10240;10228
2777;15010762000;14742811111;14942811111;10240;10228
2773;15010894000;14742811111;14942811111;10240;10228
2774;15010903000;14742811111;14942811111;10240;10228
2778;15011139000;14742811111;14942811111;10240;10228
2779;15014939000;14742811111;14942811111;10240;10228
2780;15014963000;14742811111;14942811111;10240;10228
2781;15015194000;14742811111;14942811111;10240;10228
2782;15015215000;14742811111;14942811111;10240;10228
2783;15015427000;14784455555;14984455555;10240;10228
2786;15018585000;14784455555;14984455555;10240;10228
2785;15018751000;14784455555;14984455555;10240;10228
2787;15019210000;14784455555;14984455555;10240;10228
2788;15019412000;14784455555;14984455555;10240;10228
2775;15020742000;14742811111;14942811111;10240;10228
2784;15020964000;14784455555;14984455555;10240;10228
2789;15028923000;14784455555;14984455555;10240;10228
2790;15039086000;14784455555;14984455555;10240;10228
2791;15049210000;14784455555;14984455555;10240;10228
2792;15051205000;14784455555;14984455555;10240;10228
2795;15051407000;14826166666;15026166666;10240;10228
2793;15051494000;14784455555;14984455555;10240;10228
2794;15051742000;14826166666;15026166666;10240;10228
2796;15051780000;14826166666;15026166666;10240;10228
2798;15051805000;14826166666;15026166666;10240;10228
2797;15051994000;14826166666;15026166666;10240;10228
2799;15055655000;14826166666;15026166666;10240;10228
2800;15055873000;14826166666;15026166666;10240;10228
2801;15055900000;14826166666;15026166666;10240;10228
2802;15056048000;14826166666;15026166666;10240;10228
2803;15056261000;14826166666;15026166666;10240;10228
2804;15059013000;14826166666;15026166666;10240;10228
2806;15059223000;14867800000;15067800000;10240;10228
2805;15059483000;14867800000;15067800000;10240;10228
2807;15059994000;14867800000;15067800000;10240;10228
2808;15060247000;14867800000;15067800000;10240;10228
2809;15079572000;14867800000;15067800000;10240;10228
2810;15089679000;14867800000;15067800000;10240;10228
2811;15091633000;14867800000;15067800000;10240;10228
2813;15091843000;14867800000;15067800000;10240;10228
2812;15092022000;14867800000;15067800000;10240;10228
2815;15092050000;14867800000;15067800000;10240;10228
2814;15092268000;14867800000;15067800000;10240;10228
2817;15092673000;14909488888;15109488888;10240;10228
2818;15092876000;14909488888;15109488888;10240;10228
2816;15093011000;14909488888;15109488888;10240;10228
2819;15093036000;14909488888;15109488888;10240;10228
2820;15096673000;14909488888;15109488888;10240;10228
2821;15096686000;14909488888;15109488888;10240;10228
2822;15096930000;14909488888;15109488888;10240;10228
2823;15096943000;14909488888;15109488888;10240;10228
2826;15099631000;14909488888;15109488888;10240;10228
2825;15099910000;14909488888;15109488888;10240;10228
2827;15100161000;14951155555;15151155555;10240;10228
2828;15100728000;14951155555;15151155555;10240;10228
2829;15100939000;14951155555;15151155555;10240;10228
2830;15100959000;14951155555;15151155555;10240;10228
2824;15102158000;14909488888;15109488888;10240;10228
2831;15102353000;14951155555;15151155555;10240;10228
2832;15102632000;14951155555;15151155555;10240;10228
2833;15132662000;14951155555;15151155555;10240;10228
2834;15132682000;14951155555;15151155555;10240;10228
2835;15132916000;14951155555;15151155555;10240;10228
2836;15132936000;14951155555;15151155555;10240;10228
2837;15133197000;14951155555;15151155555;10240;10228
2838;15133208000;14992777777;15192777777;10240;10228
2840;15133212000;14992777777;15192777777;10240;10228
2839;15133496000;14992777777;15192777777;10240;10228
2841;15133775000;14992777777;15192777777;10240;10228
2842;15137691000;14992777777;15192777777;10240;10228
2843;15137879000;14992777777;15192777777;10240;10228
2845;15137898000;14992777777;15192777777;10240;10228
2846;15140139000;14992777777;15192777777;10240;10228
2848;15140337000;14992777777;15192777777;10240;10228
2849;15140358000;15034455555;15234455555;10240;10228
2847;15140424000;14992777777;15192777777;10240;10228
2851;15141245000;15034455555;15234455555;10240;10228
2852;15141425000;15034455555;15234455555;10240;10228
2850;15141545000;15034455555;15234455555;10240;10228
2853;15141628000;15034455555;15234455555;10240;10228
2854;15142303000;15034455555;15234455555;10240;10228
2855;15142314000;15034455555;15234455555;10240;10228
2856;15142543000;15034455555;15234455555;10240;10228
2857;15142563000;15034455555;15234455555;10240;10228
2858;15142816000;15034455555;15234455555;10240;10228
2859;15142835000;15034455555;15234455555;10240;10228
2860;15143094000;15076233333;15276233333;10240;10228
2863;15173629000;15076233333;15276233333;10240;10228
2862;15173996000;15076233333;15276233333;10240;10228
2864;15174553000;15076233333;15276233333;10240;10228
2865;15174808000;15076233333;15276233333;10240;10228
2866;15178193000;15076233333;15276233333;10240;10228
2867;15178392000;15076233333;15276233333;10240;10228
2868;15178520000;15076233333;15276233333;10240;10228
2869;15180649000;15076233333;15276233333;10240;10228
2844;15180805000;14992777777;15192777777;10240;10228
2870;15181358000;15076233333;15276233333;10240;10228
2871;15182446000;15117800000;15317800000;10240;10228
2872;15183141000;15117800000;15317800000;10240;10228
2873;15183160000;15117800000;15317800000;10240;10228
2874;15183378000;15117800000;15317800000;10240;10228
2875;15183387000;15117800000;15317800000;10240;10228
2876;15183655000;15117800000;15317800000;10240;10228
2877;15183886000;15117800000;15317800000;10240;10228
2878;15183907000;15117800000;15317800000;10240;10228
2880;15214021000;15117800000;15317800000;10240;10228
2861;15219236000;15076233333;15276233333;10240;10228
2883;15221272000;15159444444;15359444444;10240;10228
2884;15221458000;15159444444;15359444444;10240;10228
2885;15221469000;15159444444;15359444444;10240;10228
2882;15221558000;15159444444;15359444444;10240;10228
2886;15221646000;15159444444;15359444444;10240;10228
2887;15222419000;15159444444;15359444444;10240;10228
2888;15223539000;15159444444;15359444444;10240;10228
2889;15224209000;15159444444;15359444444;10240;10228
2890;15224230000;15159444444;15359444444;10240;10228
2891;15224424000;15159444444;15359444444;10240;10228
2892;15224436000;15159444444;15359444444;10240;10228
2893;15262908000;15201244444;15401244444;10240;10228
2895;15263118000;15201244444;15401244444;10240;10228
2897;15263138000;15201244444;15401244444;10240;10228
2894;15263249000;15201244444;15401244444;10240;10228
2896;15263262000;15201244444;15401244444;10240;10228
2899;15263267000;15201244444;15401244444;10240;10228
2898;15263506000;15201244444;15401244444;10240;10228
2900;15263524000;15201244444;15401244444;10240;10228
2901;15263529000;15201244444;15401244444;10240;10228
2902;15263761000;15201244444;15401244444;10240;10228
2903;15263781000;15201244444;15401244444;10240;10228
2879;15264613000;15117800000;15317800000;10240;10228
2881;15264623000;15117800000;15317800000;10240;10228
2909;15304629000;15242844444;15442844444;10240;10228
2911;15304823000;15242844444;15442844444;10240;10228
2913;15304842000;15242844444;15442844444;10240;10228
2904;15304972000;15242844444;15442844444;10240;10228
2908;15304992000;15242844444;15442844444;10240;10228
2910;15305203000;15242844444;15442844444;10240;10228
2912;15305224000;15242844444;15442844444;10240;10228
2914;15305456000;15242844444;15442844444;10240;10228
2905;15345651000;15242844444;15442844444;10240;10228
2907;15345670000;15242844444;15442844444;10240;10228
2915;15346233000;15284533333;15484533333;10240;10228
2906;15346252000;15242844444;15442844444;10240;10228
2917;15346424000;15284533333;15484533333;10240;10228
2916;15346495000;15284533333;15484533333;10240;10228
2918;15346835000;15284533333;15484533333;10240;10228
2920;15386729000;15284533333;15484533333;10240;10228
2921;15386740000;15284533333;15484533333;10240;10228
2924;15386745000;15284533333;15484533333;10240;10228
2926;15387872000;15326166666;15526166666;10240;10228
2927;15388235000;15326166666;15526166666;10240;10228
2928;15395064000;15326166666;15526166666;10240;10228
2929;15427177000;15326166666;15526166666;10240;10228
2930;15427527000;15326166666;15526166666;10240;10228
2931;15427537000;15326166666;15526166666;10240;10228
2932;15428395000;15326166666;15526166666;10240;10228
2934;15436105000;15326166666;15526166666;10240;10228
2935;15467686000;15326166666;15526166666;10240;10228
2936;15467913000;15326166666;15526166666;10240;10228
2919;15467923000;15284533333;15484533333;10240;10228
2923;15468224000;15284533333;15484533333;10240;10228
2922;15468536000;15284533333;15484533333;10240;10228
2925;15468546000;15284533333;15484533333;10240;10228
2937;15476873000;15367788888;15567788888;10240;10228
2938;15477068000;15367788888;15567788888;10240;10228
2939;15508216000;15367788888;15567788888;10240;10228
2940;15508419000;15367788888;15567788888;10240;10228
2941;15509250000;15367788888;15567788888;10240;10228
2943;15517663000;15367788888;15567788888;10240;10228
2944;15517674000;15367788888;15567788888;10240;10228
2945;15517910000;15367788888;15567788888;10240;10228
2946;15518361000;15367788888;15567788888;10240;10228
2948;15548711000;15409433333;15609433333;10240;10228
2949;15548906000;15409433333;15609433333;10240;10228
2950;15548927000;15409433333;15609433333;10240;10228
2951;15558662000;15409433333;15609433333;10240;10228
2954;15558675000;15409433333;15609433333;10240;10228
2955;15558945000;15409433333;15609433333;10240;10228
2942;15558956000;15367788888;15567788888;10240;10228
2956;15559131000;15409433333;15609433333;10240;10228
2947;15559152000;15367788888;15567788888;10240;10228
2957;15589203000;15409433333;15609433333;10240;10228
2960;15589394000;15451166666;15651166666;10240;10228
2958;15589405000;15409433333;15609433333;10240;10228
2961;15589540000;15451166666;15651166666;10240;10228
2964;15599413000;15451166666;15651166666;10240;10228
2962;15599448000;15451166666;15651166666;10240;10228
2965;15599609000;15451166666;15651166666;10240;10228
2963;15599761000;15451166666;15651166666;10240;10228
2966;15599784000;15451166666;15651166666;10240;10228
2968;15629645000;15451166666;15651166666;10240;10228
2967;15630020000;15451166666;15651166666;10240;10228
2969;15630034000;15451166666;15651166666;10240;10228
2970;15630043000;15492811111;15692811111;10240;10228
2972;15639872000;15492811111;15692811111;10240;10228
2973;15640078000;15492811111;15692811111;10240;10228
2976;15640406000;15492811111;15692811111;10240;10228
2975;15640790000;15492811111;15692811111;10240;10228
2978;15670091000;15492811111;15692811111;10240;10228
2979;15670289000;15492811111;15692811111;10240;10228
2982;15670487000;15534455555;15734455555;10240;10228
2981;15670828000;15534455555;15734455555;10240;10228
2983;15680343000;15534455555;15734455555;10240;10228
2984;15680550000;15534455555;15734455555;10240;10228
2985;15680843000;15534455555;15734455555;10240;10228
2986;15681853000;15534455555;15734455555;10240;10228
2971;15685660000;15492811111;15692811111;10240;10228
2974;15685869000;15492811111;15692811111;10240;10228
2977;15685883000;15492811111;15692811111;10240;10228
2980;15686040000;15492811111;15692811111;10240;10228
2987;15686277000;15534455555;15734455555;10240;10228
2988;15710522000;15534455555;15734455555;10240;10228
2989;15710883000;15534455555;15734455555;10240;10228
2991;15710896000;15534455555;15734455555;10240;10228
2992;15711072000;15576144444;15776144444;10240;10228
2990;15711094000;15534455555;15734455555;10240;10228
2994;15721028000;15576144444;15776144444;10240;10228
2995;15721228000;15576144444;15776144444;10240;10228
2997;15722449000;15576144444;15776144444;10240;10228
2999;15726944000;15576144444;15776144444;10240;10228
3001;15751350000;15576144444;15776144444;10240;10228
3002;15751576000;15576144444;15776144444;10240;10228
3003;15751599000;15617777777;15817777777;10240;10228
3000;15751723000;15576144444;15776144444;10240;10228
3005;15761500000;15617777777;15817777777;10240;10228
3006;15761709000;15617777777;15817777777;10240;10228
3007;15762899000;15617777777;15817777777;10240;10228
2993;15767012000;15576144444;15776144444;10240;10228
2996;15767217000;15576144444;15776144444;10240;10228
2998;15767229000;15576144444;15776144444;10240;10228
3008;15767389000;15617777777;15817777777;10240;10228
3009;15767616000;15617777777;15817777777;10240;10228
3010;15767631000;15617777777;15817777777;10240;10228
3011;15767899000;15617777777;15817777777;10240;10228
3013;15791712000;15617777777;15817777777;10240;10228
3014;15791918000;15659400000;15859400000;10240;10228
3012;15792144000;15617777777;15817777777;10240;10228
3016;15792152000;15659400000;15859400000;10240;10228
3015;15792353000;15659400000;15859400000;10240;10228
3018;15802253000;15659400000;15859400000;10240;10228
3019;15803416000;15659400000;15859400000;10240;10228
3020;15808238000;15659400000;15859400000;10240;10228
3021;15808484000;15659400000;15859400000;10240;10228
3022;15808504000;15659400000;15859400000;10240;10228
3023;15808906000;15659400000;15859400000;10240;10228
3024;15832174000;15659400000;15859400000;10240;10228
3026;15832400000;15701177777;15901177777;10240;10228
3027;15832603000;15701177777;15901177777;10240;10228
3028;15832623000;15701177777;15901177777;10240;10228
3025;15832627000;15701177777;15901177777;10240;10228
3029;15833108000;15701177777;15901177777;10240;10228
3030;15842748000;15701177777;15901177777;10240;10228
3031;15843928000;15701177777;15901177777;10240;10228
3032;15849279000;15701177777;15901177777;10240;10228
3033;15849300000;15701177777;15901177777;10240;10228
3036;15849939000;15742800000;15942800000;10240;10228
3037;15872702000;15742800000;15942800000;10240;10228
3038;15872885000;15742800000;15942800000;10240;10228
3039;15872906000;15742800000;15942800000;10240;10228
3040;15873108000;15742800000;15942800000;10240;10228
3041;15873313000;15742800000;15942800000;10240;10228
3042;15873592000;15742800000;15942800000;10240;10228
3043;15874142000;15742800000;15942800000;10240;10228
3044;15883239000;15742800000;15942800000;10240;10228
3045;15884408000;15742800000;15942800000;10240;10228
3047;15890968000;15784444444;15984444444;10240;10228
3048;15890979000;15784444444;15984444444;10240;10228
3034;15894137000;15701177777;15901177777;10240;10228
3035;15894367000;15701177777;15901177777;10240;10228
3049;15894444000;15784444444;15984444444;10240;10228
3050;15894453000;15784444444;15984444444;10240;10228
3051;15913124000;15784444444;15984444444;10240;10228
3052;15913357000;15784444444;15984444444;10240;10228
3053;15913367000;15784444444;15984444444;10240;10228
3054;15913530000;15784444444;15984444444;10240;10228
3055;15913766000;15784444444;15984444444;10240;10228
3056;15914264000;15784444444;15984444444;10240;10228
3057;15914414000;15784444444;15984444444;10240;10228
3058;15914981000;15826166666;16026166666;10240;10228
3059;15923706000;15826166666;16026166666;10240;10228
3060;15924895000;15826166666;16026166666;10240;10228
3061;15932009000;15826166666;16026166666;10240;10228
3062;15932030000;15826166666;16026166666;10240;10228
3046;15934757000;15742800000;15942800000;10240;10228
3063;15935105000;15826166666;16026166666;10240;10228
3064;15935334000;15826166666;16026166666;10240;10228
3065;15935354000;15826166666;16026166666;10240;10228
3066;15953620000;15826166666;16026166666;10240;10228
3067;15953825000;15826166666;16026166666;10240;10228
3068;15954015000;15826166666;16026166666;10240;10228
3070;15954240000;15867788888;16067788888;10240;10228
3071;15954662000;15867788888;16067788888;10240;10228
3072;15955888000;15867788888;16067788888;10240;10228
3073;15965383000;15867788888;16067788888;10240;10228
3074;15965622000;15867788888;16067788888;10240;10228
3075;15973042000;15867788888;16067788888;10240;10228
3076;15973052000;15867788888;16067788888;10240;10228
3077;15976152000;15867788888;16067788888;10240;10228
3078;15976172000;15867788888;16067788888;10240;10228
3079;15984831000;15867788888;16067788888;10240;10228
3080;15985084000;15909477777;16109477777;10240;10228
3081;15994454000;15909477777;16109477777;10240;10228
3082;15994660000;15909477777;16109477777;10240;10228
3083;15994677000;15909477777;16109477777;10240;10228
3084;15994898000;15909477777;16109477777;10240;10228
3085;15995130000;15909477777;16109477777;10240;10228
3086;15996872000;15909477777;16109477777;10240;10228
3069;16005862000;15867788888;16067788888;10240;10228
3087;16014068000;15909477777;16109477777;10240;10228
3088;16014088000;15909477777;16109477777;10240;10228
3089;16014335000;15909477777;16109477777;10240;10228
3090;16017059000;15909477777;16109477777;10240;10228
3091;16017330000;15951144444;16151144444;10240;10228
3092;16025873000;15951144444;16151144444;10240;10228
3093;16025884000;15951144444;16151144444;10240;10228
3094;16035197000;15951144444;16151144444;10240;10228
3095;16035379000;15951144444;16151144444;10240;10228
3096;16035400000;15951144444;16151144444;10240;10228
3097;16035610000;15951144444;16151144444;10240;10228
3098;16035816000;15951144444;16151144444;10240;10228
3099;16037818000;15951144444;16151144444;10240;10228
3100;16046367000;15951144444;16151144444;10240;10228
3101;16054969000;15951144444;16151144444;10240;10228
3102;16055214000;15992777777;16192777777;10240;10228
3103;16055234000;15992777777;16192777777;10240;10228
3104;16058096000;15992777777;16192777777;10240;10228
3105;16058115000;15992777777;16192777777;10240;10228
3106;16066258000;15992777777;16192777777;10240;10228
3107;16066907000;15992777777;16192777777;10240;10228
3108;16066926000;15992777777;16192777777;10240;10228
3109;16075855000;15992777777;16192777777;10240;10228
3110;16076091000;15992777777;16192777777;10240;10228
3113;16096256000;16034466666;16234466666;10240;10228
3115;16096457000;16034466666;16234466666;10240;10228
3117;16096469000;16034466666;16234466666;10240;10228
3114;16096491000;16034466666;16234466666;10240;10228
3116;16096800000;16034466666;16234466666;10240;10228
3118;16096811000;16034466666;16234466666;10240;10228
3119;16099134000;16034466666;16234466666;10240;10228
3120;16099156000;16034466666;16234466666;10240;10228
3121;16099381000;16034466666;16234466666;10240;10228
3122;16107945000;16034466666;16234466666;10240;10228
3123;16107967000;16034466666;16234466666;10240;10228
3111;16137250000;15992777777;16192777777;10240;10228
3112;16137288000;15992777777;16192777777;10240;10228
3124;16137950000;16076211111;16276211111;10240;10228
3126;16138127000;16076211111;16276211111;10240;10228
3128;16138151000;16076211111;16276211111;10240;10228
3125;16138244000;16076211111;16276211111;10240;10228
3127;16138274000;16076211111;16276211111;10240;10228
3130;16138296000;16076211111;16276211111;10240;10228
3129;16138449000;16076211111;16276211111;10240;10228
3131;16140188000;16076211111;16276211111;10240;10228
3132;16140206000;16076211111;16276211111;10240;10228
3133;16140432000;16076211111;16276211111;10240;10228
3134;16140442000;16076211111;16276211111;10240;10228
3140;16179599000;16117844444;16317844444;10240;10228
3142;16179809000;16117844444;16317844444;10240;10228
3135;16179827000;16117844444;16317844444;10240;10228
3137;16180129000;16117844444;16317844444;10240;10228
3139;16180148000;16117844444;16317844444;10240;10228
3141;16180153000;16117844444;16317844444;10240;10228
3143;16180375000;16117844444;16317844444;10240;10228
3145;16180386000;16117844444;16317844444;10240;10228
3150;16221225000;16159500000;16359500000;10240;10228
3147;16221541000;16159500000;16359500000;10240;10228
3149;16221560000;16159500000;16359500000;10240;10228
3151;16221779000;16159500000;16359500000;10240;10228
3152;16221788000;16159500000;16359500000;10240;10228
3153;16222026000;16159500000;16359500000;10240;10228
3154;16222047000;16159500000;16359500000;10240;10228
3155;16222269000;16159500000;16359500000;10240;10228
3156;16222288000;16159500000;16359500000;10240;10228
3136;16262011000;16117844444;16317844444;10240;10228
3138;16262031000;16117844444;16317844444;10240;10228
3157;16263197000;16201200000;16401200000;10240;10228
3158;16263218000;16201200000;16401200000;10240;10228
3159;16263441000;16201200000;16401200000;10240;10228
3160;16263453000;16201200000;16401200000;10240;10228
3161;16263697000;16201200000;16401200000;10240;10228
3162;16263709000;16201200000;16401200000;10240;10228
3163;16263943000;16201200000;16401200000;10240;10228
3164;16263953000;16201200000;16401200000;10240;10228
3165;16264147000;16201200000;16401200000;10240;10228
3166;16302942000;16201200000;16401200000;10240;10228
3167;16302962000;16201200000;16401200000;10240;10228
3168;16304888000;16242833333;16442833333;10240;10228
3169;16304908000;16242833333;16442833333;10240;10228
3170;16305137000;16242833333;16442833333;10240;10228
3172;16305158000;16242833333;16442833333;10240;10228
3173;16305376000;16242833333;16442833333;10240;10228
3174;16305388000;16242833333;16442833333;10240;10228
3175;16305632000;16242833333;16442833333;10240;10228
3176;16305643000;16242833333;16442833333;10240;10228
3177;16305889000;16242833333;16442833333;10240;10228
3178;16305909000;16242833333;16442833333;10240;10228
3144;16311260000;16117844444;16317844444;10240;10228
3171;16346179000;16242833333;16442833333;10240;10228
3180;16346191000;16284522222;16484522222;10240;10228
3179;16346507000;16284522222;16484522222;10240;10228
3181;16346536000;16284522222;16484522222;10240;10228
3182;16346764000;16284522222;16484522222;10240;10228
3183;16346775000;16284522222;16484522222;10240;10228
3184;16347015000;16284522222;16484522222;10240;10228
3185;16347036000;16284522222;16484522222;10240;10228
3186;16347267000;16284522222;16484522222;10240;10228
3187;16351696000;16284522222;16484522222;10240;10228
3188;16351849000;16284522222;16484522222;10240;10228
3146;16351952000;16159500000;16359500000;10240;10228
3189;16386892000;16284522222;16484522222;10240;10228
3191;16387914000;16326222222;16526222222;10240;10228
3190;16388172000;16326222222;16526222222;10240;10228
3192;16388179000;16326222222;16526222222;10240;10228
3193;16388455000;16326222222;16526222222;10240;10228
3194;16388464000;16326222222;16526222222;10240;10228
3195;16388686000;16326222222;16526222222;10240;10228
3196;16388705000;16326222222;16526222222;10240;10228
3197;16392174000;16326222222;16526222222;10240;10228
3200;16392377000;16326222222;16526222222;10240;10228
3198;16392453000;16326222222;16526222222;10240;10228
3199;16392708000;16326222222;16526222222;10240;10228
3201;16429587000;16367822222;16567822222;10240;10228
3203;16429803000;16367822222;16567822222;10240;10228
3202;16429890000;16367822222;16567822222;10240;10228
3204;16429930000;16367822222;16567822222;10240;10228
3205;16430136000;16367822222;16567822222;10240;10228
3206;16430157000;16367822222;16567822222;10240;10228
3207;16430376000;16367822222;16567822222;10240;10228
3208;16430387000;16367822222;16567822222;10240;10228
3209;16432578000;16367822222;16567822222;10240;10228
3211;16432803000;16367822222;16567822222;10240;10228
3212;16471254000;16409488888;16609488888;10240;10228
3214;16471457000;16409488888;16609488888;10240;10228
3216;16471468000;16409488888;16609488888;10240;10228
3213;16471519000;16409488888;16609488888;10240;10228
3215;16471797000;16409488888;16609488888;10240;10228
3218;16471803000;16409488888;16609488888;10240;10228
3219;16471815000;16409488888;16609488888;10240;10228
3220;16472047000;16409488888;16609488888;10240;10228
3221;16472053000;16409488888;16609488888;10240;10228
3222;16472290000;16409488888;16609488888;10240;10228
3210;16512759000;16367822222;16567822222;10240;10228
3224;16512814000;16451222222;16651222222;10240;10228
3217;16513051000;16409488888;16609488888;10240;10228
3223;16513068000;16451222222;16651222222;10240;10228
3225;16513084000;16451222222;16651222222;10240;10228
3226;16513089000;16451222222;16651222222;10240;10228
3227;16513309000;16451222222;16651222222;10240;10228
3228;16513522000;16451222222;16651222222;10240;10228
3230;16553255000;16451222222;16651222222;10240;10228
3229;16553623000;16451222222;16651222222;10240;10228
3232;16553660000;16451222222;16651222222;10240;10228
3233;16553928000;16451222222;16651222222;10240;10228
3234;16554614000;16492800000;16692800000;10240;10228
3236;16554786000;16492800000;16692800000;10240;10228
3237;16554804000;16492800000;16692800000;10240;10228
3235;16554943000;16492800000;16692800000;10240;10228
3238;16554968000;16492800000;16692800000;10240;10228
3239;16593770000;16492800000;16692800000;10240;10228
3240;16594689000;16492800000;16692800000;10240;10228
3241;16594699000;16492800000;16692800000;10240;10228
3243;16594932000;16492800000;16692800000;10240;10228
3244;16594944000;16492800000;16692800000;10240;10228
3231;16595459000;16451222222;16651222222;10240;10228
3246;16596293000;16534488888;16734488888;10240;10228
3245;16596624000;16534488888;16734488888;10240;10228
3247;16634275000;16534488888;16734488888;10240;10228
3248;16634485000;16534488888;16734488888;10240;10228
3249;16635764000;16534488888;16734488888;10240;10228
3250;16635784000;16534488888;16734488888;10240;10228
3252;16635953000;16534488888;16734488888;10240;10228
3251;16635975000;16534488888;16734488888;10240;10228
3253;16636768000;16534488888;16734488888;10240;10228
3255;16674708000;16534488888;16734488888;10240;10228
3256;16674916000;16576188888;16776188888;10240;10228
3257;16675123000;16576188888;16776188888;10240;10228
3258;16675143000;16576188888;16776188888;10240;10228
3242;16676355000;16492800000;16692800000;10240;10228
3259;16676703000;16576188888;16776188888;10240;10228
3260;16676721000;16576188888;16776188888;10240;10228
3261;16676968000;16576188888;16776188888;10240;10228
3262;16677285000;16576188888;16776188888;10240;10228
3263;16715423000;16576188888;16776188888;10240;10228
3264;16715675000;16576188888;16776188888;10240;10228
3265;16715817000;16576188888;16776188888;10240;10228
3266;16715837000;16576188888;16776188888;10240;10228
3267;16716048000;16617788888;16817788888;10240;10228
3268;16716792000;16617788888;16817788888;10240;10228
3254;16717382000;16534488888;16734488888;10240;10228
3269;16717752000;16617788888;16817788888;10240;10228
3270;16717772000;16617788888;16817788888;10240;10228
3272;16755903000;16617788888;16817788888;10240;10228
3273;16756132000;16617788888;16817788888;10240;10228
3274;16756340000;16617788888;16817788888;10240;10228
3275;16756508000;16617788888;16817788888;10240;10228
3276;16756522000;16617788888;16817788888;10240;10228
3277;16756752000;16617788888;16817788888;10240;10228
3278;16757221000;16659433333;16859433333;10240;10228
3279;16757816000;16659433333;16859433333;10240;10228
3280;16758793000;16659433333;16859433333;10240;10228
3281;16758814000;16659433333;16859433333;10240;10228
3282;16759026000;16659433333;16859433333;10240;10228
3283;16759047000;16659433333;16859433333;10240;10228
3284;16796349000;16659433333;16859433333;10240;10228
3285;16796590000;16659433333;16859433333;10240;10228
3286;16796793000;16659433333;16859433333;10240;10228
3287;16797002000;16659433333;16859433333;10240;10228
3288;16797021000;16659433333;16859433333;10240;10228
3289;16797209000;16701177777;16901177777;10240;10228
3290;16797218000;16701177777;16901177777;10240;10228
3291;16798307000;16701177777;16901177777;10240;10228
3292;16798488000;16701177777;16901177777;10240;10228
3271;16799502000;16617788888;16817788888;10240;10228
3293;16799884000;16701177777;16901177777;10240;10228
3294;16799894000;16701177777;16901177777;10240;10228
3295;16800118000;16701177777;16901177777;10240;10228
3296;16800127000;16701177777;16901177777;10240;10228
3297;16837067000;16701177777;16901177777;10240;10228
3298;16837452000;16701177777;16901177777;10240;10228
3299;16837639000;16701177777;16901177777;10240;10228
3300;16837657000;16742811111;16942811111;10240;10228
3301;16837856000;16742811111;16942811111;10240;10228
3302;16837874000;16742811111;16942811111;10240;10228
3303;16838063000;16742811111;16942811111;10240;10228
3304;16838743000;16742811111;16942811111;10240;10228
3305;16838926000;16742811111;16942811111;10240;10228
3306;16840005000;16742811111;16942811111;10240;10228
3307;16841153000;16742811111;16942811111;10240;10228
3308;16841173000;16742811111;16942811111;10240;10228
3309;16841381000;16742811111;16942811111;10240;10228
3310;16841392000;16742811111;16942811111;10240;10228
3311;16846568000;16784455555;16984455555;10240;10228
3312;16877906000;16784455555;16984455555;10240;10228
3313;16878112000;16784455555;16984455555;10240;10228
3314;16878135000;16784455555;16984455555;10240;10228
3315;16878312000;16784455555;16984455555;10240;10228
3316;16878523000;16784455555;16984455555;10240;10228
3317;16878695000;16784455555;16984455555;10240;10228
3318;16878708000;16784455555;16984455555;10240;10228
3319;16878954000;16784455555;16984455555;10240;10228
3320;16879392000;16784455555;16984455555;10240;10228
3321;16879556000;16784455555;16984455555;10240;10228
3323;16887937000;16826200000;17026200000;10240;10228
3322;16888294000;16826200000;17026200000;10240;10228
3324;16888320000;16826200000;17026200000;10240;10228
3325;16888522000;16826200000;17026200000;10240;10228
3326;16888541000;16826200000;17026200000;10240;10228
3327;16894854000;16826200000;17026200000;10240;10228
3328;16894873000;16826200000;17026200000;10240;10228
3329;16918636000;16826200000;17026200000;10240;10228
3330;16918815000;16826200000;17026200000;10240;10228
3332;16918834000;16826200000;17026200000;10240;10228
3335;16929635000;16867833333;17067833333;10240;10228
3337;16929846000;16867833333;17067833333;10240;10228
3339;16929854000;16867833333;17067833333;10240;10228
3334;16929882000;16867833333;17067833333;10240;10228
3336;16929890000;16867833333;17067833333;10240;10228
3340;16930035000;16867833333;17067833333;10240;10228
3338;16930194000;16867833333;17067833333;10240;10228
3341;16930220000;16867833333;17067833333;10240;10228
3342;16930226000;16867833333;17067833333;10240;10228
3343;16930402000;16867833333;17067833333;10240;10228
3331;16970310000;16826200000;17026200000;10240;10228
3333;16970651000;16867833333;17067833333;10240;10228
3345;16971245000;16909522222;17109522222;10240;10228
3347;16971425000;16909522222;17109522222;10240;10228
3349;16971434000;16909522222;17109522222;10240;10228
3344;16971535000;16909522222;17109522222;10240;10228
3346;16971781000;16909522222;17109522222;10240;10228
3348;16971818000;16909522222;17109522222;10240;10228
3350;16971831000;16909522222;17109522222;10240;10228
3352;16972105000;16909522222;17109522222;10240;10228
3353;17010831000;16909522222;17109522222;10240;10228
3354;17011527000;16909522222;17109522222;10240;10228
3356;17012956000;16951211111;17151211111;10240;10228
3358;17013155000;16951211111;17151211111;10240;10228
3360;17013167000;16951211111;17151211111;10240;10228
3355;17013172000;16951211111;17151211111;10240;10228
3357;17013497000;16951211111;17151211111;10240;10228
3363;17013508000;16951211111;17151211111;10240;10228
3364;17013517000;16951211111;17151211111;10240;10228
3351;17054279000;16909522222;17109522222;10240;10228
3366;17054587000;16992833333;17192833333;10240;10228
3368;17054786000;16992833333;17192833333;10240;10228
3370;17054808000;16992833333;17192833333;10240;10228
3367;17054916000;16992833333;17192833333;10240;10228
3369;17054928000;16992833333;17192833333;10240;10228
3371;17054933000;16992833333;17192833333;10240;10228
3373;17095037000;16992833333;17192833333;10240;10228
3374;17095267000;16992833333;17192833333;10240;10228
3362;17095450000;16951211111;17151211111;10240;10228
3365;17095461000;16951211111;17151211111;10240;10228
3376;17095678000;16992833333;17192833333;10240;10228
3377;17135509000;17034500000;17234500000;10240;10228
3379;17135954000;17034500000;17234500000;10240;10228
3380;17136150000;17034500000;17234500000;10240;10228
3381;17136169000;17034500000;17234500000;10240;10228
3359;17136734000;16951211111;17151211111;10240;10228
3361;17136751000;16951211111;17151211111;10240;10228
3382;17176012000;17034500000;17234500000;10240;10228
3383;17176417000;17034500000;17234500000;10240;10228
3384;17176560000;17034500000;17234500000;10240;10228
3378;17176826000;17034500000;17234500000;10240;10228
3385;17177767000;17034500000;17234500000;10240;10228
3386;17177787000;17034500000;17234500000;10240;10228
3372;17184889000;16992833333;17192833333;10240;10228
3375;17185145000;16992833333;17192833333;10240;10228
3387;17185155000;17034500000;17234500000;10240;10228
3389;17216451000;17076155555;17276155555;10240;10228
3391;17217104000;17076155555;17276155555;10240;10228
3392;17217324000;17076155555;17276155555;10240;10228
3393;17218814000;17076155555;17276155555;10240;10228
3394;17218834000;17076155555;17276155555;10240;10228
3396;17225860000;17076155555;17276155555;10240;10228
3395;17225887000;17076155555;17276155555;10240;10228
3397;17256908000;17076155555;17276155555;10240;10228
3398;17257506000;17076155555;17276155555;10240;10228
3399;17257774000;17117800000;17317800000;10240;10228
3400;17259877000;17117800000;17317800000;10240;10228
3401;17259896000;17117800000;17317800000;10240;10228
3388;17266951000;17076155555;17276155555;10240;10228
3404;17298253000;17117800000;17317800000;10240;10228
3405;17300949000;17117800000;17317800000;10240;10228
3406;17300969000;17117800000;17317800000;10240;10228
3407;17301208000;17117800000;17317800000;10240;10228
3408;17308025000;17117800000;17317800000;10240;10228
3409;17338659000;17117800000;17317800000;10240;10228
3410;17338893000;17159466666;17359466666;10240;10228
3411;17339101000;17159466666;17359466666;10240;10228
3412;17342010000;17159466666;17359466666;10240;10228
3414;17342030000;17159466666;17359466666;10240;10228
3415;17342268000;17159466666;17359466666;10240;10228
3416;17349101000;17159466666;17359466666;10240;10228
3417;17353363000;17159466666;17359466666;10240;10228
3418;17353374000;17159466666;17359466666;10240;10228
3419;17379415000;17159466666;17359466666;10240;10228
3420;17379426000;17159466666;17359466666;10240;10228
3421;17379764000;17201188888;17401188888;10240;10228
3422;17379784000;17201188888;17401188888;10240;10228
3423;17382600000;17201188888;17401188888;10240;10228
3424;17382970000;17201188888;17401188888;10240;10228
3425;17389803000;17201188888;17401188888;10240;10228
3426;17393937000;17201188888;17401188888;10240;10228
3427;17393947000;17201188888;17401188888;10240;10228
3428;17394155000;17201188888;17401188888;10240;10228
3429;17419951000;17201188888;17401188888;10240;10228
3430;17420405000;17201188888;17401188888;10240;10228
3431;17420596000;17201188888;17401188888;10240;10228
3432;17423379000;17242800000;17442800000;10240;10228
3433;17423693000;17242800000;17442800000;10240;10228
3434;17430584000;17242800000;17442800000;10240;10228
3435;17434647000;17242800000;17442800000;10240;10228
3436;17434890000;17242800000;17442800000;10240;10228
3437;17434900000;17242800000;17442800000;10240;10228
3438;17460751000;17242800000;17442800000;10240;10228
3439;17460760000;17242800000;17442800000;10240;10228
3440;17461209000;17242800000;17442800000;10240;10228
3441;17461451000;17242800000;17442800000;10240;10228
3442;17463785000;17242800000;17442800000;10240;10228
3443;17464339000;17284466666;17484466666;10240;10228
3445;17475264000;17284466666;17484466666;10240;10228
3446;17475288000;17284466666;17484466666;10240;10228
3447;17475505000;17284466666;17484466666;10240;10228
3448;17475522000;17284466666;17484466666;10240;10228
3449;17475770000;17284466666;17484466666;10240;10228
3450;17475780000;17284466666;17484466666;10240;10228
3451;17501885000;17284466666;17484466666;10240;10228
3452;17504618000;17284466666;17484466666;10240;10228
3453;17504712000;17284466666;17484466666;10240;10228
3444;17515787000;17284466666;17484466666;10240;10228
3454;17516063000;17326177777;17526177777;10240;10228
3455;17516274000;17326177777;17526177777;10240;10228
3456;17516291000;17326177777;17526177777;10240;10228
3459;17516487000;17326177777;17526177777;10240;10228
3457;17516527000;17326177777;17526177777;10240;10228
3458;17516565000;17326177777;17526177777;10240;10228
3460;17516696000;17326177777;17526177777;10240;10228
3461;17542708000;17326177777;17526177777;10240;10228
3462;17545092000;17326177777;17526177777;10240;10228
3463;17545478000;17326177777;17526177777;10240;10228
3464;17556771000;17326177777;17526177777;10240;10228
3466;17556961000;17367788888;17567788888;10240;10228
3470;17557160000;17367788888;17567788888;10240;10228
3465;17557260000;17367788888;17567788888;10240;10228
3467;17557286000;17367788888;17567788888;10240;10228
3468;17557510000;17367788888;17567788888;10240;10228
3469;17557557000;17367788888;17567788888;10240;10228
3473;17561892000;17367788888;17567788888;10240;10228
3474;17562090000;17367788888;17567788888;10240;10228
3475;17585789000;17367788888;17567788888;10240;10228
3477;17597632000;17409433333;17609433333;10240;10228
3479;17597840000;17409433333;17609433333;10240;10228
3480;17597855000;17409433333;17609433333;10240;10228
3471;17601952000;17367788888;17567788888;10240;10228
3472;17602151000;17367788888;17567788888;10240;10228
3481;17602532000;17409433333;17609433333;10240;10228
3476;17602541000;17409433333;17609433333;10240;10228
3478;17602741000;17409433333;17609433333;10240;10228
3482;17602765000;17409433333;17609433333;10240;10228
3483;17602775000;17409433333;17609433333;10240;10228
3485;17626488000;17409433333;17609433333;10240;10228
3487;17638112000;17451188888;17651188888;10240;10228
3489;17638324000;17451188888;17651188888;10240;10228
3486;17638336000;17409433333;17609433333;10240;10228
3488;17638618000;17451188888;17651188888;10240;10228
3490;17638629000;17451188888;17651188888;10240;10228
3484;17643102000;17409433333;17609433333;10240;10228
3491;17643343000;17451188888;17651188888;10240;10228
3492;17643542000;17451188888;17651188888;10240;10228
3493;17643552000;17451188888;17651188888;10240;10228
3494;17643816000;17451188888;17651188888;10240;10228
3495;17667312000;17451188888;17651188888;10240;10228
3499;17678766000;17492811111;17692811111;10240;10228
3496;17678917000;17451188888;17651188888;10240;10228
3498;17679176000;17492811111;17692811111;10240;10228
3500;17679313000;17492811111;17692811111;10240;10228
3497;17683714000;17451188888;17651188888;10240;10228
3501;17684222000;17492811111;17692811111;10240;10228
3502;17684245000;17492811111;17692811111;10240;10228
3503;17684463000;17492811111;17692811111;10240;10228
3504;17684469000;17492811111;17692811111;10240;10228
3505;17707856000;17492811111;17692811111;10240;10228
3507;17719221000;17492811111;17692811111;10240;10228
3506;17719553000;17492811111;17692811111;10240;10228
3509;17719575000;17534477777;17734477777;10240;10228
3510;17720102000;17534477777;17734477777;10240;10228
3508;17724736000;17492811111;17692811111;10240;10228
3511;17724763000;17534477777;17734477777;10240;10228
3513;17724914000;17534477777;17734477777;10240;10228
3512;17724990000;17534477777;17734477777;10240;10228
3514;17725133000;17534477777;17734477777;10240;10228
3515;17748641000;17534477777;17734477777;10240;10228
3516;17759694000;17534477777;17734477777;10240;10228
3517;17760043000;17534477777;17734477777;10240;10228
3518;17760510000;17534477777;17734477777;10240;10228
3519;17760553000;17534477777;17734477777;10240;10228
3523;17765372000;17576177777;17776177777;10240;10228
3521;17765496000;17576177777;17776177777;10240;10228
3524;17765558000;17576177777;17776177777;10240;10228
3527;17770504000;17576177777;17776177777;10240;10228
3520;17770523000;17576177777;17776177777;10240;10228
3528;17770702000;17576177777;17776177777;10240;10228
3522;17770712000;17576177777;17776177777;10240;10228
3529;17800466000;17576177777;17776177777;10240;10228
3530;17805772000;17576177777;17776177777;10240;10228
3532;17805982000;17617811111;17817811111;10240;10228
3531;17806214000;17617811111;17817811111;10240;10228
3533;17806221000;17617811111;17817811111;10240;10228
3534;17806423000;17617811111;17817811111;10240;10228
3525;17810595000;17576177777;17776177777;10240;10228
3526;17810788000;17576177777;17776177777;10240;10228
3535;17811314000;17617811111;17817811111;10240;10228
3536;17811335000;17617811111;17817811111;10240;10228
3537;17811525000;17617811111;17817811111;10240;10228
3538;17811533000;17617811111;17817811111;10240;10228
3539;17841019000;17617811111;17817811111;10240;10228
3541;17846358000;17617811111;17817811111;10240;10228
3542;17846793000;17659433333;17859433333;10240;10228
3543;17847044000;17659433333;17859433333;10240;10228
3540;17851609000;17617811111;17817811111;10240;10228
3544;17851731000;17659433333;17859433333;10240;10228
3545;17851741000;17659433333;17859433333;10240;10228
3546;17851971000;17659433333;17859433333;10240;10228
3547;17851978000;17659433333;17859433333;10240;10228
3549;17881815000;17659433333;17859433333;10240;10228
3550;17886816000;17659433333;17859433333;10240;10228
3551;17887224000;17659433333;17859433333;10240;10228
3552;17887244000;17659433333;17859433333;10240;10228
3553;17887739000;17701166666;17901166666;10240;10228
3554;17892464000;17701166666;17901166666;10240;10228
3555;17892720000;17701166666;17901166666;10240;10228
3556;17892731000;17701166666;17901166666;10240;10228
3557;17892969000;17701166666;17901166666;10240;10228
3559;17927294000;17701166666;17901166666;10240;10228
3560;17927492000;17701166666;17901166666;10240;10228
3558;17927633000;17701166666;17901166666;10240;10228
3561;17927697000;17701166666;17901166666;10240;10228
3562;17928030000;17701166666;17901166666;10240;10228
3563;17928412000;17701166666;17901166666;10240;10228
3564;17933196000;17742800000;17942800000;10240;10228
3565;17933393000;17742800000;17942800000;10240;10228
3566;17933399000;17742800000;17942800000;10240;10228
3567;17933666000;17742800000;17942800000;10240;10228
3569;17967730000;17742800000;17942800000;10240;10228
3568;17968076000;17742800000;17942800000;10240;10228
3570;17968329000;17742800000;17942800000;10240;10228
3571;17968568000;17742800000;17942800000;10240;10228
3572;17968697000;17742800000;17942800000;10240;10228
3574;17974103000;17742800000;17942800000;10240;10228
3575;17974346000;17784455555;17984455555;10240;10228
3576;17974367000;17784455555;17984455555;10240;10228
3577;17974683000;17784455555;17984455555;10240;10228
3573;17978884000;17742800000;17942800000;10240;10228
3578;17978911000;17784455555;17984455555;10240;10228
3579;17979130000;17784455555;17984455555;10240;10228
3580;17979137000;17784455555;17984455555;10240;10228
3582;18008551000;17784455555;17984455555;10240;10228
3583;18009522000;17784455555;17984455555;10240;10228
3585;18014769000;17784455555;17984455555;10240;10228
3586;18014978000;17826177777;18026177777;10240;10228
3584;18015155000;17784455555;17984455555;10240;10228
3581;18019436000;17784455555;17984455555;10240;10228
3587;18019543000;17826177777;18026177777;10240;10228
3588;18019816000;17826177777;18026177777;10240;10228
3589;18019827000;17826177777;18026177777;10240;10228
3590;18020056000;17826177777;18026177777;10240;10228
3591;18020062000;17826177777;18026177777;10240;10228
3592;18049175000;17826177777;18026177777;10240;10228
3593;18050195000;17826177777;18026177777;10240;10228
3594;18055234000;17826177777;18026177777;10240;10228
3595;18055629000;17826177777;18026177777;10240;10228
3596;18055640000;17826177777;18026177777;10240;10228
3597;18060401000;17867811111;18067811111;10240;10228
3598;18060636000;17867811111;18067811111;10240;10228
3599;18060648000;17867811111;18067811111;10240;10228
3600;18060892000;17867811111;18067811111;10240;10228
3602;18089981000;17867811111;18067811111;10240;10228
3603;18090957000;17867811111;18067811111;10240;10228
3604;18096027000;17867811111;18067811111;10240;10228
3605;18096168000;17867811111;18067811111;10240;10228
3606;18096369000;17867811111;18067811111;10240;10228
3601;18100800000;17867811111;18067811111;10240;10228
3607;18101054000;17867811111;18067811111;10240;10228
3608;18101067000;17909477777;18109477777;10240;10228
3609;18101276000;17909477777;18109477777;10240;10228
3610;18101289000;17909477777;18109477777;10240;10228
3612;18130481000;17909477777;18109477777;10240;10228
3611;18130834000;17909477777;18109477777;10240;10228
3613;18131653000;17909477777;18109477777;10240;10228
3615;18136639000;17909477777;18109477777;10240;10228
3614;18136986000;17909477777;18109477777;10240;10228
3616;18137240000;17909477777;18109477777;10240;10228
3617;18141738000;17909477777;18109477777;10240;10228
3618;18142000000;17909477777;18109477777;10240;10228
3619;18142014000;17951166666;18151166666;10240;10228
3620;18142255000;17951166666;18151166666;10240;10228
3621;18171288000;17951166666;18151166666;10240;10228
3623;18172445000;17951166666;18151166666;10240;10228
3625;18177465000;17951166666;18151166666;10240;10228
3626;18177708000;17951166666;18151166666;10240;10228
3624;18182260000;17951166666;18151166666;10240;10228
3627;18182484000;17951166666;18151166666;10240;10228
3628;18182501000;17951166666;18151166666;10240;10228
3629;18182736000;17951166666;18151166666;10240;10228
3630;18182749000;17992788888;18192788888;10240;10228
3631;18211789000;17992788888;18192788888;10240;10228
3633;18213148000;17992788888;18192788888;10240;10228
3632;18213488000;17992788888;18192788888;10240;10228
3635;18218177000;17992788888;18192788888;10240;10228
3634;18218526000;17992788888;18192788888;10240;10228
3638;18223348000;17992788888;18192788888;10240;10228
3639;18223620000;17992788888;18192788888;10240;10228
3640;18223638000;17992788888;18192788888;10240;10228
3636;18227962000;17992788888;18192788888;10240;10228
3637;18228136000;17992788888;18192788888;10240;10228
3641;18228348000;18034477777;18234477777;10240;10228
3642;18228581000;18034477777;18234477777;10240;10228
3643;18228601000;18034477777;18234477777;10240;10228
3644;18228848000;18034477777;18234477777;10240;10228
3645;18252583000;18034477777;18234477777;10240;10228
3646;18253939000;18034477777;18234477777;10240;10228
3647;18258962000;18034477777;18234477777;10240;10228
3649;18264321000;18034477777;18234477777;10240;10228
3650;18264526000;18034477777;18234477777;10240;10228
3648;18268821000;18034477777;18234477777;10240;10228
3651;18269085000;18034477777;18234477777;10240;10228
3652;18269341000;18076222222;18276222222;10240;10228
3653;18269349000;18076222222;18276222222;10240;10228
3655;18293008000;18076222222;18276222222;10240;10228
3657;18299635000;18076222222;18276222222;10240;10228
3658;18305118000;18076222222;18276222222;10240;10228
3659;18305129000;18076222222;18276222222;10240;10228
3660;18305396000;18076222222;18276222222;10240;10228
3654;18309557000;18076222222;18276222222;10240;10228
3656;18309596000;18076222222;18276222222;10240;10228
3661;18309757000;18076222222;18276222222;10240;10228
3662;18309781000;18076222222;18276222222;10240;10228
3663;18310056000;18117800000;18317800000;10240;10228
3664;18310068000;18117800000;18317800000;10240;10228
3665;18333851000;18117800000;18317800000;10240;10228
3668;18345849000;18117800000;18317800000;10240;10228
3669;18346074000;18117800000;18317800000;10240;10228
3666;18346174000;18117800000;18317800000;10240;10228
3667;18346202000;18117800000;18317800000;10240;10228
3670;18350564000;18117800000;18317800000;10240;10228
3671;18350587000;18117800000;18317800000;10240;10228
3672;18350863000;18117800000;18317800000;10240;10228
3673;18350888000;18117800000;18317800000;10240;10228
3674;18351088000;18159444444;18359444444;10240;10228
3675;18383347000;18159444444;18359444444;10240;10228
3677;18386343000;18159444444;18359444444;10240;10228
3678;18386560000;18159444444;18359444444;10240;10228
3676;18386687000;18159444444;18359444444;10240;10228
3679;18386928000;18159444444;18359444444;10240;10228
3680;18391342000;18159444444;18359444444;10240;10228
3684;18391493000;18159444444;18359444444;10240;10228
3681;18391570000;18159444444;18359444444;10240;10228
3682;18391593000;18159444444;18359444444;10240;10228
3685;18391752000;18201177777;18401177777;10240;10228
3686;18391772000;18201177777;18401177777;10240;10228
3683;18391852000;18159444444;18359444444;10240;10228
3688;18391924000;18201177777;18401177777;10240;10228
3690;18426794000;18201177777;18401177777;10240;10228
3689;18427157000;18201177777;18401177777;10240;10228
3691;18427177000;18201177777;18401177777;10240;10228
3692;18427401000;18201177777;18401177777;10240;10228
3693;18427410000;18201177777;18401177777;10240;10228
3698;18432169000;18242755555;18442755555;10240;10228
3694;18432327000;18201177777;18401177777;10240;10228
3695;18432336000;18201177777;18401177777;10240;10228
3700;18432343000;18242755555;18442755555;10240;10228
3696;18432610000;18242755555;18442755555;10240;10228
3697;18432630000;18242755555;18442755555;10240;10228
3699;18437124000;18242755555;18442755555;10240;10228
3701;18437343000;18242755555;18442755555;10240;10228
3702;18437586000;18242755555;18442755555;10240;10228
3703;18467218000;18242755555;18442755555;10240;10228
3704;18467602000;18242755555;18442755555;10240;10228
3705;18467629000;18242755555;18442755555;10240;10228
3706;18468004000;18242755555;18442755555;10240;10228
3707;18472636000;18284455555;18484455555;10240;10228
3710;18472851000;18284455555;18484455555;10240;10228
3711;18472878000;18284455555;18484455555;10240;10228
3708;18473005000;18284455555;18484455555;10240;10228
3709;18473028000;18284455555;18484455555;10240;10228
3713;18473034000;18284455555;18484455555;10240;10228
3712;18473243000;18284455555;18484455555;10240;10228
3714;18473263000;18284455555;18484455555;10240;10228
3715;18473497000;18284455555;18484455555;10240;10228
3716;18478245000;18284455555;18484455555;10240;10228
3717;18507891000;18284455555;18484455555;10240;10228
3718;18508228000;18326155555;18526155555;10240;10228
3719;18508426000;18326155555;18526155555;10240;10228
3720;18508830000;18326155555;18526155555;10240;10228
3721;18508849000;18326155555;18526155555;10240;10228
3723;18513345000;18326155555;18526155555;10240;10228
3724;18513566000;18326155555;18526155555;10240;10228
3727;18513576000;18326155555;18526155555;10240;10228
3722;18513683000;18326155555;18526155555;10240;10228
3725;18513710000;18326155555;18526155555;10240;10228
3726;18513930000;18326155555;18526155555;10240;10228
3728;18513956000;18326155555;18526155555;10240;10228
3729;18513961000;18367777777;18567777777;10240;10228
3731;18518644000;18367777777;18567777777;10240;10228
3732;18518890000;18367777777;18567777777;10240;10228
3733;18518910000;18367777777;18567777777;10240;10228
3734;18549052000;18367777777;18567777777;10240;10228
3735;18549072000;18367777777;18567777777;10240;10228
3737;18549555000;18367777777;18567777777;10240;10228
3736;18549863000;18367777777;18567777777;10240;10228
3739;18553736000;18367777777;18567777777;10240;10228
3740;18553947000;18409433333;18609433333;10240;10228
3738;18554122000;18367777777;18567777777;10240;10228
3744;18554132000;18409433333;18609433333;10240;10228
3741;18554364000;18409433333;18609433333;10240;10228
3743;18554371000;18409433333;18609433333;10240;10228
3745;18554375000;18409433333;18609433333;10240;10228
3746;18554549000;18409433333;18609433333;10240;10228
3747;18554784000;18409433333;18609433333;10240;10228
3730;18558876000;18367777777;18567777777;10240;10228
3748;18559121000;18409433333;18609433333;10240;10228
3749;18559133000;18409433333;18609433333;10240;10228
3750;18559362000;18409433333;18609433333;10240;10228
3751;18559368000;18451166666;18651166666;10240;10228
3752;18559635000;18451166666;18651166666;10240;10228
3755;18590042000;18451166666;18651166666;10240;10228
3753;18590058000;18451166666;18651166666;10240;10228
3754;18590308000;18451166666;18651166666;10240;10228
3758;18594619000;18451166666;18651166666;10240;10228
3761;18594917000;18451166666;18651166666;10240;10228
3759;18595162000;18451166666;18651166666;10240;10228
3762;18595172000;18492788888;18692788888;10240;10228
3760;18595177000;18451166666;18651166666;10240;10228
3763;18595289000;18492788888;18692788888;10240;10228
3742;18595501000;18409433333;18609433333;10240;10228
3764;18599966000;18492788888;18692788888;10240;10228
3765;18600210000;18492788888;18692788888;10240;10228
3766;18600231000;18492788888;18692788888;10240;10228
3767;18600456000;18492788888;18692788888;10240;10228
3768;18600716000;18492788888;18692788888;10240;10228
3769;18631080000;18492788888;18692788888;10240;10228
3770;18631343000;18492788888;18692788888;10240;10228
3771;18635082000;18492788888;18692788888;10240;10228
3772;18635566000;18492788888;18692788888;10240;10228
3774;18635820000;18534466666;18734466666;10240;10228
3756;18635973000;18451166666;18651166666;10240;10228
3757;18635983000;18451166666;18651166666;10240;10228
3775;18636508000;18534466666;18734466666;10240;10228
3776;18641002000;18534466666;18734466666;10240;10228
3777;18641011000;18534466666;18734466666;10240;10228
3778;18641246000;18534466666;18734466666;10240;10228
3779;18641265000;18534466666;18734466666;10240;10228
3780;18641493000;18534466666;18734466666;10240;10228
3781;18641749000;18534466666;18734466666;10240;10228
3782;18672098000;18534466666;18734466666;10240;10228
3783;18672117000;18534466666;18734466666;10240;10228
3784;18675565000;18576166666;18776166666;10240;10228
3785;18676283000;18576166666;18776166666;10240;10228
3786;18676485000;18576166666;18776166666;10240;10228
3787;18677015000;18576166666;18776166666;10240;10228
3788;18677034000;18576166666;18776166666;10240;10228
3789;18677510000;18576166666;18776166666;10240;10228
3790;18682039000;18576166666;18776166666;10240;10228
3791;18682060000;18576166666;18776166666;10240;10228
3792;18682283000;18576166666;18776166666;10240;10228
3793;18682305000;18576166666;18776166666;10240;10228
3794;18682531000;18576166666;18776166666;10240;10228
3795;18682551000;18617788888;18817788888;10240;10228
3796;18682790000;18617788888;18817788888;10240;10228
3797;18682800000;18617788888;18817788888;10240;10228
3798;18712946000;18617788888;18817788888;10240;10228
3799;18716020000;18617788888;18817788888;10240;10228
3800;18716773000;18617788888;18817788888;10240;10228
3773;18717093000;18534466666;18734466666;10240;10228
3803;18718060000;18617788888;18817788888;10240;10228
3804;18718495000;18617788888;18817788888;10240;10228
3805;18722981000;18617788888;18817788888;10240;10228
3806;18723226000;18659422222;18859422222;10240;10228
3807;18723237000;18659422222;18859422222;10240;10228
3808;18723473000;18659422222;18859422222;10240;10228
3812;18723812000;18659422222;18859422222;10240;10228
3813;18723832000;18659422222;18859422222;10240;10228
3814;18753987000;18659422222;18859422222;10240;10228
3816;18757164000;18659422222;18859422222;10240;10228
3817;18763218000;18701188888;18901188888;10240;10228
3818;18763240000;18701188888;18901188888;10240;10228
3819;18763460000;18701188888;18901188888;10240;10228
3820;18764014000;18701188888;18901188888;10240;10228
3821;18764023000;18701188888;18901188888;10240;10228
3822;18764257000;18701188888;18901188888;10240;10228
3823;18764275000;18701188888;18901188888;10240;10228
3824;18764803000;18701188888;18901188888;10240;10228
3825;18764812000;18701188888;18901188888;10240;10228
3809;18794928000;18659422222;18859422222;10240;10228
3810;18794936000;18659422222;18859422222;10240;10228
3811;18795154000;18659422222;18859422222;10240;10228
3827;18804914000;18701188888;18901188888;10240;10228
3828;18805261000;18742822222;18942822222;10240;10228
3830;18805831000;18742822222;18942822222;10240;10228
3831;18805840000;18742822222;18942822222;10240;10228
3832;18806079000;18742822222;18942822222;10240;10228
3834;18835460000;18742822222;18942822222;10240;10228
3835;18835671000;18742822222;18942822222;10240;10228
3833;18835806000;18742822222;18942822222;10240;10228
3838;18845827000;18742822222;18942822222;10240;10228
3839;18846521000;18784477777;18984477777;10240;10228
3829;18847087000;18742822222;18942822222;10240;10228
3842;18875949000;18784477777;18984477777;10240;10228
3843;18876169000;18784477777;18984477777;10240;10228
3844;18876188000;18784477777;18984477777;10240;10228
3845;18887538000;18784477777;18984477777;10240;10228
3846;18888098000;18784477777;18984477777;10240;10228
3847;18894094000;18784477777;18984477777;10240;10228
3826;18894433000;18701188888;18901188888;10240;10228
3848;18916416000;18784477777;18984477777;10240;10228
3849;18916597000;18784477777;18984477777;10240;10228
3850;18928241000;18826200000;19026200000;10240;10228
3836;18928620000;18742822222;18942822222;10240;10228
3837;18928638000;18742822222;18942822222;10240;10228
3851;18934676000;18826200000;19026200000;10240;10228
3852;18956838000;18826200000;19026200000;10240;10228
3853;18957056000;18826200000;19026200000;10240;10228
3854;18968697000;18826200000;19026200000;10240;10228
3855;18969612000;18826200000;19026200000;10240;10228
3856;18969623000;18826200000;19026200000;10240;10228
3857;18975083000;18826200000;19026200000;10240;10228
3840;18975446000;18784477777;18984477777;10240;10228
3841;18975663000;18784477777;18984477777;10240;10228
3858;18975857000;18826200000;19026200000;10240;10228
3859;18975875000;18826200000;19026200000;10240;10228
3860;18997232000;18826200000;19026200000;10240;10228
3861;18997454000;18867800000;19067800000;10240;10228
3862;19010293000;18867800000;19067800000;10240;10228
3863;19010647000;18867800000;19067800000;10240;10228
3864;19010657000;18867800000;19067800000;10240;10228
3865;19015579000;18867800000;19067800000;10240;10228
3866;19016897000;18867800000;19067800000;10240;10228
3867;19016917000;18867800000;19067800000;10240;10228
3868;19037685000;18867800000;19067800000;10240;10228
3869;19037899000;18867800000;19067800000;10240;10228
3870;19043560000;18867800000;19067800000;10240;10228
3872;19051365000;18909466666;19109466666;10240;10228
3871;19051610000;18867800000;19067800000;10240;10228
3873;19051848000;18909466666;19109466666;10240;10228
3874;19056372000;18909466666;19109466666;10240;10228
3876;19057936000;18909466666;19109466666;10240;10228
3877;19057959000;18909466666;19109466666;10240;10228
3878;19078346000;18909466666;19109466666;10240;10228
3879;19078562000;18909466666;19109466666;10240;10228
3880;19078583000;18909466666;19109466666;10240;10228
3881;19089287000;18909466666;19109466666;10240;10228
3883;19091819000;18951155555;19151155555;10240;10228
3882;19092070000;18909466666;19109466666;10240;10228
3884;19097420000;18951155555;19151155555;10240;10228
3885;19097432000;18951155555;19151155555;10240;10228
3886;19097662000;18951155555;19151155555;10240;10228
3887;19097673000;18951155555;19151155555;10240;10228
3888;19099017000;18951155555;19151155555;10240;10228
3889;19099037000;18951155555;19151155555;10240;10228
3890;19102620000;18951155555;19151155555;10240;10228
3891;19102800000;18951155555;19151155555;10240;10228
3892;19102814000;18951155555;19151155555;10240;10228
3875;19102908000;18909466666;19109466666;10240;10228
3893;19103005000;18951155555;19151155555;10240;10228
3894;19132343000;18992777777;19192777777;10240;10228
3896;19138439000;18992777777;19192777777;10240;10228
3897;19138450000;18992777777;19192777777;10240;10228
3898;19140050000;18992777777;19192777777;10240;10228
3899;19140069000;18992777777;19192777777;10240;10228
3900;19140292000;18992777777;19192777777;10240;10228
3901;19140312000;18992777777;19192777777;10240;10228
3902;19140553000;18992777777;19192777777;10240;10228
3903;19143090000;18992777777;19192777777;10240;10228
3904;19143282000;18992777777;19192777777;10240;10228
3905;19143495000;19034433333;19234433333;10240;10228
3906;19143534000;19034433333;19234433333;10240;10228
3908;19179137000;19034433333;19234433333;10240;10228
3907;19179471000;19034433333;19234433333;10240;10228
3910;19181079000;19034433333;19234433333;10240;10228
3911;19181089000;19034433333;19234433333;10240;10228
3912;19181320000;19034433333;19234433333;10240;10228
3913;19181338000;19034433333;19234433333;10240;10228
3914;19181563000;19034433333;19234433333;10240;10228
3915;19181572000;19034433333;19234433333;10240;10228
3916;19181825000;19076200000;19276200000;10240;10228
3918;19183718000;19076200000;19276200000;10240;10228
3919;19183930000;19076200000;19276200000;10240;10228
3920;19183945000;19076200000;19276200000;10240;10228
3921;19184149000;19076200000;19276200000;10240;10228
3895;19184160000;18992777777;19192777777;10240;10228
3922;19219649000;19076200000;19276200000;10240;10228
3923;19220491000;19076200000;19276200000;10240;10228
3924;19222112000;19076200000;19276200000;10240;10228
3925;19222134000;19076200000;19276200000;10240;10228
3909;19222363000;19034433333;19234433333;10240;10228
3927;19224190000;19117822222;19317822222;10240;10228
3929;19224398000;19117822222;19317822222;10240;10228
3926;19224410000;19076200000;19276200000;10240;10228
3917;19224594000;19076200000;19276200000;10240;10228
3928;19224694000;19117822222;19317822222;10240;10228
3931;19260083000;19117822222;19317822222;10240;10228
3932;19261522000;19117822222;19317822222;10240;10228
3933;19263154000;19117822222;19317822222;10240;10228
3934;19263163000;19117822222;19317822222;10240;10228
3935;19263395000;19117822222;19317822222;10240;10228
3936;19263404000;19117822222;19317822222;10240;10228
3937;19264592000;19117822222;19317822222;10240;10228
3938;19264819000;19159422222;19359422222;10240;10228
3939;19265035000;19159422222;19359422222;10240;10228
3940;19265671000;19159422222;19359422222;10240;10228
3941;19300547000;19159422222;19359422222;10240;10228
3942;19302552000;19159422222;19359422222;10240;10228
3943;19304187000;19159422222;19359422222;10240;10228
3945;19304207000;19159422222;19359422222;10240;10228
3946;19304430000;19159422222;19359422222;10240;10228
3947;19304443000;19159422222;19359422222;10240;10228
3948;19304686000;19159422222;19359422222;10240;10228
3949;19305060000;19201177777;19401177777;10240;10228
3950;19305480000;19201177777;19401177777;10240;10228
3930;19305588000;19117822222;19317822222;10240;10228
3951;19305693000;19201177777;19401177777;10240;10228
3952;19341016000;19201177777;19401177777;10240;10228
3953;19343586000;19201177777;19401177777;10240;10228
3954;19345230000;19201177777;19401177777;10240;10228
3955;19345250000;19201177777;19401177777;10240;10228
3956;19345475000;19201177777;19401177777;10240;10228
3944;19345491000;19159422222;19359422222;10240;10228
3957;19345498000;19201177777;19401177777;10240;10228
3959;19346059000;19201177777;19401177777;10240;10228
3960;19346255000;19242777777;19442777777;10240;10228
3961;19381483000;19242777777;19442777777;10240;10228
3962;19384631000;19242777777;19442777777;10240;10228
3963;19386284000;19242777777;19442777777;10240;10228
3964;19386293000;19242777777;19442777777;10240;10228
3968;19386539000;19242777777;19442777777;10240;10228
3965;19386558000;19242777777;19442777777;10240;10228
3966;19386566000;19242777777;19442777777;10240;10228
3969;19386714000;19242777777;19442777777;10240;10228
3970;19386729000;19242777777;19442777777;10240;10228
3967;19386748000;19242777777;19442777777;10240;10228
3971;19392338000;19284455555;19484455555;10240;10228
3958;19392674000;19201177777;19401177777;10240;10228
3972;19421997000;19284455555;19484455555;10240;10228
3973;19425677000;19284455555;19484455555;10240;10228
3976;19426982000;19284455555;19484455555;10240;10228
3977;19427239000;19284455555;19484455555;10240;10228
3974;19427326000;19284455555;19484455555;10240;10228
3975;19427334000;19284455555;19484455555;10240;10228
3981;19427447000;19284455555;19484455555;10240;10228
3978;19427605000;19284455555;19484455555;10240;10228
3979;19427855000;19284455555;19484455555;10240;10228
3980;19427866000;19284455555;19484455555;10240;10228
3982;19427871000;19326211111;19526211111;10240;10228
3983;19432844000;19326211111;19526211111;10240;10228
3985;19466361000;19326211111;19526211111;10240;10228
3984;19466703000;19326211111;19526211111;10240;10228
3987;19467455000;19326211111;19526211111;10240;10228
3988;19467675000;19326211111;19526211111;10240;10228
3989;19467888000;19326211111;19526211111;10240;10228
3990;19468225000;19326211111;19526211111;10240;10228
3991;19468233000;19326211111;19526211111;10240;10228
3992;19468466000;19326211111;19526211111;10240;10228
3994;19468846000;19367788888;19567788888;10240;10228
3996;19473837000;19367788888;19567788888;10240;10228
3998;19506817000;19367788888;19567788888;10240;10228
4000;19507914000;19367788888;19567788888;10240;10228
4001;19508113000;19367788888;19567788888;10240;10228
3986;19508641000;19326211111;19526211111;10240;10228
4002;19509274000;19367788888;19567788888;10240;10228
4003;19509295000;19367788888;19567788888;10240;10228
4004;19509851000;19409444444;19609444444;10240;10228
4005;19514880000;19409444444;19609444444;10240;10228
4007;19548585000;19409444444;19609444444;10240;10228
3997;19548930000;19367788888;19567788888;10240;10228
4009;19549677000;19409444444;19609444444;10240;10228
3993;19550298000;19367788888;19567788888;10240;10228
3995;19550307000;19367788888;19567788888;10240;10228
3999;19550874000;19367788888;19567788888;10240;10228
4010;19589054000;19409444444;19609444444;10240;10228
4011;19590717000;19409444444;19609444444;10240;10228
4012;19591319000;19409444444;19609444444;10240;10228
4013;19591329000;19409444444;19609444444;10240;10228
4014;19591562000;19409444444;19609444444;10240;10228
4015;19591902000;19451177777;19651177777;10240;10228
4006;19601193000;19409444444;19609444444;10240;10228
4008;19601202000;19409444444;19609444444;10240;10228
4016;19601434000;19451177777;19651177777;10240;10228
4017;19629841000;19451177777;19651177777;10240;10228
4018;19629860000;19451177777;19651177777;10240;10228
4019;19630096000;19451177777;19651177777;10240;10228
4021;19631952000;19451177777;19651177777;10240;10228
4022;19632166000;19451177777;19651177777;10240;10228
4023;19632350000;19451177777;19651177777;10240;10228
4024;19632914000;19451177777;19651177777;10240;10228
4020;19641948000;19451177777;19651177777;10240;10228
4025;19642439000;19451177777;19651177777;10240;10228
4026;19648705000;19492788888;19692788888;10240;10228
4027;19670456000;19492788888;19692788888;10240;10228
4028;19670665000;19492788888;19692788888;10240;10228
4029;19672089000;19492788888;19692788888;10240;10228
4030;19672713000;19492788888;19692788888;10240;10228
4034;19673619000;19492788888;19692788888;10240;10228
4035;19673809000;19492788888;19692788888;10240;10228
4036;19682483000;19492788888;19692788888;10240;10228
4037;19699253000;19534466666;19734466666;10240;10228
4038;19711130000;19534466666;19734466666;10240;10228
4039;19711330000;19534466666;19734466666;10240;10228
4040;19713393000;19534466666;19734466666;10240;10228
4041;19713743000;19534466666;19734466666;10240;10228
4042;19714079000;19534466666;19734466666;10240;10228
4045;19714276000;19534466666;19734466666;10240;10228
4047;19714287000;19534466666;19734466666;10240;10228
4043;19714428000;19534466666;19734466666;10240;10228
4044;19714434000;19534466666;19734466666;10240;10228
4046;19714644000;19534466666;19734466666;10240;10228
4048;19723539000;19576155555;19776155555;10240;10228
4049;19728647000;19576155555;19776155555;10240;10228
4050;19728661000;19576155555;19776155555;10240;10228
4051;19728886000;19576155555;19776155555;10240;10228
4053;19754193000;19576155555;19776155555;10240;10228
4054;19754435000;19576155555;19776155555;10240;10228
4057;19754706000;19576155555;19776155555;10240;10228
4055;19754810000;19576155555;19776155555;10240;10228
4058;19754898000;19576155555;19776155555;10240;10228
4060;19754909000;19617788888;19817788888;10240;10228
4056;19755065000;19576155555;19776155555;10240;10228
4059;19755072000;19617788888;19817788888;10240;10228
4052;19768719000;19576155555;19776155555;10240;10228
4062;19768838000;19617788888;19817788888;10240;10228
4064;19769328000;19617788888;19817788888;10240;10228
4065;19769873000;19617788888;19817788888;10240;10228
4066;19794942000;19617788888;19817788888;10240;10228
4067;19795102000;19617788888;19817788888;10240;10228
4068;19795235000;19617788888;19817788888;10240;10228
4069;19795247000;19617788888;19817788888;10240;10228
4070;19795253000;19659433333;19859433333;10240;10228
4072;19795259000;19659433333;19859433333;10240;10228
4074;19795508000;19659433333;19859433333;10240;10228
4071;19795528000;19659433333;19859433333;10240;10228
4073;19795550000;19659433333;19859433333;10240;10228
4061;19809390000;19617788888;19817788888;10240;10228
4076;19809689000;19659433333;19859433333;10240;10228
4063;19809699000;19617788888;19817788888;10240;10228
4078;19810503000;19659433333;19859433333;10240;10228
4077;19810592000;19659433333;19859433333;10240;10228
4079;19835533000;19659433333;19859433333;10240;10228
4083;19835775000;19701144444;19901144444;10240;10228
4080;19835791000;19659433333;19859433333;10240;10228
4084;19835968000;19701144444;19901144444;10240;10228
4085;19835984000;19701144444;19901144444;10240;10228
4081;19836002000;19701144444;19901144444;10240;10228
4082;19836012000;19701144444;19901144444;10240;10228
4086;19836152000;19701144444;19901144444;10240;10228
4087;19836361000;19701144444;19901144444;10240;10228
4088;19836371000;19701144444;19901144444;10240;10228
4089;19836475000;19701144444;19901144444;10240;10228
4090;19836771000;19701144444;19901144444;10240;10228
4075;19850025000;19659433333;19859433333;10240;10228
4091;19850397000;19701144444;19901144444;10240;10228
4092;19850648000;19742800000;19942800000;10240;10228
4093;19851274000;19742800000;19942800000;10240;10228
4096;19876207000;19742800000;19942800000;10240;10228
4095;19876289000;19742800000;19942800000;10240;10228
4099;19876418000;19742800000;19942800000;10240;10228
4103;19876800000;19784455555;19984455555;10240;10228
4100;19876812000;19742800000;19942800000;10240;10228
4101;19876823000;19742800000;19942800000;10240;10228
4104;19877005000;19784455555;19984455555;10240;10228
4105;19877015000;19784455555;19984455555;10240;10228
4106;19877467000;19784455555;19984455555;10240;10228
4107;19877757000;19784455555;19984455555;10240;10228
4108;19891332000;19784455555;19984455555;10240;10228
4109;19892291000;19784455555;19984455555;10240;10228
4110;19892313000;19784455555;19984455555;10240;10228
4111;19916671000;19784455555;19984455555;10240;10228
4113;19916880000;19784455555;19984455555;10240;10228
4112;19917191000;19784455555;19984455555;10240;10228
4094;19917201000;19742800000;19942800000;10240;10228
4097;19917798000;19742800000;19942800000;10240;10228
4098;19917807000;19742800000;19942800000;10240;10228
4115;19918057000;19826166666;20026166666;10240;10228
4102;19918077000;19742800000;19942800000;10240;10228
4116;19918538000;19826166666;20026166666;10240;10228
4118;19933331000;19826166666;20026166666;10240;10228
4119;19933352000;19826166666;20026166666;10240;10228
4120;19957120000;19826166666;20026166666;10240;10228
4121;19957324000;19826166666;20026166666;10240;10228
4122;19958005000;19826166666;20026166666;10240;10228
4125;19958862000;19867877777;20067877777;10240;10228
4126;19958873000;19867877777;20067877777;10240;10228
4127;19959114000;19867877777;20067877777;10240;10228
4128;19959125000;19867877777;20067877777;10240;10228
4129;19959535000;19867877777;20067877777;10240;10228
4130;19974374000;19867877777;20067877777;10240;10228
4131;19974393000;19867877777;20067877777;10240;10228
4133;19997764000;19867877777;20067877777;10240;10228
4117;19999005000;19826166666;20026166666;10240;10228
4124;20000063000;19826166666;20026166666;10240;10228
4134;20015415000;19867877777;20067877777;10240;10228
4135;20015428000;19867877777;20067877777;10240;10228
4136;20017825000;19909466666;20109466666;10240;10228
4137;20018034000;19909466666;20109466666;10240;10228
4114;20018138000;19826166666;20026166666;10240;10228
4123;20018147000;19826166666;20026166666;10240;10228
4139;20039698000;19909466666;20109466666;10240;10228
4138;20040021000;19909466666;20109466666;10240;10228
4140;20040042000;19909466666;20109466666;10240;10228
4141;20040273000;19909466666;20109466666;10240;10228
4142;20056460000;19909466666;20109466666;10240;10228
4143;20056470000;19909466666;20109466666;10240;10228
4144;20058551000;19909466666;20109466666;10240;10228
4145;20058844000;19909466666;20109466666;10240;10228
4132;20058855000;19867877777;20067877777;10240;10228
4146;20059028000;19909466666;20109466666;10240;10228
4147;20059050000;19951144444;20151144444;10240;10228
4148;20080191000;19951144444;20151144444;10240;10228
4149;20081054000;19951144444;20151144444;10240;10228
4150;20081074000;19951144444;20151144444;10240;10228
4151;20081298000;19951144444;20151144444;10240;10228
4152;20081318000;19951144444;20151144444;10240;10228
4153;20097520000;19951144444;20151144444;10240;10228
4154;20097541000;19951144444;20151144444;10240;10228
4155;20099071000;19951144444;20151144444;10240;10228
4156;20099464000;19951144444;20151144444;10240;10228
4158;20105665000;19992788888;20192788888;10240;10228
4160;20121769000;19992788888;20192788888;10240;10228
4161;20121976000;19992788888;20192788888;10240;10228
4159;20122085000;19992788888;20192788888;10240;10228
4162;20122095000;19992788888;20192788888;10240;10228
4157;20145529000;19951144444;20151144444;10240;10228
4163;20145557000;19992788888;20192788888;10240;10228
4165;20162791000;19992788888;20192788888;10240;10228
4166;20163004000;19992788888;20192788888;10240;10228
4169;20163013000;20034455555;20234455555;10240;10228
4164;20163137000;19992788888;20192788888;10240;10228
4167;20163163000;19992788888;20192788888;10240;10228
4170;20163175000;20034455555;20234455555;10240;10228
4168;20163396000;19992788888;20192788888;10240;10228
4171;20163424000;20034455555;20234455555;10240;10228
4173;20163430000;20034455555;20234455555;10240;10228
4174;20163440000;20034455555;20234455555;10240;10228
4175;20163630000;20034455555;20234455555;10240;10228
4172;20163641000;20034455555;20234455555;10240;10228
4176;20163661000;20034455555;20234455555;10240;10228
4177;20185975000;20034455555;20234455555;10240;10228
4178;20186209000;20034455555;20234455555;10240;10228
4183;20203496000;20076166666;20276166666;10240;10228
4179;20203529000;20034455555;20234455555;10240;10228
4184;20203730000;20076166666;20276166666;10240;10228
4180;20203822000;20076166666;20276166666;10240;10228
4185;20203867000;20076166666;20276166666;10240;10228
4187;20204086000;20076166666;20276166666;10240;10228
4188;20204105000;20076166666;20276166666;10240;10228
4186;20204198000;20076166666;20276166666;10240;10228
4189;20204326000;20076166666;20276166666;10240;10228
4190;20204546000;20076166666;20276166666;10240;10228
4191;20204793000;20117800000;20317800000;10240;10228
4192;20226352000;20117800000;20317800000;10240;10228
4193;20226665000;20117800000;20317800000;10240;10228
4194;20226675000;20117800000;20317800000;10240;10228
4195;20244021000;20117800000;20317800000;10240;10228
4196;20244188000;20117800000;20317800000;10240;10228
4197;20244631000;20117800000;20317800000;10240;10228
4181;20244694000;20076166666;20276166666;10240;10228
4182;20244713000;20076166666;20276166666;10240;10228
4198;20244801000;20117800000;20317800000;10240;10228
4200;20244812000;20117800000;20317800000;10240;10228
4199;20245089000;20117800000;20317800000;10240;10228
4201;20245411000;20117800000;20317800000;10240;10228
4202;20267140000;20159444444;20359444444;10240;10228
4203;20267380000;20159444444;20359444444;10240;10228
4204;20267645000;20159444444;20359444444;10240;10228
4205;20267663000;20159444444;20359444444;10240;10228
4206;20284481000;20159444444;20359444444;10240;10228
4207;20284675000;20159444444;20359444444;10240;10228
4208;20285040000;20159444444;20359444444;10240;10228
4209;20285231000;20159444444;20359444444;10240;10228
4210;20285675000;20159444444;20359444444;10240;10228
4211;20285693000;20159444444;20359444444;10240;10228
4215;20285787000;20201188888;20401188888;10240;10228
4212;20285931000;20159444444;20359444444;10240;10228
4216;20285952000;20201188888;20401188888;10240;10228
4214;20286177000;20201188888;20401188888;10240;10228
4218;20308399000;20201188888;20401188888;10240;10228
4219;20308646000;20201188888;20401188888;10240;10228
4220;20308655000;20201188888;20401188888;10240;10228
4221;20325707000;20201188888;20401188888;10240;10228
4222;20325907000;20201188888;20401188888;10240;10228
4223;20325928000;20201188888;20401188888;10240;10228
4224;20326112000;20242811111;20442811111;10240;10228
4225;20326132000;20242811111;20442811111;10240;10228
4226;20326325000;20242811111;20442811111;10240;10228
4228;20326537000;20242811111;20442811111;10240;10228
4232;20326549000;20242811111;20442811111;10240;10228
4227;20326568000;20242811111;20442811111;10240;10228
4229;20326583000;20242811111;20442811111;10240;10228
4230;20326807000;20242811111;20442811111;10240;10228
4231;20326819000;20242811111;20442811111;10240;10228
4233;20327057000;20242811111;20442811111;10240;10228
4234;20349230000;20242811111;20442811111;10240;10228
4217;20349253000;20201188888;20401188888;10240;10228
4235;20349491000;20284522222;20484522222;10240;10228
4213;20349500000;20201188888;20401188888;10240;10228
4236;20366389000;20284522222;20484522222;10240;10228
4237;20366581000;20284522222;20484522222;10240;10228
4239;20366792000;20284522222;20484522222;10240;10228
4240;20366955000;20284522222;20484522222;10240;10228
4241;20367204000;20284522222;20484522222;10240;10228
4243;20367864000;20284522222;20484522222;10240;10228
4244;20367883000;20284522222;20484522222;10240;10228
4245;20389629000;20284522222;20484522222;10240;10228
4247;20389837000;20326244444;20526244444;10240;10228
4246;20390035000;20326244444;20526244444;10240;10228
4248;20390494000;20326244444;20526244444;10240;10228
4249;20390524000;20326244444;20526244444;10240;10228
4250;20407058000;20326244444;20526244444;10240;10228
4251;20407261000;20326244444;20526244444;10240;10228
4252;20407281000;20326244444;20526244444;10240;10228
4253;20407464000;20326244444;20526244444;10240;10228
4238;20407677000;20284522222;20484522222;10240;10228
4254;20408892000;20326244444;20526244444;10240;10228
4255;20408904000;20326244444;20526244444;10240;10228
4256;20409141000;20326244444;20526244444;10240;10228
4257;20430956000;20367777777;20567777777;10240;10228
4258;20431495000;20367777777;20567777777;10240;10228
4260;20447765000;20367777777;20567777777;10240;10228
4261;20447972000;20367777777;20567777777;10240;10228
4262;20447983000;20367777777;20567777777;10240;10228
4242;20448086000;20284522222;20484522222;10240;10228
4263;20448220000;20367777777;20567777777;10240;10228
4264;20449932000;20367777777;20567777777;10240;10228
4265;20449942000;20367777777;20567777777;10240;10228
4267;20471876000;20367777777;20567777777;10240;10228
4268;20472496000;20409477777;20609477777;10240;10228
4273;20489127000;20409477777;20609477777;10240;10228
4275;20490974000;20409477777;20609477777;10240;10228
4276;20490995000;20409477777;20609477777;10240;10228
4259;20512850000;20367777777;20567777777;10240;10228
4266;20529860000;20367777777;20567777777;10240;10228
4277;20532006000;20409477777;20609477777;10240;10228
4278;20532017000;20409477777;20609477777;10240;10228
4279;20532262000;20451155555;20651155555;10240;10228
4280;20553781000;20451155555;20651155555;10240;10228
4281;20573051000;20451155555;20651155555;10240;10228
4282;20573071000;20451155555;20651155555;10240;10228
4283;20573292000;20451155555;20651155555;10240;10228
4284;20573312000;20451155555;20651155555;10240;10228
4285;20594798000;20451155555;20651155555;10240;10228
4286;20602606000;20451155555;20651155555;10240;10228
4287;20602820000;20451155555;20651155555;10240;10228
4288;20602837000;20451155555;20651155555;10240;10228
4269;20602935000;20409477777;20609477777;10240;10228
4270;20602954000;20409477777;20609477777;10240;10228
4289;20603025000;20451155555;20651155555;10240;10228
4290;20603044000;20492811111;20692811111;10240;10228
4271;20603163000;20409477777;20609477777;10240;10228
4272;20603173000;20409477777;20609477777;10240;10228
4274;20603402000;20409477777;20609477777;10240;10228
4292;20614113000;20492811111;20692811111;10240;10228
4293;20614134000;20492811111;20692811111;10240;10228
4294;20614359000;20492811111;20692811111;10240;10228
4295;20614378000;20492811111;20692811111;10240;10228
4296;20635712000;20492811111;20692811111;10240;10228
4297;20643081000;20492811111;20692811111;10240;10228
4298;20643297000;20492811111;20692811111;10240;10228
4299;20643486000;20492811111;20692811111;10240;10228
4300;20643497000;20492811111;20692811111;10240;10228
4301;20643697000;20534455555;20734455555;10240;10228
4302;20655142000;20534455555;20734455555;10240;10228
4303;20655162000;20534455555;20734455555;10240;10228
4291;20655394000;20492811111;20692811111;10240;10228
4304;20676752000;20534455555;20734455555;10240;10228
4305;20683527000;20534455555;20734455555;10240;10228
4306;20683756000;20534455555;20734455555;10240;10228
4307;20683956000;20534455555;20734455555;10240;10228
4308;20683976000;20534455555;20734455555;10240;10228
4309;20684357000;20534455555;20734455555;10240;10228
4310;20696210000;20534455555;20734455555;10240;10228
4311;20696228000;20534455555;20734455555;10240;10228
4312;20696454000;20576166666;20776166666;10240;10228
4313;20696463000;20576166666;20776166666;10240;10228
4314;20724434000;20576166666;20776166666;10240;10228
4316;20724630000;20576166666;20776166666;10240;10228
4317;20724654000;20576166666;20776166666;10240;10228
4315;20724780000;20576166666;20776166666;10240;10228
4318;20724841000;20576166666;20776166666;10240;10228
4319;20725047000;20576166666;20776166666;10240;10228
4320;20730911000;20576166666;20776166666;10240;10228
4321;20737252000;20576166666;20776166666;10240;10228
4322;20737270000;20576166666;20776166666;10240;10228
4323;20737499000;20617811111;20817811111;10240;10228
4324;20737509000;20617811111;20817811111;10240;10228
4325;20737758000;20617811111;20817811111;10240;10228
4326;20737776000;20617811111;20817811111;10240;10228
4327;20765117000;20617811111;20817811111;10240;10228
4328;20765318000;20617811111;20817811111;10240;10228
4329;20765338000;20617811111;20817811111;10240;10228
4331;20765510000;20617811111;20817811111;10240;10228
4330;20765637000;20617811111;20817811111;10240;10228
4332;20765784000;20617811111;20817811111;10240;10228
4333;20765793000;20617811111;20817811111;10240;10228
4334;20776659000;20659422222;20859422222;10240;10228
4335;20778288000;20659422222;20859422222;10240;10228
4337;20778308000;20659422222;20859422222;10240;10228
4338;20778775000;20659422222;20859422222;10240;10228
4339;20778796000;20659422222;20859422222;10240;10228
4340;20779025000;20659422222;20859422222;10240;10228
4341;20805790000;20659422222;20859422222;10240;10228
4342;20805999000;20659422222;20859422222;10240;10228
4343;20806019000;20659422222;20859422222;10240;10228
4345;20806201000;20701155555;20901155555;10240;10228
4346;20806406000;20701155555;20901155555;10240;10228
4348;20806418000;20701155555;20901155555;10240;10228
4344;20806423000;20659422222;20859422222;10240;10228
4349;20806634000;20701155555;20901155555;10240;10228
4347;20806644000;20701155555;20901155555;10240;10228
4351;20818977000;20701155555;20901155555;10240;10228
4350;20819321000;20701155555;20901155555;10240;10228
4352;20819341000;20701155555;20901155555;10240;10228
4336;20819455000;20659422222;20859422222;10240;10228
4353;20819793000;20701155555;20901155555;10240;10228
4354;20846455000;20701155555;20901155555;10240;10228
4355;20846650000;20701155555;20901155555;10240;10228
4356;20846669000;20742811111;20942811111;10240;10228
4357;20846861000;20742811111;20942811111;10240;10228
4358;20846881000;20742811111;20942811111;10240;10228
4359;20847064000;20742811111;20942811111;10240;10228
4361;20847274000;20742811111;20942811111;10240;10228
4360;20847373000;20742811111;20942811111;10240;10228
4362;20847384000;20742811111;20942811111;10240;10228
4364;20859866000;20742811111;20942811111;10240;10228
4365;20860201000;20742811111;20942811111;10240;10228
4366;20860221000;20742811111;20942811111;10240;10228
4367;20887067000;20784466666;20984466666;10240;10228
4370;20887269000;20784466666;20984466666;10240;10228
4371;20887290000;20784466666;20984466666;10240;10228
4368;20887400000;20784466666;20984466666;10240;10228
4369;20887420000;20784466666;20984466666;10240;10228
4372;20887443000;20784466666;20984466666;10240;10228
4373;20887694000;20784466666;20984466666;10240;10228
4374;20887706000;20784466666;20984466666;10240;10228
4375;20887891000;20784466666;20984466666;10240;10228
4377;20888098000;20784466666;20984466666;10240;10228
4376;20888362000;20784466666;20984466666;10240;10228
4378;20894132000;20826211111;21026211111;10240;10228
4379;20900340000;20826211111;21026211111;10240;10228
4380;20901230000;20826211111;21026211111;10240;10228
4381;20901240000;20826211111;21026211111;10240;10228
4382;20927551000;20826211111;21026211111;10240;10228
4363;20927751000;20742811111;20942811111;10240;10228
4384;20927954000;20826211111;21026211111;10240;10228
4387;20928161000;20826211111;21026211111;10240;10228
4383;20928239000;20826211111;21026211111;10240;10228
4388;20928347000;20826211111;21026211111;10240;10228
4385;20928476000;20826211111;21026211111;10240;10228
4386;20928488000;20826211111;21026211111;10240;10228
4390;20929549000;20867822222;21067822222;10240;10228
4391;20929735000;20867822222;21067822222;10240;10228
4389;20929854000;20867822222;21067822222;10240;10228
4392;20935155000;20867822222;21067822222;10240;10228
4393;20941935000;20867822222;21067822222;10240;10228
4394;20942267000;20867822222;21067822222;10240;10228
4395;20942288000;20867822222;21067822222;10240;10228
4396;20968012000;20867822222;21067822222;10240;10228
4397;20968214000;20867822222;21067822222;10240;10228
4398;20968409000;20867822222;21067822222;10240;10228
4399;20968612000;20867822222;21067822222;10240;10228
4406;20971251000;20909488888;21109488888;10240;10228
4401;20971589000;20909488888;21109488888;10240;10228
4403;20971598000;20909488888;21109488888;10240;10228
4405;20971812000;20909488888;21109488888;10240;10228
4408;20982418000;20909488888;21109488888;10240;10228
4407;20982728000;20909488888;21109488888;10240;10228
4409;20982739000;20909488888;21109488888;10240;10228
4410;20982975000;20909488888;21109488888;10240;10228
4411;21012881000;20951211111;21151211111;10240;10228
4413;21013089000;20951211111;21151211111;10240;10228
4415;21013110000;20951211111;21151211111;10240;10228
4412;21013205000;20951211111;21151211111;10240;10228
4414;21013226000;20951211111;21151211111;10240;10228
4416;21013459000;20951211111;21151211111;10240;10228
4419;21013470000;20951211111;21151211111;10240;10228
4421;21023675000;20951211111;21151211111;10240;10228
4400;21053689000;20909488888;21109488888;10240;10228
4402;21053698000;20909488888;21109488888;10240;10228
4404;21053935000;20909488888;21109488888;10240;10228
4422;21054584000;20992844444;21192844444;10240;10228
4424;21054772000;20992844444;21192844444;10240;10228
4426;21054784000;20992844444;21192844444;10240;10228
4423;21054916000;20992844444;21192844444;10240;10228
4425;21054937000;20992844444;21192844444;10240;10228
4427;21055155000;20992844444;21192844444;10240;10228
4428;21055176000;20992844444;21192844444;10240;10228
4429;21064718000;20992844444;21192844444;10240;10228
4430;21094728000;20992844444;21192844444;10240;10228
4431;21094738000;20992844444;21192844444;10240;10228
4432;21095259000;20992844444;21192844444;10240;10228
4417;21095580000;20951211111;21151211111;10240;10228
4420;21095599000;20951211111;21151211111;10240;10228
4418;21096067000;20951211111;21151211111;10240;10228
4433;21096189000;21034533333;21234533333;10240;10228
4434;21096431000;21034533333;21234533333;10240;10228
4435;21096440000;21034533333;21234533333;10240;10228
4436;21105799000;21034533333;21234533333;10240;10228
4437;21135761000;21034533333;21234533333;10240;10228
4438;21135781000;21034533333;21234533333;10240;10228
4439;21136579000;21034533333;21234533333;10240;10228
4440;21136598000;21034533333;21234533333;10240;10228
4441;21136801000;21034533333;21234533333;10240;10228
4442;21137069000;21034533333;21234533333;10240;10228
4445;21137891000;21076244444;21276244444;10240;10228
4446;21138100000;21076244444;21276244444;10240;10228
4447;21142549000;21076244444;21276244444;10240;10228
4448;21153235000;21076244444;21276244444;10240;10228
4449;21176796000;21076244444;21276244444;10240;10228
4453;21178088000;21076244444;21276244444;10240;10228
4454;21178109000;21076244444;21276244444;10240;10228
4456;21179574000;21117833333;21317833333;10240;10228
4458;21179759000;21117833333;21317833333;10240;10228
4455;21179878000;21117833333;21317833333;10240;10228
4457;21179889000;21117833333;21317833333;10240;10228
4459;21182986000;21117833333;21317833333;10240;10228
4443;21183222000;21034533333;21234533333;10240;10228
4461;21219135000;21117833333;21317833333;10240;10228
4462;21220039000;21117833333;21317833333;10240;10228
4464;21220254000;21117833333;21317833333;10240;10228
4450;21220911000;21076244444;21276244444;10240;10228
4451;21220921000;21076244444;21276244444;10240;10228
4452;21221162000;21076244444;21276244444;10240;10228
4465;21223405000;21117833333;21317833333;10240;10228
4466;21260538000;21159466666;21359466666;10240;10228
4467;21260731000;21159466666;21359466666;10240;10228
4468;21261950000;21159466666;21359466666;10240;10228
4469;21261962000;21159466666;21359466666;10240;10228
4470;21262199000;21159466666;21359466666;10240;10228
4471;21263875000;21159466666;21359466666;10240;10228
4473;21301190000;21159466666;21359466666;10240;10228
4474;21301392000;21159466666;21359466666;10240;10228
4460;21302879000;21117833333;21317833333;10240;10228
4475;21303190000;21159466666;21359466666;10240;10228
4476;21304282000;21159466666;21359466666;10240;10228
4477;21341670000;21201200000;21401200000;10240;10228
4480;21344198000;21201200000;21401200000;10240;10228
4481;21344741000;21201200000;21401200000;10240;10228
4482;21382142000;21201200000;21401200000;10240;10228
4483;21382354000;21201200000;21401200000;10240;10228
4484;21385217000;21201200000;21401200000;10240;10228
4486;21422616000;21201200000;21401200000;10240;10228
4487;21422820000;21201200000;21401200000;10240;10228
4488;21422830000;21242800000;21442800000;10240;10228
4490;21435997000;21242800000;21442800000;10240;10228
4491;21436224000;21242800000;21442800000;10240;10228
4492;21436243000;21242800000;21442800000;10240;10228
4489;21436464000;21242800000;21442800000;10240;10228
4493;21463065000;21242800000;21442800000;10240;10228
4494;21476479000;21242800000;21442800000;10240;10228
4495;21476686000;21242800000;21442800000;10240;10228
4496;21476887000;21242800000;21442800000;10240;10228
4497;21476909000;21242800000;21442800000;10240;10228
4498;21477106000;21242800000;21442800000;10240;10228
4499;21517327000;21284422222;21484422222;10240;10228
4501;21517577000;21284422222;21484422222;10240;10228
4502;21517614000;21284422222;21484422222;10240;10228
4503;21517763000;21284422222;21484422222;10240;10228
4500;21517934000;21284422222;21484422222;10240;10228
4504;21557799000;21284422222;21484422222;10240;10228
4505;21558048000;21284422222;21484422222;10240;10228
4506;21558251000;21284422222;21484422222;10240;10228
4507;21558273000;21284422222;21484422222;10240;10228
4508;21558444000;21284422222;21484422222;10240;10228
4509;21598552000;21284422222;21484422222;10240;10228
4510;21598581000;21326166666;21526166666;10240;10228
4511;21598956000;21326166666;21526166666;10240;10228
4512;21598981000;21326166666;21526166666;10240;10228
4513;21599148000;21326166666;21526166666;10240;10228
4514;21639303000;21326166666;21526166666;10240;10228
4516;21639425000;21326166666;21526166666;10240;10228
4517;21639618000;21326166666;21526166666;10240;10228
4518;21639640000;21326166666;21526166666;10240;10228
4519;21644383000;21326166666;21526166666;10240;10228
4520;21644555000;21326166666;21526166666;10240;10228
4521;21644580000;21367766666;21567766666;10240;10228
4515;21644715000;21326166666;21526166666;10240;10228
4522;21679908000;21367766666;21567766666;10240;10228
4523;21680395000;21367766666;21567766666;10240;10228
4524;21684853000;21367766666;21567766666;10240;10228
4525;21685293000;21367766666;21567766666;10240;10228
4526;21685315000;21367766666;21567766666;10240;10228
4527;21685473000;21367766666;21567766666;10240;10228
4528;21721145000;21367766666;21567766666;10240;10228
4529;21725696000;21367766666;21567766666;10240;10228
4530;21725918000;21367766666;21567766666;10240;10228
4531;21725941000;21367766666;21567766666;10240;10228
4532;21726122000;21409433333;21609433333;10240;10228
4533;21761942000;21409433333;21609433333;10240;10228
4534;21766172000;21409433333;21609433333;10240;10228
4535;21766386000;21409433333;21609433333;10240;10228
4536;21766626000;21409433333;21609433333;10240;10228
4538;21766819000;21409433333;21609433333;10240;10228
4539;21802678000;21409433333;21609433333;10240;10228
4540;21806945000;21409433333;21609433333;10240;10228
4541;21807170000;21409433333;21609433333;10240;10228
4542;21807192000;21409433333;21609433333;10240;10228
4543;21807355000;21451155555;21651155555;10240;10228
4537;21807468000;21409433333;21609433333;10240;10228
4544;21843501000;21451155555;21651155555;10240;10228
4545;21847416000;21451155555;21651155555;10240;10228
4546;21847646000;21451155555;21651155555;10240;10228
4547;21847830000;21451155555;21651155555;10240;10228
4548;21847853000;21451155555;21651155555;10240;10228
4549;21852946000;21451155555;21651155555;10240;10228
4550;21852970000;21451155555;21651155555;10240;10228
4551;21853117000;21451155555;21651155555;10240;10228
4552;21884219000;21451155555;21651155555;10240;10228
4553;21888605000;21451155555;21651155555;10240;10228
4554;21893550000;21492788888;21692788888;10240;10228
4555;21893768000;21492788888;21692788888;10240;10228
4556;21893798000;21492788888;21692788888;10240;10228
4557;21925031000;21492788888;21692788888;10240;10228
4558;21929315000;21492788888;21692788888;10240;10228
4559;21934009000;21492788888;21692788888;10240;10228
4560;21934228000;21492788888;21692788888;10240;10228
4561;21934429000;21492788888;21692788888;10240;10228
4562;21934662000;21492788888;21692788888;10240;10228
4563;21965732000;21492788888;21692788888;10240;10228
4564;21974666000;21492788888;21692788888;10240;10228
4565;21974858000;21534466666;21734466666;10240;10228
4566;21975079000;21534466666;21734466666;10240;10228
4567;21975100000;21534466666;21734466666;10240;10228
4568;22006552000;21534466666;21734466666;10240;10228
4570;22015330000;21534466666;21734466666;10240;10228
4572;22015751000;21534466666;21734466666;10240;10228
4573;22015773000;21534466666;21734466666;10240;10228
4569;22015932000;21534466666;21734466666;10240;10228
4574;22047254000;21534466666;21734466666;10240;10228
4575;22056007000;21534466666;21734466666;10240;10228
4576;22056200000;21576144444;21776144444;10240;10228
4577;22056400000;21576144444;21776144444;10240;10228
4579;22061229000;21576144444;21776144444;10240;10228
4580;22061433000;21576144444;21776144444;10240;10228
4581;22061458000;21576144444;21776144444;10240;10228
4578;22061687000;21576144444;21776144444;10240;10228
4582;22096566000;21576144444;21776144444;10240;10228
4584;22101709000;21576144444;21776144444;10240;10228
4583;22101924000;21576144444;21776144444;10240;10228
4585;22101933000;21576144444;21776144444;10240;10228
4586;22102119000;21576144444;21776144444;10240;10228
4587;22102149000;21617777777;21817777777;10240;10228
4588;22142178000;21617777777;21817777777;10240;10228
4589;22142381000;21617777777;21817777777;10240;10228
4590;22142564000;21617777777;21817777777;10240;10228
4591;22142587000;21617777777;21817777777;10240;10228
4592;22142817000;21617777777;21817777777;10240;10228
4594;22182812000;21617777777;21817777777;10240;10228
4593;22182954000;21617777777;21817777777;10240;10228
4596;22183044000;21617777777;21817777777;10240;10228
4597;22183237000;21617777777;21817777777;10240;10228
4599;22223260000;21659422222;21859422222;10240;10228
4600;22223457000;21659422222;21859422222;10240;10228
4598;22223609000;21659422222;21859422222;10240;10228
4601;22223694000;21659422222;21859422222;10240;10228
4603;22223921000;21659422222;21859422222;10240;10228
4604;22224105000;21659422222;21859422222;10240;10228
4605;22263705000;21659422222;21859422222;10240;10228
4607;22264313000;21659422222;21859422222;10240;10228
4606;22264427000;21659422222;21859422222;10240;10228
4608;22264521000;21659422222;21859422222;10240;10228
4609;22264729000;21701133333;21901133333;10240;10228
4611;22269132000;21701133333;21901133333;10240;10228
4614;22305507000;21701133333;21901133333;10240;10228
4616;22309638000;21701133333;21901133333;10240;10228
4617;22310035000;21701133333;21901133333;10240;10228
4618;22310060000;21701133333;21901133333;10240;10228
4612;22310162000;21701133333;21901133333;10240;10228
4613;22310182000;21701133333;21901133333;10240;10228
4619;22310203000;21701133333;21901133333;10240;10228
4615;22310356000;21701133333;21901133333;10240;10228
4620;22346217000;21742855555;21942855555;10240;10228
4621;22350399000;21742855555;21942855555;10240;10228
4622;22350566000;21742855555;21942855555;10240;10228
4623;22350787000;21742855555;21942855555;10240;10228
4624;22350811000;21742855555;21942855555;10240;10228
4625;22355838000;21742855555;21942855555;10240;10228
4626;22387030000;21742855555;21942855555;10240;10228
4627;22390890000;21742855555;21942855555;10240;10228
4628;22391300000;21742855555;21942855555;10240;10228
4629;22391471000;21742855555;21942855555;10240;10228
4630;22391840000;21742855555;21942855555;10240;10228
4631;22431566000;21784433333;21984433333;10240;10228
4633;22431766000;21784433333;21984433333;10240;10228
4634;22431790000;21784433333;21984433333;10240;10228
4635;22431991000;21784433333;21984433333;10240;10228
4632;22432202000;21784433333;21984433333;10240;10228
4639;22432301000;21784433333;21984433333;10240;10228
4636;22432450000;21784433333;21984433333;10240;10228
4637;22432460000;21784433333;21984433333;10240;10228
4638;22432692000;21784433333;21984433333;10240;10228
4640;22472254000;21784433333;21984433333;10240;10228
4643;22472483000;21826177777;22026177777;10240;10228
4645;22472507000;21826177777;22026177777;10240;10228
4641;22472536000;21784433333;21984433333;10240;10228
4646;22472705000;21826177777;22026177777;10240;10228
4642;22472729000;21826177777;22026177777;10240;10228
4644;22472743000;21826177777;22026177777;10240;10228
4648;22473139000;21826177777;22026177777;10240;10228
4647;22473473000;21826177777;22026177777;10240;10228
4649;22473482000;21826177777;22026177777;10240;10228
4650;22473723000;21826177777;22026177777;10240;10228
4651;22478264000;21826177777;22026177777;10240;10228
4652;22512962000;21826177777;22026177777;10240;10228
4654;22513150000;21867844444;22067844444;10240;10228
4655;22513373000;21867844444;22067844444;10240;10228
4653;22513395000;21867844444;22067844444;10240;10228
4660;22513593000;21867844444;22067844444;10240;10228
4658;22513702000;21867844444;22067844444;10240;10228
4661;22513928000;21867844444;22067844444;10240;10228
4662;22514171000;21867844444;22067844444;10240;10228
4663;22517726000;21867844444;22067844444;10240;10228
4656;22518286000;21867844444;22067844444;10240;10228
4657;22518459000;21867844444;22067844444;10240;10228
4664;22518778000;21909455555;22109455555;10240;10228
4666;22553615000;21909455555;22109455555;10240;10228
4665;22553731000;21909455555;22109455555;10240;10228
4669;22553998000;21909455555;22109455555;10240;10228
4671;22554204000;21909455555;22109455555;10240;10228
4672;22554237000;21909455555;22109455555;10240;10228
4670;22554363000;21909455555;22109455555;10240;10228
4673;22554384000;21909455555;22109455555;10240;10228
4674;22554616000;21909455555;22109455555;10240;10228
4675;22554936000;21951133333;22151133333;10240;10228
4667;22558898000;21909455555;22109455555;10240;10228
4668;22559076000;21909455555;22109455555;10240;10228
4678;22559281000;21951133333;22151133333;10240;10228
4676;22559502000;21951133333;22151133333;10240;10228
4677;22559519000;21951133333;22151133333;10240;10228
4679;22559525000;21951133333;22151133333;10240;10228
4680;22594458000;21951133333;22151133333;10240;10228
4681;22594483000;21951133333;22151133333;10240;10228
4683;22594639000;21951133333;22151133333;10240;10228
4685;22594664000;21951133333;22151133333;10240;10228
4682;22594796000;21951133333;22151133333;10240;10228
4684;22595040000;21951133333;22151133333;10240;10228
4686;22595060000;21992766666;22192766666;10240;10228
4687;22595284000;21992766666;22192766666;10240;10228
4688;22595316000;21992766666;22192766666;10240;10228
4689;22600035000;21992766666;22192766666;10240;10228
4690;22600260000;21992766666;22192766666;10240;10228
4691;22600281000;21992766666;22192766666;10240;10228
4692;22600508000;21992766666;22192766666;10240;10228
4693;22600550000;21992766666;22192766666;10240;10228
4695;22634920000;21992766666;22192766666;10240;10228
4697;22635121000;22034444444;22234444444;10240;10228
4694;22635259000;21992766666;22192766666;10240;10228
4696;22635279000;21992766666;22192766666;10240;10228
4698;22635591000;22034444444;22234444444;10240;10228
4700;22635624000;22034444444;22234444444;10240;10228
4703;22635778000;22034444444;22234444444;10240;10228
4704;22635926000;22034444444;22234444444;10240;10228
4699;22640683000;22034444444;22234444444;10240;10228
4701;22640695000;22034444444;22234444444;10240;10228
4707;22640901000;22034444444;22234444444;10240;10228
4702;22640931000;22034444444;22234444444;10240;10228
4708;22641161000;22076166666;22276166666;10240;10228
4706;22641190000;22034444444;22234444444;10240;10228
4709;22641345000;22076166666;22276166666;10240;10228
4710;22641368000;22076166666;22276166666;10240;10228
4712;22675360000;22076166666;22276166666;10240;10228
4714;22675538000;22076166666;22276166666;10240;10228
4711;22675720000;22076166666;22276166666;10240;10228
4713;22675938000;22076166666;22276166666;10240;10228
4716;22676206000;22076166666;22276166666;10240;10228
4717;22676407000;22076166666;22276166666;10240;10228
4715;22676536000;22076166666;22276166666;10240;10228
4718;22676555000;22076166666;22276166666;10240;10228
4719;22676782000;22117855555;22317855555;10240;10228
4720;22676803000;22117855555;22317855555;10240;10228
4721;22677038000;22117855555;22317855555;10240;10228
4725;22681598000;22117855555;22317855555;10240;10228
4723;22681716000;22117855555;22317855555;10240;10228
4724;22681737000;22117855555;22317855555;10240;10228
4726;22681831000;22117855555;22317855555;10240;10228
4727;22681990000;22117855555;22317855555;10240;10228
4728;22686845000;22117855555;22317855555;10240;10228
4729;22716018000;22117855555;22317855555;10240;10228
4730;22716068000;22159433333;22359433333;10240;10228
4731;22716409000;22159433333;22359433333;10240;10228
4732;22716655000;22159433333;22359433333;10240;10228
4733;22716995000;22159433333;22359433333;10240;10228
4734;22717257000;22159433333;22359433333;10240;10228
4735;22717280000;22159433333;22359433333;10240;10228
4736;22717449000;22159433333;22359433333;10240;10228
4737;22717472000;22159433333;22359433333;10240;10228
4738;22717858000;22159433333;22359433333;10240;10228
4739;22722064000;22159433333;22359433333;10240;10228
4740;22722295000;22159433333;22359433333;10240;10228
4741;22722553000;22201155555;22401155555;10240;10228
4744;22722799000;22201155555;22401155555;10240;10228
4743;22727063000;22201155555;22401155555;10240;10228
4742;22727291000;22201155555;22401155555;10240;10228
4745;22727492000;22201155555;22401155555;10240;10228
4747;22756544000;22201155555;22401155555;10240;10228
4746;22756845000;22201155555;22401155555;10240;10228
4748;22757161000;22201155555;22401155555;10240;10228
4749;22757448000;22201155555;22401155555;10240;10228
4750;22757763000;22201155555;22401155555;10240;10228
4751;22757990000;22201155555;22401155555;10240;10228
4752;22758039000;22242811111;22442811111;10240;10228
4753;22758314000;22242811111;22442811111;10240;10228
4754;22758335000;22242811111;22442811111;10240;10228
4755;22758605000;22242811111;22442811111;10240;10228
4756;22762856000;22242811111;22442811111;10240;10228
4757;22762979000;22242811111;22442811111;10240;10228
4758;22763299000;22242811111;22442811111;10240;10228
4759;22763437000;22242811111;22442811111;10240;10228
4760;22763678000;22242811111;22442811111;10240;10228
4762;22763701000;22242811111;22442811111;10240;10228
4763;22763878000;22284511111;22484511111;10240;10228
4761;22763903000;22242811111;22442811111;10240;10228
4764;22768280000;22284511111;22484511111;10240;10228
4765;22797041000;22284511111;22484511111;10240;10228
4766;22798207000;22284511111;22484511111;10240;10228
4767;22798502000;22284511111;22484511111;10240;10228
4768;22798533000;22284511111;22484511111;10240;10228
4771;22799034000;22284511111;22484511111;10240;10228
4772;22799260000;22284511111;22484511111;10240;10228
4774;22799451000;22326222222;22526222222;10240;10228
4775;22803434000;22326222222;22526222222;10240;10228
4776;22803722000;22326222222;22526222222;10240;10228
4779;22804176000;22326222222;22526222222;10240;10228
4777;22804201000;22326222222;22526222222;10240;10228
4778;22804479000;22326222222;22526222222;10240;10228
4780;22804489000;22326222222;22526222222;10240;10228
4781;22804736000;22326222222;22526222222;10240;10228
4782;22804760000;22326222222;22526222222;10240;10228
4769;22808029000;22284511111;22484511111;10240;10228
4770;22808221000;22284511111;22484511111;10240;10228
4773;22808593000;22284511111;22484511111;10240;10228
4783;22809097000;22326222222;22526222222;10240;10228
4784;22809341000;22326222222;22526222222;10240;10228
4785;22838006000;22367866666;22567866666;10240;10228
4787;22839456000;22367866666;22567866666;10240;10228
4788;22839714000;22367866666;22567866666;10240;10228
4791;22839736000;22367866666;22567866666;10240;10228
4786;22839863000;22367866666;22567866666;10240;10228
4789;22839883000;22367866666;22567866666;10240;10228
4792;22839887000;22367866666;22567866666;10240;10228
4790;22840086000;22367866666;22567866666;10240;10228
4793;22840095000;22367866666;22567866666;10240;10228
4794;22840331000;22367866666;22567866666;10240;10228
4795;22840353000;22367866666;22567866666;10240;10228
4796;22844225000;22409466666;22609466666;10240;10228
4798;22844623000;22409466666;22609466666;10240;10228
4799;22844878000;22409466666;22609466666;10240;10228
4800;22844898000;22409466666;22609466666;10240;10228
4797;22844979000;22409466666;22609466666;10240;10228
4801;22845308000;22409466666;22609466666;10240;10228
4802;22845435000;22409466666;22609466666;10240;10228
4803;22845712000;22409466666;22609466666;10240;10228
4804;22849853000;22409466666;22609466666;10240;10228
4805;22849975000;22409466666;22609466666;10240;10228
4806;22879835000;22409466666;22609466666;10240;10228
4808;22880030000;22451177777;22651177777;10240;10228
4811;22880230000;22451177777;22651177777;10240;10228
4813;22880243000;22451177777;22651177777;10240;10228
4807;22880250000;22451177777;22651177777;10240;10228
4810;22880499000;22451177777;22651177777;10240;10228
4812;22880507000;22451177777;22651177777;10240;10228
4814;22880772000;22451177777;22651177777;10240;10228
4815;22880795000;22451177777;22651177777;10240;10228
4816;22881004000;22451177777;22651177777;10240;10228
4817;22885028000;22451177777;22651177777;10240;10228
4819;22885219000;22492922222;22692922222;10240;10228
4820;22885469000;22492922222;22692922222;10240;10228
4818;22885490000;22492922222;22692922222;10240;10228
4822;22885713000;22492922222;22692922222;10240;10228
4823;22886384000;22492922222;22692922222;10240;10228
4824;22886408000;22492922222;22692922222;10240;10228
4825;22886627000;22492922222;22692922222;10240;10228
4827;22890442000;22492922222;22692922222;10240;10228
4826;22890728000;22492922222;22692922222;10240;10228
4809;22894604000;22451177777;22651177777;10240;10228
4821;22894821000;22492922222;22692922222;10240;10228
4828;22920469000;22492922222;22692922222;10240;10228
4832;22920719000;22534522222;22734522222;10240;10228
4829;22920896000;22534522222;22734522222;10240;10228
4830;22920917000;22534522222;22734522222;10240;10228
4831;22921102000;22534522222;22734522222;10240;10228
4833;22921122000;22534522222;22734522222;10240;10228
4837;22921228000;22534522222;22734522222;10240;10228
4834;22921396000;22534522222;22734522222;10240;10228
4835;22921405000;22534522222;22734522222;10240;10228
4838;22921609000;22534522222;22734522222;10240;10228
4839;22921630000;22534522222;22734522222;10240;10228
4842;22925727000;22576188888;22776188888;10240;10228
4840;22925855000;22576188888;22776188888;10240;10228
4841;22926111000;22576188888;22776188888;10240;10228
4843;22926131000;22576188888;22776188888;10240;10228
4844;22926383000;22576188888;22776188888;10240;10228
4845;22926577000;22576188888;22776188888;10240;10228
4846;22927115000;22576188888;22776188888;10240;10228
4847;22927313000;22576188888;22776188888;10240;10228
4848;22927334000;22576188888;22776188888;10240;10228
4849;22934975000;22576188888;22776188888;10240;10228
4836;22935222000;22534522222;22734522222;10240;10228
4851;22936255000;22617800000;22817800000;10240;10228
4852;22936293000;22617800000;22817800000;10240;10228
4853;22961128000;22617800000;22817800000;10240;10228
4855;22961667000;22617800000;22817800000;10240;10228
4858;22961870000;22617800000;22817800000;10240;10228
4856;22962027000;22617800000;22817800000;10240;10228
4857;22962037000;22617800000;22817800000;10240;10228
4859;22962051000;22617800000;22817800000;10240;10228
4860;22962059000;22617800000;22817800000;10240;10228
4861;22962296000;22617800000;22817800000;10240;10228
4862;22962309000;22659444444;22859444444;10240;10228
4863;22966160000;22659444444;22859444444;10240;10228
4865;22966389000;22659444444;22859444444;10240;10228
4864;22966523000;22659444444;22859444444;10240;10228
4866;22966794000;22659444444;22859444444;10240;10228
4867;22967121000;22659444444;22859444444;10240;10228
4868;22967370000;22659444444;22859444444;10240;10228
4869;22967859000;22659444444;22859444444;10240;10228
4870;22968105000;22659444444;22859444444;10240;10228
4871;22968128000;22659444444;22859444444;10240;10228
4854;22975957000;22617800000;22817800000;10240;10228
4876;22976765000;22701211111;22901211111;10240;10228
4872;22976906000;22659444444;22859444444;10240;10228
4873;22977112000;22701211111;22901211111;10240;10228
4879;23002116000;22701211111;22901211111;10240;10228
4881;23002321000;22701211111;22901211111;10240;10228
4878;23002436000;22701211111;22901211111;10240;10228
4882;23002447000;22701211111;22901211111;10240;10228
4880;23002680000;22701211111;22901211111;10240;10228
4883;23002691000;22701211111;22901211111;10240;10228
4884;23002930000;22742833333;22942833333;10240;10228
4885;23002956000;22742833333;22942833333;10240;10228
4886;23003183000;22742833333;22942833333;10240;10228
4888;23006785000;22742833333;22942833333;10240;10228
4887;23006943000;22742833333;22942833333;10240;10228
4889;23007220000;22742833333;22942833333;10240;10228
4890;23007580000;22742833333;22942833333;10240;10228
4891;23007845000;22742833333;22942833333;10240;10228
4892;23008055000;22742833333;22942833333;10240;10228
4893;23008590000;22742833333;22942833333;10240;10228
4894;23008772000;22742833333;22942833333;10240;10228
4895;23008796000;22784477777;22984477777;10240;10228
4875;23016557000;22701211111;22901211111;10240;10228
4874;23016569000;22701211111;22901211111;10240;10228
4877;23016585000;22701211111;22901211111;10240;10228
4897;23017811000;22784477777;22984477777;10240;10228
4896;23017829000;22784477777;22984477777;10240;10228
4898;23017851000;22784477777;22984477777;10240;10228
4899;23018046000;22784477777;22984477777;10240;10228
4901;23042492000;22784477777;22984477777;10240;10228
4902;23042713000;22784477777;22984477777;10240;10228
4900;23042820000;22784477777;22984477777;10240;10228
4903;23042869000;22784477777;22984477777;10240;10228
4904;23043062000;22784477777;22984477777;10240;10228
4905;23043096000;22784477777;22984477777;10240;10228
4907;23043322000;22826277777;23026277777;10240;10228
4906;23043335000;22826277777;23026277777;10240;10228
4908;23043655000;22826277777;23026277777;10240;10228
4909;23043865000;22826277777;23026277777;10240;10228
4910;23044056000;22826277777;23026277777;10240;10228
4912;23047262000;22826277777;23026277777;10240;10228
4911;23047566000;22826277777;23026277777;10240;10228
4913;23047909000;22826277777;23026277777;10240;10228
4914;23048210000;22826277777;23026277777;10240;10228
4915;23048569000;22826277777;23026277777;10240;10228
4916;23048590000;22826277777;23026277777;10240;10228
4917;23049589000;22867822222;23067822222;10240;10228
4918;23049600000;22867822222;23067822222;10240;10228
4919;23049859000;22867822222;23067822222;10240;10228
4920;23057906000;22867822222;23067822222;10240;10228
4921;23057917000;22867822222;23067822222;10240;10228
4922;23058301000;22867822222;23067822222;10240;10228
4923;23082942000;22867822222;23067822222;10240;10228
4924;23083074000;22867822222;23067822222;10240;10228
4925;23083363000;22867822222;23067822222;10240;10228
4928;23083587000;22909488888;23109488888;10240;10228
4926;23083668000;22867822222;23067822222;10240;10228
4927;23083705000;22867822222;23067822222;10240;10228
4930;23083748000;22909488888;23109488888;10240;10228
4929;23084099000;22909488888;23109488888;10240;10228
4931;23084579000;22909488888;23109488888;10240;10228
4932;23084586000;22909488888;23109488888;10240;10228
4934;23087793000;22909488888;23109488888;10240;10228
4933;23088063000;22909488888;23109488888;10240;10228
4935;23088083000;22909488888;23109488888;10240;10228
4936;23088935000;22909488888;23109488888;10240;10228
4937;23088953000;22909488888;23109488888;10240;10228
4938;23089187000;22909488888;23109488888;10240;10228
4939;23089206000;22951177777;23151177777;10240;10228
4940;23089211000;22951177777;23151177777;10240;10228
4941;23089464000;22951177777;23151177777;10240;10228
4944;23097742000;22951177777;23151177777;10240;10228
4945;23098480000;22951177777;23151177777;10240;10228
4946;23098710000;22951177777;23151177777;10240;10228
4947;23098907000;22951177777;23151177777;10240;10228
4948;23103560000;22951177777;23151177777;10240;10228
4949;23103775000;22951177777;23151177777;10240;10228
4950;23103795000;22992800000;23192800000;10240;10228
4951;23123781000;22992800000;23192800000;10240;10228
4952;23124038000;22992800000;23192800000;10240;10228
4953;23124056000;22992800000;23192800000;10240;10228
4954;23124278000;22992800000;23192800000;10240;10228
4955;23124606000;22992800000;23192800000;10240;10228
4956;23128272000;22992800000;23192800000;10240;10228
4957;23128622000;22992800000;23192800000;10240;10228
4960;23128701000;22992800000;23192800000;10240;10228
4961;23128936000;23034466666;23234466666;10240;10228
4962;23129686000;23034466666;23234466666;10240;10228
4963;23129848000;23034466666;23234466666;10240;10228
4965;23129862000;23034466666;23234466666;10240;10228
4964;23129946000;23034466666;23234466666;10240;10228
4967;23138506000;23034466666;23234466666;10240;10228
4966;23138862000;23034466666;23234466666;10240;10228
4968;23138911000;23034466666;23234466666;10240;10228
4969;23139203000;23034466666;23234466666;10240;10228
4970;23139371000;23034466666;23234466666;10240;10228
4942;23143487000;22951177777;23151177777;10240;10228
4971;23143700000;23034466666;23234466666;10240;10228
4972;23143927000;23076177777;23276177777;10240;10228
4973;23143941000;23076177777;23276177777;10240;10228
4974;23144257000;23076177777;23276177777;10240;10228
4975;23144634000;23076177777;23276177777;10240;10228
4977;23164895000;23076177777;23276177777;10240;10228
4980;23168793000;23076177777;23276177777;10240;10228
4981;23169136000;23076177777;23276177777;10240;10228
4982;23169145000;23076177777;23276177777;10240;10228
4958;23170727000;22992800000;23192800000;10240;10228
4959;23170744000;22992800000;23192800000;10240;10228
4984;23179585000;23117811111;23317811111;10240;10228
4985;23179786000;23117811111;23317811111;10240;10228
4988;23179805000;23117811111;23317811111;10240;10228
4989;23179917000;23117811111;23317811111;10240;10228
4990;23184785000;23117811111;23317811111;10240;10228
4991;23184796000;23117811111;23317811111;10240;10228
4992;23185010000;23117811111;23317811111;10240;10228
4993;23185030000;23117811111;23317811111;10240;10228
4995;23221249000;23159577777;23359577777;10240;10228
4997;23221468000;23159577777;23359577777;10240;10228
4999;23221478000;23159577777;23359577777;10240;10228
4994;23221484000;23159577777;23359577777;10240;10228
5001;23221681000;23159577777;23359577777;10240;10228
4996;23221827000;23159577777;23359577777;10240;10228
4998;23221836000;23159577777;23359577777;10240;10228
5000;23221850000;23159577777;23359577777;10240;10228
5002;23222080000;23159577777;23359577777;10240;10228
5003;23222100000;23159577777;23359577777;10240;10228
5004;23225478000;23159577777;23359577777;10240;10228
4978;23225578000;23076177777;23276177777;10240;10228
4976;23225874000;23076177777;23276177777;10240;10228
4979;23225893000;23076177777;23276177777;10240;10228
4983;23225898000;23117811111;23317811111;10240;10228
4986;23261949000;23117811111;23317811111;10240;10228
4987;23262184000;23117811111;23317811111;10240;10228
5005;23263272000;23201255555;23401255555;10240;10228
5006;23263293000;23201255555;23401255555;10240;10228
5007;23263507000;23201255555;23401255555;10240;10228
5008;23266211000;23201255555;23401255555;10240;10228
5010;23266396000;23201255555;23401255555;10240;10228
5012;23266550000;23201255555;23401255555;10240;10228
5009;23266701000;23201255555;23401255555;10240;10228
5011;23266719000;23201255555;23401255555;10240;10228
5013;23302416000;23201255555;23401255555;10240;10228
5015;23302599000;23201255555;23401255555;10240;10228
5016;23304934000;23242822222;23442822222;10240;10228
5017;23304953000;23242822222;23442822222;10240;10228
5019;23306742000;23242822222;23442822222;10240;10228
5020;23306949000;23242822222;23442822222;10240;10228
5018;23307005000;23242822222;23442822222;10240;10228
5021;23307150000;23242822222;23442822222;10240;10228
5022;23307725000;23242822222;23442822222;10240;10228
5023;23307745000;23242822222;23442822222;10240;10228
5024;23307958000;23242822222;23442822222;10240;10228
5025;23307979000;23242822222;23442822222;10240;10228
5026;23343027000;23242822222;23442822222;10240;10228
5027;23346258000;23284488888;23484488888;10240;10228
5028;23346646000;23284488888;23484488888;10240;10228
5030;23347565000;23284488888;23484488888;10240;10228
5032;23347981000;23284488888;23484488888;10240;10228
5033;23348788000;23284488888;23484488888;10240;10228
5034;23348806000;23284488888;23484488888;10240;10228
5035;23349040000;23284488888;23484488888;10240;10228
5036;23349060000;23284488888;23484488888;10240;10228
5037;23349300000;23284488888;23484488888;10240;10228
5039;23388266000;23326211111;23526211111;10240;10228
5041;23388620000;23326211111;23526211111;10240;10228
5042;23389034000;23326211111;23526211111;10240;10228
5043;23390109000;23326211111;23526211111;10240;10228
5044;23390130000;23326211111;23526211111;10240;10228
5045;23390343000;23326211111;23526211111;10240;10228
5046;23390364000;23326211111;23526211111;10240;10228
5047;23390596000;23326211111;23526211111;10240;10228
5048;23390607000;23326211111;23526211111;10240;10228
5050;23429900000;23367811111;23567811111;10240;10228
5051;23429921000;23367811111;23567811111;10240;10228
5052;23431187000;23367811111;23567811111;10240;10228
5053;23431207000;23367811111;23567811111;10240;10228
5054;23431421000;23367811111;23567811111;10240;10228
5055;23431432000;23367811111;23567811111;10240;10228
5056;23431696000;23367811111;23567811111;10240;10228
5057;23470874000;23367811111;23567811111;10240;10228
5058;23470894000;23367811111;23567811111;10240;10228
5059;23471078000;23367811111;23567811111;10240;10228
5060;23471541000;23409455555;23609455555;10240;10228
5061;23472202000;23409455555;23609455555;10240;10228
5049;23472223000;23367811111;23567811111;10240;10228
5063;23511602000;23409455555;23609455555;10240;10228
5064;23511828000;23409455555;23609455555;10240;10228
5062;23511845000;23409455555;23609455555;10240;10228
5065;23512153000;23409455555;23609455555;10240;10228
5066;23512163000;23409455555;23609455555;10240;10228
5067;23512539000;23409455555;23609455555;10240;10228
5068;23512551000;23409455555;23609455555;10240;10228
5069;23513202000;23409455555;23609455555;10240;10228
5070;23513223000;23409455555;23609455555;10240;10228
5071;23519737000;23451200000;23651200000;10240;10228
5072;23519950000;23451200000;23651200000;10240;10228
5038;23520017000;23326211111;23526211111;10240;10228
5040;23520023000;23326211111;23526211111;10240;10228
5073;23552322000;23451200000;23651200000;10240;10228
5074;23552530000;23451200000;23651200000;10240;10228
5075;23552808000;23451200000;23651200000;10240;10228
5076;23553131000;23451200000;23651200000;10240;10228
5077;23553142000;23451200000;23651200000;10240;10228
5078;23553378000;23451200000;23651200000;10240;10228
5079;23553643000;23451200000;23651200000;10240;10228
5080;23553652000;23451200000;23651200000;10240;10228
5081;23553894000;23451200000;23651200000;10240;10228
5082;23554848000;23492866666;23692866666;10240;10228
5084;23560238000;23492866666;23692866666;10240;10228
5085;23560417000;23492866666;23692866666;10240;10228
5087;23593578000;23492866666;23692866666;10240;10228
5088;23593803000;23492866666;23692866666;10240;10228
5086;23593820000;23492866666;23692866666;10240;10228
5089;23594138000;23492866666;23692866666;10240;10228
5090;23594157000;23492866666;23692866666;10240;10228
5091;23594384000;23492866666;23692866666;10240;10228
5092;23594394000;23492866666;23692866666;10240;10228
5093;23596563000;23534488888;23734488888;10240;10228
5094;23596576000;23534488888;23734488888;10240;10228
5095;23596812000;23534488888;23734488888;10240;10228
5096;23596822000;23534488888;23734488888;10240;10228
5097;23600720000;23534488888;23734488888;10240;10228
5098;23600954000;23534488888;23734488888;10240;10228
5099;23634110000;23534488888;23734488888;10240;10228
5101;23634906000;23534488888;23734488888;10240;10228
5102;23635151000;23534488888;23734488888;10240;10228
5083;23635161000;23492866666;23692866666;10240;10228
5103;23637481000;23534488888;23734488888;10240;10228
5105;23638212000;23576211111;23776211111;10240;10228
5106;23641220000;23576211111;23776211111;10240;10228
5107;23675650000;23576211111;23776211111;10240;10228
5110;23675874000;23576211111;23776211111;10240;10228
5108;23675963000;23576211111;23776211111;10240;10228
5109;23675972000;23576211111;23776211111;10240;10228
5111;23676218000;23576211111;23776211111;10240;10228
5112;23678528000;23576211111;23776211111;10240;10228
5113;23678548000;23576211111;23776211111;10240;10228
5114;23679122000;23576211111;23776211111;10240;10228
5115;23681728000;23617811111;23817811111;10240;10228
5116;23716181000;23617811111;23817811111;10240;10228
5100;23716640000;23534488888;23734488888;10240;10228
5104;23717047000;23576211111;23776211111;10240;10228
5117;23719592000;23617811111;23817811111;10240;10228
5118;23719613000;23617811111;23817811111;10240;10228
5119;23720207000;23617811111;23817811111;10240;10228
5120;23722222000;23617811111;23817811111;10240;10228
5121;23722417000;23617811111;23817811111;10240;10228
5122;23756691000;23617811111;23817811111;10240;10228
5123;23757723000;23617811111;23817811111;10240;10228
5124;23758056000;23617811111;23817811111;10240;10228
5125;23758075000;23617811111;23817811111;10240;10228
5126;23760717000;23659422222;23859422222;10240;10228
5127;23760737000;23659422222;23859422222;10240;10228
5128;23761242000;23659422222;23859422222;10240;10228
5129;23762741000;23659422222;23859422222;10240;10228
5130;23762948000;23659422222;23859422222;10240;10228
5131;23797182000;23659422222;23859422222;10240;10228
5132;23798802000;23659422222;23859422222;10240;10228
5133;23799098000;23659422222;23859422222;10240;10228
5134;23799117000;23659422222;23859422222;10240;10228
5135;23799358000;23659422222;23859422222;10240;10228
5136;23801634000;23659422222;23859422222;10240;10228
5137;23801916000;23701155555;23901155555;10240;10228
5138;23802276000;23701155555;23901155555;10240;10228
5139;23803200000;23701155555;23901155555;10240;10228
5140;23803398000;23701155555;23901155555;10240;10228
5141;23837678000;23701155555;23901155555;10240;10228
5142;23837914000;23701155555;23901155555;10240;10228
5143;23840170000;23701155555;23901155555;10240;10228
5144;23840190000;23701155555;23901155555;10240;10228
5145;23840402000;23701155555;23901155555;10240;10228
5146;23840413000;23701155555;23901155555;10240;10228
5147;23840656000;23701155555;23901155555;10240;10228
5148;23842736000;23742900000;23942900000;10240;10228
5149;23842982000;23742900000;23942900000;10240;10228
5150;23843698000;23742900000;23942900000;10240;10228
5151;23844078000;23742900000;23942900000;10240;10228
5152;23878183000;23742900000;23942900000;10240;10228
5154;23878400000;23742900000;23942900000;10240;10228
5155;23878563000;23742900000;23942900000;10240;10228
5156;23881188000;23742900000;23942900000;10240;10228
5157;23881197000;23742900000;23942900000;10240;10228
5158;23881426000;23742900000;23942900000;10240;10228
5159;23881435000;23784455555;23984455555;10240;10228
5160;23881681000;23784455555;23984455555;10240;10228
5161;23881690000;23784455555;23984455555;10240;10228
5162;23883721000;23784455555;23984455555;10240;10228
5163;23883978000;23784455555;23984455555;10240;10228
5164;23884177000;23784455555;23984455555;10240;10228
5165;23885046000;23784455555;23984455555;10240;10228
5166;23918654000;23784455555;23984455555;10240;10228
5167;23918887000;23784455555;23984455555;10240;10228
5168;23919071000;23784455555;23984455555;10240;10228
5169;23922121000;23784455555;23984455555;10240;10228
5170;23922369000;23826188888;24026188888;10240;10228
5171;23922381000;23826188888;24026188888;10240;10228
5172;23922617000;23826188888;24026188888;10240;10228
5173;23922628000;23826188888;24026188888;10240;10228
5174;23922874000;23826188888;24026188888;10240;10228
5175;23922895000;23826188888;24026188888;10240;10228
5176;23924769000;23826188888;24026188888;10240;10228
5177;23924791000;23826188888;24026188888;10240;10228
5153;23925023000;23742900000;23942900000;10240;10228
5178;23959161000;23826188888;24026188888;10240;10228
5179;23959394000;23826188888;24026188888;10240;10228
5180;23959598000;23826188888;24026188888;10240;10228
5181;23963181000;23867811111;24067811111;10240;10228
5182;23963634000;23867811111;24067811111;10240;10228
5183;23963645000;23867811111;24067811111;10240;10228
5185;23963893000;23867811111;24067811111;10240;10228
5186;23963904000;23867811111;24067811111;10240;10228
5187;23964135000;23867811111;24067811111;10240;10228
5188;23964155000;23867811111;24067811111;10240;10228
5189;23965831000;23867811111;24067811111;10240;10228
5190;23965842000;23867811111;24067811111;10240;10228
5191;23966083000;23867811111;24067811111;10240;10228
5192;23999678000;23909477777;24109477777;10240;10228
5193;23999853000;23909477777;24109477777;10240;10228
5194;24000045000;23909477777;24109477777;10240;10228
5195;24000059000;23909477777;24109477777;10240;10228
5196;24004171000;23909477777;24109477777;10240;10228
5197;24004642000;23909477777;24109477777;10240;10228
5198;24004651000;23909477777;24109477777;10240;10228
5184;24004903000;23867811111;24067811111;10240;10228
5201;24007110000;23909477777;24109477777;10240;10228
5202;24040105000;23909477777;24109477777;10240;10228
5203;24040343000;23951166666;24151166666;10240;10228
5205;24040539000;23951166666;24151166666;10240;10228
5206;24040759000;23951166666;24151166666;10240;10228
5207;24040778000;23951166666;24151166666;10240;10228
5208;24045190000;23951166666;24151166666;10240;10228
5209;24045644000;23951166666;24151166666;10240;10228
5210;24045655000;23951166666;24151166666;10240;10228
5211;24045896000;23951166666;24151166666;10240;10228
5212;24045918000;23951166666;24151166666;10240;10228
5213;24048039000;23951166666;24151166666;10240;10228
5214;24080810000;23992788888;24192788888;10240;10228
5215;24081012000;23992788888;24192788888;10240;10228
5216;24081202000;23992788888;24192788888;10240;10228
5217;24081402000;23992788888;24192788888;10240;10228
5218;24086243000;23992788888;24192788888;10240;10228
5199;24086634000;23909477777;24109477777;10240;10228
5200;24086869000;23909477777;24109477777;10240;10228
5204;24121319000;23951166666;24151166666;10240;10228
5219;24121634000;23992788888;24192788888;10240;10228
5221;24121747000;23992788888;24192788888;10240;10228
5220;24121879000;23992788888;24192788888;10240;10228
5222;24121891000;23992788888;24192788888;10240;10228
5223;24127287000;23992788888;24192788888;10240;10228
5224;24127543000;23992788888;24192788888;10240;10228
5225;24127787000;24034466666;24234466666;10240;10228
5226;24127798000;24034466666;24234466666;10240;10228
5227;24128038000;24034466666;24234466666;10240;10228
5228;24161810000;24034466666;24234466666;10240;10228
5229;24162202000;24034466666;24234466666;10240;10228
5232;24162412000;24034466666;24234466666;10240;10228
5230;24162424000;24034466666;24234466666;10240;10228
5233;24162631000;24034466666;24234466666;10240;10228
5231;24162731000;24034466666;24234466666;10240;10228
5234;24168629000;24034466666;24234466666;10240;10228
5236;24168850000;24076177777;24276177777;10240;10228
5237;24168860000;24076177777;24276177777;10240;10228
5238;24169091000;24076177777;24276177777;10240;10228
5239;24169110000;24076177777;24276177777;10240;10228
5240;24202319000;24076177777;24276177777;10240;10228
5241;24202700000;24076177777;24276177777;10240;10228
5242;24202895000;24076177777;24276177777;10240;10228
5243;24203102000;24076177777;24276177777;10240;10228
5244;24203384000;24076177777;24276177777;10240;10228
5245;24203733000;24076177777;24276177777;10240;10228
5246;24209558000;24076177777;24276177777;10240;10228
5247;24209810000;24117811111;24317811111;10240;10228
5248;24209819000;24117811111;24317811111;10240;10228
5235;24210059000;24034466666;24234466666;10240;10228
5249;24242824000;24117811111;24317811111;10240;10228
5251;24243190000;24117811111;24317811111;10240;10228
5252;24244123000;24117811111;24317811111;10240;10228
5253;24244342000;24117811111;24317811111;10240;10228
5254;24244744000;24117811111;24317811111;10240;10228
5255;24250587000;24117811111;24317811111;10240;10228
5256;24250861000;24117811111;24317811111;10240;10228
5257;24250871000;24117811111;24317811111;10240;10228
5258;24251137000;24159444444;24359444444;10240;10228
5259;24251147000;24159444444;24359444444;10240;10228
5260;24283301000;24159444444;24359444444;10240;10228
5261;24283696000;24159444444;24359444444;10240;10228
5262;24284619000;24159444444;24359444444;10240;10228
5250;24284855000;24117811111;24317811111;10240;10228
5263;24285704000;24159444444;24359444444;10240;10228
5264;24291926000;24159444444;24359444444;10240;10228
5265;24291939000;24159444444;24359444444;10240;10228
5266;24292175000;24159444444;24359444444;10240;10228
5267;24292185000;24159444444;24359444444;10240;10228
5268;24292419000;24159444444;24359444444;10240;10228
5269;24292430000;24201188888;24401188888;10240;10228
5270;24324178000;24201188888;24401188888;10240;10228
5271;24326237000;24201188888;24401188888;10240;10228
5273;24326423000;24201188888;24401188888;10240;10228
5272;24326492000;24201188888;24401188888;10240;10228
5274;24333010000;24201188888;24401188888;10240;10228
5275;24333019000;24201188888;24401188888;10240;10228
5276;24333243000;24201188888;24401188888;10240;10228
5277;24333262000;24201188888;24401188888;10240;10228
5281;24367258000;24242877777;24442877777;10240;10228
5283;24367460000;24242877777;24442877777;10240;10228
5284;24367471000;24242877777;24442877777;10240;10228
5282;24367550000;24242877777;24442877777;10240;10228
5285;24367703000;24242877777;24442877777;10240;10228
5286;24367906000;24242877777;24442877777;10240;10228
5288;24374083000;24242877777;24442877777;10240;10228
5289;24374104000;24242877777;24442877777;10240;10228
5290;24374329000;24242877777;24442877777;10240;10228
5278;24394277000;24201188888;24401188888;10240;10228
5279;24394492000;24201188888;24401188888;10240;10228
5292;24394667000;24284522222;24484522222;10240;10228
5293;24407768000;24284522222;24484522222;10240;10228
5294;24407970000;24284522222;24484522222;10240;10228
5295;24408174000;24284522222;24484522222;10240;10228
5297;24408194000;24284522222;24484522222;10240;10228
5298;24408365000;24284522222;24484522222;10240;10228
5296;24408443000;24284522222;24484522222;10240;10228
5299;24408553000;24284522222;24484522222;10240;10228
5287;24414838000;24242877777;24442877777;10240;10228
5300;24415196000;24284522222;24484522222;10240;10228
5280;24415206000;24242877777;24442877777;10240;10228
5301;24448407000;24284522222;24484522222;10240;10228
5302;24448695000;24326211111;24526211111;10240;10228
5303;24448849000;24326211111;24526211111;10240;10228
5304;24448859000;24326211111;24526211111;10240;10228
5305;24449050000;24326211111;24526211111;10240;10228
5306;24449270000;24326211111;24526211111;10240;10228
5307;24455384000;24326211111;24526211111;10240;10228
5291;24455949000;24284522222;24484522222;10240;10228
5308;24456251000;24326211111;24526211111;10240;10228
5309;24456273000;24326211111;24526211111;10240;10228
5310;24456498000;24326211111;24526211111;10240;10228
5312;24489110000;24326211111;24526211111;10240;10228
5313;24489351000;24367788888;24567788888;10240;10228
5314;24489552000;24367788888;24567788888;10240;10228
5315;24489575000;24367788888;24567788888;10240;10228
5316;24496428000;24367788888;24567788888;10240;10228
5317;24496643000;24367788888;24567788888;10240;10228
5318;24496827000;24367788888;24567788888;10240;10228
5319;24496847000;24367788888;24567788888;10240;10228
5320;24497157000;24367788888;24567788888;10240;10228
5321;24497167000;24367788888;24567788888;10240;10228
5322;24497410000;24367788888;24567788888;10240;10228
5323;24497659000;24367788888;24567788888;10240;10228
5325;24529614000;24409466666;24609466666;10240;10228
5326;24529842000;24409466666;24609466666;10240;10228
5324;24529857000;24409466666;24609466666;10240;10228
5327;24530057000;24409466666;24609466666;10240;10228
5328;24530236000;24409466666;24609466666;10240;10228
5329;24536903000;24409466666;24609466666;10240;10228
5330;24537307000;24409466666;24609466666;10240;10228
5331;24537518000;24409466666;24609466666;10240;10228
5332;24537538000;24409466666;24609466666;10240;10228
5333;24537733000;24409466666;24609466666;10240;10228
5334;24538097000;24409466666;24609466666;10240;10228
5335;24538342000;24451166666;24651166666;10240;10228
5336;24538353000;24451166666;24651166666;10240;10228
5337;24538661000;24451166666;24651166666;10240;10228
5338;24570137000;24451166666;24651166666;10240;10228
5339;24570338000;24451166666;24651166666;10240;10228
5341;24570539000;24451166666;24651166666;10240;10228
5340;24570779000;24451166666;24651166666;10240;10228
5342;24577420000;24451166666;24651166666;10240;10228
5343;24577577000;24451166666;24651166666;10240;10228
5344;24577807000;24451166666;24651166666;10240;10228
5345;24578010000;24451166666;24651166666;10240;10228
5346;24578220000;24492800000;24692800000;10240;10228
5347;24578232000;24492800000;24692800000;10240;10228
5348;24578414000;24492800000;24692800000;10240;10228
5349;24579103000;24492800000;24692800000;10240;10228
5350;24579344000;24492800000;24692800000;10240;10228
5351;24579356000;24492800000;24692800000;10240;10228
5352;24579642000;24492800000;24692800000;10240;10228
5353;24610623000;24492800000;24692800000;10240;10228
5354;24610848000;24492800000;24692800000;10240;10228
5355;24611064000;24492800000;24692800000;10240;10228
5356;24611735000;24492800000;24692800000;10240;10228
5357;24618076000;24534466666;24734466666;10240;10228
5358;24618298000;24534466666;24734466666;10240;10228
5359;24618318000;24534466666;24734466666;10240;10228
5360;24618477000;24534466666;24734466666;10240;10228
5361;24618706000;24534466666;24734466666;10240;10228
5362;24618891000;24534466666;24734466666;10240;10228
5363;24618901000;24534466666;24734466666;10240;10228
5364;24619061000;24534466666;24734466666;10240;10228
5366;24620145000;24534466666;24734466666;10240;10228
5367;24620170000;24534466666;24734466666;10240;10228
5368;24638215000;24576166666;24776166666;10240;10228
5369;24651136000;24576166666;24776166666;10240;10228
5370;24651562000;24576166666;24776166666;10240;10228
5371;24651780000;24576166666;24776166666;10240;10228
5372;24652802000;24576166666;24776166666;10240;10228
5373;24658583000;24576166666;24776166666;10240;10228
5374;24658795000;24576166666;24776166666;10240;10228
5375;24658992000;24576166666;24776166666;10240;10228
5376;24659013000;24576166666;24776166666;10240;10228
5377;24659208000;24576166666;24776166666;10240;10228
5378;24659400000;24576166666;24776166666;10240;10228
5365;24678956000;24534466666;24734466666;10240;10228
5380;24679758000;24617844444;24817844444;10240;10228
5379;24679856000;24617844444;24817844444;10240;10228
5381;24679867000;24617844444;24817844444;10240;10228
5382;24691641000;24617844444;24817844444;10240;10228
5383;24691851000;24617844444;24817844444;10240;10228
5384;24692076000;24617844444;24817844444;10240;10228
5385;24692263000;24617844444;24817844444;10240;10228
5386;24693863000;24617844444;24817844444;10240;10228
5387;24693872000;24617844444;24817844444;10240;10228
5388;24699274000;24617844444;24817844444;10240;10228
5389;24699469000;24617844444;24817844444;10240;10228
5391;24721262000;24659444444;24859444444;10240;10228
5393;24721452000;24659444444;24859444444;10240;10228
5395;24721464000;24659444444;24859444444;10240;10228
5390;24721523000;24659444444;24859444444;10240;10228
5396;24721661000;24659444444;24859444444;10240;10228
5392;24721822000;24659444444;24859444444;10240;10228
5397;24721833000;24659444444;24859444444;10240;10228
5398;24732333000;24659444444;24859444444;10240;10228
5399;24732550000;24659444444;24859444444;10240;10228
5400;24732570000;24659444444;24859444444;10240;10228
5394;24762375000;24659444444;24859444444;10240;10228
5402;24762947000;24701222222;24901222222;10240;10228
5404;24763132000;24701222222;24901222222;10240;10228
5406;24763144000;24701222222;24901222222;10240;10228
5401;24763165000;24701222222;24901222222;10240;10228
5403;24763463000;24701222222;24901222222;10240;10228
5408;24772866000;24701222222;24901222222;10240;10228
5409;24773060000;24701222222;24901222222;10240;10228
5410;24773080000;24701222222;24901222222;10240;10228
5411;24802829000;24701222222;24901222222;10240;10228
5412;24804598000;24742844444;24942844444;10240;10228
5414;24804789000;24742844444;24942844444;10240;10228
5413;24804900000;24742844444;24942844444;10240;10228
5415;24804909000;24742844444;24942844444;10240;10228
5421;24813563000;24742844444;24942844444;10240;10228
5419;24813685000;24742844444;24942844444;10240;10228
5420;24813696000;24742844444;24942844444;10240;10228
5422;24813715000;24742844444;24942844444;10240;10228
5423;24846257000;24784500000;24984500000;10240;10228
5424;24846448000;24784500000;24984500000;10240;10228
5425;24846460000;24784500000;24984500000;10240;10228
5426;24846656000;24784500000;24984500000;10240;10228
5427;24854087000;24784500000;24984500000;10240;10228
5428;24854411000;24784500000;24984500000;10240;10228
5429;24854422000;24784500000;24984500000;10240;10228
5431;24854664000;24784500000;24984500000;10240;10228
5416;24886763000;24742844444;24942844444;10240;10228
5417;24886975000;24742844444;24942844444;10240;10228
5418;24886993000;24742844444;24942844444;10240;10228
5407;24892525000;24701222222;24901222222;10240;10228
5432;24892795000;24784500000;24984500000;10240;10228
5433;24892807000;24784500000;24984500000;10240;10228
5435;24895333000;24826222222;25026222222;10240;10228
5436;24895652000;24826222222;25026222222;10240;10228
5437;24927280000;24826222222;25026222222;10240;10228
5438;24927482000;24826222222;25026222222;10240;10228
5439;24927492000;24826222222;25026222222;10240;10228
5440;24927705000;24826222222;25026222222;10240;10228
5442;24933861000;24826222222;25026222222;10240;10228
5443;24933870000;24826222222;25026222222;10240;10228
5445;24968036000;24867811111;25067811111;10240;10228
5446;24968227000;24867811111;25067811111;10240;10228
5447;24968248000;24867811111;25067811111;10240;10228
5434;24974626000;24826222222;25026222222;10240;10228
5448;24974927000;24867811111;25067811111;10240;10228
5449;24974937000;24867811111;25067811111;10240;10228
5450;24975172000;24867811111;25067811111;10240;10228
5452;25008746000;24867811111;25067811111;10240;10228
5441;25008954000;24826222222;25026222222;10240;10228
5444;25008974000;24826222222;25026222222;10240;10228
5454;25015894000;24867811111;25067811111;10240;10228
5455;25015921000;24867811111;25067811111;10240;10228
5456;25049268000;24909477777;25109477777;10240;10228
5457;25049479000;24909477777;25109477777;10240;10228
5458;25049693000;24909477777;25109477777;10240;10228
5459;25056950000;24909477777;25109477777;10240;10228
5460;25056959000;24909477777;25109477777;10240;10228
5461;25060645000;24909477777;25109477777;10240;10228
5462;25060654000;24909477777;25109477777;10240;10228
5463;25089785000;24909477777;25109477777;10240;10228
5464;25090020000;24909477777;25109477777;10240;10228
5465;25090205000;24909477777;25109477777;10240;10228
5466;25097887000;24909477777;25109477777;10240;10228
5467;25101714000;24951177777;25151177777;10240;10228
5468;25101725000;24951177777;25151177777;10240;10228
5469;25101963000;24951177777;25151177777;10240;10228
5470;25130333000;24951177777;25151177777;10240;10228
5471;25130517000;24951177777;25151177777;10240;10228
5472;25130718000;24951177777;25151177777;10240;10228
5473;25130736000;24951177777;25151177777;10240;10228
5474;25138814000;24951177777;25151177777;10240;10228
5475;25142767000;24951177777;25151177777;10240;10228
5477;25142778000;24951177777;25151177777;10240;10228
5478;25170839000;24992800000;25192800000;10240;10228
5479;25171077000;24992800000;25192800000;10240;10228
5480;25171259000;24992800000;25192800000;10240;10228
5481;25171455000;24992800000;25192800000;10240;10228
5482;25171466000;24992800000;25192800000;10240;10228
5483;25179855000;24992800000;25192800000;10240;10228
5484;25211320000;24992800000;25192800000;10240;10228
5488;25211531000;24992800000;25192800000;10240;10228
5485;25211649000;24992800000;25192800000;10240;10228
5486;25211660000;24992800000;25192800000;10240;10228
5489;25211682000;25034466666;25234466666;10240;10228
5487;25211898000;24992800000;25192800000;10240;10228
5490;25211910000;25034466666;25234466666;10240;10228
5491;25212119000;25034466666;25234466666;10240;10228
5492;25220903000;25034466666;25234466666;10240;10228
5494;25251819000;25034466666;25234466666;10240;10228
5496;25252026000;25034466666;25234466666;10240;10228
5499;25252225000;25034466666;25234466666;10240;10228
5495;25252236000;25034466666;25234466666;10240;10228
5497;25252542000;25034466666;25234466666;10240;10228
5498;25252562000;25034466666;25234466666;10240;10228
