seqnum;now;rtptime;deadline;packet_len;payload_len
0;11141514000;10913611111;11413611111;1398;1386
0;11141605000;10913611111;11413611111;1398;1386
1;11141657000;10913611111;11413611111;1400;1388
2;11141675000;10913611111;11413611111;1398;1386
3;11141679000;10944977777;11444977777;1400;1388
4;11141694000;10944977777;11444977777;1400;1388
5;11141699000;10944977777;11444977777;1398;1386
6;11141705000;10944977777;11444977777;1400;1388
1;11141716000;10913611111;11413611111;1400;1388
7;11141779000;10944977777;11444977777;1398;1386
8;11141791000;10944977777;11444977777;1400;1388
9;11141800000;10944977777;11444977777;1400;1388
10;11141803000;10945000000;11445000000;982;970
2;11141921000;10913611111;11413611111;1398;1386
3;11141941000;10944977777;11444977777;1400;1388
4;11142165000;10944977777;11444977777;1400;1388
5;11142184000;10944977777;11444977777;1398;1386
6;11142349000;10944977777;11444977777;1400;1388
7;11142359000;10944977777;11444977777;1398;1386
8;11142523000;10944977777;11444977777;1400;1388
9;11142725000;10944977777;11444977777;1400;1388
10;11142732000;10945000000;11445000000;982;970
11;11183211000;10945344444;11445344444;1398;1386
11;11183270000;10945344444;11445344444;1398;1386
12;11183287000;10945344444;11445344444;1400;1388
13;11183294000;10945344444;11445344444;1398;1386
15;11183298000;10986633333;11486633333;1400;1388
16;11183319000;10986633333;11486633333;1398;1386
17;11183327000;10986633333;11486633333;1400;1388
18;11183335000;10986633333;11486633333;1398;1386
19;11183342000;10986633333;11486633333;1400;1388
20;11183409000;10986633333;11486633333;1400;1388
12;11183421000;10945344444;11445344444;1400;1388
21;11183436000;10986644444;11486644444;982;970
13;11183582000;10945344444;11445344444;1398;1386
14;11183593000;10986633333;11486633333;1400;1388
15;11183870000;10986633333;11486633333;1400;1388
16;11183880000;10986633333;11486633333;1398;1386
17;11183884000;10986633333;11486633333;1400;1388
18;11183980000;10986633333;11486633333;1398;1386
19;11184218000;10986633333;11486633333;1400;1388
20;11184227000;10986633333;11486633333;1400;1388
21;11184401000;10986644444;11486644444;982;970
22;11224755000;10987022222;11487022222;1398;1386
23;11224772000;10987022222;11487022222;1400;1388
24;11224775000;10987022222;11487022222;1398;1386
25;11224779000;11028300000;11528300000;1400;1388
26;11224782000;11028300000;11528300000;1400;1388
27;11224786000;11028300000;11528300000;1398;1386
28;11224793000;11028300000;11528300000;1400;1388
29;11224807000;11028300000;11528300000;1398;1386
30;11224812000;11028300000;11528300000;1400;1388
31;11224816000;11028300000;11528300000;1400;1388
32;11224819000;11028322222;11528322222;982;970
22;11224856000;10987022222;11487022222;1398;1386
23;11225036000;10987022222;11487022222;1400;1388
24;11225242000;10987022222;11487022222;1398;1386
25;11225251000;11028300000;11528300000;1400;1388
26;11225447000;11028300000;11528300000;1400;1388
27;11225456000;11028300000;11528300000;1398;1386
28;11225686000;11028300000;11528300000;1400;1388
29;11225694000;11028300000;11528300000;1398;1386
30;11225855000;11028300000;11528300000;1400;1388
31;11226061000;11028300000;11528300000;1400;1388
32;11226070000;11028322222;11528322222;982;970
33;11266596000;11028644444;11528644444;1398;1386
34;11266627000;11028644444;11528644444;1400;1388
35;11266632000;11028644444;11528644444;1398;1386
36;11266636000;11069966666;11569966666;1400;1388
37;11266640000;11069966666;11569966666;1400;1388
33;11266685000;11028644444;11528644444;1398;1386
34;11266696000;11028644444;11528644444;1400;1388
38;11266714000;11069966666;11569966666;1398;1386
39;11266741000;11069966666;11569966666;1400;1388
40;11266746000;11069966666;11569966666;1398;1386
41;11266753000;11069966666;11569966666;1400;1388
42;11266760000;11069966666;11569966666;1400;1388
43;11266765000;11069988888;11569988888;982;970
35;11266952000;11028644444;11528644444;1398;1386
36;11266966000;11069966666;11569966666;1400;1388
37;11267115000;11069966666;11569966666;1400;1388
38;11267125000;11069966666;11569966666;1398;1386
39;11267321000;11069966666;11569966666;1400;1388
40;11267330000;11069966666;11569966666;1398;1386
41;11267543000;11069966666;11569966666;1400;1388
42;11267552000;11069966666;11569966666;1400;1388
43;11267747000;11069988888;11569988888;982;970
44;11308196000;11070333333;11570333333;1398;1386
44;11308259000;11070333333;11570333333;1398;1386
45;11308273000;11070333333;11570333333;1400;1388
46;11308277000;11070333333;11570333333;1398;1386
47;11308281000;11111633333;11611633333;1400;1388
48;11308286000;11111633333;11611633333;1400;1388
49;11308289000;11111633333;11611633333;1398;1386
50;11308293000;11111633333;11611633333;1400;1388
51;11308296000;11111633333;11611633333;1398;1386
52;11308299000;11111633333;11611633333;1400;1388
53;11308303000;11111633333;11611633333;1400;1388
54;11308306000;11111655555;11611655555;982;970
46;11308381000;11070333333;11570333333;1398;1386
47;11308579000;11111633333;11611633333;1400;1388
48;11308588000;11111633333;11611633333;1400;1388
49;11308784000;11111633333;11611633333;1398;1386
50;11308793000;11111633333;11611633333;1400;1388
51;11308989000;11111633333;11611633333;1398;1386
52;11308997000;11111633333;11611633333;1400;1388
53;11309194000;11111633333;11611633333;1400;1388
54;11309202000;11111655555;11611655555;982;970
55;11349893000;11111955555;11611955555;1398;1386
55;11349955000;11111955555;11611955555;1398;1386
56;11349969000;11111955555;11611955555;1400;1388
57;11349974000;11111955555;11611955555;1398;1386
58;11349978000;11153300000;11653300000;1400;1388
59;11349982000;11153300000;11653300000;1400;1388
61;11349985000;11153300000;11653300000;1400;1388
62;11349995000;11153300000;11653300000;1398;1386
63;11350017000;11153300000;11653300000;1400;1388
64;11350021000;11153300000;11653300000;1400;1388
65;11350025000;11153322222;11653322222;982;970
56;11350071000;11111955555;11611955555;1400;1388
57;11350267000;11111955555;11611955555;1398;1386
58;11350276000;11153300000;11653300000;1400;1388
59;11350471000;11153300000;11653300000;1400;1388
60;11350480000;11153300000;11653300000;1398;1386
61;11350674000;11153300000;11653300000;1400;1388
62;11350682000;11153300000;11653300000;1398;1386
63;11350881000;11153300000;11653300000;1400;1388
64;11350889000;11153300000;11653300000;1400;1388
65;11351086000;11153322222;11653322222;982;970
66;11391543000;11153600000;11653600000;1398;1386
66;11391605000;11153600000;11653600000;1398;1386
67;11391619000;11153600000;11653600000;1400;1388
68;11391625000;11153600000;11653600000;1398;1386
69;11391629000;11194966666;11694966666;1400;1388
70;11391633000;11194966666;11694966666;1400;1388
71;11391636000;11194966666;11694966666;1398;1386
72;11391640000;11194966666;11694966666;1400;1388
73;11391644000;11194966666;11694966666;1398;1386
74;11391647000;11194966666;11694966666;1400;1388
75;11391653000;11194966666;11694966666;1400;1388
76;11391656000;11194988888;11694988888;982;970
67;11391734000;11153600000;11653600000;1400;1388
68;11391744000;11153600000;11653600000;1398;1386
69;11391924000;11194966666;11694966666;1400;1388
70;11392120000;11194966666;11694966666;1400;1388
72;11392126000;11194966666;11694966666;1400;1388
73;11392335000;11194966666;11694966666;1398;1386
74;11392340000;11194966666;11694966666;1400;1388
75;11392528000;11194966666;11694966666;1400;1388
76;11392533000;11194988888;11694988888;982;970
77;11433212000;11195322222;11695322222;1398;1386
77;11433243000;11195322222;11695322222;1398;1386
78;11433253000;11195322222;11695322222;1400;1388
79;11433258000;11195322222;11695322222;1398;1386
80;11433261000;11236633333;11736633333;1400;1388
81;11433265000;11236633333;11736633333;1400;1388
82;11433269000;11236633333;11736633333;1398;1386
83;11433273000;11236633333;11736633333;1400;1388
84;11433276000;11236633333;11736633333;1398;1386
85;11433279000;11236633333;11736633333;1400;1388
86;11433282000;11236633333;11736633333;1400;1388
87;11433286000;11236655555;11736655555;982;970
78;11433391000;11195322222;11695322222;1400;1388
79;11433397000;11195322222;11695322222;1398;1386
80;11433590000;11236633333;11736633333;1400;1388
81;11433796000;11236633333;11736633333;1400;1388
82;11433802000;11236633333;11736633333;1398;1386
83;11433992000;11236633333;11736633333;1400;1388
84;11434015000;11236633333;11736633333;1398;1386
85;11434217000;11236633333;11736633333;1400;1388
86;11434221000;11236633333;11736633333;1400;1388
87;11434402000;11236655555;11736655555;982;970
88;11474838000;11236955555;11736955555;1398;1386
88;11474852000;11236955555;11736955555;1398;1386
89;11474872000;11236955555;11736955555;1400;1388
90;11474877000;11236955555;11736955555;1398;1386
91;11474880000;11278300000;11778300000;1400;1388
92;11474884000;11278300000;11778300000;1400;1388
93;11474887000;11278300000;11778300000;1398;1386
94;11474890000;11278300000;11778300000;1400;1388
95;11474894000;11278300000;11778300000;1398;1386
96;11474897000;11278300000;11778300000;1400;1388
97;11474900000;11278300000;11778300000;1400;1388
98;11474904000;11278322222;11778322222;982;970
89;11475041000;11236955555;11736955555;1400;1388
90;11475051000;11236955555;11736955555;1398;1386
91;11475249000;11278300000;11778300000;1400;1388
92;11475454000;11278300000;11778300000;1400;1388
93;11475463000;11278300000;11778300000;1398;1386
94;11475644000;11278300000;11778300000;1400;1388
95;11475648000;11278300000;11778300000;1398;1386
96;11475855000;11278300000;11778300000;1400;1388
97;11475860000;11278300000;11778300000;1400;1388
98;11476021000;11278322222;11778322222;982;970
99;11516569000;11278600000;11778600000;1398;1386
100;11516600000;11278600000;11778600000;1400;1388
99;11516614000;11278600000;11778600000;1398;1386
101;11516690000;11278600000;11778600000;1398;1386
102;11516704000;11319988888;11819988888;1400;1388
103;11516709000;11319988888;11819988888;1400;1388
104;11516713000;11319988888;11819988888;1398;1386
100;11516723000;11278600000;11778600000;1400;1388
101;11516744000;11278600000;11778600000;1398;1386
105;11516797000;11319988888;11819988888;1400;1388
106;11516811000;11319988888;11819988888;1398;1386
107;11516815000;11319988888;11819988888;1400;1388
108;11516818000;11319988888;11819988888;1400;1388
109;11516822000;11320000000;11820000000;982;970
102;11516909000;11319988888;11819988888;1400;1388
103;11517117000;11319988888;11819988888;1400;1388
104;11517125000;11319988888;11819988888;1398;1386
105;11517316000;11319988888;11819988888;1400;1388
106;11517325000;11319988888;11819988888;1398;1386
107;11517527000;11319988888;11819988888;1400;1388
108;11517535000;11319988888;11819988888;1400;1388
109;11517736000;11320000000;11820000000;982;970
110;11558169000;11320311111;11820311111;1398;1386
110;11558204000;11320311111;11820311111;1398;1386
111;11558216000;11320311111;11820311111;1400;1388
112;11558220000;11320311111;11820311111;1398;1386
113;11558223000;11361633333;11861633333;1400;1388
114;11558227000;11361633333;11861633333;1400;1388
115;11558231000;11361633333;11861633333;1398;1386
116;11558234000;11361633333;11861633333;1400;1388
117;11558238000;11361633333;11861633333;1398;1386
118;11558241000;11361633333;11861633333;1400;1388
119;11558245000;11361633333;11861633333;1400;1388
120;11558248000;11361655555;11861655555;982;970
111;11558349000;11320311111;11820311111;1400;1388
112;11558541000;11320311111;11820311111;1398;1386
113;11558546000;11361633333;11861633333;1400;1388
114;11558743000;11361633333;11861633333;1400;1388
115;11558748000;11361633333;11861633333;1398;1386
116;11558948000;11361633333;11861633333;1400;1388
117;11558952000;11361633333;11861633333;1398;1386
118;11559152000;11361633333;11861633333;1400;1388
119;11559356000;11361633333;11861633333;1400;1388
120;11559361000;11361655555;11861655555;982;970
121;11599813000;11361944444;11861944444;1398;1386
121;11599844000;11361944444;11861944444;1398;1386
122;11599853000;11361944444;11861944444;1400;1388
123;11599857000;11361944444;11861944444;1398;1386
124;11599860000;11403300000;11903300000;1400;1388
125;11599864000;11403300000;11903300000;1400;1388
126;11599867000;11403300000;11903300000;1398;1386
127;11599871000;11403300000;11903300000;1400;1388
128;11599874000;11403300000;11903300000;1398;1386
129;11599877000;11403300000;11903300000;1400;1388
130;11599880000;11403300000;11903300000;1400;1388
131;11599884000;11403322222;11903322222;982;970
122;11600024000;11361944444;11861944444;1400;1388
123;11600030000;11361944444;11861944444;1398;1386
124;11600224000;11403300000;11903300000;1400;1388
125;11600429000;11403300000;11903300000;1400;1388
126;11600434000;11403300000;11903300000;1398;1386
127;11600631000;11403300000;11903300000;1400;1388
128;11600636000;11403300000;11903300000;1398;1386
129;11600840000;11403300000;11903300000;1400;1388
130;11600844000;11403300000;11903300000;1400;1388
131;11601055000;11403322222;11903322222;982;970
132;11641529000;11403600000;11903600000;1398;1386
132;11641560000;11403600000;11903600000;1398;1386
133;11641569000;11403600000;11903600000;1400;1388
134;11641573000;11403600000;11903600000;1398;1386
135;11641577000;11444977777;11944977777;1400;1388
136;11641580000;11444977777;11944977777;1400;1388
137;11641584000;11444977777;11944977777;1398;1386
140;11641587000;11444977777;11944977777;1400;1388
141;11641596000;11444977777;11944977777;1400;1388
142;11641608000;11445000000;11945000000;982;970
133;11641741000;11403600000;11903600000;1400;1388
134;11641746000;11403600000;11903600000;1398;1386
135;11641936000;11444977777;11944977777;1400;1388
136;11642147000;11444977777;11944977777;1400;1388
137;11642152000;11444977777;11944977777;1398;1386
138;11642347000;11444977777;11944977777;1400;1388
139;11642367000;11444977777;11944977777;1398;1386
140;11642559000;11444977777;11944977777;1400;1388
141;11642564000;11444977777;11944977777;1400;1388
142;11642761000;11445000000;11945000000;982;970
143;11683212000;11445300000;11945300000;1398;1386
143;11683294000;11445300000;11945300000;1398;1386
144;11683309000;11445300000;11945300000;1400;1388
145;11683314000;11445300000;11945300000;1398;1386
146;11683317000;11486622222;11986622222;1400;1388
147;11683321000;11486622222;11986622222;1400;1388
148;11683325000;11486622222;11986622222;1398;1386
149;11683329000;11486622222;11986622222;1400;1388
150;11683333000;11486622222;11986622222;1398;1386
151;11683337000;11486622222;11986622222;1400;1388
152;11683340000;11486622222;11986622222;1400;1388
153;11683353000;11486644444;11986644444;982;970
144;11683381000;11445300000;11945300000;1400;1388
145;11683593000;11445300000;11945300000;1398;1386
146;11683598000;11486622222;11986622222;1400;1388
147;11683796000;11486622222;11986622222;1400;1388
148;11683801000;11486622222;11986622222;1398;1386
149;11683997000;11486622222;11986622222;1400;1388
150;11684001000;11486622222;11986622222;1398;1386
151;11684206000;11486622222;11986622222;1400;1388
152;11684211000;11486622222;11986622222;1400;1388
153;11684409000;11486644444;11986644444;982;970
154;11724830000;11486955555;11986955555;1398;1386
154;11724859000;11486955555;11986955555;1398;1386
155;11724869000;11486955555;11986955555;1400;1388
156;11724873000;11486955555;11986955555;1398;1386
157;11724876000;11528266666;12028266666;1400;1388
158;11724880000;11528266666;12028266666;1400;1388
159;11724883000;11528266666;12028266666;1398;1386
160;11724886000;11528266666;12028266666;1400;1388
161;11724889000;11528266666;12028266666;1398;1386
162;11724893000;11528266666;12028266666;1400;1388
163;11724896000;11528266666;12028266666;1400;1388
164;11724899000;11528288888;12028288888;982;970
155;11725038000;11486955555;11986955555;1400;1388
156;11725050000;11486955555;11986955555;1398;1386
157;11725240000;11528266666;12028266666;1400;1388
158;11725446000;11528266666;12028266666;1400;1388
159;11725451000;11528266666;12028266666;1398;1386
160;11725646000;11528266666;12028266666;1400;1388
161;11725651000;11528266666;12028266666;1398;1386
162;11725854000;11528266666;12028266666;1400;1388
163;11725858000;11528266666;12028266666;1400;1388
164;11726058000;11528288888;12028288888;982;970
165;11766494000;11528588888;12028588888;1398;1386
165;11766526000;11528588888;12028588888;1398;1386
166;11766535000;11528588888;12028588888;1400;1388
167;11766539000;11528588888;12028588888;1398;1386
168;11766543000;11569933333;12069933333;1400;1388
169;11766547000;11569933333;12069933333;1400;1388
170;11766550000;11569933333;12069933333;1398;1386
171;11766553000;11569933333;12069933333;1400;1388
172;11766556000;11569933333;12069933333;1398;1386
173;11766577000;11569933333;12069933333;1400;1388
174;11766580000;11569933333;12069933333;1400;1388
175;11766583000;11569955555;12069955555;982;970
166;11766704000;11528588888;12028588888;1400;1388
167;11766710000;11528588888;12028588888;1398;1386
168;11766899000;11569933333;12069933333;1400;1388
169;11767111000;11569933333;12069933333;1400;1388
170;11767116000;11569933333;12069933333;1398;1386
171;11767311000;11569933333;12069933333;1400;1388
172;11767316000;11569933333;12069933333;1398;1386
173;11767526000;11569933333;12069933333;1400;1388
174;11767531000;11569933333;12069933333;1400;1388
175;11767725000;11569955555;12069955555;982;970
176;11808175000;11570266666;12070266666;1398;1386
176;11808205000;11570266666;12070266666;1398;1386
177;11808215000;11570266666;12070266666;1400;1388
178;11808219000;11570266666;12070266666;1398;1386
179;11808223000;11611600000;12111600000;1400;1388
180;11808227000;11611600000;12111600000;1400;1388
181;11808230000;11611600000;12111600000;1398;1386
182;11808234000;11611600000;12111600000;1400;1388
183;11808237000;11611600000;12111600000;1398;1386
184;11808241000;11611600000;12111600000;1400;1388
185;11808244000;11611600000;12111600000;1400;1388
186;11808248000;11611622222;12111622222;982;970
177;11808355000;11570266666;12070266666;1400;1388
178;11808557000;11570266666;12070266666;1398;1386
179;11808562000;11611600000;12111600000;1400;1388
180;11808762000;11611600000;12111600000;1400;1388
181;11808767000;11611600000;12111600000;1398;1386
182;11808967000;11611600000;12111600000;1400;1388
183;11808971000;11611600000;12111600000;1398;1386
184;11809170000;11611600000;12111600000;1400;1388
185;11809376000;11611600000;12111600000;1400;1388
186;11809380000;11611622222;12111622222;982;970
187;11849863000;11611900000;12111900000;1398;1386
187;11849892000;11611900000;12111900000;1398;1386
188;11849901000;11611900000;12111900000;1400;1388
189;11849906000;11611900000;12111900000;1398;1386
190;11849909000;11653300000;12153300000;1400;1388
191;11849914000;11653300000;12153300000;1400;1388
192;11849917000;11653300000;12153300000;1398;1386
193;11849920000;11653300000;12153300000;1400;1388
194;11849923000;11653300000;12153300000;1398;1386
195;11849927000;11653300000;12153300000;1400;1388
196;11849931000;11653300000;12153300000;1400;1388
197;11849935000;11653322222;12153322222;982;970
188;11850052000;11611900000;12111900000;1400;1388
189;11850256000;11611900000;12111900000;1398;1386
190;11850261000;11653300000;12153300000;1400;1388
191;11850460000;11653300000;12153300000;1400;1388
192;11850465000;11653300000;12153300000;1398;1386
193;11850665000;11653300000;12153300000;1400;1388
194;11850669000;11653300000;12153300000;1398;1386
195;11850868000;11653300000;12153300000;1400;1388
196;11851074000;11653300000;12153300000;1400;1388
197;11851079000;11653322222;12153322222;982;970
198;11891530000;11653588888;12153588888;1398;1386
199;11891558000;11653588888;12153588888;1400;1388
200;11891568000;11653588888;12153588888;1398;1386
201;11891572000;11694966666;12194966666;1400;1388
202;11891576000;11694966666;12194966666;1400;1388
203;11891580000;11694966666;12194966666;1398;1386
204;11891583000;11694966666;12194966666;1400;1388
205;11891586000;11694966666;12194966666;1398;1386
207;11891590000;11694966666;12194966666;1400;1388
208;11891597000;11694988888;12194988888;982;970
199;11891720000;11653588888;12153588888;1400;1388
200;11891924000;11653588888;12153588888;1398;1386
201;11891928000;11694966666;12194966666;1400;1388
202;11892128000;11694966666;12194966666;1400;1388
203;11892134000;11694966666;12194966666;1398;1386
204;11892333000;11694966666;12194966666;1400;1388
205;11892338000;11694966666;12194966666;1398;1386
206;11892537000;11694966666;12194966666;1400;1388
207;11892764000;11694966666;12194966666;1400;1388
208;11892769000;11694988888;12194988888;982;970
209;11933211000;11695266666;12195266666;1398;1386
209;11933238000;11695266666;12195266666;1398;1386
210;11933248000;11695266666;12195266666;1400;1388
211;11933252000;11695266666;12195266666;1398;1386
212;11933255000;11736644444;12236644444;1400;1388
213;11933267000;11736644444;12236644444;1400;1388
214;11933271000;11736644444;12236644444;1398;1386
215;11933274000;11736644444;12236644444;1400;1388
216;11933277000;11736644444;12236644444;1398;1386
217;11933281000;11736644444;12236644444;1400;1388
218;11933284000;11736644444;12236644444;1400;1388
219;11933287000;11736666666;12236666666;982;970
210;11933412000;11695266666;12195266666;1400;1388
211;11933417000;11695266666;12195266666;1398;1386
212;11933612000;11736644444;12236644444;1400;1388
213;11933817000;11736644444;12236644444;1400;1388
214;11933822000;11736644444;12236644444;1398;1386
215;11934019000;11736644444;12236644444;1400;1388
216;11934024000;11736644444;12236644444;1398;1386
217;11934228000;11736644444;12236644444;1400;1388
218;11934232000;11736644444;12236644444;1400;1388
219;11934431000;11736666666;12236666666;982;970
220;11974862000;11737000000;12237000000;1398;1386
220;11974894000;11737000000;12237000000;1398;1386
221;11974903000;11737000000;12237000000;1400;1388
222;11974907000;11737000000;12237000000;1398;1386
223;11974911000;11778300000;12278300000;1400;1388
224;11974915000;11778300000;12278300000;1400;1388
225;11974918000;11778300000;12278300000;1398;1386
226;11974921000;11778300000;12278300000;1400;1388
227;11974924000;11778300000;12278300000;1398;1386
228;11974927000;11778300000;12278300000;1400;1388
229;11974931000;11778300000;12278300000;1400;1388
230;11974934000;11778322222;12278322222;982;970
221;11975075000;11737000000;12237000000;1400;1388
222;11975080000;11737000000;12237000000;1398;1386
223;11975276000;11778300000;12278300000;1400;1388
224;11975481000;11778300000;12278300000;1400;1388
225;11975486000;11778300000;12278300000;1398;1386
226;11975681000;11778300000;12278300000;1400;1388
227;11975685000;11778300000;12278300000;1398;1386
228;11975883000;11778300000;12278300000;1400;1388
229;11976095000;11778300000;12278300000;1400;1388
230;11976100000;11778322222;12278322222;982;970
231;12016543000;11778611111;12278611111;1398;1386
231;12016579000;11778611111;12278611111;1398;1386
232;12016589000;11778611111;12278611111;1400;1388
233;12016593000;11778611111;12278611111;1398;1386
234;12016596000;11819966666;12319966666;1400;1388
235;12016600000;11819966666;12319966666;1400;1388
236;12016603000;11819966666;12319966666;1398;1386
237;12016606000;11819966666;12319966666;1400;1388
238;12016610000;11819966666;12319966666;1398;1386
239;12016613000;11819966666;12319966666;1400;1388
240;12016616000;11819966666;12319966666;1400;1388
241;12016619000;11819988888;12319988888;982;970
232;12016740000;11778611111;12278611111;1400;1388
233;12016746000;11778611111;12278611111;1398;1386
234;12016935000;11819966666;12319966666;1400;1388
235;12017150000;11819966666;12319966666;1400;1388
236;12017155000;11819966666;12319966666;1398;1386
237;12017347000;11819966666;12319966666;1400;1388
238;12017352000;11819966666;12319966666;1398;1386
239;12017557000;11819966666;12319966666;1400;1388
240;12017562000;11819966666;12319966666;1400;1388
241;12017761000;11819988888;12319988888;982;970
242;12058197000;11820255555;12320255555;1398;1386
242;12058228000;11820255555;12320255555;1398;1386
243;12058237000;11820255555;12320255555;1400;1388
244;12058242000;11820255555;12320255555;1398;1386
245;12058245000;11861633333;12361633333;1400;1388
246;12058249000;11861633333;12361633333;1400;1388
247;12058252000;11861633333;12361633333;1398;1386
248;12058255000;11861633333;12361633333;1400;1388
249;12058258000;11861633333;12361633333;1398;1386
250;12058261000;11861633333;12361633333;1400;1388
251;12058264000;11861633333;12361633333;1400;1388
252;12058267000;11861655555;12361655555;982;970
243;12058410000;11820255555;12320255555;1400;1388
244;12058415000;11820255555;12320255555;1398;1386
245;12058610000;11861633333;12361633333;1400;1388
246;12058816000;11861633333;12361633333;1400;1388
247;12058821000;11861633333;12361633333;1398;1386
248;12059017000;11861633333;12361633333;1400;1388
249;12059021000;11861633333;12361633333;1398;1386
250;12059228000;11861633333;12361633333;1400;1388
251;12059233000;11861633333;12361633333;1400;1388
252;12059440000;11861655555;12361655555;982;970
253;12099898000;11861955555;12361955555;1398;1386
253;12099981000;11861955555;12361955555;1398;1386
254;12099996000;11861955555;12361955555;1400;1388
255;12100002000;11861955555;12361955555;1398;1386
256;12100005000;11903300000;12403300000;1400;1388
257;12100010000;11903300000;12403300000;1400;1388
258;12100013000;11903300000;12403300000;1398;1386
259;12100016000;11903300000;12403300000;1400;1388
260;12100020000;11903300000;12403300000;1398;1386
261;12100024000;11903300000;12403300000;1400;1388
262;12100027000;11903300000;12403300000;1400;1388
263;12100031000;11903322222;12403322222;982;970
254;12100072000;11861955555;12361955555;1400;1388
255;12100283000;11861955555;12361955555;1398;1386
256;12100289000;11903300000;12403300000;1400;1388
257;12100486000;11903300000;12403300000;1400;1388
258;12100491000;11903300000;12403300000;1398;1386
259;12100687000;11903300000;12403300000;1400;1388
260;12100692000;11903300000;12403300000;1398;1386
261;12100888000;11903300000;12403300000;1400;1388
262;12101101000;11903300000;12403300000;1400;1388
263;12101105000;11903322222;12403322222;982;970
264;12141532000;11903600000;12403600000;1398;1386
264;12141567000;11903600000;12403600000;1398;1386
265;12141577000;11903600000;12403600000;1400;1388
266;12141581000;11903600000;12403600000;1398;1386
267;12141584000;11944966666;12444966666;1400;1388
268;12141588000;11944966666;12444966666;1400;1388
269;12141591000;11944966666;12444966666;1398;1386
270;12141594000;11944966666;12444966666;1400;1388
271;12141597000;11944966666;12444966666;1398;1386
272;12141601000;11944966666;12444966666;1400;1388
273;12141605000;11944966666;12444966666;1400;1388
274;12141608000;11944988888;12444988888;982;970
265;12141729000;11903600000;12403600000;1400;1388
266;12141734000;11903600000;12403600000;1398;1386
267;12141923000;11944966666;12444966666;1400;1388
268;12142135000;11944966666;12444966666;1400;1388
269;12142140000;11944966666;12444966666;1398;1386
271;12142334000;11944966666;12444966666;1398;1386
272;12142339000;11944966666;12444966666;1400;1388
273;12142539000;11944966666;12444966666;1400;1388
274;12142544000;11944988888;12444988888;982;970
275;12183174000;11945266666;12445266666;1398;1386
275;12183205000;11945266666;12445266666;1398;1386
276;12183214000;11945266666;12445266666;1400;1388
277;12183219000;11945266666;12445266666;1398;1386
278;12183222000;11986633333;12486633333;1400;1388
279;12183226000;11986633333;12486633333;1400;1388
280;12183229000;11986633333;12486633333;1398;1386
281;12183232000;11986633333;12486633333;1400;1388
282;12183236000;11986633333;12486633333;1398;1386
283;12183239000;11986633333;12486633333;1400;1388
284;12183242000;11986633333;12486633333;1400;1388
285;12183245000;11986655555;12486655555;982;970
276;12183358000;11945266666;12445266666;1400;1388
277;12183561000;11945266666;12445266666;1398;1386
278;12183566000;11986633333;12486633333;1400;1388
279;12183766000;11986633333;12486633333;1400;1388
280;12183771000;11986633333;12486633333;1398;1386
281;12183971000;11986633333;12486633333;1400;1388
282;12183976000;11986633333;12486633333;1398;1386
283;12184174000;11986633333;12486633333;1400;1388
284;12184380000;11986633333;12486633333;1400;1388
285;12184385000;11986655555;12486655555;982;970
286;12224839000;11986955555;12486955555;1398;1386
286;12224874000;11986955555;12486955555;1398;1386
287;12224884000;11986955555;12486955555;1400;1388
288;12224889000;11986955555;12486955555;1398;1386
289;12224893000;12028300000;12528300000;1400;1388
290;12224897000;12028300000;12528300000;1400;1388
291;12224901000;12028300000;12528300000;1398;1386
292;12224904000;12028300000;12528300000;1400;1388
293;12224907000;12028300000;12528300000;1398;1386
294;12224911000;12028300000;12528300000;1400;1388
295;12224914000;12028300000;12528300000;1400;1388
296;12224918000;12028322222;12528322222;982;970
287;12225026000;11986955555;12486955555;1400;1388
288;12225230000;11986955555;12486955555;1398;1386
289;12225235000;12028300000;12528300000;1400;1388
290;12225434000;12028300000;12528300000;1400;1388
291;12225452000;12028300000;12528300000;1398;1386
292;12225639000;12028300000;12528300000;1400;1388
293;12225644000;12028300000;12528300000;1398;1386
294;12225841000;12028300000;12528300000;1400;1388
295;12226060000;12028300000;12528300000;1400;1388
296;12226065000;12028322222;12528322222;982;970
297;12266504000;12028577777;12528577777;1398;1386
297;12266535000;12028577777;12528577777;1398;1386
298;12266545000;12028577777;12528577777;1400;1388
299;12266550000;12028577777;12528577777;1398;1386
300;12266553000;12069966666;12569966666;1400;1388
301;12266557000;12069966666;12569966666;1400;1388
302;12266560000;12069966666;12569966666;1398;1386
303;12266564000;12069966666;12569966666;1400;1388
304;12266567000;12069966666;12569966666;1398;1386
305;12266570000;12069966666;12569966666;1400;1388
306;12266574000;12069966666;12569966666;1400;1388
307;12266577000;12069988888;12569988888;982;970
298;12266694000;12028577777;12528577777;1400;1388
299;12266897000;12028577777;12528577777;1398;1386
300;12266902000;12069966666;12569966666;1400;1388
301;12267101000;12069966666;12569966666;1400;1388
302;12267107000;12069966666;12569966666;1398;1386
303;12267306000;12069966666;12569966666;1400;1388
304;12267311000;12069966666;12569966666;1398;1386
305;12267510000;12069966666;12569966666;1400;1388
306;12267716000;12069966666;12569966666;1400;1388
307;12267720000;12069988888;12569988888;982;970
308;12308182000;12070244444;12570244444;1398;1386
308;12308213000;12070244444;12570244444;1398;1386
309;12308223000;12070244444;12570244444;1400;1388
310;12308227000;12070244444;12570244444;1398;1386
311;12308231000;12111644444;12611644444;1400;1388
312;12308235000;12111644444;12611644444;1400;1388
313;12308238000;12111644444;12611644444;1398;1386
314;12308241000;12111644444;12611644444;1400;1388
315;12308244000;12111644444;12611644444;1398;1386
316;12308247000;12111644444;12611644444;1400;1388
317;12308251000;12111644444;12611644444;1400;1388
318;12308254000;12111666666;12611666666;982;970
309;12308375000;12070244444;12570244444;1400;1388
310;12308578000;12070244444;12570244444;1398;1386
311;12308583000;12111644444;12611644444;1400;1388
312;12308783000;12111644444;12611644444;1400;1388
313;12308787000;12111644444;12611644444;1398;1386
314;12308987000;12111644444;12611644444;1400;1388
315;12308992000;12111644444;12611644444;1398;1386
316;12309191000;12111644444;12611644444;1400;1388
317;12309396000;12111644444;12611644444;1400;1388
318;12309401000;12111666666;12611666666;982;970
319;12349827000;12111966666;12611966666;1398;1386
319;12349862000;12111966666;12611966666;1398;1386
320;12349873000;12111966666;12611966666;1400;1388
321;12349877000;12111966666;12611966666;1398;1386
322;12349881000;12153288888;12653288888;1400;1388
323;12349886000;12153288888;12653288888;1400;1388
324;12349889000;12153288888;12653288888;1398;1386
325;12349893000;12153288888;12653288888;1400;1388
326;12349896000;12153288888;12653288888;1398;1386
327;12349900000;12153288888;12653288888;1400;1388
328;12349903000;12153288888;12653288888;1400;1388
329;12349907000;12153311111;12653311111;982;970
320;12350021000;12111966666;12611966666;1400;1388
321;12350224000;12111966666;12611966666;1398;1386
322;12350230000;12153288888;12653288888;1400;1388
323;12350428000;12153288888;12653288888;1400;1388
324;12350433000;12153288888;12653288888;1398;1386
325;12350633000;12153288888;12653288888;1400;1388
326;12350638000;12153288888;12653288888;1398;1386
327;12350836000;12153288888;12653288888;1400;1388
328;12351048000;12153288888;12653288888;1400;1388
329;12351054000;12153311111;12653311111;982;970
330;12391479000;12153588888;12653588888;1398;1386
330;12391513000;12153588888;12653588888;1398;1386
331;12391523000;12153588888;12653588888;1400;1388
332;12391528000;12153588888;12653588888;1398;1386
333;12391531000;12194933333;12694933333;1400;1388
334;12391536000;12194933333;12694933333;1400;1388
335;12391539000;12194933333;12694933333;1398;1386
336;12391542000;12194933333;12694933333;1400;1388
337;12391546000;12194933333;12694933333;1398;1386
338;12391549000;12194933333;12694933333;1400;1388
339;12391553000;12194933333;12694933333;1400;1388
340;12391568000;12194955555;12694955555;982;970
331;12391669000;12153588888;12653588888;1400;1388
332;12391872000;12153588888;12653588888;1398;1386
333;12391878000;12194933333;12694933333;1400;1388
334;12392077000;12194933333;12694933333;1400;1388
335;12392082000;12194933333;12694933333;1398;1386
336;12392282000;12194933333;12694933333;1400;1388
337;12392287000;12194933333;12694933333;1398;1386
338;12392485000;12194933333;12694933333;1400;1388
339;12392691000;12194933333;12694933333;1400;1388
340;12392696000;12194955555;12694955555;982;970
341;12433147000;12195255555;12695255555;1398;1386
341;12433178000;12195255555;12695255555;1398;1386
342;12433188000;12195255555;12695255555;1400;1388
343;12433193000;12195255555;12695255555;1398;1386
347;12433197000;12236600000;12736600000;1400;1388
348;12433206000;12236600000;12736600000;1398;1386
349;12433213000;12236600000;12736600000;1400;1388
350;12433218000;12236600000;12736600000;1400;1388
351;12433222000;12236622222;12736622222;982;970
342;12433338000;12195255555;12695255555;1400;1388
343;12433541000;12195255555;12695255555;1398;1386
344;12433546000;12236600000;12736600000;1400;1388
345;12433745000;12236600000;12736600000;1400;1388
346;12433763000;12236600000;12736600000;1398;1386
347;12433950000;12236600000;12736600000;1400;1388
348;12433955000;12236600000;12736600000;1398;1386
349;12434153000;12236600000;12736600000;1400;1388
350;12434359000;12236600000;12736600000;1400;1388
351;12434363000;12236622222;12736622222;982;970
352;12474817000;12236922222;12736922222;1398;1386
352;12474846000;12236922222;12736922222;1398;1386
353;12474855000;12236922222;12736922222;1400;1388
354;12474860000;12236922222;12736922222;1398;1386
355;12474863000;12278266666;12778266666;1400;1388
356;12474867000;12278266666;12778266666;1400;1388
357;12474870000;12278266666;12778266666;1398;1386
358;12474873000;12278266666;12778266666;1400;1388
359;12474876000;12278266666;12778266666;1398;1386
360;12474880000;12278266666;12778266666;1400;1388
361;12474883000;12278266666;12778266666;1400;1388
362;12474886000;12278288888;12778288888;982;970
353;12475020000;12236922222;12736922222;1400;1388
354;12475221000;12236922222;12736922222;1398;1386
355;12475230000;12278266666;12778266666;1400;1388
356;12475426000;12278266666;12778266666;1400;1388
357;12475434000;12278266666;12778266666;1398;1386
358;12475630000;12278266666;12778266666;1400;1388
359;12475639000;12278266666;12778266666;1398;1386
360;12475834000;12278266666;12778266666;1400;1388
361;12476040000;12278266666;12778266666;1400;1388
362;12476059000;12278288888;12778288888;982;970
363;12516500000;12278566666;12778566666;1398;1386
363;12516533000;12278566666;12778566666;1398;1386
364;12516544000;12278566666;12778566666;1400;1388
365;12516549000;12278566666;12778566666;1398;1386
366;12516552000;12319933333;12819933333;1400;1388
367;12516556000;12319933333;12819933333;1400;1388
368;12516560000;12319933333;12819933333;1398;1386
369;12516563000;12319933333;12819933333;1400;1388
370;12516566000;12319933333;12819933333;1398;1386
371;12516569000;12319933333;12819933333;1400;1388
372;12516573000;12319933333;12819933333;1400;1388
373;12516576000;12319944444;12819944444;982;970
364;12516688000;12278566666;12778566666;1400;1388
365;12516890000;12278566666;12778566666;1398;1386
366;12516899000;12319933333;12819933333;1400;1388
367;12517095000;12319933333;12819933333;1400;1388
368;12517105000;12319933333;12819933333;1398;1386
369;12517300000;12319933333;12819933333;1400;1388
370;12517309000;12319933333;12819933333;1398;1386
371;12517504000;12319933333;12819933333;1400;1388
372;12517709000;12319933333;12819933333;1400;1388
373;12517717000;12319944444;12819944444;982;970
374;12558167000;12320200000;12820200000;1398;1386
374;12558186000;12320200000;12820200000;1398;1386
375;12558206000;12320200000;12820200000;1400;1388
376;12558210000;12320200000;12820200000;1398;1386
377;12558214000;12361600000;12861600000;1400;1388
378;12558218000;12361600000;12861600000;1400;1388
379;12558221000;12361600000;12861600000;1398;1386
380;12558225000;12361600000;12861600000;1400;1388
381;12558236000;12361600000;12861600000;1398;1386
382;12558240000;12361600000;12861600000;1400;1388
383;12558243000;12361600000;12861600000;1400;1388
384;12558246000;12361622222;12861622222;982;970
375;12558355000;12320200000;12820200000;1400;1388
376;12558556000;12320200000;12820200000;1398;1386
377;12558565000;12361600000;12861600000;1400;1388
378;12558762000;12361600000;12861600000;1400;1388
379;12558770000;12361600000;12861600000;1398;1386
380;12558967000;12361600000;12861600000;1400;1388
381;12558976000;12361600000;12861600000;1398;1386
382;12559171000;12361600000;12861600000;1400;1388
383;12559377000;12361600000;12861600000;1400;1388
384;12559386000;12361622222;12861622222;982;970
385;12599855000;12361911111;12861911111;1398;1386
385;12599877000;12361911111;12861911111;1398;1386
386;12599898000;12361911111;12861911111;1400;1388
387;12599903000;12361911111;12861911111;1398;1386
388;12599906000;12403266666;12903266666;1400;1388
389;12599910000;12403266666;12903266666;1400;1388
390;12599914000;12403266666;12903266666;1398;1386
391;12599917000;12403266666;12903266666;1400;1388
393;12599920000;12403266666;12903266666;1400;1388
394;12599927000;12403266666;12903266666;1400;1388
395;12599935000;12403288888;12903288888;982;970
386;12600041000;12361911111;12861911111;1400;1388
387;12600242000;12361911111;12861911111;1398;1386
388;12600251000;12403266666;12903266666;1400;1388
389;12600447000;12403266666;12903266666;1400;1388
390;12600456000;12403266666;12903266666;1398;1386
391;12600652000;12403266666;12903266666;1400;1388
392;12600661000;12403266666;12903266666;1398;1386
393;12600875000;12403266666;12903266666;1400;1388
394;12600883000;12403266666;12903266666;1400;1388
395;12601079000;12403288888;12903288888;982;970
396;12641508000;12403577777;12903577777;1398;1386
396;12641541000;12403577777;12903577777;1398;1386
397;12641551000;12403577777;12903577777;1400;1388
398;12641556000;12403577777;12903577777;1398;1386
399;12641559000;12444933333;12944933333;1400;1388
400;12641563000;12444933333;12944933333;1400;1388
401;12641566000;12444933333;12944933333;1398;1386
402;12641569000;12444933333;12944933333;1400;1388
403;12641572000;12444933333;12944933333;1398;1386
404;12641575000;12444933333;12944933333;1400;1388
405;12641578000;12444933333;12944933333;1400;1388
406;12641581000;12444955555;12944955555;982;970
397;12641701000;12403577777;12903577777;1400;1388
398;12641708000;12403577777;12903577777;1398;1386
399;12641892000;12444933333;12944933333;1400;1388
400;12642104000;12444933333;12944933333;1400;1388
401;12642109000;12444933333;12944933333;1398;1386
402;12642305000;12444933333;12944933333;1400;1388
403;12642310000;12444933333;12944933333;1398;1386
404;12642518000;12444933333;12944933333;1400;1388
405;12642522000;12444933333;12944933333;1400;1388
406;12642716000;12444955555;12944955555;982;970
407;12683161000;12445244444;12945244444;1398;1386
407;12683190000;12445244444;12945244444;1398;1386
408;12683200000;12445244444;12945244444;1400;1388
409;12683204000;12445244444;12945244444;1398;1386
410;12683207000;12486600000;12986600000;1400;1388
411;12683211000;12486600000;12986600000;1400;1388
412;12683215000;12486600000;12986600000;1398;1386
413;12683218000;12486600000;12986600000;1400;1388
414;12683221000;12486600000;12986600000;1398;1386
415;12683224000;12486600000;12986600000;1400;1388
416;12683227000;12486600000;12986600000;1400;1388
417;12683230000;12486611111;12986611111;982;970
408;12683362000;12445244444;12945244444;1400;1388
409;12683368000;12445244444;12945244444;1398;1386
410;12683564000;12486600000;12986600000;1400;1388
411;12683769000;12486600000;12986600000;1400;1388
412;12683774000;12486600000;12986600000;1398;1386
413;12683971000;12486600000;12986600000;1400;1388
414;12683976000;12486600000;12986600000;1398;1386
415;12684179000;12486600000;12986600000;1400;1388
416;12684183000;12486600000;12986600000;1400;1388
417;12684381000;12486611111;12986611111;982;970
418;12724921000;12486911111;12986911111;1398;1386
418;12725003000;12486911111;12986911111;1398;1386
419;12725018000;12486911111;12986911111;1400;1388
420;12725074000;12486911111;12986911111;1398;1386
419;12725081000;12486911111;12986911111;1400;1388
421;12725099000;12528288888;13028288888;1400;1388
422;12725107000;12528288888;13028288888;1400;1388
424;12725122000;12528288888;13028288888;1400;1388
425;12725130000;12528288888;13028288888;1398;1386
426;12725133000;12528288888;13028288888;1400;1388
427;12725165000;12528288888;13028288888;1400;1388
428;12725169000;12528311111;13028311111;982;970
420;12725297000;12486911111;12986911111;1398;1386
421;12725307000;12528288888;13028288888;1400;1388
422;12725497000;12528288888;13028288888;1400;1388
423;12725505000;12528288888;13028288888;1398;1386
424;12725703000;12528288888;13028288888;1400;1388
425;12725711000;12528288888;13028288888;1398;1386
426;12725906000;12528288888;13028288888;1400;1388
427;12726112000;12528288888;13028288888;1400;1388
428;12726120000;12528311111;13028311111;982;970
429;12766596000;12528622222;13028622222;1398;1386
429;12766660000;12528622222;13028622222;1398;1386
430;12766675000;12528622222;13028622222;1400;1388
431;12766680000;12528622222;13028622222;1398;1386
432;12766684000;12569933333;13069933333;1400;1388
433;12766688000;12569933333;13069933333;1400;1388
434;12766692000;12569933333;13069933333;1398;1386
435;12766706000;12569933333;13069933333;1400;1388
436;12766709000;12569933333;13069933333;1398;1386
437;12766713000;12569933333;13069933333;1400;1388
438;12766717000;12569933333;13069933333;1400;1388
439;12766721000;12569955555;13069955555;982;970
430;12766735000;12528622222;13028622222;1400;1388
432;12766947000;12569933333;13069933333;1400;1388
433;12766958000;12569933333;13069933333;1400;1388
434;12767158000;12569933333;13069933333;1398;1386
435;12767167000;12569933333;13069933333;1400;1388
436;12767359000;12569933333;13069933333;1398;1386
437;12767367000;12569933333;13069933333;1400;1388
438;12767560000;12569933333;13069933333;1400;1388
439;12767569000;12569955555;13069955555;982;970
440;12808291000;12570255555;13070255555;1398;1386
441;12808328000;12570255555;13070255555;1400;1388
440;12808344000;12570255555;13070255555;1398;1386
442;12808418000;12570255555;13070255555;1398;1386
443;12808448000;12611622222;13111622222;1400;1388
444;12808454000;12611622222;13111622222;1400;1388
446;12808458000;12611622222;13111622222;1400;1388
447;12808467000;12611622222;13111622222;1398;1386
441;12808485000;12570255555;13070255555;1400;1388
442;12808508000;12570255555;13070255555;1398;1386
448;12808541000;12611622222;13111622222;1400;1388
449;12808566000;12611622222;13111622222;1400;1388
450;12808570000;12611644444;13111644444;982;970
443;12808643000;12611622222;13111622222;1400;1388
444;12808829000;12611622222;13111622222;1400;1388
445;12808838000;12611622222;13111622222;1398;1386
446;12809035000;12611622222;13111622222;1400;1388
447;12809058000;12611622222;13111622222;1398;1386
448;12809239000;12611622222;13111622222;1400;1388
449;12809444000;12611622222;13111622222;1400;1388
450;12809453000;12611644444;13111644444;982;970
451;12849928000;12611922222;13111922222;1398;1386
451;12849991000;12611922222;13111922222;1398;1386
452;12850005000;12611922222;13111922222;1400;1388
453;12850010000;12611922222;13111922222;1398;1386
454;12850014000;12653266666;13153266666;1400;1388
455;12850018000;12653266666;13153266666;1400;1388
456;12850022000;12653266666;13153266666;1398;1386
457;12850026000;12653266666;13153266666;1400;1388
458;12850029000;12653266666;13153266666;1398;1386
459;12850052000;12653266666;13153266666;1400;1388
460;12850058000;12653266666;13153266666;1400;1388
461;12850062000;12653288888;13153288888;982;970
452;12850076000;12611922222;13111922222;1400;1388
453;12850292000;12611922222;13111922222;1398;1386
454;12850300000;12653266666;13153266666;1400;1388
455;12850497000;12653266666;13153266666;1400;1388
456;12850505000;12653266666;13153266666;1398;1386
457;12850698000;12653266666;13153266666;1400;1388
458;12850707000;12653266666;13153266666;1398;1386
459;12850900000;12653266666;13153266666;1400;1388
460;12850908000;12653266666;13153266666;1400;1388
461;12851113000;12653288888;13153288888;982;970
462;12891597000;12653555555;13153555555;1398;1386
463;12891629000;12653555555;13153555555;1400;1388
462;12891644000;12653555555;13153555555;1398;1386
464;12891707000;12653555555;13153555555;1398;1386
465;12891732000;12694933333;13194933333;1400;1388
466;12891737000;12694933333;13194933333;1400;1388
467;12891742000;12694933333;13194933333;1398;1386
468;12891745000;12694933333;13194933333;1400;1388
463;12891756000;12653555555;13153555555;1400;1388
464;12891778000;12653555555;13153555555;1398;1386
469;12891817000;12694933333;13194933333;1398;1386
470;12891831000;12694933333;13194933333;1400;1388
471;12891835000;12694933333;13194933333;1400;1388
472;12891839000;12694955555;13194955555;982;970
465;12891947000;12694933333;13194933333;1400;1388
466;12892151000;12694933333;13194933333;1400;1388
467;12892160000;12694933333;13194933333;1398;1386
468;12892354000;12694933333;13194933333;1400;1388
469;12892363000;12694933333;13194933333;1398;1386
470;12892558000;12694933333;13194933333;1400;1388
471;12892750000;12694933333;13194933333;1400;1388
472;12892761000;12694955555;13194955555;982;970
473;12933294000;12695244444;13195244444;1398;1386
473;12933358000;12695244444;13195244444;1398;1386
474;12933371000;12695244444;13195244444;1400;1388
475;12933376000;12695244444;13195244444;1398;1386
476;12933380000;12736633333;13236633333;1400;1388
477;12933384000;12736633333;13236633333;1400;1388
478;12933388000;12736633333;13236633333;1398;1386
479;12933391000;12736633333;13236633333;1400;1388
480;12933405000;12736633333;13236633333;1398;1386
481;12933409000;12736633333;13236633333;1400;1388
482;12933413000;12736633333;13236633333;1400;1388
483;12933416000;12736655555;13236655555;982;970
474;12933445000;12695244444;13195244444;1400;1388
475;12933655000;12695244444;13195244444;1398;1386
476;12933664000;12736633333;13236633333;1400;1388
477;12933859000;12736633333;13236633333;1400;1388
478;12933868000;12736633333;13236633333;1398;1386
479;12934061000;12736633333;13236633333;1400;1388
480;12934070000;12736633333;13236633333;1398;1386
481;12934271000;12736633333;13236633333;1400;1388
482;12934279000;12736633333;13236633333;1400;1388
483;12934473000;12736655555;13236655555;982;970
484;12974915000;12736955555;13236955555;1398;1386
484;12974937000;12736955555;13236955555;1398;1386
485;12974957000;12736955555;13236955555;1400;1388
486;12974961000;12736955555;13236955555;1398;1386
487;12974965000;12778300000;13278300000;1400;1388
488;12974968000;12778300000;13278300000;1400;1388
489;12974972000;12778300000;13278300000;1398;1386
490;12974975000;12778300000;13278300000;1400;1388
491;12974978000;12778300000;13278300000;1398;1386
492;12974981000;12778300000;13278300000;1400;1388
493;12974984000;12778300000;13278300000;1400;1388
494;12974988000;12778322222;13278322222;982;970
485;12975123000;12736955555;13236955555;1400;1388
486;12975133000;12736955555;13236955555;1398;1386
487;12975326000;12778300000;13278300000;1400;1388
488;12975518000;12778300000;13278300000;1400;1388
489;12975524000;12778300000;13278300000;1398;1386
490;12975719000;12778300000;13278300000;1400;1388
491;12975723000;12778300000;13278300000;1398;1386
492;12975919000;12778300000;13278300000;1400;1388
493;12976132000;12778300000;13278300000;1400;1388
494;12976136000;12778322222;13278322222;982;970
497;13016585000;12778600000;13278600000;1398;1386
495;13016625000;12778600000;13278600000;1398;1386
496;13016653000;12778600000;13278600000;1400;1388
497;13016665000;12778600000;13278600000;1398;1386
498;13016670000;12819966666;13319966666;1400;1388
499;13016675000;12819966666;13319966666;1400;1388
500;13016688000;12819966666;13319966666;1398;1386
501;13016691000;12819966666;13319966666;1400;1388
502;13016694000;12819966666;13319966666;1398;1386
503;13016698000;12819966666;13319966666;1400;1388
504;13016701000;12819966666;13319966666;1400;1388
505;13016704000;12819988888;13319988888;982;970
498;13016771000;12819966666;13319966666;1400;1388
499;13016981000;12819966666;13319966666;1400;1388
500;13016986000;12819966666;13319966666;1398;1386
501;13017186000;12819966666;13319966666;1400;1388
502;13017210000;12819966666;13319966666;1398;1386
503;13017399000;12819966666;13319966666;1400;1388
504;13017404000;12819966666;13319966666;1400;1388
505;13017594000;12819988888;13319988888;982;970
506;13058251000;12820266666;13320266666;1398;1386
507;13058276000;12820266666;13320266666;1400;1388
508;13058295000;12820266666;13320266666;1398;1386
509;13058299000;12861633333;13361633333;1400;1388
510;13058303000;12861633333;13361633333;1400;1388
511;13058306000;12861633333;13361633333;1398;1386
512;13058309000;12861633333;13361633333;1400;1388
513;13058312000;12861633333;13361633333;1398;1386
514;13058316000;12861633333;13361633333;1400;1388
515;13058319000;12861633333;13361633333;1400;1388
507;13058448000;12820266666;13320266666;1400;1388
508;13058453000;12820266666;13320266666;1398;1386
509;13058647000;12861633333;13361633333;1400;1388
510;13058852000;12861633333;13361633333;1400;1388
511;13058857000;12861633333;13361633333;1398;1386
512;13059053000;12861633333;13361633333;1400;1388
513;13059058000;12861633333;13361633333;1398;1386
514;13059262000;12861633333;13361633333;1400;1388
515;13059267000;12861633333;13361633333;1400;1388
516;13059467000;12861644444;13361644444;982;970
517;13099923000;12861955555;13361955555;1398;1386
517;13099954000;12861955555;13361955555;1398;1386
518;13099963000;12861955555;13361955555;1400;1388
519;13099967000;12861955555;13361955555;1398;1386
520;13099971000;12903300000;13403300000;1400;1388
521;13099974000;12903300000;13403300000;1400;1388
522;13099978000;12903300000;13403300000;1398;1386
523;13099981000;12903300000;13403300000;1400;1388
524;13099984000;12903300000;13403300000;1398;1386
525;13099987000;12903300000;13403300000;1400;1388
526;13099990000;12903300000;13403300000;1400;1388
527;13099994000;12903311111;13403311111;982;970
518;13100116000;12861955555;13361955555;1400;1388
519;13100121000;12861955555;13361955555;1398;1386
520;13100315000;12903300000;13403300000;1400;1388
521;13100521000;12903300000;13403300000;1400;1388
522;13100525000;12903300000;13403300000;1398;1386
523;13100722000;12903300000;13403300000;1400;1388
524;13100726000;12903300000;13403300000;1398;1386
525;13100923000;12903300000;13403300000;1400;1388
526;13101135000;12903300000;13403300000;1400;1388
527;13101140000;12903311111;13403311111;982;970
528;13141587000;12903600000;13403600000;1398;1386
528;13141628000;12903600000;13403600000;1398;1386
529;13141638000;12903600000;13403600000;1400;1388
530;13141642000;12903600000;13403600000;1398;1386
531;13141645000;12944966666;13444966666;1400;1388
532;13141649000;12944966666;13444966666;1400;1388
533;13141652000;12944966666;13444966666;1398;1386
534;13141655000;12944966666;13444966666;1400;1388
535;13141659000;12944966666;13444966666;1398;1386
536;13141662000;12944966666;13444966666;1400;1388
537;13141665000;12944966666;13444966666;1400;1388
538;13141668000;12944988888;13444988888;982;970
529;13141786000;12903600000;13403600000;1400;1388
530;13141791000;12903600000;13403600000;1398;1386
531;13141986000;12944966666;13444966666;1400;1388
533;13142192000;12944966666;13444966666;1398;1386
534;13142197000;12944966666;13444966666;1400;1388
535;13142392000;12944966666;13444966666;1398;1386
536;13142396000;12944966666;13444966666;1400;1388
537;13142595000;12944966666;13444966666;1400;1388
538;13142599000;12944988888;13444988888;982;970
539;13183253000;12945288888;13445288888;1398;1386
539;13183284000;12945288888;13445288888;1398;1386
540;13183303000;12945288888;13445288888;1400;1388
541;13183307000;12945288888;13445288888;1398;1386
542;13183311000;12986633333;13486633333;1400;1388
543;13183314000;12986633333;13486633333;1400;1388
544;13183318000;12986633333;13486633333;1398;1386
545;13183321000;12986633333;13486633333;1400;1388
546;13183324000;12986633333;13486633333;1398;1386
547;13183327000;12986633333;13486633333;1400;1388
548;13183330000;12986633333;13486633333;1400;1388
549;13183333000;12986644444;13486644444;982;970
540;13183450000;12945288888;13445288888;1400;1388
541;13183456000;12945288888;13445288888;1398;1386
542;13183651000;12986633333;13486633333;1400;1388
543;13183856000;12986633333;13486633333;1400;1388
544;13183868000;12986633333;13486633333;1398;1386
545;13184058000;12986633333;13486633333;1400;1388
546;13184063000;12986633333;13486633333;1398;1386
547;13184266000;12986633333;13486633333;1400;1388
548;13184271000;12986633333;13486633333;1400;1388
549;13184470000;12986644444;13486644444;982;970
550;13224913000;12986955555;13486955555;1398;1386
550;13224943000;12986955555;13486955555;1398;1386
551;13224952000;12986955555;13486955555;1400;1388
552;13224957000;12986955555;13486955555;1398;1386
553;13224960000;13028300000;13528300000;1400;1388
554;13224964000;13028300000;13528300000;1400;1388
555;13224967000;13028300000;13528300000;1398;1386
556;13224970000;13028300000;13528300000;1400;1388
557;13224974000;13028300000;13528300000;1398;1386
558;13224977000;13028300000;13528300000;1400;1388
559;13224980000;13028300000;13528300000;1400;1388
560;13224983000;13028322222;13528322222;982;970
551;13225118000;12986955555;13486955555;1400;1388
552;13225123000;12986955555;13486955555;1398;1386
553;13225318000;13028300000;13528300000;1400;1388
554;13225524000;13028300000;13528300000;1400;1388
555;13225529000;13028300000;13528300000;1398;1386
556;13225724000;13028300000;13528300000;1400;1388
557;13225729000;13028300000;13528300000;1398;1386
558;13225929000;13028300000;13528300000;1400;1388
559;13225933000;13028300000;13528300000;1400;1388
562;13266590000;13028588888;13528588888;1400;1388
561;13266630000;13028588888;13528588888;1398;1386
562;13266657000;13028588888;13528588888;1400;1388
563;13266663000;13028588888;13528588888;1398;1386
564;13266667000;13069966666;13569966666;1400;1388
565;13266680000;13069966666;13569966666;1400;1388
566;13266684000;13069966666;13569966666;1398;1386
567;13266687000;13069966666;13569966666;1400;1388
568;13266690000;13069966666;13569966666;1398;1386
569;13266694000;13069966666;13569966666;1400;1388
570;13266697000;13069966666;13569966666;1400;1388
571;13266700000;13069988888;13569988888;982;970
563;13266789000;13028588888;13528588888;1398;1386
564;13266794000;13069966666;13569966666;1400;1388
565;13266991000;13069966666;13569966666;1400;1388
566;13267195000;13069966666;13569966666;1398;1386
567;13267200000;13069966666;13569966666;1400;1388
568;13267395000;13069966666;13569966666;1398;1386
569;13267400000;13069966666;13569966666;1400;1388
570;13267597000;13069966666;13569966666;1400;1388
571;13267602000;13069988888;13569988888;982;970
572;13308301000;13070266666;13570266666;1398;1386
572;13308365000;13070266666;13570266666;1398;1386
573;13308379000;13070266666;13570266666;1400;1388
574;13308384000;13070266666;13570266666;1398;1386
575;13308388000;13111633333;13611633333;1400;1388
576;13308392000;13111633333;13611633333;1400;1388
577;13308396000;13111633333;13611633333;1398;1386
578;13308399000;13111633333;13611633333;1400;1388
579;13308403000;13111633333;13611633333;1398;1386
580;13308406000;13111633333;13611633333;1400;1388
581;13308420000;13111633333;13611633333;1400;1388
582;13308423000;13111655555;13611655555;982;970
574;13308450000;13070266666;13570266666;1398;1386
575;13308669000;13111633333;13611633333;1400;1388
576;13308678000;13111633333;13611633333;1400;1388
577;13308874000;13111633333;13611633333;1398;1386
578;13308883000;13111633333;13611633333;1400;1388
579;13309077000;13111633333;13611633333;1398;1386
580;13309085000;13111633333;13611633333;1400;1388
581;13309276000;13111633333;13611633333;1400;1388
582;13309284000;13111655555;13611655555;982;970
583;13349938000;13111955555;13611955555;1398;1386
583;13349955000;13111955555;13611955555;1398;1386
584;13349974000;13111955555;13611955555;1400;1388
585;13349978000;13111955555;13611955555;1398;1386
586;13349982000;13153300000;13653300000;1400;1388
587;13349986000;13153300000;13653300000;1400;1388
588;13349989000;13153300000;13653300000;1398;1386
589;13349992000;13153300000;13653300000;1400;1388
590;13349996000;13153300000;13653300000;1398;1386
591;13349999000;13153300000;13653300000;1400;1388
592;13350003000;13153300000;13653300000;1400;1388
593;13350006000;13153322222;13653322222;982;970
585;13350137000;13111955555;13611955555;1398;1386
586;13350165000;13153300000;13653300000;1400;1388
587;13350335000;13153300000;13653300000;1400;1388
588;13350541000;13153300000;13653300000;1398;1386
589;13350550000;13153300000;13653300000;1400;1388
590;13350742000;13153300000;13653300000;1398;1386
591;13350750000;13153300000;13653300000;1400;1388
592;13350932000;13153300000;13653300000;1400;1388
593;13350937000;13153322222;13653322222;982;970
594;13391610000;13153600000;13653600000;1398;1386
594;13391634000;13153600000;13653600000;1398;1386
595;13391653000;13153600000;13653600000;1400;1388
596;13391657000;13153600000;13653600000;1398;1386
597;13391660000;13194966666;13694966666;1400;1388
598;13391664000;13194966666;13694966666;1400;1388
599;13391667000;13194966666;13694966666;1398;1386
600;13391670000;13194966666;13694966666;1400;1388
601;13391674000;13194966666;13694966666;1398;1386
602;13391677000;13194966666;13694966666;1400;1388
603;13391680000;13194966666;13694966666;1400;1388
604;13391684000;13194988888;13694988888;982;970
595;13391794000;13153600000;13653600000;1400;1388
596;13391800000;13153600000;13653600000;1398;1386
597;13391994000;13194966666;13694966666;1400;1388
598;13392198000;13194966666;13694966666;1400;1388
599;13392203000;13194966666;13694966666;1398;1386
600;13392399000;13194966666;13694966666;1400;1388
601;13392404000;13194966666;13694966666;1398;1386
602;13392607000;13194966666;13694966666;1400;1388
603;13392612000;13194966666;13694966666;1400;1388
604;13392810000;13194988888;13694988888;982;970
605;13433251000;13195288888;13695288888;1398;1386
605;13433279000;13195288888;13695288888;1398;1386
606;13433289000;13195288888;13695288888;1400;1388
607;13433293000;13195288888;13695288888;1398;1386
608;13433296000;13236633333;13736633333;1400;1388
609;13433300000;13236633333;13736633333;1400;1388
610;13433303000;13236633333;13736633333;1398;1386
611;13433306000;13236633333;13736633333;1400;1388
612;13433310000;13236633333;13736633333;1398;1386
613;13433313000;13236633333;13736633333;1400;1388
614;13433316000;13236633333;13736633333;1400;1388
615;13433319000;13236655555;13736655555;982;970
606;13433462000;13195288888;13695288888;1400;1388
607;13433467000;13195288888;13695288888;1398;1386
608;13433658000;13236633333;13736633333;1400;1388
609;13433864000;13236633333;13736633333;1400;1388
610;13433869000;13236633333;13736633333;1398;1386
611;13434066000;13236633333;13736633333;1400;1388
612;13434071000;13236633333;13736633333;1398;1386
613;13434274000;13236633333;13736633333;1400;1388
614;13434279000;13236633333;13736633333;1400;1388
615;13434478000;13236655555;13736655555;982;970
616;13474951000;13236955555;13736955555;1398;1386
616;13475022000;13236955555;13736955555;1398;1386
617;13475036000;13236955555;13736955555;1400;1388
618;13475041000;13236955555;13736955555;1398;1386
619;13475063000;13278300000;13778300000;1400;1388
620;13475068000;13278300000;13778300000;1400;1388
621;13475071000;13278300000;13778300000;1398;1386
622;13475104000;13278300000;13778300000;1400;1388
623;13475107000;13278300000;13778300000;1398;1386
624;13475111000;13278300000;13778300000;1400;1388
625;13475115000;13278300000;13778300000;1400;1388
626;13475130000;13278311111;13778311111;982;970
617;13475164000;13236955555;13736955555;1400;1388
618;13475178000;13236955555;13736955555;1398;1386
619;13475303000;13278300000;13778300000;1400;1388
620;13475508000;13278300000;13778300000;1400;1388
621;13475518000;13278300000;13778300000;1398;1386
622;13475713000;13278300000;13778300000;1400;1388
623;13475721000;13278300000;13778300000;1398;1386
624;13475915000;13278300000;13778300000;1400;1388
625;13476122000;13278300000;13778300000;1400;1388
626;13476130000;13278311111;13778311111;982;970
627;13516597000;13278600000;13778600000;1398;1386
627;13516678000;13278600000;13778600000;1398;1386
628;13516691000;13278600000;13778600000;1400;1388
629;13516697000;13278600000;13778600000;1398;1386
630;13516700000;13319966666;13819966666;1400;1388
631;13516704000;13319966666;13819966666;1400;1388
632;13516707000;13319966666;13819966666;1398;1386
633;13516711000;13319966666;13819966666;1400;1388
634;13516744000;13319966666;13819966666;1398;1386
635;13516748000;13319966666;13819966666;1400;1388
636;13516752000;13319966666;13819966666;1400;1388
637;13516756000;13319988888;13819988888;982;970
628;13516770000;13278600000;13778600000;1400;1388
629;13516990000;13278600000;13778600000;1398;1386
630;13516999000;13319966666;13819966666;1400;1388
631;13517192000;13319966666;13819966666;1400;1388
632;13517202000;13319966666;13819966666;1398;1386
633;13517394000;13319966666;13819966666;1400;1388
634;13517403000;13319966666;13819966666;1398;1386
635;13517604000;13319966666;13819966666;1400;1388
636;13517612000;13319966666;13819966666;1400;1388
637;13517805000;13319988888;13819988888;982;970
638;13558234000;13320244444;13820244444;1398;1386
638;13558268000;13320244444;13820244444;1398;1386
639;13558280000;13320244444;13820244444;1400;1388
640;13558284000;13320244444;13820244444;1398;1386
641;13558288000;13361633333;13861633333;1400;1388
642;13558292000;13361633333;13861633333;1400;1388
643;13558296000;13361633333;13861633333;1398;1386
644;13558299000;13361633333;13861633333;1400;1388
645;13558303000;13361633333;13861633333;1398;1386
646;13558306000;13361633333;13861633333;1400;1388
648;13558309000;13361655555;13861655555;982;970
639;13558407000;13320244444;13820244444;1400;1388
640;13558609000;13320244444;13820244444;1398;1386
641;13558615000;13361633333;13861633333;1400;1388
642;13558812000;13361633333;13861633333;1400;1388
643;13558817000;13361633333;13861633333;1398;1386
644;13559017000;13361633333;13861633333;1400;1388
645;13559022000;13361633333;13861633333;1398;1386
646;13559221000;13361633333;13861633333;1400;1388
647;13559426000;13361633333;13861633333;1400;1388
648;13559447000;13361655555;13861655555;982;970
649;13599904000;13361944444;13861944444;1398;1386
649;13599919000;13361944444;13861944444;1398;1386
650;13599938000;13361944444;13861944444;1400;1388
651;13599942000;13361944444;13861944444;1398;1386
652;13599946000;13403300000;13903300000;1400;1388
653;13599950000;13403300000;13903300000;1400;1388
654;13599953000;13403300000;13903300000;1398;1386
655;13599957000;13403300000;13903300000;1400;1388
656;13599960000;13403300000;13903300000;1398;1386
657;13599963000;13403300000;13903300000;1400;1388
658;13599967000;13403300000;13903300000;1400;1388
659;13599970000;13403311111;13903311111;982;970
650;13600099000;13361944444;13861944444;1400;1388
651;13600105000;13361944444;13861944444;1398;1386
652;13600297000;13403300000;13903300000;1400;1388
653;13600503000;13403300000;13903300000;1400;1388
654;13600508000;13403300000;13903300000;1398;1386
655;13600704000;13403300000;13903300000;1400;1388
656;13600709000;13403300000;13903300000;1398;1386
657;13600905000;13403300000;13903300000;1400;1388
658;13601117000;13403300000;13903300000;1400;1388
659;13601122000;13403311111;13903311111;982;970
660;13641567000;13403600000;13903600000;1398;1386
660;13641600000;13403600000;13903600000;1398;1386
661;13641610000;13403600000;13903600000;1400;1388
662;13641614000;13403600000;13903600000;1398;1386
663;13641617000;13444966666;13944966666;1400;1388
664;13641621000;13444966666;13944966666;1400;1388
665;13641624000;13444966666;13944966666;1398;1386
666;13641627000;13444966666;13944966666;1400;1388
667;13641630000;13444966666;13944966666;1398;1386
668;13641633000;13444966666;13944966666;1400;1388
669;13641636000;13444966666;13944966666;1400;1388
670;13641640000;13444988888;13944988888;982;970
661;13641763000;13403600000;13903600000;1400;1388
662;13641768000;13403600000;13903600000;1398;1386
663;13641956000;13444966666;13944966666;1400;1388
664;13642168000;13444966666;13944966666;1400;1388
665;13642173000;13444966666;13944966666;1398;1386
666;13642368000;13444966666;13944966666;1400;1388
667;13642373000;13444966666;13944966666;1398;1386
668;13642578000;13444966666;13944966666;1400;1388
669;13642582000;13444966666;13944966666;1400;1388
670;13642781000;13444988888;13944988888;982;970
671;13683232000;13445266666;13945266666;1398;1386
671;13683261000;13445266666;13945266666;1398;1386
672;13683271000;13445266666;13945266666;1400;1388
673;13683283000;13445266666;13945266666;1398;1386
674;13683287000;13486644444;13986644444;1400;1388
675;13683291000;13486644444;13986644444;1400;1388
676;13683294000;13486644444;13986644444;1398;1386
677;13683297000;13486644444;13986644444;1400;1388
678;13683300000;13486644444;13986644444;1398;1386
679;13683304000;13486644444;13986644444;1400;1388
680;13683307000;13486644444;13986644444;1400;1388
681;13683310000;13486666666;13986666666;982;970
672;13683441000;13445266666;13945266666;1400;1388
673;13683446000;13445266666;13945266666;1398;1386
674;13683641000;13486644444;13986644444;1400;1388
675;13683847000;13486644444;13986644444;1400;1388
676;13683852000;13486644444;13986644444;1398;1386
677;13684049000;13486644444;13986644444;1400;1388
678;13684054000;13486644444;13986644444;1398;1386
679;13684257000;13486644444;13986644444;1400;1388
680;13684262000;13486644444;13986644444;1400;1388
681;13684461000;13486666666;13986666666;982;970
682;13724928000;13486977777;13986977777;1398;1386
682;13724941000;13486977777;13986977777;1398;1386
683;13724960000;13486977777;13986977777;1400;1388
684;13724964000;13486977777;13986977777;1398;1386
685;13724968000;13528288888;14028288888;1400;1388
686;13724971000;13528288888;14028288888;1400;1388
687;13724975000;13528288888;14028288888;1398;1386
688;13724978000;13528288888;14028288888;1400;1388
689;13724981000;13528288888;14028288888;1398;1386
690;13724985000;13528288888;14028288888;1400;1388
691;13724988000;13528288888;14028288888;1400;1388
692;13724991000;13528311111;14028311111;982;970
683;13725141000;13486977777;13986977777;1400;1388
684;13725150000;13486977777;13986977777;1398;1386
685;13725339000;13528288888;14028288888;1400;1388
686;13725544000;13528288888;14028288888;1400;1388
687;13725552000;13528288888;14028288888;1398;1386
688;13725762000;13528288888;14028288888;1400;1388
689;13725771000;13528288888;14028288888;1398;1386
690;13725948000;13528288888;14028288888;1400;1388
691;13725956000;13528288888;14028288888;1400;1388
692;13726158000;13528311111;14028311111;982;970
693;13766595000;13528611111;14028611111;1398;1386
693;13766639000;13528611111;14028611111;1398;1386
694;13766648000;13528611111;14028611111;1400;1388
695;13766653000;13528611111;14028611111;1398;1386
696;13766656000;13569933333;14069933333;1400;1388
697;13766660000;13569933333;14069933333;1400;1388
698;13766663000;13569933333;14069933333;1398;1386
699;13766666000;13569933333;14069933333;1400;1388
700;13766670000;13569933333;14069933333;1398;1386
701;13766673000;13569933333;14069933333;1400;1388
702;13766676000;13569933333;14069933333;1400;1388
703;13766679000;13569955555;14069955555;982;970
694;13766777000;13528611111;14028611111;1400;1388
695;13766784000;13528611111;14028611111;1398;1386
696;13766979000;13569933333;14069933333;1400;1388
697;13767182000;13569933333;14069933333;1400;1388
698;13767187000;13569933333;14069933333;1398;1386
699;13767382000;13569933333;14069933333;1400;1388
700;13767386000;13569933333;14069933333;1398;1386
701;13767591000;13569933333;14069933333;1400;1388
702;13767595000;13569933333;14069933333;1400;1388
703;13767795000;13569955555;14069955555;982;970
704;13808251000;13570266666;14070266666;1398;1386
704;13808278000;13570266666;14070266666;1398;1386
705;13808287000;13570266666;14070266666;1400;1388
706;13808292000;13570266666;14070266666;1398;1386
707;13808296000;13611600000;14111600000;1400;1388
708;13808299000;13611600000;14111600000;1400;1388
709;13808303000;13611600000;14111600000;1398;1386
710;13808306000;13611600000;14111600000;1400;1388
711;13808309000;13611600000;14111600000;1398;1386
712;13808312000;13611600000;14111600000;1400;1388
713;13808316000;13611600000;14111600000;1400;1388
714;13808319000;13611622222;14111622222;982;970
705;13808444000;13570266666;14070266666;1400;1388
706;13808450000;13570266666;14070266666;1398;1386
707;13808645000;13611600000;14111600000;1400;1388
708;13808850000;13611600000;14111600000;1400;1388
709;13808855000;13611600000;14111600000;1398;1386
710;13809051000;13611600000;14111600000;1400;1388
711;13809055000;13611600000;14111600000;1398;1386
712;13809263000;13611600000;14111600000;1400;1388
713;13809276000;13611600000;14111600000;1400;1388
714;13809464000;13611622222;14111622222;982;970
715;13849907000;13611922222;14111922222;1398;1386
715;13849951000;13611922222;14111922222;1398;1386
716;13849960000;13611922222;14111922222;1400;1388
717;13849964000;13611922222;14111922222;1398;1386
718;13849968000;13653266666;14153266666;1400;1388
719;13849972000;13653266666;14153266666;1400;1388
720;13849975000;13653266666;14153266666;1398;1386
721;13849978000;13653266666;14153266666;1400;1388
722;13849981000;13653266666;14153266666;1398;1386
723;13849985000;13653266666;14153266666;1400;1388
724;13849988000;13653266666;14153266666;1400;1388
725;13849991000;13653288888;14153288888;982;970
716;13850090000;13611922222;14111922222;1400;1388
717;13850096000;13611922222;14111922222;1398;1386
718;13850291000;13653266666;14153266666;1400;1388
719;13850496000;13653266666;14153266666;1400;1388
720;13850501000;13653266666;14153266666;1398;1386
721;13850697000;13653266666;14153266666;1400;1388
722;13850702000;13653266666;14153266666;1398;1386
723;13850898000;13653266666;14153266666;1400;1388
724;13851110000;13653266666;14153266666;1400;1388
726;13891547000;13653566666;14153566666;1398;1386
726;13891588000;13653566666;14153566666;1398;1386
727;13891597000;13653566666;14153566666;1400;1388
728;13891601000;13653566666;14153566666;1398;1386
729;13891605000;13694933333;14194933333;1400;1388
730;13891608000;13694933333;14194933333;1400;1388
731;13891611000;13694933333;14194933333;1398;1386
732;13891614000;13694933333;14194933333;1400;1388
733;13891618000;13694933333;14194933333;1398;1386
734;13891621000;13694933333;14194933333;1400;1388
735;13891624000;13694933333;14194933333;1400;1388
736;13891627000;13694955555;14194955555;982;970
727;13891744000;13653566666;14153566666;1400;1388
728;13891749000;13653566666;14153566666;1398;1386
729;13891939000;13694933333;14194933333;1400;1388
730;13892151000;13694933333;14194933333;1400;1388
731;13892156000;13694933333;14194933333;1398;1386
732;13892350000;13694933333;14194933333;1400;1388
733;13892355000;13694933333;14194933333;1398;1386
734;13892561000;13694933333;14194933333;1400;1388
735;13892565000;13694933333;14194933333;1400;1388
736;13892764000;13694955555;14194955555;982;970
737;13933257000;13695255555;14195255555;1398;1386
737;13933299000;13695255555;14195255555;1398;1386
738;13933309000;13695255555;14195255555;1400;1388
739;13933313000;13695255555;14195255555;1398;1386
741;13933316000;13736633333;14236633333;1400;1388
742;13933324000;13736633333;14236633333;1398;1386
743;13933331000;13736633333;14236633333;1400;1388
744;13933335000;13736633333;14236633333;1398;1386
745;13933338000;13736633333;14236633333;1400;1388
746;13933341000;13736633333;14236633333;1400;1388
747;13933344000;13736655555;14236655555;982;970
738;13933440000;13695255555;14195255555;1400;1388
739;13933446000;13695255555;14195255555;1398;1386
740;13933641000;13736633333;14236633333;1400;1388
741;13933847000;13736633333;14236633333;1400;1388
742;13933852000;13736633333;14236633333;1398;1386
743;13934055000;13736633333;14236633333;1400;1388
744;13934060000;13736633333;14236633333;1398;1386
745;13934257000;13736633333;14236633333;1400;1388
746;13934261000;13736633333;14236633333;1400;1388
747;13934461000;13736655555;14236655555;982;970
748;13974909000;13736977777;14236977777;1398;1386
748;13974940000;13736977777;14236977777;1398;1386
749;13974959000;13736977777;14236977777;1400;1388
750;13974963000;13736977777;14236977777;1398;1386
751;13974966000;13778300000;14278300000;1400;1388
752;13974970000;13778300000;14278300000;1400;1388
753;13974973000;13778300000;14278300000;1398;1386
754;13974977000;13778300000;14278300000;1400;1388
755;13974980000;13778300000;14278300000;1398;1386
756;13974983000;13778300000;14278300000;1400;1388
757;13974986000;13778300000;14278300000;1400;1388
758;13974990000;13778322222;14278322222;982;970
749;13975105000;13736977777;14236977777;1400;1388
750;13975110000;13736977777;14236977777;1398;1386
751;13975305000;13778300000;14278300000;1400;1388
752;13975511000;13778300000;14278300000;1400;1388
753;13975522000;13778300000;14278300000;1398;1386
754;13975723000;13778300000;14278300000;1400;1388
755;13975728000;13778300000;14278300000;1398;1386
756;13975913000;13778300000;14278300000;1400;1388
757;13976125000;13778300000;14278300000;1400;1388
758;13976130000;13778322222;14278322222;982;970
759;14016587000;13778611111;14278611111;1398;1386
759;14016629000;13778611111;14278611111;1398;1386
760;14016639000;13778611111;14278611111;1400;1388
761;14016643000;13778611111;14278611111;1398;1386
762;14016646000;13819977777;14319977777;1400;1388
763;14016650000;13819977777;14319977777;1400;1388
764;14016653000;13819977777;14319977777;1398;1386
765;14016656000;13819977777;14319977777;1400;1388
766;14016660000;13819977777;14319977777;1398;1386
767;14016663000;13819977777;14319977777;1400;1388
768;14016666000;13819977777;14319977777;1400;1388
769;14016669000;13820000000;14320000000;982;970
760;14016786000;13778611111;14278611111;1400;1388
761;14016791000;13778611111;14278611111;1398;1386
762;14016984000;13819977777;14319977777;1400;1388
763;14017190000;13819977777;14319977777;1400;1388
764;14017195000;13819977777;14319977777;1398;1386
765;14017391000;13819977777;14319977777;1400;1388
766;14017396000;13819977777;14319977777;1398;1386
767;14017600000;13819977777;14319977777;1400;1388
768;14017604000;13819977777;14319977777;1400;1388
769;14017803000;13820000000;14320000000;982;970
770;14058237000;13820277777;14320277777;1398;1386
770;14058263000;13820277777;14320277777;1398;1386
771;14058272000;13820277777;14320277777;1400;1388
772;14058277000;13820277777;14320277777;1398;1386
773;14058280000;13861622222;14361622222;1400;1388
774;14058284000;13861622222;14361622222;1400;1388
775;14058287000;13861622222;14361622222;1398;1386
776;14058291000;13861622222;14361622222;1400;1388
777;14058294000;13861622222;14361622222;1398;1386
778;14058297000;13861622222;14361622222;1400;1388
779;14058300000;13861622222;14361622222;1400;1388
780;14058303000;13861644444;14361644444;982;970
771;14058430000;13820277777;14320277777;1400;1388
772;14058436000;13820277777;14320277777;1398;1386
773;14058631000;13861622222;14361622222;1400;1388
774;14058839000;13861622222;14361622222;1400;1388
775;14058844000;13861622222;14361622222;1398;1386
776;14059038000;13861622222;14361622222;1400;1388
777;14059049000;13861622222;14361622222;1398;1386
778;14059247000;13861622222;14361622222;1400;1388
779;14059251000;13861622222;14361622222;1400;1388
780;14059450000;13861644444;14361644444;982;970
781;14099927000;13861966666;14361966666;1398;1386
781;14099989000;13861966666;14361966666;1398;1386
782;14100003000;13861966666;14361966666;1400;1388
783;14100008000;13861966666;14361966666;1398;1386
784;14100012000;13903266666;14403266666;1400;1388
785;14100016000;13903266666;14403266666;1400;1388
786;14100019000;13903266666;14403266666;1398;1386
787;14100022000;13903266666;14403266666;1400;1388
788;14100026000;13903266666;14403266666;1398;1386
789;14100029000;13903266666;14403266666;1400;1388
790;14100033000;13903266666;14403266666;1400;1388
782;14100064000;13861966666;14361966666;1400;1388
791;14100079000;13903288888;14403288888;982;970
783;14100299000;13861966666;14361966666;1398;1386
784;14100309000;13903266666;14403266666;1400;1388
785;14100500000;13903266666;14403266666;1400;1388
786;14100508000;13903266666;14403266666;1398;1386
787;14100700000;13903266666;14403266666;1400;1388
788;14100708000;13903266666;14403266666;1398;1386
789;14100905000;13903266666;14403266666;1400;1388
790;14100913000;13903266666;14403266666;1400;1388
791;14101113000;13903288888;14403288888;982;970
792;14141569000;13903600000;14403600000;1398;1386
792;14141601000;13903600000;14403600000;1398;1386
793;14141612000;13903600000;14403600000;1400;1388
794;14141616000;13903600000;14403600000;1398;1386
795;14141620000;13944933333;14444933333;1400;1388
796;14141624000;13944933333;14444933333;1400;1388
797;14141627000;13944933333;14444933333;1398;1386
798;14141630000;13944933333;14444933333;1400;1388
799;14141633000;13944933333;14444933333;1398;1386
800;14141636000;13944933333;14444933333;1400;1388
801;14141650000;13944933333;14444933333;1400;1388
802;14141654000;13944955555;14444955555;982;970
793;14141767000;13903600000;14403600000;1400;1388
794;14141776000;13903600000;14403600000;1398;1386
795;14141962000;13944933333;14444933333;1400;1388
796;14142172000;13944933333;14444933333;1400;1388
797;14142181000;13944933333;14444933333;1398;1386
798;14142362000;13944933333;14444933333;1400;1388
799;14142367000;13944933333;14444933333;1398;1386
800;14142570000;13944933333;14444933333;1400;1388
801;14142575000;13944933333;14444933333;1400;1388
802;14142773000;13944955555;14444955555;982;970
803;14183236000;13945266666;14445266666;1398;1386
803;14183278000;13945266666;14445266666;1398;1386
804;14183287000;13945266666;14445266666;1400;1388
805;14183292000;13945266666;14445266666;1398;1386
806;14183295000;13986600000;14486600000;1400;1388
807;14183299000;13986600000;14486600000;1400;1388
808;14183302000;13986600000;14486600000;1398;1386
809;14183306000;13986600000;14486600000;1400;1388
810;14183309000;13986600000;14486600000;1398;1386
811;14183312000;13986600000;14486600000;1400;1388
812;14183315000;13986600000;14486600000;1400;1388
813;14183318000;13986622222;14486622222;982;970
804;14183419000;13945266666;14445266666;1400;1388
805;14183425000;13945266666;14445266666;1398;1386
807;14183617000;13986600000;14486600000;1400;1388
808;14183823000;13986600000;14486600000;1398;1386
809;14183828000;13986600000;14486600000;1400;1388
810;14184025000;13986600000;14486600000;1398;1386
811;14184029000;13986600000;14486600000;1400;1388
812;14184228000;13986600000;14486600000;1400;1388
813;14184233000;13986622222;14486622222;982;970
814;14224886000;13986955555;14486955555;1398;1386
814;14224916000;13986955555;14486955555;1398;1386
815;14224935000;13986955555;14486955555;1400;1388
816;14224940000;13986955555;14486955555;1398;1386
817;14224943000;14028266666;14528266666;1400;1388
818;14224947000;14028266666;14528266666;1400;1388
819;14224950000;14028266666;14528266666;1398;1386
820;14224953000;14028266666;14528266666;1400;1388
821;14224956000;14028266666;14528266666;1398;1386
823;14224959000;14028266666;14528266666;1400;1388
824;14224967000;14028277777;14528277777;982;970
815;14225085000;13986955555;14486955555;1400;1388
816;14225090000;13986955555;14486955555;1398;1386
817;14225285000;14028266666;14528266666;1400;1388
818;14225489000;14028266666;14528266666;1400;1388
819;14225494000;14028266666;14528266666;1398;1386
820;14225689000;14028266666;14528266666;1400;1388
821;14225693000;14028266666;14528266666;1398;1386
822;14225893000;14028266666;14528266666;1400;1388
823;14225912000;14028266666;14528266666;1400;1388
824;14226104000;14028277777;14528277777;982;970
825;14266557000;14028566666;14528566666;1398;1386
825;14266590000;14028566666;14528566666;1398;1386
826;14266599000;14028566666;14528566666;1400;1388
827;14266604000;14028566666;14528566666;1398;1386
828;14266607000;14069933333;14569933333;1400;1388
829;14266611000;14069933333;14569933333;1400;1388
830;14266614000;14069933333;14569933333;1398;1386
831;14266617000;14069933333;14569933333;1400;1388
832;14266621000;14069933333;14569933333;1398;1386
833;14266624000;14069933333;14569933333;1400;1388
834;14266627000;14069933333;14569933333;1400;1388
835;14266630000;14069944444;14569944444;982;970
826;14266751000;14028566666;14528566666;1400;1388
827;14266757000;14028566666;14528566666;1398;1386
828;14266945000;14069933333;14569933333;1400;1388
829;14267157000;14069933333;14569933333;1400;1388
830;14267162000;14069933333;14569933333;1398;1386
831;14267357000;14069933333;14569933333;1400;1388
832;14267362000;14069933333;14569933333;1398;1386
833;14267567000;14069933333;14569933333;1400;1388
834;14267571000;14069933333;14569933333;1400;1388
835;14267770000;14069944444;14569944444;982;970
836;14308242000;14070233333;14570233333;1398;1386
836;14308275000;14070233333;14570233333;1398;1386
837;14308284000;14070233333;14570233333;1400;1388
838;14308288000;14070233333;14570233333;1398;1386
839;14308291000;14111633333;14611633333;1400;1388
840;14308295000;14111633333;14611633333;1400;1388
841;14308307000;14111633333;14611633333;1398;1386
842;14308310000;14111633333;14611633333;1400;1388
843;14308313000;14111633333;14611633333;1398;1386
844;14308317000;14111633333;14611633333;1400;1388
845;14308320000;14111633333;14611633333;1400;1388
846;14308323000;14111655555;14611655555;982;970
837;14308437000;14070233333;14570233333;1400;1388
838;14308443000;14070233333;14570233333;1398;1386
839;14308637000;14111633333;14611633333;1400;1388
840;14308842000;14111633333;14611633333;1400;1388
841;14308847000;14111633333;14611633333;1398;1386
842;14309049000;14111633333;14611633333;1400;1388
843;14309055000;14111633333;14611633333;1398;1386
844;14309253000;14111633333;14611633333;1400;1388
845;14309258000;14111633333;14611633333;1400;1388
846;14309456000;14111655555;14611655555;982;970
847;14349915000;14111977777;14611977777;1398;1386
847;14349939000;14111977777;14611977777;1398;1386
848;14349958000;14111977777;14611977777;1400;1388
849;14349963000;14111977777;14611977777;1398;1386
850;14349966000;14153266666;14653266666;1400;1388
851;14349970000;14153266666;14653266666;1400;1388
852;14349973000;14153266666;14653266666;1398;1386
853;14349976000;14153266666;14653266666;1400;1388
854;14349980000;14153266666;14653266666;1398;1386
855;14349983000;14153266666;14653266666;1400;1388
856;14349986000;14153266666;14653266666;1400;1388
857;14349989000;14153288888;14653288888;982;970
848;14350130000;14111977777;14611977777;1400;1388
849;14350136000;14111977777;14611977777;1398;1386
850;14350330000;14153266666;14653266666;1400;1388
851;14350536000;14153266666;14653266666;1400;1388
852;14350541000;14153266666;14653266666;1398;1386
853;14350736000;14153266666;14653266666;1400;1388
854;14350741000;14153266666;14653266666;1398;1386
855;14350937000;14153266666;14653266666;1400;1388
856;14351150000;14153266666;14653266666;1400;1388
857;14351155000;14153288888;14653288888;982;970
858;14391598000;14153600000;14653600000;1398;1386
858;14391639000;14153600000;14653600000;1398;1386
859;14391648000;14153600000;14653600000;1400;1388
860;14391653000;14153600000;14653600000;1398;1386
861;14391656000;14194933333;14694933333;1400;1388
862;14391660000;14194933333;14694933333;1400;1388
863;14391663000;14194933333;14694933333;1398;1386
864;14391666000;14194933333;14694933333;1400;1388
865;14391669000;14194933333;14694933333;1398;1386
866;14391673000;14194933333;14694933333;1400;1388
867;14391676000;14194933333;14694933333;1400;1388
868;14391679000;14194955555;14694955555;982;970
859;14391795000;14153600000;14653600000;1400;1388
860;14391801000;14153600000;14653600000;1398;1386
861;14391995000;14194933333;14694933333;1400;1388
862;14392201000;14194933333;14694933333;1400;1388
863;14392206000;14194933333;14694933333;1398;1386
864;14392400000;14194933333;14694933333;1400;1388
865;14392405000;14194933333;14694933333;1398;1386
869;14433278000;14195288888;14695288888;1398;1386
870;14433299000;14195288888;14695288888;1400;1388
871;14433313000;14195288888;14695288888;1398;1386
872;14433316000;14236600000;14736600000;1400;1388
873;14433329000;14236600000;14736600000;1400;1388
869;14433339000;14195288888;14695288888;1398;1386
874;14433353000;14236600000;14736600000;1398;1386
875;14433369000;14236600000;14736600000;1400;1388
876;14433372000;14236600000;14736600000;1398;1386
877;14433376000;14236600000;14736600000;1400;1388
878;14433379000;14236600000;14736600000;1400;1388
879;14433382000;14236622222;14736622222;982;970
870;14433479000;14195288888;14695288888;1400;1388
871;14433489000;14195288888;14695288888;1398;1386
872;14433672000;14236600000;14736600000;1400;1388
873;14433881000;14236600000;14736600000;1400;1388
874;14433890000;14236600000;14736600000;1398;1386
875;14434083000;14236600000;14736600000;1400;1388
876;14434091000;14236600000;14736600000;1398;1386
877;14434292000;14236600000;14736600000;1400;1388
878;14434301000;14236600000;14736600000;1400;1388
879;14434495000;14236622222;14736622222;982;970
880;14474931000;14236944444;14736944444;1398;1386
880;14474948000;14236944444;14736944444;1398;1386
881;14475021000;14236944444;14736944444;1400;1388
882;14475040000;14236944444;14736944444;1398;1386
883;14475054000;14278266666;14778266666;1400;1388
884;14475058000;14278266666;14778266666;1400;1388
885;14475062000;14278266666;14778266666;1398;1386
886;14475065000;14278266666;14778266666;1400;1388
887;14475068000;14278266666;14778266666;1398;1386
888;14475071000;14278266666;14778266666;1400;1388
889;14475074000;14278266666;14778266666;1400;1388
890;14475077000;14278288888;14778288888;982;970
881;14475148000;14236944444;14736944444;1400;1388
882;14475157000;14236944444;14736944444;1398;1386
884;14475342000;14278266666;14778266666;1400;1388
885;14475548000;14278266666;14778266666;1398;1386
886;14475556000;14278266666;14778266666;1400;1388
887;14475750000;14278266666;14778266666;1398;1386
888;14475758000;14278266666;14778266666;1400;1388
889;14475951000;14278266666;14778266666;1400;1388
890;14475960000;14278288888;14778288888;982;970
891;14516648000;14278588888;14778588888;1398;1386
891;14516712000;14278588888;14778588888;1398;1386
892;14516727000;14278588888;14778588888;1400;1388
893;14516732000;14278588888;14778588888;1398;1386
894;14516735000;14319933333;14819933333;1400;1388
895;14516740000;14319933333;14819933333;1400;1388
896;14516743000;14319933333;14819933333;1398;1386
897;14516747000;14319933333;14819933333;1400;1388
898;14516761000;14319933333;14819933333;1398;1386
899;14516764000;14319933333;14819933333;1400;1388
900;14516767000;14319933333;14819933333;1400;1388
901;14516770000;14319955555;14819955555;982;970
892;14516801000;14278588888;14778588888;1400;1388
893;14517010000;14278588888;14778588888;1398;1386
894;14517020000;14319933333;14819933333;1400;1388
895;14517216000;14319933333;14819933333;1400;1388
896;14517225000;14319933333;14819933333;1398;1386
897;14517417000;14319933333;14819933333;1400;1388
898;14517425000;14319933333;14819933333;1398;1386
899;14517626000;14319933333;14819933333;1400;1388
900;14517634000;14319933333;14819933333;1400;1388
901;14517830000;14319955555;14819955555;982;970
902;14558273000;14320233333;14820233333;1398;1386
902;14558291000;14320233333;14820233333;1398;1386
903;14558364000;14320233333;14820233333;1400;1388
904;14558377000;14320233333;14820233333;1398;1386
905;14558381000;14361622222;14861622222;1400;1388
906;14558384000;14361622222;14861622222;1400;1388
907;14558388000;14361622222;14861622222;1398;1386
908;14558391000;14361622222;14861622222;1400;1388
909;14558395000;14361622222;14861622222;1398;1386
910;14558398000;14361622222;14861622222;1400;1388
911;14558401000;14361622222;14861622222;1400;1388
912;14558405000;14361644444;14861644444;982;970
903;14558492000;14320233333;14820233333;1400;1388
904;14558501000;14320233333;14820233333;1398;1386
905;14558696000;14361622222;14861622222;1400;1388
906;14558901000;14361622222;14861622222;1400;1388
907;14558910000;14361622222;14861622222;1398;1386
908;14559105000;14361622222;14861622222;1400;1388
909;14559113000;14361622222;14861622222;1398;1386
910;14559312000;14361622222;14861622222;1400;1388
911;14559321000;14361622222;14861622222;1400;1388
912;14559516000;14361644444;14861644444;982;970
913;14599957000;14361944444;14861944444;1398;1386
913;14599991000;14361944444;14861944444;1398;1386
914;14600002000;14361944444;14861944444;1400;1388
915;14600007000;14361944444;14861944444;1398;1386
916;14600010000;14403277777;14903277777;1400;1388
917;14600014000;14403277777;14903277777;1400;1388
918;14600018000;14403277777;14903277777;1398;1386
919;14600021000;14403277777;14903277777;1400;1388
920;14600024000;14403277777;14903277777;1398;1386
921;14600028000;14403277777;14903277777;1400;1388
922;14600031000;14403277777;14903277777;1400;1388
923;14600034000;14403300000;14903300000;982;970
914;14600133000;14361944444;14861944444;1400;1388
915;14600334000;14361944444;14861944444;1398;1386
916;14600340000;14403277777;14903277777;1400;1388
917;14600537000;14403277777;14903277777;1400;1388
918;14600542000;14403277777;14903277777;1398;1386
919;14600742000;14403277777;14903277777;1400;1388
920;14600747000;14403277777;14903277777;1398;1386
921;14600945000;14403277777;14903277777;1400;1388
922;14601152000;14403277777;14903277777;1400;1388
923;14601175000;14403300000;14903300000;982;970
924;14641597000;14403588888;14903588888;1398;1386
924;14641653000;14403588888;14903588888;1398;1386
925;14641663000;14403588888;14903588888;1400;1388
926;14641668000;14403588888;14903588888;1398;1386
927;14641671000;14444944444;14944944444;1400;1388
928;14641675000;14444944444;14944944444;1400;1388
929;14641678000;14444944444;14944944444;1398;1386
930;14641682000;14444944444;14944944444;1400;1388
931;14641685000;14444944444;14944944444;1398;1386
932;14641688000;14444944444;14944944444;1400;1388
933;14641691000;14444944444;14944944444;1400;1388
934;14641695000;14444966666;14944966666;982;970
925;14641816000;14403588888;14903588888;1400;1388
926;14641822000;14403588888;14903588888;1398;1386
927;14642010000;14444944444;14944944444;1400;1388
928;14642224000;14444944444;14944944444;1400;1388
929;14642229000;14444944444;14944944444;1398;1386
930;14642423000;14444944444;14944944444;1400;1388
931;14642428000;14444944444;14944944444;1398;1386
932;14642631000;14444944444;14944944444;1400;1388
933;14642635000;14444944444;14944944444;1400;1388
934;14642835000;14444966666;14944966666;982;970
935;14683275000;14445255555;14945255555;1398;1386
936;14683297000;14445255555;14945255555;1400;1388
937;14683310000;14445255555;14945255555;1398;1386
938;14683314000;14486611111;14986611111;1400;1388
939;14683317000;14486611111;14986611111;1400;1388
940;14683330000;14486611111;14986611111;1398;1386
935;14683340000;14445255555;14945255555;1398;1386
941;14683413000;14486611111;14986611111;1400;1388
942;14683436000;14486611111;14986611111;1398;1386
943;14683441000;14486611111;14986611111;1400;1388
944;14683444000;14486611111;14986611111;1400;1388
945;14683447000;14486633333;14986633333;982;970
936;14683473000;14445255555;14945255555;1400;1388
937;14683678000;14445255555;14945255555;1398;1386
938;14683686000;14486611111;14986611111;1400;1388
939;14683882000;14486611111;14986611111;1400;1388
940;14683891000;14486611111;14986611111;1398;1386
941;14684085000;14486611111;14986611111;1400;1388
942;14684094000;14486611111;14986611111;1398;1386
943;14684296000;14486611111;14986611111;1400;1388
944;14684304000;14486611111;14986611111;1400;1388
945;14684496000;14486633333;14986633333;982;970
946;14724934000;14486933333;14986933333;1398;1386
947;14724947000;14486933333;14986933333;1400;1388
946;14724960000;14486933333;14986933333;1398;1386
948;14725032000;14486933333;14986933333;1398;1386
949;14725050000;14528277777;15028277777;1400;1388
950;14725056000;14528277777;15028277777;1400;1388
951;14725060000;14528277777;15028277777;1398;1386
952;14725063000;14528277777;15028277777;1400;1388
953;14725066000;14528277777;15028277777;1398;1386
954;14725069000;14528277777;15028277777;1400;1388
955;14725072000;14528277777;15028277777;1400;1388
956;14725075000;14528300000;15028300000;982;970
947;14725149000;14486933333;14986933333;1400;1388
948;14725158000;14486933333;14986933333;1398;1386
949;14725352000;14528277777;15028277777;1400;1388
950;14725555000;14528277777;15028277777;1400;1388
951;14725564000;14528277777;15028277777;1398;1386
952;14725756000;14528277777;15028277777;1400;1388
953;14725764000;14528277777;15028277777;1398;1386
954;14725959000;14528277777;15028277777;1400;1388
955;14725967000;14528277777;15028277777;1400;1388
956;14726169000;14528300000;15028300000;982;970
957;14766637000;14528588888;15028588888;1398;1386
957;14766655000;14528588888;15028588888;1398;1386
958;14766674000;14528588888;15028588888;1400;1388
959;14766678000;14528588888;15028588888;1398;1386
960;14766682000;14569944444;15069944444;1400;1388
961;14766686000;14569944444;15069944444;1400;1388
962;14766689000;14569944444;15069944444;1398;1386
963;14766692000;14569944444;15069944444;1400;1388
964;14766695000;14569944444;15069944444;1398;1386
965;14766698000;14569944444;15069944444;1400;1388
966;14766701000;14569944444;15069944444;1400;1388
967;14766704000;14569966666;15069966666;982;970
958;14766836000;14528588888;15028588888;1400;1388
959;14766846000;14528588888;15028588888;1398;1386
960;14767025000;14569944444;15069944444;1400;1388
961;14767231000;14569944444;15069944444;1400;1388
962;14767237000;14569944444;15069944444;1398;1386
963;14767433000;14569944444;15069944444;1400;1388
964;14767437000;14569944444;15069944444;1398;1386
965;14767639000;14569944444;15069944444;1400;1388
966;14767643000;14569944444;15069944444;1400;1388
967;14767842000;14569966666;15069966666;982;970
968;14808282000;14570266666;15070266666;1398;1386
968;14808298000;14570266666;15070266666;1398;1386
969;14808318000;14570266666;15070266666;1400;1388
970;14808323000;14570266666;15070266666;1398;1386
971;14808326000;14611611111;15111611111;1400;1388
972;14808330000;14611611111;15111611111;1400;1388
973;14808333000;14611611111;15111611111;1398;1386
974;14808337000;14611611111;15111611111;1400;1388
975;14808340000;14611611111;15111611111;1398;1386
976;14808343000;14611611111;15111611111;1400;1388
977;14808347000;14611611111;15111611111;1400;1388
978;14808350000;14611633333;15111633333;982;970
969;14808471000;14570266666;15070266666;1400;1388
970;14808673000;14570266666;15070266666;1398;1386
971;14808678000;14611611111;15111611111;1400;1388
972;14808877000;14611611111;15111611111;1400;1388
973;14808882000;14611611111;15111611111;1398;1386
974;14809083000;14611611111;15111611111;1400;1388
975;14809088000;14611611111;15111611111;1398;1386
976;14809286000;14611611111;15111611111;1400;1388
977;14809491000;14611611111;15111611111;1400;1388
978;14809496000;14611633333;15111633333;982;970
979;14849950000;14611911111;15111911111;1398;1386
979;14849988000;14611911111;15111911111;1398;1386
980;14849997000;14611911111;15111911111;1400;1388
981;14850002000;14611911111;15111911111;1398;1386
982;14850005000;14653277777;15153277777;1400;1388
983;14850009000;14653277777;15153277777;1400;1388
984;14850012000;14653277777;15153277777;1398;1386
985;14850016000;14653277777;15153277777;1400;1388
986;14850019000;14653277777;15153277777;1398;1386
987;14850022000;14653277777;15153277777;1400;1388
988;14850025000;14653277777;15153277777;1400;1388
989;14850028000;14653300000;15153300000;982;970
980;14850159000;14611911111;15111911111;1400;1388
981;14850164000;14611911111;15111911111;1398;1386
982;14850359000;14653277777;15153277777;1400;1388
983;14850564000;14653277777;15153277777;1400;1388
984;14850569000;14653277777;15153277777;1398;1386
985;14850765000;14653277777;15153277777;1400;1388
986;14850770000;14653277777;15153277777;1398;1386
987;14850967000;14653277777;15153277777;1400;1388
988;14851180000;14653277777;15153277777;1400;1388
989;14851184000;14653300000;15153300000;982;970
990;14891615000;14653577777;15153577777;1398;1386
991;14891637000;14653577777;15153577777;1400;1388
992;14891650000;14653577777;15153577777;1398;1386
990;14891658000;14653577777;15153577777;1398;1386
993;14891673000;14694933333;15194933333;1400;1388
994;14891689000;14694933333;15194933333;1400;1388
995;14891692000;14694933333;15194933333;1398;1386
996;14891695000;14694933333;15194933333;1400;1388
997;14891699000;14694933333;15194933333;1398;1386
998;14891702000;14694933333;15194933333;1400;1388
999;14891705000;14694933333;15194933333;1400;1388
1000;14891708000;14694944444;15194944444;982;970
991;14891825000;14653577777;15153577777;1400;1388
992;14891834000;14653577777;15153577777;1398;1386
993;14892024000;14694933333;15194933333;1400;1388
994;14892230000;14694933333;15194933333;1400;1388
995;14892239000;14694933333;15194933333;1398;1386
996;14892431000;14694933333;15194933333;1400;1388
998;14892439000;14694933333;15194933333;1400;1388
999;14892632000;14694933333;15194933333;1400;1388
1000;14892640000;14694944444;15194944444;982;970
1001;14933278000;14695233333;15195233333;1398;1386
1001;14933294000;14695233333;15195233333;1398;1386
1002;14933314000;14695233333;15195233333;1400;1388
1003;14933319000;14695233333;15195233333;1398;1386
1004;14933322000;14736600000;15236600000;1400;1388
1005;14933326000;14736600000;15236600000;1400;1388
1006;14933329000;14736600000;15236600000;1398;1386
1007;14933332000;14736600000;15236600000;1400;1388
1008;14933335000;14736600000;15236600000;1398;1386
1009;14933338000;14736600000;15236600000;1400;1388
1010;14933350000;14736600000;15236600000;1400;1388
1011;14933354000;14736611111;15236611111;982;970
1008;14933489000;14736600000;15236600000;1398;1386
1009;14933498000;14736600000;15236600000;1400;1388
1010;14933689000;14736600000;15236600000;1400;1388
1011;14933698000;14736611111;15236611111;982;970
1012;14974984000;14736922222;15236922222;1398;1386
1012;14975021000;14736922222;15236922222;1398;1386
1013;14975030000;14736922222;15236922222;1400;1388
1014;14975035000;14736922222;15236922222;1398;1386
1015;14975038000;14778300000;15278300000;1400;1388
1016;14975050000;14778300000;15278300000;1400;1388
1017;14975055000;14778300000;15278300000;1398;1386
1018;14975058000;14778300000;15278300000;1400;1388
1019;14975061000;14778300000;15278300000;1398;1386
1020;14975064000;14778300000;15278300000;1400;1388
1021;14975067000;14778300000;15278300000;1400;1388
1022;14975071000;14778311111;15278311111;982;970
1013;14975183000;14736922222;15236922222;1400;1388
1014;14975190000;14736922222;15236922222;1398;1386
1015;14975382000;14778300000;15278300000;1400;1388
1016;14975586000;14778300000;15278300000;1400;1388
1017;14975591000;14778300000;15278300000;1398;1386
1018;14975786000;14778300000;15278300000;1400;1388
1019;14975791000;14778300000;15278300000;1398;1386
1020;14975988000;14778300000;15278300000;1400;1388
1022;14975993000;14778311111;15278311111;982;970
1023;15016654000;14778622222;15278622222;1398;1386
1023;15016695000;14778622222;15278622222;1398;1386
1024;15016704000;14778622222;15278622222;1400;1388
1025;15016708000;14778622222;15278622222;1398;1386
1026;15016712000;14819966666;15319966666;1400;1388
1027;15016716000;14819966666;15319966666;1400;1388
1028;15016719000;14819966666;15319966666;1398;1386
1030;15016722000;14819966666;15319966666;1398;1386
1031;15016730000;14819966666;15319966666;1400;1388
1032;15016741000;14819966666;15319966666;1400;1388
1033;15016745000;14819977777;15319977777;982;970
1024;15016846000;14778622222;15278622222;1400;1388
1025;15016851000;14778622222;15278622222;1398;1386
1026;15017049000;14819966666;15319966666;1400;1388
1027;15017251000;14819966666;15319966666;1400;1388
1028;15017256000;14819966666;15319966666;1398;1386
1029;15017450000;14819966666;15319966666;1400;1388
1030;15017470000;14819966666;15319966666;1398;1386
1031;15017661000;14819966666;15319966666;1400;1388
1032;15017666000;14819966666;15319966666;1400;1388
1033;15017864000;14819977777;15319977777;982;970
1034;15058332000;14820300000;15320300000;1398;1386
1034;15058360000;14820300000;15320300000;1398;1386
1035;15058379000;14820300000;15320300000;1400;1388
1036;15058383000;14820300000;15320300000;1398;1386
1037;15058387000;14861633333;15361633333;1400;1388
1038;15058390000;14861633333;15361633333;1400;1388
1039;15058393000;14861633333;15361633333;1398;1386
1040;15058397000;14861633333;15361633333;1400;1388
1041;15058400000;14861633333;15361633333;1398;1386
1042;15058403000;14861633333;15361633333;1400;1388
1043;15058406000;14861633333;15361633333;1400;1388
1044;15058409000;14861655555;15361655555;982;970
1035;15058515000;14820300000;15320300000;1400;1388
1036;15058520000;14820300000;15320300000;1398;1386
1037;15058714000;14861633333;15361633333;1400;1388
1038;15058913000;14861633333;15361633333;1400;1388
1039;15058918000;14861633333;15361633333;1398;1386
1040;15059124000;14861633333;15361633333;1400;1388
1041;15059129000;14861633333;15361633333;1398;1386
1042;15059329000;14861633333;15361633333;1400;1388
1043;15059334000;14861633333;15361633333;1400;1388
1044;15059533000;14861655555;15361655555;982;970
1045;15099986000;14861977777;15361977777;1398;1386
1045;15100016000;14861977777;15361977777;1398;1386
1046;15100036000;14861977777;15361977777;1400;1388
1047;15100040000;14861977777;15361977777;1398;1386
1048;15100051000;14903300000;15403300000;1400;1388
1049;15100056000;14903300000;15403300000;1400;1388
1050;15100059000;14903300000;15403300000;1398;1386
1051;15100062000;14903300000;15403300000;1400;1388
1052;15100065000;14903300000;15403300000;1398;1386
1053;15100068000;14903300000;15403300000;1400;1388
1054;15100079000;14903300000;15403300000;1400;1388
1055;15100082000;14903322222;15403322222;982;970
1046;15100186000;14861977777;15361977777;1400;1388
1047;15100192000;14861977777;15361977777;1398;1386
1048;15100384000;14903300000;15403300000;1400;1388
1049;15100588000;14903300000;15403300000;1400;1388
1050;15100593000;14903300000;15403300000;1398;1386
1051;15100790000;14903300000;15403300000;1400;1388
1052;15100794000;14903300000;15403300000;1398;1386
1053;15100998000;14903300000;15403300000;1400;1388
1054;15101002000;14903300000;15403300000;1400;1388
1055;15101203000;14903322222;15403322222;982;970
1056;15141661000;14903600000;15403600000;1398;1386
1056;15141702000;14903600000;15403600000;1398;1386
1057;15141712000;14903600000;15403600000;1400;1388
1058;15141716000;14903600000;15403600000;1398;1386
1059;15141719000;14944966666;15444966666;1400;1388
1060;15141723000;14944966666;15444966666;1400;1388
1061;15141726000;14944966666;15444966666;1398;1386
1062;15141729000;14944966666;15444966666;1400;1388
1063;15141732000;14944966666;15444966666;1398;1386
1064;15141735000;14944966666;15444966666;1400;1388
1065;15141739000;14944966666;15444966666;1400;1388
1066;15141742000;14944988888;15444988888;982;970
1057;15141852000;14903600000;15403600000;1400;1388
1058;15141857000;14903600000;15403600000;1398;1386
1059;15142051000;14944966666;15444966666;1400;1388
1060;15142257000;14944966666;15444966666;1400;1388
1061;15142262000;14944966666;15444966666;1398;1386
1062;15142458000;14944966666;15444966666;1400;1388
1063;15142463000;14944966666;15444966666;1398;1386
1064;15142667000;14944966666;15444966666;1400;1388
1065;15142672000;14944966666;15444966666;1400;1388
1066;15142871000;14944988888;15444988888;982;970
1067;15183335000;14945277777;15445277777;1398;1386
1067;15183363000;14945277777;15445277777;1398;1386
1068;15183382000;14945277777;15445277777;1400;1388
1069;15183386000;14945277777;15445277777;1398;1386
1070;15183389000;14986633333;15486633333;1400;1388
1071;15183393000;14986633333;15486633333;1400;1388
1072;15183396000;14986633333;15486633333;1398;1386
1073;15183399000;14986633333;15486633333;1400;1388
1074;15183402000;14986633333;15486633333;1398;1386
1075;15183405000;14986633333;15486633333;1400;1388
1076;15183408000;14986633333;15486633333;1400;1388
1077;15183412000;14986655555;15486655555;982;970
1068;15183516000;14945277777;15445277777;1400;1388
1069;15183522000;14945277777;15445277777;1398;1386
1070;15183716000;14986633333;15486633333;1400;1388
1071;15183916000;14986633333;15486633333;1400;1388
1072;15183921000;14986633333;15486633333;1398;1386
1073;15184124000;14986633333;15486633333;1400;1388
1074;15184128000;14986633333;15486633333;1398;1386
1075;15184332000;14986633333;15486633333;1400;1388
1076;15184336000;14986633333;15486633333;1400;1388
1077;15184536000;14986655555;15486655555;982;970
1078;15224974000;14986955555;15486955555;1398;1386
1078;15225013000;14986955555;15486955555;1398;1386
1079;15225023000;14986955555;15486955555;1400;1388
1080;15225027000;14986955555;15486955555;1398;1386
1082;15225030000;15028300000;15528300000;1400;1388
1083;15225037000;15028300000;15528300000;1398;1386
1084;15225052000;15028300000;15528300000;1400;1388
1085;15225056000;15028300000;15528300000;1398;1386
1086;15225060000;15028300000;15528300000;1400;1388
1088;15225063000;15028322222;15528322222;982;970
1079;15225165000;14986955555;15486955555;1400;1388
1080;15225171000;14986955555;15486955555;1398;1386
1081;15225365000;15028300000;15528300000;1400;1388
1082;15225573000;15028300000;15528300000;1400;1388
1083;15225578000;15028300000;15528300000;1398;1386
1084;15225772000;15028300000;15528300000;1400;1388
1085;15225776000;15028300000;15528300000;1398;1386
1086;15225973000;15028300000;15528300000;1400;1388
1087;15226185000;15028300000;15528300000;1400;1388
1088;15226202000;15028322222;15528322222;982;970
1089;15266621000;15028588888;15528588888;1398;1386
1089;15266652000;15028588888;15528588888;1398;1386
1090;15266671000;15028588888;15528588888;1400;1388
1091;15266675000;15028588888;15528588888;1398;1386
1092;15266678000;15069966666;15569966666;1400;1388
1093;15266690000;15069966666;15569966666;1400;1388
1094;15266693000;15069966666;15569966666;1398;1386
1095;15266697000;15069966666;15569966666;1400;1388
1096;15266700000;15069966666;15569966666;1398;1386
1097;15266703000;15069966666;15569966666;1400;1388
1098;15266706000;15069966666;15569966666;1400;1388
1099;15266709000;15069988888;15569988888;982;970
1090;15266815000;15028588888;15528588888;1400;1388
1091;15266820000;15028588888;15528588888;1398;1386
1092;15267015000;15069966666;15569966666;1400;1388
1093;15267221000;15069966666;15569966666;1400;1388
1094;15267226000;15069966666;15569966666;1398;1386
1095;15267422000;15069966666;15569966666;1400;1388
1096;15267427000;15069966666;15569966666;1398;1386
1097;15267631000;15069966666;15569966666;1400;1388
1098;15267636000;15069966666;15569966666;1400;1388
1099;15267835000;15069988888;15569988888;982;970
1100;15308318000;15070277777;15570277777;1398;1386
1100;15308358000;15070277777;15570277777;1398;1386
1101;15308370000;15070277777;15570277777;1400;1388
1102;15308376000;15070277777;15570277777;1398;1386
1103;15308380000;15111633333;15611633333;1400;1388
1104;15308383000;15111633333;15611633333;1400;1388
1105;15308387000;15111633333;15611633333;1398;1386
1106;15308390000;15111633333;15611633333;1400;1388
1107;15308393000;15111633333;15611633333;1398;1386
1108;15308396000;15111633333;15611633333;1400;1388
1109;15308400000;15111633333;15611633333;1400;1388
1110;15308403000;15111655555;15611655555;982;970
1101;15308478000;15070277777;15570277777;1400;1388
1102;15308485000;15070277777;15570277777;1398;1386
1103;15308685000;15111633333;15611633333;1400;1388
1104;15308903000;15111633333;15611633333;1400;1388
1105;15308912000;15111633333;15611633333;1398;1386
1106;15309120000;15111633333;15611633333;1400;1388
1107;15309138000;15111633333;15611633333;1398;1386
1108;15309313000;15111633333;15611633333;1400;1388
1109;15309321000;15111633333;15611633333;1400;1388
1110;15309515000;15111655555;15611655555;982;970
1111;15349970000;15111944444;15611944444;1398;1386
1111;15349987000;15111944444;15611944444;1398;1386
1112;15350006000;15111944444;15611944444;1400;1388
1113;15350010000;15111944444;15611944444;1398;1386
1114;15350013000;15153300000;15653300000;1400;1388
1115;15350017000;15153300000;15653300000;1400;1388
1116;15350021000;15153300000;15653300000;1398;1386
1117;15350024000;15153300000;15653300000;1400;1388
1118;15350027000;15153300000;15653300000;1398;1386
1119;15350031000;15153300000;15653300000;1400;1388
1120;15350034000;15153300000;15653300000;1400;1388
1121;15350037000;15153322222;15653322222;982;970
1112;15350169000;15111944444;15611944444;1400;1388
1113;15350178000;15111944444;15611944444;1398;1386
1114;15350367000;15153300000;15653300000;1400;1388
1115;15350573000;15153300000;15653300000;1400;1388
1116;15350582000;15153300000;15653300000;1398;1386
1117;15350775000;15153300000;15653300000;1400;1388
1118;15350783000;15153300000;15653300000;1398;1386
1119;15350964000;15153300000;15653300000;1400;1388
1120;15351176000;15153300000;15653300000;1400;1388
1121;15351181000;15153322222;15653322222;982;970
1123;15391631000;15153600000;15653600000;1400;1388
1122;15391652000;15153600000;15653600000;1398;1386
1123;15391681000;15153600000;15653600000;1400;1388
1124;15391687000;15153600000;15653600000;1398;1386
1125;15391691000;15194977777;15694977777;1400;1388
1126;15391695000;15194977777;15694977777;1400;1388
1127;15391708000;15194977777;15694977777;1398;1386
1128;15391711000;15194977777;15694977777;1400;1388
1129;15391714000;15194977777;15694977777;1398;1386
1130;15391718000;15194977777;15694977777;1400;1388
1131;15391721000;15194977777;15694977777;1400;1388
1132;15391724000;15195000000;15695000000;982;970
1124;15391837000;15153600000;15653600000;1398;1386
1125;15391843000;15194977777;15694977777;1400;1388
1126;15392035000;15194977777;15694977777;1400;1388
1127;15392241000;15194977777;15694977777;1398;1386
1128;15392246000;15194977777;15694977777;1400;1388
1129;15392443000;15194977777;15694977777;1398;1386
1130;15392447000;15194977777;15694977777;1400;1388
1131;15392643000;15194977777;15694977777;1400;1388
1132;15392665000;15195000000;15695000000;982;970
1133;15433279000;15195300000;15695300000;1398;1386
1133;15433317000;15195300000;15695300000;1398;1386
1134;15433326000;15195300000;15695300000;1400;1388
1135;15433331000;15195300000;15695300000;1398;1386
1136;15433335000;15236622222;15736622222;1400;1388
1137;15433338000;15236622222;15736622222;1400;1388
1138;15433342000;15236622222;15736622222;1398;1386
1139;15433345000;15236622222;15736622222;1400;1388
1140;15433348000;15236622222;15736622222;1398;1386
1141;15433351000;15236622222;15736622222;1400;1388
1142;15433354000;15236622222;15736622222;1400;1388
1143;15433358000;15236644444;15736644444;982;970
1134;15433478000;15195300000;15695300000;1400;1388
1135;15433484000;15195300000;15695300000;1398;1386
1136;15433677000;15236622222;15736622222;1400;1388
1137;15433883000;15236622222;15736622222;1400;1388
1138;15433888000;15236622222;15736622222;1398;1386
1139;15434084000;15236622222;15736622222;1400;1388
1140;15434088000;15236622222;15736622222;1398;1386
1141;15434292000;15236622222;15736622222;1400;1388
1142;15434296000;15236622222;15736622222;1400;1388
1143;15434496000;15236644444;15736644444;982;970
1144;15474942000;15236944444;15736944444;1398;1386
1144;15474965000;15236944444;15736944444;1398;1386
1145;15474985000;15236944444;15736944444;1400;1388
1146;15474989000;15236944444;15736944444;1398;1386
1147;15474993000;15278266666;15778266666;1400;1388
1148;15474997000;15278266666;15778266666;1400;1388
1149;15475000000;15278266666;15778266666;1398;1386
1150;15475003000;15278266666;15778266666;1400;1388
1151;15475006000;15278266666;15778266666;1398;1386
1152;15475010000;15278266666;15778266666;1400;1388
1153;15475013000;15278266666;15778266666;1400;1388
1154;15475017000;15278288888;15778288888;982;970
1145;15475131000;15236944444;15736944444;1400;1388
1146;15475136000;15236944444;15736944444;1398;1386
1147;15475328000;15278266666;15778266666;1400;1388
1148;15475533000;15278266666;15778266666;1400;1388
1149;15475538000;15278266666;15778266666;1398;1386
1150;15475733000;15278266666;15778266666;1400;1388
1151;15475737000;15278266666;15778266666;1398;1386
1152;15475935000;15278266666;15778266666;1400;1388
1153;15476148000;15278266666;15778266666;1400;1388
1154;15476153000;15278288888;15778288888;982;970
1155;15516623000;15278566666;15778566666;1398;1386
1155;15516664000;15278566666;15778566666;1398;1386
1156;15516674000;15278566666;15778566666;1400;1388
1157;15516678000;15278566666;15778566666;1398;1386
1158;15516681000;15319955555;15819955555;1400;1388
1159;15516685000;15319955555;15819955555;1400;1388
1160;15516688000;15319955555;15819955555;1398;1386
1161;15516691000;15319955555;15819955555;1400;1388
1162;15516694000;15319955555;15819955555;1398;1386
1163;15516697000;15319955555;15819955555;1400;1388
1164;15516700000;15319955555;15819955555;1400;1388
1165;15516703000;15319977777;15819977777;982;970
1156;15516815000;15278566666;15778566666;1400;1388
1157;15516820000;15278566666;15778566666;1398;1386
1158;15517015000;15319955555;15819955555;1400;1388
1159;15517222000;15319955555;15819955555;1400;1388
1160;15517227000;15319955555;15819955555;1398;1386
1161;15517422000;15319955555;15819955555;1400;1388
1162;15517426000;15319955555;15819955555;1398;1386
1163;15517630000;15319955555;15819955555;1400;1388
1164;15517635000;15319955555;15819955555;1400;1388
1165;15517833000;15319977777;15819977777;982;970
1166;15558272000;15320244444;15820244444;1398;1386
1166;15558313000;15320244444;15820244444;1398;1386
1167;15558322000;15320244444;15820244444;1400;1388
1168;15558326000;15320244444;15820244444;1398;1386
1169;15558330000;15361600000;15861600000;1400;1388
1170;15558334000;15361600000;15861600000;1400;1388
1171;15558338000;15361600000;15861600000;1398;1386
1172;15558341000;15361600000;15861600000;1400;1388
1173;15558344000;15361600000;15861600000;1398;1386
1174;15558347000;15361600000;15861600000;1400;1388
1175;15558350000;15361600000;15861600000;1400;1388
1176;15558353000;15361622222;15861622222;982;970
1167;15558465000;15320244444;15820244444;1400;1388
1168;15558478000;15320244444;15820244444;1398;1386
1169;15558676000;15361600000;15861600000;1400;1388
1170;15558871000;15361600000;15861600000;1400;1388
1171;15558876000;15361600000;15861600000;1398;1386
1172;15559073000;15361600000;15861600000;1400;1388
1173;15559078000;15361600000;15861600000;1398;1386
1174;15559283000;15361600000;15861600000;1400;1388
1175;15559288000;15361600000;15861600000;1400;1388
1176;15559484000;15361622222;15861622222;982;970
1177;15599939000;15361922222;15861922222;1398;1386
1177;15599981000;15361922222;15861922222;1398;1386
1178;15599990000;15361922222;15861922222;1400;1388
1179;15599994000;15361922222;15861922222;1398;1386
1180;15599997000;15403266666;15903266666;1400;1388
1181;15600001000;15403266666;15903266666;1400;1388
1182;15600004000;15403266666;15903266666;1398;1386
1183;15600007000;15403266666;15903266666;1400;1388
1184;15600010000;15403266666;15903266666;1398;1386
1185;15600014000;15403266666;15903266666;1400;1388
1186;15600017000;15403266666;15903266666;1400;1388
1187;15600020000;15403288888;15903288888;982;970
1178;15600130000;15361922222;15861922222;1400;1388
1179;15600135000;15361922222;15861922222;1398;1386
1181;15600331000;15403266666;15903266666;1400;1388
1182;15600536000;15403266666;15903266666;1398;1386
1183;15600540000;15403266666;15903266666;1400;1388
1184;15600736000;15403266666;15903266666;1398;1386
1185;15600741000;15403266666;15903266666;1400;1388
1186;15600938000;15403266666;15903266666;1400;1388
1187;15600943000;15403288888;15903288888;982;970
1188;15641601000;15403577777;15903577777;1398;1386
1188;15641643000;15403577777;15903577777;1398;1386
1189;15641652000;15403577777;15903577777;1400;1388
1190;15641656000;15403577777;15903577777;1398;1386
1191;15641660000;15444933333;15944933333;1400;1388
1192;15641663000;15444933333;15944933333;1400;1388
1193;15641667000;15444933333;15944933333;1398;1386
1194;15641670000;15444933333;15944933333;1400;1388
1195;15641673000;15444933333;15944933333;1398;1386
1196;15641676000;15444933333;15944933333;1400;1388
1197;15641679000;15444933333;15944933333;1400;1388
1198;15641682000;15444955555;15944955555;982;970
1189;15641799000;15403577777;15903577777;1400;1388
1190;15641804000;15403577777;15903577777;1398;1386
1191;15641992000;15444933333;15944933333;1400;1388
1192;15642206000;15444933333;15944933333;1400;1388
1193;15642211000;15444933333;15944933333;1398;1386
1194;15642406000;15444933333;15944933333;1400;1388
1195;15642410000;15444933333;15944933333;1398;1386
1196;15642614000;15444933333;15944933333;1400;1388
1197;15642618000;15444933333;15944933333;1400;1388
1198;15642818000;15444955555;15944955555;982;970
1199;15683281000;15445244444;15945244444;1398;1386
1199;15683323000;15445244444;15945244444;1398;1386
1200;15683333000;15445244444;15945244444;1400;1388
1201;15683337000;15445244444;15945244444;1398;1386
1202;15683340000;15486600000;15986600000;1400;1388
1203;15683343000;15486600000;15986600000;1400;1388
1204;15683347000;15486600000;15986600000;1398;1386
1205;15683350000;15486600000;15986600000;1400;1388
1206;15683354000;15486600000;15986600000;1398;1386
1207;15683357000;15486600000;15986600000;1400;1388
1208;15683360000;15486600000;15986600000;1400;1388
1209;15683363000;15486611111;15986611111;982;970
1200;15683464000;15445244444;15945244444;1400;1388
1201;15683469000;15445244444;15945244444;1398;1386
1202;15683663000;15486600000;15986600000;1400;1388
1203;15683869000;15486600000;15986600000;1400;1388
1204;15683874000;15486600000;15986600000;1398;1386
1205;15684070000;15486600000;15986600000;1400;1388
1206;15684075000;15486600000;15986600000;1398;1386
1207;15684278000;15486600000;15986600000;1400;1388
1208;15684283000;15486600000;15986600000;1400;1388
1209;15684477000;15486611111;15986611111;982;970
1210;15724982000;15486922222;15986922222;1398;1386
1210;15725017000;15486922222;15986922222;1398;1386
1211;15725029000;15486922222;15986922222;1400;1388
1212;15725034000;15486922222;15986922222;1398;1386
1213;15725038000;15528266666;16028266666;1400;1388
1214;15725055000;15528266666;16028266666;1400;1388
1215;15725059000;15528266666;16028266666;1398;1386
1216;15725081000;15528266666;16028266666;1400;1388
1217;15725085000;15528266666;16028266666;1398;1386
1218;15725088000;15528266666;16028266666;1400;1388
1219;15725092000;15528266666;16028266666;1400;1388
1220;15725095000;15528288888;16028288888;982;970
1211;15725173000;15486922222;15986922222;1400;1388
1212;15725182000;15486922222;15986922222;1398;1386
1213;15725381000;15528266666;16028266666;1400;1388
1214;15725587000;15528266666;16028266666;1400;1388
1215;15725596000;15528266666;16028266666;1398;1386
1216;15725789000;15528266666;16028266666;1400;1388
1217;15725797000;15528266666;16028266666;1398;1386
1218;15725997000;15528266666;16028266666;1400;1388
1219;15726006000;15528266666;16028266666;1400;1388
1220;15726201000;15528288888;16028288888;982;970
1221;15766644000;15528588888;16028588888;1398;1386
1221;15766671000;15528588888;16028588888;1398;1386
1222;15766690000;15528588888;16028588888;1400;1388
1223;15766695000;15528588888;16028588888;1398;1386
1224;15766698000;15569933333;16069933333;1400;1388
1225;15766702000;15569933333;16069933333;1400;1388
1226;15766706000;15569933333;16069933333;1398;1386
1227;15766709000;15569933333;16069933333;1400;1388
1228;15766712000;15569933333;16069933333;1398;1386
1229;15766715000;15569933333;16069933333;1400;1388
1231;15766718000;15569955555;16069955555;982;970
1222;15766844000;15528588888;16028588888;1400;1388
1223;15766850000;15528588888;16028588888;1398;1386
1224;15767042000;15569933333;16069933333;1400;1388
1225;15767248000;15569933333;16069933333;1400;1388
1226;15767253000;15569933333;16069933333;1398;1386
1227;15767446000;15569933333;16069933333;1400;1388
1228;15767451000;15569933333;16069933333;1398;1386
1229;15767656000;15569933333;16069933333;1400;1388
1230;15767661000;15569933333;16069933333;1400;1388
1231;15767860000;15569955555;16069955555;982;970
1232;15808300000;15570266666;16070266666;1398;1386
1232;15808329000;15570266666;16070266666;1398;1386
1233;15808338000;15570266666;16070266666;1400;1388
1234;15808342000;15570266666;16070266666;1398;1386
1235;15808346000;15611600000;16111600000;1400;1388
1236;15808350000;15611600000;16111600000;1400;1388
1237;15808353000;15611600000;16111600000;1398;1386
1238;15808356000;15611600000;16111600000;1400;1388
1239;15808360000;15611600000;16111600000;1398;1386
1240;15808363000;15611600000;16111600000;1400;1388
1241;15808366000;15611600000;16111600000;1400;1388
1242;15808369000;15611622222;16111622222;982;970
1233;15808510000;15570266666;16070266666;1400;1388
1234;15808516000;15570266666;16070266666;1398;1386
1235;15808710000;15611600000;16111600000;1400;1388
1236;15808909000;15611600000;16111600000;1400;1388
1237;15808914000;15611600000;16111600000;1398;1386
1238;15809116000;15611600000;16111600000;1400;1388
1239;15809120000;15611600000;16111600000;1398;1386
1240;15809325000;15611600000;16111600000;1400;1388
1241;15809329000;15611600000;16111600000;1400;1388
1242;15809529000;15611622222;16111622222;982;970
1243;15849980000;15611911111;16111911111;1398;1386
1243;15850021000;15611911111;16111911111;1398;1386
1244;15850030000;15611911111;16111911111;1400;1388
1245;15850034000;15611911111;16111911111;1398;1386
1246;15850038000;15653266666;16153266666;1400;1388
1247;15850041000;15653266666;16153266666;1400;1388
1248;15850055000;15653266666;16153266666;1398;1386
1249;15850058000;15653266666;16153266666;1400;1388
1250;15850061000;15653266666;16153266666;1398;1386
1251;15850064000;15653266666;16153266666;1400;1388
1252;15850067000;15653266666;16153266666;1400;1388
1253;15850070000;15653288888;16153288888;982;970
1244;15850176000;15611911111;16111911111;1400;1388
1245;15850182000;15611911111;16111911111;1398;1386
1246;15850376000;15653266666;16153266666;1400;1388
1247;15850582000;15653266666;16153266666;1400;1388
1248;15850586000;15653266666;16153266666;1398;1386
1250;15850783000;15653266666;16153266666;1398;1386
1251;15850787000;15653266666;16153266666;1400;1388
1252;15850986000;15653266666;16153266666;1400;1388
1253;15850991000;15653288888;16153288888;982;970
1254;15891660000;15653566666;16153566666;1398;1386
1254;15891694000;15653566666;16153566666;1398;1386
1255;15891712000;15653566666;16153566666;1400;1388
1257;15891717000;15694933333;16194933333;1400;1388
1258;15891725000;15694933333;16194933333;1400;1388
1259;15891732000;15694933333;16194933333;1398;1386
1260;15891735000;15694933333;16194933333;1400;1388
1261;15891738000;15694933333;16194933333;1398;1386
1262;15891742000;15694933333;16194933333;1400;1388
1263;15891745000;15694933333;16194933333;1400;1388
1264;15891748000;15694955555;16194955555;982;970
1255;15891853000;15653566666;16153566666;1400;1388
1256;15891859000;15653566666;16153566666;1398;1386
1257;15892053000;15694933333;16194933333;1400;1388
1258;15892249000;15694933333;16194933333;1400;1388
1259;15892254000;15694933333;16194933333;1398;1386
1260;15892451000;15694933333;16194933333;1400;1388
1261;15892455000;15694933333;16194933333;1398;1386
1262;15892659000;15694933333;16194933333;1400;1388
1263;15892663000;15694933333;16194933333;1400;1388
1264;15892861000;15694955555;16194955555;982;970
1265;15933334000;15695244444;16195244444;1398;1386
1265;15933349000;15695244444;16195244444;1398;1386
1266;15933369000;15695244444;16195244444;1400;1388
1267;15933373000;15695244444;16195244444;1398;1386
1268;15933377000;15736633333;16236633333;1400;1388
1269;15933381000;15736633333;16236633333;1400;1388
1272;15933384000;15736633333;16236633333;1398;1386
1273;15933392000;15736633333;16236633333;1400;1388
1274;15933398000;15736633333;16236633333;1400;1388
1275;15933402000;15736644444;16236644444;982;970
1266;15933521000;15695244444;16195244444;1400;1388
1267;15933724000;15695244444;16195244444;1398;1386
1268;15933729000;15736633333;16236633333;1400;1388
1269;15933927000;15736633333;16236633333;1400;1388
1270;15933932000;15736633333;16236633333;1398;1386
1271;15934152000;15736633333;16236633333;1400;1388
1272;15934169000;15736633333;16236633333;1398;1386
1273;15934357000;15736633333;16236633333;1400;1388
1274;15934362000;15736633333;16236633333;1400;1388
1275;15934560000;15736644444;16236644444;982;970
1276;15975029000;15736955555;16236955555;1398;1386
1276;15975074000;15736955555;16236955555;1398;1386
1277;15975083000;15736955555;16236955555;1400;1388
1278;15975088000;15736955555;16236955555;1398;1386
1279;15975091000;15778300000;16278300000;1400;1388
1280;15975095000;15778300000;16278300000;1400;1388
1281;15975098000;15778300000;16278300000;1398;1386
1282;15975102000;15778300000;16278300000;1400;1388
1283;15975105000;15778300000;16278300000;1398;1386
1284;15975108000;15778300000;16278300000;1400;1388
1285;15975111000;15778300000;16278300000;1400;1388
1286;15975114000;15778311111;16278311111;982;970
1277;15975210000;15736955555;16236955555;1400;1388
1278;15975215000;15736955555;16236955555;1398;1386
1279;15975409000;15778300000;16278300000;1400;1388
1280;15975615000;15778300000;16278300000;1400;1388
1281;15975620000;15778300000;16278300000;1398;1386
1282;15975816000;15778300000;16278300000;1400;1388
1283;15975820000;15778300000;16278300000;1398;1386
1284;15976024000;15778300000;16278300000;1400;1388
1285;15976029000;15778300000;16278300000;1400;1388
1286;15976233000;15778311111;16278311111;982;970
1287;16016679000;15778600000;16278600000;1398;1386
1287;16016720000;15778600000;16278600000;1398;1386
1288;16016730000;15778600000;16278600000;1400;1388
1289;16016734000;15778600000;16278600000;1398;1386
1290;16016738000;15819966666;16319966666;1400;1388
1291;16016741000;15819966666;16319966666;1400;1388
1292;16016745000;15819966666;16319966666;1398;1386
1293;16016748000;15819966666;16319966666;1400;1388
1294;16016752000;15819966666;16319966666;1398;1386
1295;16016755000;15819966666;16319966666;1400;1388
1296;16016758000;15819966666;16319966666;1400;1388
1297;16016761000;15819988888;16319988888;982;970
1288;16016876000;15778600000;16278600000;1400;1388
1289;16016881000;15778600000;16278600000;1398;1386
1290;16017076000;15819966666;16319966666;1400;1388
1291;16017282000;15819966666;16319966666;1400;1388
1292;16017287000;15819966666;16319966666;1398;1386
1293;16017484000;15819966666;16319966666;1400;1388
1294;16017489000;15819966666;16319966666;1398;1386
1295;16017693000;15819966666;16319966666;1400;1388
1296;16017697000;15819966666;16319966666;1400;1388
1297;16017895000;15819988888;16319988888;982;970
1298;16058350000;15820255555;16320255555;1398;1386
1298;16058383000;15820255555;16320255555;1398;1386
1299;16058392000;15820255555;16320255555;1400;1388
1300;16058396000;15820255555;16320255555;1398;1386
1301;16058399000;15861633333;16361633333;1400;1388
1302;16058403000;15861633333;16361633333;1400;1388
1303;16058406000;15861633333;16361633333;1398;1386
1304;16058409000;15861633333;16361633333;1400;1388
1305;16058412000;15861633333;16361633333;1398;1386
1306;16058415000;15861633333;16361633333;1400;1388
1307;16058419000;15861633333;16361633333;1400;1388
1308;16058422000;15861644444;16361644444;982;970
1299;16058545000;15820255555;16320255555;1400;1388
1300;16058550000;15820255555;16320255555;1398;1386
1301;16058745000;15861633333;16361633333;1400;1388
1302;16058944000;15861633333;16361633333;1400;1388
1303;16058949000;15861633333;16361633333;1398;1386
1304;16059152000;15861633333;16361633333;1400;1388
1305;16059157000;15861633333;16361633333;1398;1386
1306;16059361000;15861633333;16361633333;1400;1388
1307;16059365000;15861633333;16361633333;1400;1388
1308;16059565000;15861644444;16361644444;982;970
1309;16100027000;15861955555;16361955555;1398;1386
1309;16100072000;15861955555;16361955555;1398;1386
1310;16100082000;15861955555;16361955555;1400;1388
1311;16100087000;15861955555;16361955555;1398;1386
1312;16100090000;15903300000;16403300000;1400;1388
1313;16100094000;15903300000;16403300000;1400;1388
1314;16100097000;15903300000;16403300000;1398;1386
1315;16100100000;15903300000;16403300000;1400;1388
1316;16100103000;15903300000;16403300000;1398;1386
1317;16100106000;15903300000;16403300000;1400;1388
1318;16100110000;15903300000;16403300000;1400;1388
1319;16100113000;15903311111;16403311111;982;970
1310;16100212000;15861955555;16361955555;1400;1388
1311;16100217000;15861955555;16361955555;1398;1386
1312;16100413000;15903300000;16403300000;1400;1388
1313;16100621000;15903300000;16403300000;1400;1388
1314;16100626000;15903300000;16403300000;1398;1386
1315;16100819000;15903300000;16403300000;1400;1388
1316;16100823000;15903300000;16403300000;1398;1386
1317;16101027000;15903300000;16403300000;1400;1388
1318;16101031000;15903300000;16403300000;1400;1388
1319;16101232000;15903311111;16403311111;982;970
1320;16141672000;15903600000;16403600000;1398;1386
1320;16141702000;15903600000;16403600000;1398;1386
1321;16141711000;15903600000;16403600000;1400;1388
1322;16141715000;15903600000;16403600000;1398;1386
1323;16141718000;15944966666;16444966666;1400;1388
1324;16141722000;15944966666;16444966666;1400;1388
1325;16141725000;15944966666;16444966666;1398;1386
1327;16141728000;15944966666;16444966666;1398;1386
1328;16141736000;15944966666;16444966666;1400;1388
1329;16141743000;15944966666;16444966666;1400;1388
1330;16141747000;15944988888;16444988888;982;970
1321;16141883000;15903600000;16403600000;1400;1388
1322;16141888000;15903600000;16403600000;1398;1386
1323;16142083000;15944966666;16444966666;1400;1388
1324;16142287000;15944966666;16444966666;1400;1388
1325;16142292000;15944966666;16444966666;1398;1386
1326;16142488000;15944966666;16444966666;1400;1388
1327;16142506000;15944966666;16444966666;1398;1386
1328;16142699000;15944966666;16444966666;1400;1388
1329;16142703000;15944966666;16444966666;1400;1388
1330;16142896000;15944988888;16444988888;982;970
1331;16183363000;15945277777;16445277777;1398;1386
1331;16183404000;15945277777;16445277777;1398;1386
1332;16183413000;15945277777;16445277777;1400;1388
1333;16183418000;15945277777;16445277777;1398;1386
1334;16183421000;15986644444;16486644444;1400;1388
1335;16183424000;15986644444;16486644444;1400;1388
1336;16183428000;15986644444;16486644444;1398;1386
1337;16183431000;15986644444;16486644444;1400;1388
1338;16183434000;15986644444;16486644444;1398;1386
1339;16183437000;15986644444;16486644444;1400;1388
1340;16183440000;15986644444;16486644444;1400;1388
1341;16183444000;15986666666;16486666666;982;970
1332;16183560000;15945277777;16445277777;1400;1388
1333;16183572000;15945277777;16445277777;1398;1386
1334;16183771000;15986644444;16486644444;1400;1388
1335;16183959000;15986644444;16486644444;1400;1388
1336;16183964000;15986644444;16486644444;1398;1386
1337;16184168000;15986644444;16486644444;1400;1388
1338;16184173000;15986644444;16486644444;1398;1386
1339;16184376000;15986644444;16486644444;1400;1388
1340;16184380000;15986644444;16486644444;1400;1388
1341;16184579000;15986666666;16486666666;982;970
1342;16224884000;15986977777;16486977777;1398;1386
1343;16224894000;15986977777;16486977777;1400;1388
1344;16224897000;15986977777;16486977777;1398;1386
1345;16224901000;16028300000;16528300000;1400;1388
1346;16224904000;16028300000;16528300000;1400;1388
1347;16224908000;16028300000;16528300000;1398;1386
1348;16224911000;16028300000;16528300000;1400;1388
1349;16224914000;16028300000;16528300000;1398;1386
1350;16224917000;16028300000;16528300000;1400;1388
1342;16225018000;15986977777;16486977777;1398;1386
1351;16225132000;16028300000;16528300000;1400;1388
1352;16225141000;16028311111;16528311111;982;970
1343;16225204000;15986977777;16486977777;1400;1388
1344;16225416000;15986977777;16486977777;1398;1386
1345;16225421000;16028300000;16528300000;1400;1388
1347;16225621000;16028300000;16528300000;1398;1386
1348;16225626000;16028300000;16528300000;1400;1388
1349;16225824000;16028300000;16528300000;1398;1386
1350;16225829000;16028300000;16528300000;1400;1388
1351;16226023000;16028300000;16528300000;1400;1388
1352;16226028000;16028311111;16528311111;982;970
1353;16266675000;16028588888;16528588888;1398;1386
1353;16266716000;16028588888;16528588888;1398;1386
1354;16266725000;16028588888;16528588888;1400;1388
1355;16266730000;16028588888;16528588888;1398;1386
1356;16266733000;16069966666;16569966666;1400;1388
1357;16266737000;16069966666;16569966666;1400;1388
1358;16266740000;16069966666;16569966666;1398;1386
1359;16266743000;16069966666;16569966666;1400;1388
1360;16266746000;16069966666;16569966666;1398;1386
1361;16266750000;16069966666;16569966666;1400;1388
1362;16266753000;16069966666;16569966666;1400;1388
1363;16266756000;16069988888;16569988888;982;970
1354;16266866000;16028588888;16528588888;1400;1388
1355;16266872000;16028588888;16528588888;1398;1386
1356;16267066000;16069966666;16569966666;1400;1388
1357;16267271000;16069966666;16569966666;1400;1388
1358;16267275000;16069966666;16569966666;1398;1386
1359;16267472000;16069966666;16569966666;1400;1388
1360;16267477000;16069966666;16569966666;1398;1386
1361;16267680000;16069966666;16569966666;1400;1388
1362;16267685000;16069966666;16569966666;1400;1388
1363;16267885000;16069988888;16569988888;982;970
1364;16308157000;16070255555;16570255555;1398;1386
1365;16308167000;16070255555;16570255555;1400;1388
1366;16308170000;16070255555;16570255555;1398;1386
1367;16308173000;16111611111;16611611111;1400;1388
1368;16308177000;16111611111;16611611111;1400;1388
1369;16308180000;16111611111;16611611111;1398;1386
1370;16308183000;16111611111;16611611111;1400;1388
1371;16308186000;16111611111;16611611111;1398;1386
1372;16308189000;16111611111;16611611111;1400;1388
1364;16308280000;16070255555;16570255555;1398;1386
1373;16308407000;16111611111;16611611111;1400;1388
1374;16308416000;16111644444;16611644444;982;970
1365;16308478000;16070255555;16570255555;1400;1388
1366;16308691000;16070255555;16570255555;1398;1386
1367;16308696000;16111611111;16611611111;1400;1388
1368;16308895000;16111611111;16611611111;1400;1388
1369;16308900000;16111611111;16611611111;1398;1386
1370;16309099000;16111611111;16611611111;1400;1388
1371;16309103000;16111611111;16611611111;1398;1386
1372;16309305000;16111611111;16611611111;1400;1388
1373;16309309000;16111611111;16611611111;1400;1388
1374;16309509000;16111644444;16611644444;982;970
1375;16350000000;16111955555;16611955555;1398;1386
1375;16350033000;16111955555;16611955555;1398;1386
1376;16350061000;16111955555;16611955555;1400;1388
1379;16350065000;16153300000;16653300000;1400;1388
1380;16350073000;16153300000;16653300000;1398;1386
1381;16350080000;16153300000;16653300000;1400;1388
1382;16350092000;16153300000;16653300000;1398;1386
1383;16350096000;16153300000;16653300000;1400;1388
1384;16350099000;16153300000;16653300000;1400;1388
1385;16350102000;16153322222;16653322222;982;970
1376;16350178000;16111955555;16611955555;1400;1388
1377;16350183000;16111955555;16611955555;1398;1386
1378;16350385000;16153300000;16653300000;1400;1388
1379;16350590000;16153300000;16653300000;1400;1388
1380;16350595000;16153300000;16653300000;1398;1386
1381;16350791000;16153300000;16653300000;1400;1388
1382;16350796000;16153300000;16653300000;1398;1386
1383;16351000000;16153300000;16653300000;1400;1388
1384;16351005000;16153300000;16653300000;1400;1388
1385;16351207000;16153322222;16653322222;982;970
1386;16391655000;16153611111;16653611111;1398;1386
1386;16391693000;16153611111;16653611111;1398;1386
1387;16391702000;16153611111;16653611111;1400;1388
1388;16391706000;16153611111;16653611111;1398;1386
1389;16391710000;16194966666;16694966666;1400;1388
1390;16391713000;16194966666;16694966666;1400;1388
1391;16391717000;16194966666;16694966666;1398;1386
1392;16391720000;16194966666;16694966666;1400;1388
1393;16391723000;16194966666;16694966666;1398;1386
1394;16391726000;16194966666;16694966666;1400;1388
1395;16391729000;16194966666;16694966666;1400;1388
1396;16391732000;16194988888;16694988888;982;970
1387;16391853000;16153611111;16653611111;1400;1388
1388;16391859000;16153611111;16653611111;1398;1386
1389;16392052000;16194966666;16694966666;1400;1388
1390;16392259000;16194966666;16694966666;1400;1388
1391;16392264000;16194966666;16694966666;1398;1386
1392;16392458000;16194966666;16694966666;1400;1388
1393;16392463000;16194966666;16694966666;1398;1386
1394;16392667000;16194966666;16694966666;1400;1388
1395;16392672000;16194966666;16694966666;1400;1388
1396;16392870000;16194988888;16694988888;982;970
1397;16433333000;16195288888;16695288888;1398;1386
1397;16433359000;16195288888;16695288888;1398;1386
1398;16433369000;16195288888;16695288888;1400;1388
1399;16433373000;16195288888;16695288888;1398;1386
1400;16433376000;16236644444;16736644444;1400;1388
1401;16433380000;16236644444;16736644444;1400;1388
1402;16433383000;16236644444;16736644444;1398;1386
1403;16433386000;16236644444;16736644444;1400;1388
1404;16433389000;16236644444;16736644444;1398;1386
1405;16433392000;16236644444;16736644444;1400;1388
1406;16433395000;16236644444;16736644444;1400;1388
1407;16433398000;16236666666;16736666666;982;970
1398;16433530000;16195288888;16695288888;1400;1388
1399;16433536000;16195288888;16695288888;1398;1386
1400;16433731000;16236644444;16736644444;1400;1388
1401;16433930000;16236644444;16736644444;1400;1388
1402;16433935000;16236644444;16736644444;1398;1386
1403;16434138000;16236644444;16736644444;1400;1388
1404;16434143000;16236644444;16736644444;1398;1386
1405;16434349000;16236644444;16736644444;1400;1388
1406;16434354000;16236644444;16736644444;1400;1388
1407;16434549000;16236666666;16736666666;982;970
1408;16474975000;16236977777;16736977777;1398;1386
1408;16474990000;16236977777;16736977777;1398;1386
1409;16475009000;16236977777;16736977777;1400;1388
1410;16475013000;16236977777;16736977777;1398;1386
1411;16475016000;16278288888;16778288888;1400;1388
1412;16475020000;16278288888;16778288888;1400;1388
1413;16475023000;16278288888;16778288888;1398;1386
1414;16475027000;16278288888;16778288888;1400;1388
1415;16475030000;16278288888;16778288888;1398;1386
1416;16475033000;16278288888;16778288888;1400;1388
1417;16475036000;16278288888;16778288888;1400;1388
1418;16475039000;16278300000;16778300000;982;970
1409;16475175000;16236977777;16736977777;1400;1388
1410;16475180000;16236977777;16736977777;1398;1386
1411;16475376000;16278288888;16778288888;1400;1388
1412;16475581000;16278288888;16778288888;1400;1388
1413;16475586000;16278288888;16778288888;1398;1386
1414;16475783000;16278288888;16778288888;1400;1388
1415;16475788000;16278288888;16778288888;1398;1386
1416;16475991000;16278288888;16778288888;1400;1388
1417;16475995000;16278288888;16778288888;1400;1388
1418;16476195000;16278300000;16778300000;982;970
1419;16516684000;16278600000;16778600000;1398;1386
1419;16516764000;16278600000;16778600000;1398;1386
1420;16516778000;16278600000;16778600000;1400;1388
1421;16516793000;16278600000;16778600000;1398;1386
1422;16516797000;16319933333;16819933333;1400;1388
1423;16516801000;16319933333;16819933333;1400;1388
1424;16516815000;16319933333;16819933333;1398;1386
1420;16516823000;16278600000;16778600000;1400;1388
1425;16516848000;16319933333;16819933333;1400;1388
1426;16516865000;16319933333;16819933333;1398;1386
1427;16516868000;16319933333;16819933333;1400;1388
1428;16516872000;16319933333;16819933333;1400;1388
1429;16516875000;16319955555;16819955555;982;970
1421;16517058000;16278600000;16778600000;1398;1386
1422;16517068000;16319933333;16819933333;1400;1388
1423;16517246000;16319933333;16819933333;1400;1388
1424;16517254000;16319933333;16819933333;1398;1386
1425;16517446000;16319933333;16819933333;1400;1388
1426;16517454000;16319933333;16819933333;1398;1386
1427;16517656000;16319933333;16819933333;1400;1388
1428;16517664000;16319933333;16819933333;1400;1388
1429;16517859000;16319955555;16819955555;982;970
1430;16558311000;16320233333;16820233333;1398;1386
1430;16558329000;16320233333;16820233333;1398;1386
1431;16558348000;16320233333;16820233333;1400;1388
1432;16558352000;16320233333;16820233333;1398;1386
1433;16558355000;16361600000;16861600000;1400;1388
1434;16558359000;16361600000;16861600000;1400;1388
1435;16558362000;16361600000;16861600000;1398;1386
1436;16558365000;16361600000;16861600000;1400;1388
1437;16558368000;16361600000;16861600000;1398;1386
1438;16558372000;16361600000;16861600000;1400;1388
1439;16558375000;16361600000;16861600000;1400;1388
1440;16558378000;16361622222;16861622222;982;970
1431;16558510000;16320233333;16820233333;1400;1388
1432;16558519000;16320233333;16820233333;1398;1386
1433;16558698000;16361600000;16861600000;1400;1388
1434;16558900000;16361600000;16861600000;1400;1388
1435;16558905000;16361600000;16861600000;1398;1386
1436;16559105000;16361600000;16861600000;1400;1388
1437;16559110000;16361600000;16861600000;1398;1386
1438;16559313000;16361600000;16861600000;1400;1388
1439;16559318000;16361600000;16861600000;1400;1388
1440;16559516000;16361622222;16861622222;982;970
1441;16599962000;16361922222;16861922222;1398;1386
1441;16599987000;16361922222;16861922222;1398;1386
1442;16600006000;16361922222;16861922222;1400;1388
1443;16600010000;16361922222;16861922222;1398;1386
1445;16600013000;16403266666;16903266666;1400;1388
1446;16600022000;16403266666;16903266666;1398;1386
1447;16600035000;16403266666;16903266666;1400;1388
1448;16600039000;16403266666;16903266666;1398;1386
1449;16600054000;16403266666;16903266666;1400;1388
1450;16600058000;16403266666;16903266666;1400;1388
1451;16600061000;16403288888;16903288888;982;970
1442;16600163000;16361922222;16861922222;1400;1388
1443;16600169000;16361922222;16861922222;1398;1386
1444;16600364000;16403266666;16903266666;1400;1388
1445;16600571000;16403266666;16903266666;1400;1388
1446;16600576000;16403266666;16903266666;1398;1386
1447;16600771000;16403266666;16903266666;1400;1388
1448;16600776000;16403266666;16903266666;1398;1386
1449;16600971000;16403266666;16903266666;1400;1388
1450;16601184000;16403266666;16903266666;1400;1388
1451;16601188000;16403288888;16903288888;982;970
1452;16641633000;16403577777;16903577777;1398;1386
1452;16641670000;16403577777;16903577777;1398;1386
1453;16641680000;16403577777;16903577777;1400;1388
1454;16641684000;16403577777;16903577777;1398;1386
1455;16641687000;16444933333;16944933333;1400;1388
1456;16641691000;16444933333;16944933333;1400;1388
1457;16641694000;16444933333;16944933333;1398;1386
1458;16641698000;16444933333;16944933333;1400;1388
1459;16641701000;16444933333;16944933333;1398;1386
1460;16641704000;16444933333;16944933333;1400;1388
1461;16641707000;16444933333;16944933333;1400;1388
1462;16641711000;16444944444;16944944444;982;970
1453;16641832000;16403577777;16903577777;1400;1388
1454;16641838000;16403577777;16903577777;1398;1386
1455;16642024000;16444933333;16944933333;1400;1388
1456;16642237000;16444933333;16944933333;1400;1388
1457;16642249000;16444933333;16944933333;1398;1386
1458;16642438000;16444933333;16944933333;1400;1388
1459;16642443000;16444933333;16944933333;1398;1386
1460;16642646000;16444933333;16944933333;1400;1388
1461;16642650000;16444933333;16944933333;1400;1388
1462;16642850000;16444944444;16944944444;982;970
1463;16683305000;16445233333;16945233333;1398;1386
1463;16683345000;16445233333;16945233333;1398;1386
1464;16683355000;16445233333;16945233333;1400;1388
1465;16683359000;16445233333;16945233333;1398;1386
1466;16683363000;16486600000;16986600000;1400;1388
1467;16683367000;16486600000;16986600000;1400;1388
1468;16683370000;16486600000;16986600000;1398;1386
1469;16683373000;16486600000;16986600000;1400;1388
1470;16683376000;16486600000;16986600000;1398;1386
1471;16683379000;16486600000;16986600000;1400;1388
1472;16683382000;16486600000;16986600000;1400;1388
1473;16683386000;16486611111;16986611111;982;970
1464;16683495000;16445233333;16945233333;1400;1388
1465;16683501000;16445233333;16945233333;1398;1386
1466;16683695000;16486600000;16986600000;1400;1388
1467;16683903000;16486600000;16986600000;1400;1388
1468;16683908000;16486600000;16986600000;1398;1386
1469;16684102000;16486600000;16986600000;1400;1388
1470;16684107000;16486600000;16986600000;1398;1386
1471;16684311000;16486600000;16986600000;1400;1388
1472;16684315000;16486600000;16986600000;1400;1388
1473;16684514000;16486611111;16986611111;982;970
1474;16725024000;16486922222;16986922222;1398;1386
1474;16725071000;16486922222;16986922222;1398;1386
1475;16725080000;16486922222;16986922222;1400;1388
1476;16725085000;16486922222;16986922222;1398;1386
1477;16725088000;16528288888;17028288888;1400;1388
1478;16725092000;16528288888;17028288888;1400;1388
1479;16725095000;16528288888;17028288888;1398;1386
1480;16725098000;16528288888;17028288888;1400;1388
1482;16725101000;16528288888;17028288888;1400;1388
1483;16725108000;16528288888;17028288888;1400;1388
1484;16725116000;16528311111;17028311111;982;970
1475;16725224000;16486922222;16986922222;1400;1388
1476;16725229000;16486922222;16986922222;1398;1386
1477;16725424000;16528288888;17028288888;1400;1388
1478;16725629000;16528288888;17028288888;1400;1388
1479;16725634000;16528288888;17028288888;1398;1386
1480;16725829000;16528288888;17028288888;1400;1388
1481;16725834000;16528288888;17028288888;1398;1386
1482;16726040000;16528288888;17028288888;1400;1388
1483;16726051000;16528288888;17028288888;1400;1388
1485;16766676000;16528622222;17028622222;1398;1386
1485;16766713000;16528622222;17028622222;1398;1386
1486;16766722000;16528622222;17028622222;1400;1388
1487;16766726000;16528622222;17028622222;1398;1386
1488;16766730000;16569933333;17069933333;1400;1388
1489;16766734000;16569933333;17069933333;1400;1388
1490;16766737000;16569933333;17069933333;1398;1386
1491;16766740000;16569933333;17069933333;1400;1388
1492;16766743000;16569933333;17069933333;1398;1386
1493;16766746000;16569933333;17069933333;1400;1388
1494;16766750000;16569933333;17069933333;1400;1388
1495;16766753000;16569955555;17069955555;982;970
1486;16766872000;16528622222;17028622222;1400;1388
1487;16766877000;16528622222;17028622222;1398;1386
1488;16767073000;16569933333;17069933333;1400;1388
1489;16767278000;16569933333;17069933333;1400;1388
1490;16767283000;16569933333;17069933333;1398;1386
1491;16767479000;16569933333;17069933333;1400;1388
1492;16767483000;16569933333;17069933333;1398;1386
1493;16767687000;16569933333;17069933333;1400;1388
1494;16767691000;16569933333;17069933333;1400;1388
1495;16767891000;16569955555;17069955555;982;970
1496;16808332000;16570266666;17070266666;1398;1386
1496;16808362000;16570266666;17070266666;1398;1386
1497;16808371000;16570266666;17070266666;1400;1388
1498;16808375000;16570266666;17070266666;1398;1386
1499;16808379000;16611600000;17111600000;1400;1388
1500;16808382000;16611600000;17111600000;1400;1388
1501;16808386000;16611600000;17111600000;1398;1386
1502;16808389000;16611600000;17111600000;1400;1388
1503;16808392000;16611600000;17111600000;1398;1386
1504;16808396000;16611600000;17111600000;1400;1388
1505;16808399000;16611600000;17111600000;1400;1388
1506;16808411000;16611622222;17111622222;982;970
1497;16808541000;16570266666;17070266666;1400;1388
1498;16808546000;16570266666;17070266666;1398;1386
1499;16808741000;16611600000;17111600000;1400;1388
1500;16808941000;16611600000;17111600000;1400;1388
1501;16808946000;16611600000;17111600000;1398;1386
1502;16809150000;16611600000;17111600000;1400;1388
1503;16809154000;16611600000;17111600000;1398;1386
1504;16809356000;16611600000;17111600000;1400;1388
1505;16809361000;16611600000;17111600000;1400;1388
1506;16809559000;16611622222;17111622222;982;970
1507;16849995000;16611922222;17111922222;1398;1386
1507;16850036000;16611922222;17111922222;1398;1386
1508;16850054000;16611922222;17111922222;1400;1388
1509;16850059000;16611922222;17111922222;1398;1386
1510;16850062000;16653266666;17153266666;1400;1388
1511;16850066000;16653266666;17153266666;1400;1388
1512;16850069000;16653266666;17153266666;1398;1386
1513;16850072000;16653266666;17153266666;1400;1388
1514;16850075000;16653266666;17153266666;1398;1386
1515;16850078000;16653266666;17153266666;1400;1388
1516;16850082000;16653266666;17153266666;1400;1388
1517;16850085000;16653288888;17153288888;982;970
1508;16850184000;16611922222;17111922222;1400;1388
1509;16850190000;16611922222;17111922222;1398;1386
1510;16850386000;16653266666;17153266666;1400;1388
1511;16850592000;16653266666;17153266666;1400;1388
1512;16850597000;16653266666;17153266666;1398;1386
1513;16850792000;16653266666;17153266666;1400;1388
1514;16850797000;16653266666;17153266666;1398;1386
1515;16851002000;16653266666;17153266666;1400;1388
1516;16851006000;16653266666;17153266666;1400;1388
1517;16851206000;16653288888;17153288888;982;970
1518;16891710000;16653566666;17153566666;1398;1386
1518;16891777000;16653566666;17153566666;1398;1386
1519;16891791000;16653566666;17153566666;1400;1388
1520;16891796000;16653566666;17153566666;1398;1386
1521;16891800000;16694933333;17194933333;1400;1388
1522;16891804000;16694933333;17194933333;1400;1388
1523;16891808000;16694933333;17194933333;1398;1386
1524;16891811000;16694933333;17194933333;1400;1388
1525;16891815000;16694933333;17194933333;1398;1386
1526;16891818000;16694933333;17194933333;1400;1388
1527;16891822000;16694933333;17194933333;1400;1388
1528;16891825000;16694955555;17194955555;982;970
1519;16891882000;16653566666;17153566666;1400;1388
1520;16892072000;16653566666;17153566666;1398;1386
1521;16892082000;16694933333;17194933333;1400;1388
1522;16892277000;16694933333;17194933333;1400;1388
1523;16892286000;16694933333;17194933333;1398;1386
1524;16892481000;16694933333;17194933333;1400;1388
1525;16892490000;16694933333;17194933333;1398;1386
1526;16892685000;16694933333;17194933333;1400;1388
1527;16892891000;16694933333;17194933333;1400;1388
1528;16892899000;16694955555;17194955555;982;970
1529;16933407000;16695255555;17195255555;1398;1386
1529;16933489000;16695255555;17195255555;1398;1386
1530;16933503000;16695255555;17195255555;1400;1388
1531;16933508000;16695255555;17195255555;1398;1386
1532;16933512000;16736633333;17236633333;1400;1388
1533;16933515000;16736633333;17236633333;1400;1388
1534;16933519000;16736633333;17236633333;1398;1386
1535;16933523000;16736633333;17236633333;1400;1388
1536;16933537000;16736633333;17236633333;1398;1386
1537;16933541000;16736633333;17236633333;1400;1388
1538;16933544000;16736633333;17236633333;1400;1388
1539;16933548000;16736644444;17236644444;982;970
1530;16933577000;16695255555;17195255555;1400;1388
1531;16933785000;16695255555;17195255555;1398;1386
1532;16933795000;16736633333;17236633333;1400;1388
1533;16933984000;16736633333;17236633333;1400;1388
1534;16933993000;16736633333;17236633333;1398;1386
1535;16934190000;16736633333;17236633333;1400;1388
1536;16934198000;16736633333;17236633333;1398;1386
1537;16934401000;16736633333;17236633333;1400;1388
1538;16934409000;16736633333;17236633333;1400;1388
1539;16934603000;16736644444;17236644444;982;970
1540;16975062000;16736966666;17236966666;1398;1386
1540;16975095000;16736966666;17236966666;1398;1386
1541;16975106000;16736966666;17236966666;1400;1388
1542;16975110000;16736966666;17236966666;1398;1386
1543;16975131000;16778300000;17278300000;1400;1388
1544;16975135000;16778300000;17278300000;1400;1388
1545;16975139000;16778300000;17278300000;1398;1386
1546;16975142000;16778300000;17278300000;1400;1388
1547;16975145000;16778300000;17278300000;1398;1386
1548;16975148000;16778300000;17278300000;1400;1388
1549;16975152000;16778300000;17278300000;1400;1388
1550;16975155000;16778311111;17278311111;982;970
1541;16975256000;16736966666;17236966666;1400;1388
1542;16975272000;16736966666;17236966666;1398;1386
1543;16975442000;16778300000;17278300000;1400;1388
1544;16975659000;16778300000;17278300000;1400;1388
1545;16975668000;16778300000;17278300000;1398;1386
1546;16975860000;16778300000;17278300000;1400;1388
1547;16975869000;16778300000;17278300000;1398;1386
1548;16976070000;16778300000;17278300000;1400;1388
1549;16976078000;16778300000;17278300000;1400;1388
1550;16976272000;16778311111;17278311111;982;970
1551;17016721000;16778611111;17278611111;1398;1386
1551;17016737000;16778611111;17278611111;1398;1386
1552;17016757000;16778611111;17278611111;1400;1388
1553;17016762000;16778611111;17278611111;1398;1386
1554;17016765000;16819977777;17319977777;1400;1388
1555;17016769000;16819977777;17319977777;1400;1388
1556;17016772000;16819977777;17319977777;1398;1386
1557;17016776000;16819977777;17319977777;1400;1388
1558;17016779000;16819977777;17319977777;1398;1386
1559;17016782000;16819977777;17319977777;1400;1388
1560;17016785000;16819977777;17319977777;1400;1388
1561;17016789000;16820000000;17320000000;982;970
1552;17016925000;16778611111;17278611111;1400;1388
1553;17016934000;16778611111;17278611111;1398;1386
1554;17017130000;16819977777;17319977777;1400;1388
1555;17017336000;16819977777;17319977777;1400;1388
1556;17017345000;16819977777;17319977777;1398;1386
1557;17017538000;16819977777;17319977777;1400;1388
1558;17017547000;16819977777;17319977777;1398;1386
1559;17017736000;16819977777;17319977777;1400;1388
1560;17017741000;16819977777;17319977777;1400;1388
1561;17017931000;16820000000;17320000000;982;970
1562;17058381000;16820300000;17320300000;1398;1386
1562;17058418000;16820300000;17320300000;1398;1386
1563;17058428000;16820300000;17320300000;1400;1388
1564;17058432000;16820300000;17320300000;1398;1386
1565;17058435000;16861633333;17361633333;1400;1388
1566;17058439000;16861633333;17361633333;1400;1388
1567;17058442000;16861633333;17361633333;1398;1386
1568;17058446000;16861633333;17361633333;1400;1388
1569;17058449000;16861633333;17361633333;1398;1386
1570;17058452000;16861633333;17361633333;1400;1388
1571;17058456000;16861633333;17361633333;1400;1388
1572;17058459000;16861655555;17361655555;982;970
1563;17058579000;16820300000;17320300000;1400;1388
1564;17058585000;16820300000;17320300000;1398;1386
1565;17058781000;16861633333;17361633333;1400;1388
1566;17058976000;16861633333;17361633333;1400;1388
1567;17058981000;16861633333;17361633333;1398;1386
1568;17059184000;16861633333;17361633333;1400;1388
1569;17059189000;16861633333;17361633333;1398;1386
1570;17059392000;16861633333;17361633333;1400;1388
1571;17059396000;16861633333;17361633333;1400;1388
1572;17059596000;16861655555;17361655555;982;970
1573;17100052000;16861966666;17361966666;1398;1386
1573;17100085000;16861966666;17361966666;1398;1386
1574;17100094000;16861966666;17361966666;1400;1388
1575;17100098000;16861966666;17361966666;1398;1386
1576;17100102000;16903300000;17403300000;1400;1388
1577;17100105000;16903300000;17403300000;1400;1388
1578;17100109000;16903300000;17403300000;1398;1386
1579;17100112000;16903300000;17403300000;1400;1388
1580;17100115000;16903300000;17403300000;1398;1386
1581;17100118000;16903300000;17403300000;1400;1388
1582;17100121000;16903300000;17403300000;1400;1388
1583;17100124000;16903322222;17403322222;982;970
1574;17100247000;16861966666;17361966666;1400;1388
1577;17100252000;16903300000;17403300000;1400;1388
1578;17100446000;16903300000;17403300000;1398;1386
1579;17100651000;16903300000;17403300000;1400;1388
1580;17100656000;16903300000;17403300000;1398;1386
1581;17100854000;16903300000;17403300000;1400;1388
1582;17100867000;16903300000;17403300000;1400;1388
1583;17101062000;16903322222;17403322222;982;970
1584;17141732000;16903611111;17403611111;1398;1386
1584;17141756000;16903611111;17403611111;1398;1386
1585;17141775000;16903611111;17403611111;1400;1388
1586;17141780000;16903611111;17403611111;1398;1386
1587;17141783000;16944966666;17444966666;1400;1388
1588;17141787000;16944966666;17444966666;1400;1388
1589;17141790000;16944966666;17444966666;1398;1386
1590;17141794000;16944966666;17444966666;1400;1388
1591;17141797000;16944966666;17444966666;1398;1386
1592;17141801000;16944966666;17444966666;1400;1388
1593;17141804000;16944966666;17444966666;1400;1388
1594;17141807000;16944988888;17444988888;982;970
1585;17141920000;16903611111;17403611111;1400;1388
1586;17141929000;16903611111;17403611111;1398;1386
1587;17142116000;16944966666;17444966666;1400;1388
1588;17142321000;16944966666;17444966666;1400;1388
1589;17142326000;16944966666;17444966666;1398;1386
1590;17142521000;16944966666;17444966666;1400;1388
1591;17142526000;16944966666;17444966666;1398;1386
1592;17142730000;16944966666;17444966666;1400;1388
1593;17142734000;16944966666;17444966666;1400;1388
1594;17142928000;16944988888;17444988888;982;970
1595;17183386000;16945288888;17445288888;1398;1386
1595;17183423000;16945288888;17445288888;1398;1386
1596;17183432000;16945288888;17445288888;1400;1388
1597;17183436000;16945288888;17445288888;1398;1386
1598;17183440000;16986633333;17486633333;1400;1388
1599;17183444000;16986633333;17486633333;1400;1388
1600;17183447000;16986633333;17486633333;1398;1386
1601;17183450000;16986633333;17486633333;1400;1388
1602;17183454000;16986633333;17486633333;1398;1386
1603;17183457000;16986633333;17486633333;1400;1388
1604;17183460000;16986633333;17486633333;1400;1388
1605;17183463000;16986655555;17486655555;982;970
1596;17183583000;16945288888;17445288888;1400;1388
1597;17183589000;16945288888;17445288888;1398;1386
1598;17183782000;16986633333;17486633333;1400;1388
1599;17183981000;16986633333;17486633333;1400;1388
1600;17183987000;16986633333;17486633333;1398;1386
1601;17184188000;16986633333;17486633333;1400;1388
1602;17184193000;16986633333;17486633333;1398;1386
1603;17184397000;16986633333;17486633333;1400;1388
1604;17184401000;16986633333;17486633333;1400;1388
1605;17184600000;16986655555;17486655555;982;970
1607;17225061000;16986966666;17486966666;1400;1388
1606;17225104000;16986966666;17486966666;1398;1386
1607;17225131000;16986966666;17486966666;1400;1388
1608;17225138000;16986966666;17486966666;1398;1386
1609;17225142000;17028300000;17528300000;1400;1388
1610;17225146000;17028300000;17528300000;1400;1388
1611;17225159000;17028300000;17528300000;1398;1386
1612;17225162000;17028300000;17528300000;1400;1388
1613;17225165000;17028300000;17528300000;1398;1386
1614;17225168000;17028300000;17528300000;1400;1388
1615;17225172000;17028300000;17528300000;1400;1388
1616;17225175000;17028311111;17528311111;982;970
1608;17225240000;16986966666;17486966666;1398;1386
1609;17225452000;17028300000;17528300000;1400;1388
1610;17225457000;17028300000;17528300000;1400;1388
1611;17225656000;17028300000;17528300000;1398;1386
1612;17225661000;17028300000;17528300000;1400;1388
1613;17225857000;17028300000;17528300000;1398;1386
1614;17225862000;17028300000;17528300000;1400;1388
1615;17226062000;17028300000;17528300000;1400;1388
1616;17226067000;17028311111;17528311111;982;970
1617;17266736000;17028600000;17528600000;1398;1386
1617;17266764000;17028600000;17528600000;1398;1386
1618;17266783000;17028600000;17528600000;1400;1388
1619;17266787000;17028600000;17528600000;1398;1386
1620;17266790000;17069966666;17569966666;1400;1388
1621;17266794000;17069966666;17569966666;1400;1388
1622;17266798000;17069966666;17569966666;1398;1386
1623;17266801000;17069966666;17569966666;1400;1388
1624;17266804000;17069966666;17569966666;1398;1386
1625;17266807000;17069966666;17569966666;1400;1388
1626;17266811000;17069966666;17569966666;1400;1388
1627;17266814000;17069988888;17569988888;982;970
1618;17266910000;17028600000;17528600000;1400;1388
1619;17266916000;17028600000;17528600000;1398;1386
1620;17267119000;17069966666;17569966666;1400;1388
1621;17267323000;17069966666;17569966666;1400;1388
1622;17267328000;17069966666;17569966666;1398;1386
1623;17267524000;17069966666;17569966666;1400;1388
1624;17267529000;17069966666;17569966666;1398;1386
1625;17267732000;17069966666;17569966666;1400;1388
1626;17267737000;17069966666;17569966666;1400;1388
1627;17267930000;17069988888;17569988888;982;970
1628;17308388000;17070277777;17570277777;1398;1386
1628;17308418000;17070277777;17570277777;1398;1386
1629;17308437000;17070277777;17570277777;1400;1388
1630;17308441000;17070277777;17570277777;1398;1386
1631;17308445000;17111633333;17611633333;1400;1388
1632;17308448000;17111633333;17611633333;1400;1388
1633;17308451000;17111633333;17611633333;1398;1386
1634;17308455000;17111633333;17611633333;1400;1388
1635;17308458000;17111633333;17611633333;1398;1386
1636;17308461000;17111633333;17611633333;1400;1388
1637;17308464000;17111633333;17611633333;1400;1388
1638;17308467000;17111644444;17611644444;982;970
1629;17308584000;17070277777;17570277777;1400;1388
1630;17308590000;17070277777;17570277777;1398;1386
1631;17308785000;17111633333;17611633333;1400;1388
1632;17308993000;17111633333;17611633333;1400;1388
1633;17308998000;17111633333;17611633333;1398;1386
1634;17309191000;17111633333;17611633333;1400;1388
1635;17309195000;17111633333;17611633333;1398;1386
1636;17309400000;17111633333;17611633333;1400;1388
1637;17309404000;17111633333;17611633333;1400;1388
1638;17309604000;17111644444;17611644444;982;970
1639;17350076000;17111966666;17611966666;1398;1386
1639;17350091000;17111966666;17611966666;1398;1386
1640;17350111000;17111966666;17611966666;1400;1388
1641;17350116000;17111966666;17611966666;1398;1386
1642;17350119000;17153300000;17653300000;1400;1388
1643;17350123000;17153300000;17653300000;1400;1388
1644;17350126000;17153300000;17653300000;1398;1386
1645;17350129000;17153300000;17653300000;1400;1388
1646;17350132000;17153300000;17653300000;1398;1386
1647;17350135000;17153300000;17653300000;1400;1388
1648;17350138000;17153300000;17653300000;1400;1388
1649;17350142000;17153311111;17653311111;982;970
1640;17350257000;17111966666;17611966666;1400;1388
1641;17350262000;17111966666;17611966666;1398;1386
1642;17350456000;17153300000;17653300000;1400;1388
1643;17350661000;17153300000;17653300000;1400;1388
1644;17350665000;17153300000;17653300000;1398;1386
1645;17350862000;17153300000;17653300000;1400;1388
1646;17350867000;17153300000;17653300000;1398;1386
1647;17351072000;17153300000;17653300000;1400;1388
1648;17351076000;17153300000;17653300000;1400;1388
1649;17351274000;17153311111;17653311111;982;970
1650;17391729000;17153622222;17653622222;1398;1386
1650;17391763000;17153622222;17653622222;1398;1386
1651;17391772000;17153622222;17653622222;1400;1388
1652;17391776000;17153622222;17653622222;1398;1386
1653;17391779000;17194966666;17694966666;1400;1388
1654;17391783000;17194966666;17694966666;1400;1388
1655;17391787000;17194966666;17694966666;1398;1386
1656;17391790000;17194966666;17694966666;1400;1388
1657;17391793000;17194966666;17694966666;1398;1386
1658;17391796000;17194966666;17694966666;1400;1388
1659;17391799000;17194966666;17694966666;1400;1388
1660;17391803000;17194988888;17694988888;982;970
1651;17391917000;17153622222;17653622222;1400;1388
1652;17391923000;17153622222;17653622222;1398;1386
1653;17392125000;17194966666;17694966666;1400;1388
1654;17392330000;17194966666;17694966666;1400;1388
1655;17392335000;17194966666;17694966666;1398;1386
1656;17392532000;17194966666;17694966666;1400;1388
1657;17392537000;17194966666;17694966666;1398;1386
1658;17392740000;17194966666;17694966666;1400;1388
1659;17392745000;17194966666;17694966666;1400;1388
1660;17392937000;17194988888;17694988888;982;970
1661;17433408000;17195300000;17695300000;1398;1386
1661;17433436000;17195300000;17695300000;1398;1386
1662;17433455000;17195300000;17695300000;1400;1388
1663;17433459000;17195300000;17695300000;1398;1386
1664;17433462000;17236633333;17736633333;1400;1388
1665;17433466000;17236633333;17736633333;1400;1388
1666;17433480000;17236633333;17736633333;1398;1386
1667;17433483000;17236633333;17736633333;1400;1388
1668;17433486000;17236633333;17736633333;1398;1386
1669;17433489000;17236633333;17736633333;1400;1388
1670;17433493000;17236633333;17736633333;1400;1388
1671;17433496000;17236655555;17736655555;982;970
1662;17433592000;17195300000;17695300000;1400;1388
1663;17433598000;17195300000;17695300000;1398;1386
1664;17433790000;17236633333;17736633333;1400;1388
1665;17433988000;17236633333;17736633333;1400;1388
1666;17433993000;17236633333;17736633333;1398;1386
1667;17434197000;17236633333;17736633333;1400;1388
1668;17434202000;17236633333;17736633333;1398;1386
1669;17434404000;17236633333;17736633333;1400;1388
1670;17434408000;17236633333;17736633333;1400;1388
1671;17434611000;17236655555;17736655555;982;970
1672;17475056000;17236966666;17736966666;1398;1386
1672;17475071000;17236966666;17736966666;1398;1386
1673;17475090000;17236966666;17736966666;1400;1388
1674;17475094000;17236966666;17736966666;1398;1386
1675;17475097000;17278300000;17778300000;1400;1388
1676;17475101000;17278300000;17778300000;1400;1388
1677;17475104000;17278300000;17778300000;1398;1386
1678;17475107000;17278300000;17778300000;1400;1388
1679;17475111000;17278300000;17778300000;1398;1386
1680;17475114000;17278300000;17778300000;1400;1388
1681;17475117000;17278300000;17778300000;1400;1388
1682;17475120000;17278311111;17778311111;982;970
1673;17475273000;17236966666;17736966666;1400;1388
1674;17475282000;17236966666;17736966666;1398;1386
1675;17475472000;17278300000;17778300000;1400;1388
1676;17475678000;17278300000;17778300000;1400;1388
1677;17475686000;17278300000;17778300000;1398;1386
1678;17475878000;17278300000;17778300000;1400;1388
1679;17475887000;17278300000;17778300000;1398;1386
1680;17476090000;17278300000;17778300000;1400;1388
1681;17476098000;17278300000;17778300000;1400;1388
1682;17476291000;17278311111;17778311111;982;970
1683;17516721000;17278611111;17778611111;1398;1386
1683;17516738000;17278611111;17778611111;1398;1386
1684;17516757000;17278611111;17778611111;1400;1388
1685;17516761000;17278611111;17778611111;1398;1386
1686;17516764000;17319966666;17819966666;1400;1388
1687;17516767000;17319966666;17819966666;1400;1388
1688;17516771000;17319966666;17819966666;1398;1386
1689;17516775000;17319966666;17819966666;1400;1388
1690;17516778000;17319966666;17819966666;1398;1386
1691;17516781000;17319966666;17819966666;1400;1388
1692;17516784000;17319966666;17819966666;1400;1388
1693;17516787000;17319988888;17819988888;982;970
1684;17516918000;17278611111;17778611111;1400;1388
1685;17516927000;17278611111;17778611111;1398;1386
1686;17517119000;17319966666;17819966666;1400;1388
1687;17517314000;17319966666;17819966666;1400;1388
1688;17517319000;17319966666;17819966666;1398;1386
1689;17517514000;17319966666;17819966666;1400;1388
1690;17517519000;17319966666;17819966666;1398;1386
1691;17517723000;17319966666;17819966666;1400;1388
1692;17517728000;17319966666;17819966666;1400;1388
1693;17517920000;17319988888;17819988888;982;970
1694;17558376000;17320266666;17820266666;1398;1386
1694;17558401000;17320266666;17820266666;1398;1386
1695;17558420000;17320266666;17820266666;1400;1388
1696;17558424000;17320266666;17820266666;1398;1386
1697;17558427000;17361644444;17861644444;1400;1388
1698;17558431000;17361644444;17861644444;1400;1388
1699;17558434000;17361644444;17861644444;1398;1386
1700;17558437000;17361644444;17861644444;1400;1388
1701;17558440000;17361644444;17861644444;1398;1386
1702;17558443000;17361644444;17861644444;1400;1388
1703;17558446000;17361644444;17861644444;1400;1388
1704;17558449000;17361666666;17861666666;982;970
1695;17558573000;17320266666;17820266666;1400;1388
1696;17558579000;17320266666;17820266666;1398;1386
1697;17558771000;17361644444;17861644444;1400;1388
1698;17558972000;17361644444;17861644444;1400;1388
1699;17558977000;17361644444;17861644444;1398;1386
1700;17559178000;17361644444;17861644444;1400;1388
1701;17559183000;17361644444;17861644444;1398;1386
1702;17559386000;17361644444;17861644444;1400;1388
1703;17559391000;17361644444;17861644444;1400;1388
1704;17559592000;17361666666;17861666666;982;970
1705;17600029000;17361977777;17861977777;1398;1386
1705;17600079000;17361977777;17861977777;1398;1386
1706;17600089000;17361977777;17861977777;1400;1388
1707;17600094000;17361977777;17861977777;1398;1386
1708;17600097000;17403300000;17903300000;1400;1388
1709;17600100000;17403300000;17903300000;1400;1388
1710;17600104000;17403300000;17903300000;1398;1386
1711;17600107000;17403300000;17903300000;1400;1388
1712;17600110000;17403300000;17903300000;1398;1386
1713;17600113000;17403300000;17903300000;1400;1388
1715;17600116000;17403322222;17903322222;982;970
1706;17600229000;17361977777;17861977777;1400;1388
1707;17600234000;17361977777;17861977777;1398;1386
1708;17600428000;17403300000;17903300000;1400;1388
1709;17600633000;17403300000;17903300000;1400;1388
1710;17600638000;17403300000;17903300000;1398;1386
1711;17600835000;17403300000;17903300000;1400;1388
1712;17600840000;17403300000;17903300000;1398;1386
1713;17601053000;17403300000;17903300000;1400;1388
1714;17601058000;17403300000;17903300000;1400;1388
1715;17601248000;17403322222;17903322222;982;970
1716;17641703000;17403622222;17903622222;1398;1386
1718;17641743000;17403622222;17903622222;1398;1386
1719;17641757000;17444966666;17944966666;1400;1388
1720;17641763000;17444966666;17944966666;1400;1388
1721;17641766000;17444966666;17944966666;1398;1386
1722;17641770000;17444966666;17944966666;1400;1388
1723;17641773000;17444966666;17944966666;1398;1386
1724;17641776000;17444966666;17944966666;1400;1388
1725;17641779000;17444966666;17944966666;1400;1388
1726;17641783000;17444977777;17944977777;982;970
1717;17641893000;17403622222;17903622222;1400;1388
1718;17641912000;17403622222;17903622222;1398;1386
1719;17642096000;17444966666;17944966666;1400;1388
1720;17642298000;17444966666;17944966666;1400;1388
1721;17642303000;17444966666;17944966666;1398;1386
1722;17642499000;17444966666;17944966666;1400;1388
1723;17642504000;17444966666;17944966666;1398;1386
1724;17642708000;17444966666;17944966666;1400;1388
1725;17642712000;17444966666;17944966666;1400;1388
1726;17642905000;17444977777;17944977777;982;970
1727;17683376000;17445288888;17945288888;1398;1386
1727;17683407000;17445288888;17945288888;1398;1386
1728;17683426000;17445288888;17945288888;1400;1388
1729;17683431000;17445288888;17945288888;1398;1386
1730;17683434000;17486644444;17986644444;1400;1388
1731;17683438000;17486644444;17986644444;1400;1388
1732;17683441000;17486644444;17986644444;1398;1386
1733;17683444000;17486644444;17986644444;1400;1388
1734;17683448000;17486644444;17986644444;1398;1386
1735;17683451000;17486644444;17986644444;1400;1388
1736;17683454000;17486644444;17986644444;1400;1388
1737;17683457000;17486655555;17986655555;982;970
1728;17683571000;17445288888;17945288888;1400;1388
1729;17683577000;17445288888;17945288888;1398;1386
1730;17683772000;17486644444;17986644444;1400;1388
1731;17683971000;17486644444;17986644444;1400;1388
1732;17683976000;17486644444;17986644444;1398;1386
1733;17684180000;17486644444;17986644444;1400;1388
1734;17684185000;17486644444;17986644444;1398;1386
1735;17684387000;17486644444;17986644444;1400;1388
1736;17684392000;17486644444;17986644444;1400;1388
1737;17684592000;17486655555;17986655555;982;970
1738;17725133000;17486988888;17986988888;1398;1386
1738;17725198000;17486988888;17986988888;1398;1386
1739;17725221000;17486988888;17986988888;1400;1388
1740;17725227000;17486988888;17986988888;1398;1386
1741;17725241000;17528288888;18028288888;1400;1388
1742;17725245000;17528288888;18028288888;1400;1388
1739;17725266000;17486988888;17986988888;1400;1388
1743;17725280000;17528288888;18028288888;1398;1386
1744;17725297000;17528288888;18028288888;1400;1388
1745;17725300000;17528288888;18028288888;1398;1386
1746;17725304000;17528288888;18028288888;1400;1388
1747;17725307000;17528288888;18028288888;1400;1388
1748;17725310000;17528311111;18028311111;982;970
1740;17725475000;17486988888;17986988888;1398;1386
1741;17725486000;17528288888;18028288888;1400;1388
1742;17725676000;17528288888;18028288888;1400;1388
1743;17725685000;17528288888;18028288888;1398;1386
1744;17725877000;17528288888;18028288888;1400;1388
1745;17725885000;17528288888;18028288888;1398;1386
1746;17726086000;17528288888;18028288888;1400;1388
1747;17726094000;17528288888;18028288888;1400;1388
1748;17726293000;17528311111;18028311111;982;970
1749;17766706000;17528622222;18028622222;1398;1386
1749;17766723000;17528622222;18028622222;1398;1386
1750;17766795000;17528622222;18028622222;1400;1388
1751;17766808000;17528622222;18028622222;1398;1386
1752;17766812000;17569933333;18069933333;1400;1388
1753;17766816000;17569933333;18069933333;1400;1388
1754;17766819000;17569933333;18069933333;1398;1386
1755;17766822000;17569933333;18069933333;1400;1388
1756;17766826000;17569933333;18069933333;1398;1386
1757;17766829000;17569933333;18069933333;1400;1388
1758;17766832000;17569933333;18069933333;1400;1388
1759;17766836000;17569955555;18069955555;982;970
1750;17766911000;17528622222;18028622222;1400;1388
1751;17766920000;17528622222;18028622222;1398;1386
1752;17767120000;17569933333;18069933333;1400;1388
1753;17767325000;17569933333;18069933333;1400;1388
1754;17767334000;17569933333;18069933333;1398;1386
1755;17767525000;17569933333;18069933333;1400;1388
1756;17767534000;17569933333;18069933333;1398;1386
1757;17767735000;17569933333;18069933333;1400;1388
1758;17767744000;17569933333;18069933333;1400;1388
1759;17767932000;17569955555;18069955555;982;970
1760;17808373000;17570277777;18070277777;1398;1386
1760;17808388000;17570277777;18070277777;1398;1386
1761;17808407000;17570277777;18070277777;1400;1388
1762;17808412000;17570277777;18070277777;1398;1386
1763;17808415000;17611600000;18111600000;1400;1388
1764;17808419000;17611600000;18111600000;1400;1388
1765;17808423000;17611600000;18111600000;1398;1386
1766;17808426000;17611600000;18111600000;1400;1388
1767;17808429000;17611600000;18111600000;1398;1386
1768;17808433000;17611600000;18111600000;1400;1388
1769;17808436000;17611600000;18111600000;1400;1388
1770;17808439000;17611622222;18111622222;982;970
1761;17808590000;17570277777;18070277777;1400;1388
1762;17808600000;17570277777;18070277777;1398;1386
1763;17808788000;17611600000;18111600000;1400;1388
1764;17808988000;17611600000;18111600000;1400;1388
1765;17808997000;17611600000;18111600000;1398;1386
1766;17809196000;17611600000;18111600000;1400;1388
1767;17809204000;17611600000;18111600000;1398;1386
1768;17809404000;17611600000;18111600000;1400;1388
1769;17809412000;17611600000;18111600000;1400;1388
1770;17809608000;17611622222;18111622222;982;970
1771;17850073000;17611933333;18111933333;1398;1386
1772;17850094000;17611933333;18111933333;1400;1388
1773;17850107000;17611933333;18111933333;1398;1386
1771;17850118000;17611933333;18111933333;1398;1386
1774;17850189000;17653266666;18153266666;1400;1388
1775;17850213000;17653266666;18153266666;1400;1388
1776;17850217000;17653266666;18153266666;1398;1386
1777;17850221000;17653266666;18153266666;1400;1388
1778;17850224000;17653266666;18153266666;1398;1386
1779;17850228000;17653266666;18153266666;1400;1388
1780;17850231000;17653266666;18153266666;1400;1388
1772;17850241000;17611933333;18111933333;1400;1388
1781;17850315000;17653288888;18153288888;982;970
1773;17850460000;17611933333;18111933333;1398;1386
1774;17850470000;17653266666;18153266666;1400;1388
1775;17850663000;17653266666;18153266666;1400;1388
1776;17850671000;17653266666;18153266666;1398;1386
1777;17850861000;17653266666;18153266666;1400;1388
1778;17850870000;17653266666;18153266666;1398;1386
1779;17851072000;17653266666;18153266666;1400;1388
1780;17851080000;17653266666;18153266666;1400;1388
1781;17851275000;17653288888;18153288888;982;970
1782;17891709000;17653577777;18153577777;1398;1386
1782;17891725000;17653577777;18153577777;1398;1386
1783;17891745000;17653577777;18153577777;1400;1388
1784;17891749000;17653577777;18153577777;1398;1386
1785;17891752000;17694933333;18194933333;1400;1388
1786;17891756000;17694933333;18194933333;1400;1388
1787;17891759000;17694933333;18194933333;1398;1386
1788;17891762000;17694933333;18194933333;1400;1388
1789;17891766000;17694933333;18194933333;1398;1386
1790;17891778000;17694933333;18194933333;1400;1388
1791;17891781000;17694933333;18194933333;1400;1388
1792;17891784000;17694955555;18194955555;982;970
1783;17891919000;17653577777;18153577777;1400;1388
1784;17891928000;17653577777;18153577777;1398;1386
1785;17892123000;17694933333;18194933333;1400;1388
1786;17892318000;17694933333;18194933333;1400;1388
1787;17892323000;17694933333;18194933333;1398;1386
1788;17892518000;17694933333;18194933333;1400;1388
1789;17892523000;17694933333;18194933333;1398;1386
1790;17892731000;17694933333;18194933333;1400;1388
1791;17892735000;17694933333;18194933333;1400;1388
1792;17892924000;17694955555;18194955555;982;970
1793;17933414000;17695266666;18195266666;1398;1386
1793;17933451000;17695266666;18195266666;1398;1386
1794;17933461000;17695266666;18195266666;1400;1388
1795;17933465000;17695266666;18195266666;1398;1386
1796;17933469000;17736633333;18236633333;1400;1388
1797;17933473000;17736633333;18236633333;1400;1388
1798;17933476000;17736633333;18236633333;1398;1386
1799;17933479000;17736633333;18236633333;1400;1388
1800;17933482000;17736633333;18236633333;1398;1386
1801;17933486000;17736633333;18236633333;1400;1388
1802;17933489000;17736633333;18236633333;1400;1388
1803;17933492000;17736655555;18236655555;982;970
1794;17933612000;17695266666;18195266666;1400;1388
1795;17933618000;17695266666;18195266666;1398;1386
1796;17933813000;17736633333;18236633333;1400;1388
1797;17934015000;17736633333;18236633333;1400;1388
1798;17934020000;17736633333;18236633333;1398;1386
1799;17934218000;17736633333;18236633333;1400;1388
1800;17934223000;17736633333;18236633333;1398;1386
1801;17934425000;17736633333;18236633333;1400;1388
1802;17934429000;17736633333;18236633333;1400;1388
1803;17934629000;17736655555;18236655555;982;970
1804;17975081000;17736988888;18236988888;1398;1386
1804;17975122000;17736988888;18236988888;1398;1386
1805;17975131000;17736988888;18236988888;1400;1388
1806;17975135000;17736988888;18236988888;1398;1386
1807;17975139000;17778300000;18278300000;1400;1388
1808;17975142000;17778300000;18278300000;1400;1388
1809;17975145000;17778300000;18278300000;1398;1386
1810;17975149000;17778300000;18278300000;1400;1388
1811;17975152000;17778300000;18278300000;1398;1386
1812;17975155000;17778300000;18278300000;1400;1388
1813;17975158000;17778300000;18278300000;1400;1388
1814;17975161000;17778311111;18278311111;982;970
1805;17975277000;17736988888;18236988888;1400;1388
1806;17975283000;17736988888;18236988888;1398;1386
1807;17975477000;17778300000;18278300000;1400;1388
1808;17975683000;17778300000;18278300000;1400;1388
1809;17975688000;17778300000;18278300000;1398;1386
1810;17975886000;17778300000;18278300000;1400;1388
1811;17975890000;17778300000;18278300000;1398;1386
1812;17976093000;17778300000;18278300000;1400;1388
1813;17976098000;17778300000;18278300000;1400;1388
1814;17976295000;17778311111;18278311111;982;970
1815;18016748000;17778622222;18278622222;1398;1386
1815;18016789000;17778622222;18278622222;1398;1386
1816;18016798000;17778622222;18278622222;1400;1388
1817;18016803000;17778622222;18278622222;1398;1386
1818;18016806000;17819966666;18319966666;1400;1388
1819;18016810000;17819966666;18319966666;1400;1388
1820;18016813000;17819966666;18319966666;1398;1386
1821;18016816000;17819966666;18319966666;1400;1388
1822;18016819000;17819966666;18319966666;1398;1386
1823;18016822000;17819966666;18319966666;1400;1388
1824;18016826000;17819966666;18319966666;1400;1388
1825;18016829000;17819988888;18319988888;982;970
1816;18016939000;17778622222;18278622222;1400;1388
1817;18016945000;17778622222;18278622222;1398;1386
1818;18017146000;17819966666;18319966666;1400;1388
1819;18017351000;17819966666;18319966666;1400;1388
1820;18017356000;17819966666;18319966666;1398;1386
1821;18017551000;17819966666;18319966666;1400;1388
1822;18017556000;17819966666;18319966666;1398;1386
1823;18017762000;17819966666;18319966666;1400;1388
1824;18017766000;17819966666;18319966666;1400;1388
1825;18017963000;17819988888;18319988888;982;970
1826;18058431000;17820277777;18320277777;1398;1386
1826;18058473000;17820277777;18320277777;1398;1386
1827;18058504000;17820277777;18320277777;1400;1388
1828;18058509000;17820277777;18320277777;1398;1386
1829;18058512000;17861633333;18361633333;1400;1388
1830;18058516000;17861633333;18361633333;1400;1388
1831;18058519000;17861633333;18361633333;1398;1386
1832;18058522000;17861633333;18361633333;1400;1388
1833;18058526000;17861633333;18361633333;1398;1386
1834;18058529000;17861633333;18361633333;1400;1388
1835;18058532000;17861633333;18361633333;1400;1388
1836;18058535000;17861655555;18361655555;982;970
1827;18058605000;17820277777;18320277777;1400;1388
1828;18058816000;17820277777;18320277777;1398;1386
1829;18058821000;17861633333;18361633333;1400;1388
1830;18059022000;17861633333;18361633333;1400;1388
1831;18059026000;17861633333;18361633333;1398;1386
1832;18059222000;17861633333;18361633333;1400;1388
1833;18059226000;17861633333;18361633333;1398;1386
1834;18059430000;17861633333;18361633333;1400;1388
1835;18059434000;17861633333;18361633333;1400;1388
1836;18059633000;17861655555;18361655555;982;970
1837;18100142000;17861977777;18361977777;1398;1386
1837;18100221000;17861977777;18361977777;1398;1386
1838;18100248000;17861977777;18361977777;1400;1388
1839;18100254000;17861977777;18361977777;1398;1386
1840;18100258000;17903300000;18403300000;1400;1388
1838;18100284000;17861977777;18361977777;1400;1388
1841;18100309000;17903300000;18403300000;1400;1388
1842;18100331000;17903300000;18403300000;1398;1386
1843;18100334000;17903300000;18403300000;1400;1388
1844;18100337000;17903300000;18403300000;1398;1386
1845;18100341000;17903300000;18403300000;1400;1388
1846;18100345000;17903300000;18403300000;1400;1388
1847;18100348000;17903322222;18403322222;982;970
1839;18100484000;17861977777;18361977777;1398;1386
1840;18100495000;17903300000;18403300000;1400;1388
1842;18100684000;17903300000;18403300000;1398;1386
1843;18100692000;17903300000;18403300000;1400;1388
1844;18100890000;17903300000;18403300000;1398;1386
1845;18100898000;17903300000;18403300000;1400;1388
1846;18101116000;17903300000;18403300000;1400;1388
1847;18101136000;17903322222;18403322222;982;970
1848;18141743000;17903588888;18403588888;1398;1386
1848;18141762000;17903588888;18403588888;1398;1386
1849;18141780000;17903588888;18403588888;1400;1388
1850;18141784000;17903588888;18403588888;1398;1386
1851;18141787000;17944966666;18444966666;1400;1388
1852;18141791000;17944966666;18444966666;1400;1388
1853;18141795000;17944966666;18444966666;1398;1386
1854;18141798000;17944966666;18444966666;1400;1388
1855;18141801000;17944966666;18444966666;1398;1386
1856;18141805000;17944966666;18444966666;1400;1388
1857;18141808000;17944966666;18444966666;1400;1388
1858;18141811000;17944988888;18444988888;982;970
1849;18141934000;17903588888;18403588888;1400;1388
1850;18141943000;17903588888;18403588888;1398;1386
1851;18142140000;17944966666;18444966666;1400;1388
1852;18142346000;17944966666;18444966666;1400;1388
1853;18142355000;17944966666;18444966666;1398;1386
1854;18142547000;17944966666;18444966666;1400;1388
1855;18142556000;17944966666;18444966666;1398;1386
1856;18142757000;17944966666;18444966666;1400;1388
1857;18142765000;17944966666;18444966666;1400;1388
1858;18142952000;17944988888;18444988888;982;970
1859;18183386000;17945255555;18445255555;1398;1386
1859;18183403000;17945255555;18445255555;1398;1386
1860;18183423000;17945255555;18445255555;1400;1388
1861;18183428000;17945255555;18445255555;1398;1386
1862;18183431000;17986633333;18486633333;1400;1388
1863;18183435000;17986633333;18486633333;1400;1388
1864;18183439000;17986633333;18486633333;1398;1386
1865;18183442000;17986633333;18486633333;1400;1388
1866;18183445000;17986633333;18486633333;1398;1386
1867;18183448000;17986633333;18486633333;1400;1388
1868;18183451000;17986633333;18486633333;1400;1388
1869;18183455000;17986655555;18486655555;982;970
1860;18183579000;17945255555;18445255555;1400;1388
1861;18183595000;17945255555;18445255555;1398;1386
1862;18183784000;17986633333;18486633333;1400;1388
1863;18183983000;17986633333;18486633333;1400;1388
1864;18183988000;17986633333;18486633333;1398;1386
1865;18184192000;17986633333;18486633333;1400;1388
1866;18184197000;17986633333;18486633333;1398;1386
1867;18184398000;17986633333;18486633333;1400;1388
1868;18184403000;17986633333;18486633333;1400;1388
1869;18184602000;17986655555;18486655555;982;970
1870;18225066000;17986944444;18486944444;1398;1386
1870;18225098000;17986944444;18486944444;1398;1386
1871;18225109000;17986944444;18486944444;1400;1388
1872;18225114000;17986944444;18486944444;1398;1386
1873;18225117000;18028300000;18528300000;1400;1388
1874;18225121000;18028300000;18528300000;1400;1388
1875;18225124000;18028300000;18528300000;1398;1386
1876;18225128000;18028300000;18528300000;1400;1388
1877;18225131000;18028300000;18528300000;1398;1386
1878;18225134000;18028300000;18528300000;1400;1388
1879;18225138000;18028300000;18528300000;1400;1388
1880;18225142000;18028311111;18528311111;982;970
1871;18225229000;17986944444;18486944444;1400;1388
1872;18225431000;17986944444;18486944444;1398;1386
1873;18225436000;18028300000;18528300000;1400;1388
1874;18225634000;18028300000;18528300000;1400;1388
1875;18225639000;18028300000;18528300000;1398;1386
1876;18225840000;18028300000;18528300000;1400;1388
1877;18225844000;18028300000;18528300000;1398;1386
1878;18226046000;18028300000;18528300000;1400;1388
1880;18226051000;18028311111;18528311111;982;970
1881;18266719000;18028577777;18528577777;1398;1386
1881;18266751000;18028577777;18528577777;1398;1386
1882;18266769000;18028577777;18528577777;1400;1388
1883;18266773000;18028577777;18528577777;1398;1386
1884;18266777000;18069966666;18569966666;1400;1388
1885;18266780000;18069966666;18569966666;1400;1388
1886;18266784000;18069966666;18569966666;1398;1386
1887;18266787000;18069966666;18569966666;1400;1388
1888;18266790000;18069966666;18569966666;1398;1386
1889;18266793000;18069966666;18569966666;1400;1388
1890;18266796000;18069966666;18569966666;1400;1388
1891;18266799000;18069988888;18569988888;982;970
1882;18266922000;18028577777;18528577777;1400;1388
1883;18266931000;18028577777;18528577777;1398;1386
1884;18267119000;18069966666;18569966666;1400;1388
1885;18267323000;18069966666;18569966666;1400;1388
1886;18267328000;18069966666;18569966666;1398;1386
1887;18267522000;18069966666;18569966666;1400;1388
1888;18267527000;18069966666;18569966666;1398;1386
1889;18267733000;18069966666;18569966666;1400;1388
1890;18267737000;18069966666;18569966666;1400;1388
1891;18267929000;18069988888;18569988888;982;970
1892;18308385000;18070244444;18570244444;1398;1386
1892;18308414000;18070244444;18570244444;1398;1386
1893;18308423000;18070244444;18570244444;1400;1388
1894;18308427000;18070244444;18570244444;1398;1386
1895;18308430000;18111644444;18611644444;1400;1388
1896;18308435000;18111644444;18611644444;1400;1388
1897;18308439000;18111644444;18611644444;1398;1386
1898;18308442000;18111644444;18611644444;1400;1388
1899;18308445000;18111644444;18611644444;1398;1386
1900;18308448000;18111644444;18611644444;1400;1388
1901;18308451000;18111644444;18611644444;1400;1388
1902;18308454000;18111666666;18611666666;982;970
1893;18308595000;18070244444;18570244444;1400;1388
1894;18308601000;18070244444;18570244444;1398;1386
1895;18308794000;18111644444;18611644444;1400;1388
1896;18308999000;18111644444;18611644444;1400;1388
1897;18309004000;18111644444;18611644444;1398;1386
1898;18309201000;18111644444;18611644444;1400;1388
1899;18309206000;18111644444;18611644444;1398;1386
1900;18309409000;18111644444;18611644444;1400;1388
1901;18309414000;18111644444;18611644444;1400;1388
1902;18309615000;18111666666;18611666666;982;970
1903;18350082000;18111955555;18611955555;1398;1386
1903;18350113000;18111955555;18611955555;1398;1386
1904;18350132000;18111955555;18611955555;1400;1388
1905;18350136000;18111955555;18611955555;1398;1386
1906;18350140000;18153288888;18653288888;1400;1388
1907;18350143000;18153288888;18653288888;1400;1388
1908;18350146000;18153288888;18653288888;1398;1386
1909;18350150000;18153288888;18653288888;1400;1388
1910;18350153000;18153288888;18653288888;1398;1386
1911;18350156000;18153288888;18653288888;1400;1388
1912;18350159000;18153288888;18653288888;1400;1388
1913;18350171000;18153300000;18653300000;982;970
1904;18350279000;18111955555;18611955555;1400;1388
1905;18350285000;18111955555;18611955555;1398;1386
1906;18350480000;18153288888;18653288888;1400;1388
1907;18350684000;18153288888;18653288888;1400;1388
1908;18350689000;18153288888;18653288888;1398;1386
1909;18350886000;18153288888;18653288888;1400;1388
1910;18350890000;18153288888;18653288888;1398;1386
1911;18351095000;18153288888;18653288888;1400;1388
1912;18351099000;18153288888;18653288888;1400;1388
1913;18351298000;18153300000;18653300000;982;970
1914;18391735000;18153588888;18653588888;1398;1386
1914;18391770000;18153588888;18653588888;1398;1386
1915;18391780000;18153588888;18653588888;1400;1388
1916;18391784000;18153588888;18653588888;1398;1386
1917;18391787000;18194933333;18694933333;1400;1388
1918;18391791000;18194933333;18694933333;1400;1388
1919;18391794000;18194933333;18694933333;1398;1386
1920;18391798000;18194933333;18694933333;1400;1388
1921;18391801000;18194933333;18694933333;1398;1386
1922;18391804000;18194933333;18694933333;1400;1388
1923;18391807000;18194933333;18694933333;1400;1388
1924;18391810000;18194955555;18694955555;982;970
1915;18391923000;18153588888;18653588888;1400;1388
1916;18391928000;18153588888;18653588888;1398;1386
1917;18392130000;18194933333;18694933333;1400;1388
1918;18392335000;18194933333;18694933333;1400;1388
1919;18392340000;18194933333;18694933333;1398;1386
1920;18392536000;18194933333;18694933333;1400;1388
1921;18392541000;18194933333;18694933333;1398;1386
1922;18392745000;18194933333;18694933333;1400;1388
1923;18392750000;18194933333;18694933333;1400;1388
1924;18392943000;18194955555;18694955555;982;970
1925;18433408000;18195255555;18695255555;1398;1386
1925;18433449000;18195255555;18695255555;1398;1386
1926;18433458000;18195255555;18695255555;1400;1388
1927;18433463000;18195255555;18695255555;1398;1386
1928;18433466000;18236600000;18736600000;1400;1388
1929;18433470000;18236600000;18736600000;1400;1388
1930;18433473000;18236600000;18736600000;1398;1386
1931;18433477000;18236600000;18736600000;1400;1388
1932;18433480000;18236600000;18736600000;1398;1386
1933;18433483000;18236600000;18736600000;1400;1388
1934;18433486000;18236600000;18736600000;1400;1388
1935;18433489000;18236622222;18736622222;982;970
1926;18433599000;18195255555;18695255555;1400;1388
1927;18433604000;18195255555;18695255555;1398;1386
1928;18433798000;18236600000;18736600000;1400;1388
1929;18434017000;18236600000;18736600000;1400;1388
1930;18434022000;18236600000;18736600000;1398;1386
1931;18434204000;18236600000;18736600000;1400;1388
1932;18434209000;18236600000;18736600000;1398;1386
1933;18434414000;18236600000;18736600000;1400;1388
1934;18434418000;18236600000;18736600000;1400;1388
1935;18434617000;18236622222;18736622222;982;970
1936;18475058000;18236922222;18736922222;1398;1386
1936;18475083000;18236922222;18736922222;1398;1386
1937;18475104000;18236922222;18736922222;1400;1388
1938;18475108000;18236922222;18736922222;1398;1386
1939;18475111000;18278266666;18778266666;1400;1388
1940;18475115000;18278266666;18778266666;1400;1388
1941;18475118000;18278266666;18778266666;1398;1386
1942;18475121000;18278266666;18778266666;1400;1388
1943;18475124000;18278266666;18778266666;1398;1386
1944;18475127000;18278266666;18778266666;1400;1388
1945;18475131000;18278266666;18778266666;1400;1388
1946;18475134000;18278288888;18778288888;982;970
1937;18475244000;18236922222;18736922222;1400;1388
1938;18475250000;18236922222;18736922222;1398;1386
1939;18475443000;18278266666;18778266666;1400;1388
1940;18475648000;18278266666;18778266666;1400;1388
1941;18475653000;18278266666;18778266666;1398;1386
1942;18475850000;18278266666;18778266666;1400;1388
1943;18475855000;18278266666;18778266666;1398;1386
1944;18476060000;18278266666;18778266666;1400;1388
1945;18476065000;18278266666;18778266666;1400;1388
1946;18476261000;18278288888;18778288888;982;970
1947;18516731000;18278566666;18778566666;1398;1386
1947;18516772000;18278566666;18778566666;1398;1386
1948;18516781000;18278566666;18778566666;1400;1388
1949;18516786000;18278566666;18778566666;1398;1386
1950;18516797000;18319933333;18819933333;1400;1388
1951;18516801000;18319933333;18819933333;1400;1388
1952;18516804000;18319933333;18819933333;1398;1386
1953;18516807000;18319933333;18819933333;1400;1388
1954;18516810000;18319933333;18819933333;1398;1386
1955;18516813000;18319933333;18819933333;1400;1388
1956;18516816000;18319933333;18819933333;1400;1388
1957;18516819000;18319955555;18819955555;982;970
1948;18516919000;18278566666;18778566666;1400;1388
1949;18517130000;18278566666;18778566666;1398;1386
1950;18517134000;18319933333;18819933333;1400;1388
1951;18517334000;18319933333;18819933333;1400;1388
1952;18517339000;18319933333;18819933333;1398;1386
1953;18517535000;18319933333;18819933333;1400;1388
1954;18517540000;18319933333;18819933333;1398;1386
1955;18517743000;18319933333;18819933333;1400;1388
1956;18517747000;18319933333;18819933333;1400;1388
1957;18517941000;18319955555;18819955555;982;970
1958;18558434000;18320200000;18820200000;1398;1386
1958;18558464000;18320200000;18820200000;1398;1386
1959;18558484000;18320200000;18820200000;1400;1388
1960;18558488000;18320200000;18820200000;1398;1386
1961;18558491000;18361633333;18861633333;1400;1388
1962;18558495000;18361633333;18861633333;1400;1388
1963;18558498000;18361633333;18861633333;1398;1386
1966;18558502000;18361633333;18861633333;1400;1388
1967;18558510000;18361633333;18861633333;1400;1388
1968;18558521000;18361655555;18861655555;982;970
1959;18558632000;18320200000;18820200000;1400;1388
1960;18558637000;18320200000;18820200000;1398;1386
1961;18558831000;18361633333;18861633333;1400;1388
1962;18559037000;18361633333;18861633333;1400;1388
1963;18559042000;18361633333;18861633333;1398;1386
1964;18559241000;18361633333;18861633333;1400;1388
1965;18559260000;18361633333;18861633333;1398;1386
1966;18559447000;18361633333;18861633333;1400;1388
1967;18559452000;18361633333;18861633333;1400;1388
1968;18559651000;18361655555;18861655555;982;970
1969;18600110000;18361933333;18861933333;1398;1386
1969;18600151000;18361933333;18861933333;1398;1386
1970;18600160000;18361933333;18861933333;1400;1388
1971;18600165000;18361933333;18861933333;1398;1386
1972;18600168000;18403300000;18903300000;1400;1388
1973;18600172000;18403300000;18903300000;1400;1388
1974;18600175000;18403300000;18903300000;1398;1386
1975;18600178000;18403300000;18903300000;1400;1388
1976;18600181000;18403300000;18903300000;1398;1386
1977;18600184000;18403300000;18903300000;1400;1388
1978;18600187000;18403300000;18903300000;1400;1388
1979;18600190000;18403311111;18903311111;982;970
1970;18600300000;18361933333;18861933333;1400;1388
1971;18600306000;18361933333;18861933333;1398;1386
1972;18600501000;18403300000;18903300000;1400;1388
1973;18600707000;18403300000;18903300000;1400;1388
1974;18600711000;18403300000;18903300000;1398;1386
1975;18600906000;18403300000;18903300000;1400;1388
1976;18600910000;18403300000;18903300000;1398;1386
1977;18601116000;18403300000;18903300000;1400;1388
1978;18601121000;18403300000;18903300000;1400;1388
1979;18601322000;18403311111;18903311111;982;970
1980;18641785000;18403588888;18903588888;1398;1386
1980;18641811000;18403588888;18903588888;1398;1386
1981;18641821000;18403588888;18903588888;1400;1388
1982;18641825000;18403588888;18903588888;1398;1386
1983;18641828000;18444977777;18944977777;1400;1388
1984;18641832000;18444977777;18944977777;1400;1388
1985;18641835000;18444977777;18944977777;1398;1386
1986;18641838000;18444977777;18944977777;1400;1388
1987;18641841000;18444977777;18944977777;1398;1386
1988;18641845000;18444977777;18944977777;1400;1388
1989;18641848000;18444977777;18944977777;1400;1388
1990;18641851000;18445000000;18945000000;982;970
1981;18641973000;18403588888;18903588888;1400;1388
1982;18641978000;18403588888;18903588888;1398;1386
1983;18642180000;18444977777;18944977777;1400;1388
1984;18642386000;18444977777;18944977777;1400;1388
1985;18642391000;18444977777;18944977777;1398;1386
1986;18642586000;18444977777;18944977777;1400;1388
1987;18642591000;18444977777;18944977777;1398;1386
1988;18642795000;18444977777;18944977777;1400;1388
1989;18642808000;18444977777;18944977777;1400;1388
1990;18643009000;18445000000;18945000000;982;970
1991;18683438000;18445277777;18945277777;1398;1386
1991;18683479000;18445277777;18945277777;1398;1386
1992;18683488000;18445277777;18945277777;1400;1388
1993;18683493000;18445277777;18945277777;1398;1386
1994;18683496000;18486633333;18986633333;1400;1388
1995;18683499000;18486633333;18986633333;1400;1388
1996;18683503000;18486633333;18986633333;1398;1386
1997;18683506000;18486633333;18986633333;1400;1388
1998;18683509000;18486633333;18986633333;1398;1386
1999;18683512000;18486633333;18986633333;1400;1388
2000;18683516000;18486633333;18986633333;1400;1388
2001;18683519000;18486644444;18986644444;982;970
1992;18683638000;18445277777;18945277777;1400;1388
1993;18683643000;18445277777;18945277777;1398;1386
1994;18683836000;18486633333;18986633333;1400;1388
1995;18684048000;18486633333;18986633333;1400;1388
1996;18684054000;18486633333;18986633333;1398;1386
1997;18684243000;18486633333;18986633333;1400;1388
1998;18684247000;18486633333;18986633333;1398;1386
1999;18684465000;18486633333;18986633333;1400;1388
2000;18684469000;18486633333;18986633333;1400;1388
2001;18684656000;18486644444;18986644444;982;970
2002;18725112000;18486944444;18986944444;1398;1386
2002;18725144000;18486944444;18986944444;1398;1386
2003;18725154000;18486944444;18986944444;1400;1388
2004;18725158000;18486944444;18986944444;1398;1386
2005;18725161000;18528300000;19028300000;1400;1388
2006;18725165000;18528300000;19028300000;1400;1388
2007;18725168000;18528300000;19028300000;1398;1386
2008;18725171000;18528300000;19028300000;1400;1388
2009;18725175000;18528300000;19028300000;1398;1386
2010;18725178000;18528300000;19028300000;1400;1388
2011;18725181000;18528300000;19028300000;1400;1388
2012;18725184000;18528322222;19028322222;982;970
2003;18725318000;18486944444;18986944444;1400;1388
2004;18725327000;18486944444;18986944444;1398;1386
2005;18725517000;18528300000;19028300000;1400;1388
2006;18725724000;18528300000;19028300000;1400;1388
2007;18725733000;18528300000;19028300000;1398;1386
2008;18725921000;18528300000;19028300000;1400;1388
2009;18725929000;18528300000;19028300000;1398;1386
2010;18726134000;18528300000;19028300000;1400;1388
2011;18726142000;18528300000;19028300000;1400;1388
2012;18726336000;18528322222;19028322222;982;970
2013;18766792000;18528611111;19028611111;1398;1386
2013;18766817000;18528611111;19028611111;1398;1386
2014;18766837000;18528611111;19028611111;1400;1388
2015;18766841000;18528611111;19028611111;1398;1386
2016;18766844000;18569966666;19069966666;1400;1388
2017;18766849000;18569966666;19069966666;1400;1388
2018;18766852000;18569966666;19069966666;1398;1386
2019;18766855000;18569966666;19069966666;1400;1388
2020;18766858000;18569966666;19069966666;1398;1386
2021;18766861000;18569966666;19069966666;1400;1388
2022;18766865000;18569966666;19069966666;1400;1388
2023;18766868000;18569988888;19069988888;982;970
2014;18766967000;18528611111;19028611111;1400;1388
2015;18766973000;18528611111;19028611111;1398;1386
2016;18767174000;18569966666;19069966666;1400;1388
2017;18767379000;18569966666;19069966666;1400;1388
2018;18767384000;18569966666;19069966666;1398;1386
2021;18767578000;18569966666;19069966666;1400;1388
2022;18767582000;18569966666;19069966666;1400;1388
2023;18767788000;18569988888;19069988888;982;970
2024;18808431000;18570277777;19070277777;1398;1386
2024;18808458000;18570277777;19070277777;1398;1386
2025;18808468000;18570277777;19070277777;1400;1388
2026;18808472000;18570277777;19070277777;1398;1386
2027;18808475000;18611633333;19111633333;1400;1388
2028;18808479000;18611633333;19111633333;1400;1388
2029;18808482000;18611633333;19111633333;1398;1386
2030;18808485000;18611633333;19111633333;1400;1388
2031;18808488000;18611633333;19111633333;1398;1386
2032;18808492000;18611633333;19111633333;1400;1388
2033;18808495000;18611633333;19111633333;1400;1388
2025;18808652000;18570277777;19070277777;1400;1388
2026;18808661000;18570277777;19070277777;1398;1386
2027;18808852000;18611633333;19111633333;1400;1388
2028;18809057000;18611633333;19111633333;1400;1388
2029;18809077000;18611633333;19111633333;1398;1386
2030;18809258000;18611633333;19111633333;1400;1388
2031;18809266000;18611633333;19111633333;1398;1386
2032;18809466000;18611633333;19111633333;1400;1388
2033;18809474000;18611633333;19111633333;1400;1388
2034;18809670000;18611655555;19111655555;982;970
2035;18850121000;18611922222;19111922222;1398;1386
2035;18850139000;18611922222;19111922222;1398;1386
2036;18850157000;18611922222;19111922222;1400;1388
2037;18850162000;18611922222;19111922222;1398;1386
2038;18850165000;18653300000;19153300000;1400;1388
2039;18850168000;18653300000;19153300000;1400;1388
2040;18850172000;18653300000;19153300000;1398;1386
2041;18850175000;18653300000;19153300000;1400;1388
2042;18850178000;18653300000;19153300000;1398;1386
2043;18850181000;18653300000;19153300000;1400;1388
2044;18850184000;18653300000;19153300000;1400;1388
2045;18850187000;18653311111;19153311111;982;970
2036;18850319000;18611922222;19111922222;1400;1388
2037;18850328000;18611922222;19111922222;1398;1386
2038;18850517000;18653300000;19153300000;1400;1388
2039;18850714000;18653300000;19153300000;1400;1388
2040;18850720000;18653300000;19153300000;1398;1386
2041;18850911000;18653300000;19153300000;1400;1388
2042;18850916000;18653300000;19153300000;1398;1386
2043;18851122000;18653300000;19153300000;1400;1388
2044;18851127000;18653300000;19153300000;1400;1388
2045;18851326000;18653311111;19153311111;982;970
2046;18891775000;18653577777;19153577777;1398;1386
2046;18891817000;18653577777;19153577777;1398;1386
2047;18891827000;18653577777;19153577777;1400;1388
2048;18891832000;18653577777;19153577777;1398;1386
2049;18891835000;18694966666;19194966666;1400;1388
2050;18891839000;18694966666;19194966666;1400;1388
2051;18891842000;18694966666;19194966666;1398;1386
2052;18891846000;18694966666;19194966666;1400;1388
2053;18891850000;18694966666;19194966666;1398;1386
2054;18891853000;18694966666;19194966666;1400;1388
2055;18891856000;18694966666;19194966666;1400;1388
2056;18891859000;18694977777;19194977777;982;970
2047;18891958000;18653577777;19153577777;1400;1388
2048;18892160000;18653577777;19153577777;1398;1386
2049;18892166000;18694966666;19194966666;1400;1388
2051;18892365000;18694966666;19194966666;1398;1386
2052;18892370000;18694966666;19194966666;1400;1388
2054;18892585000;18694966666;19194966666;1400;1388
2055;18892600000;18694966666;19194966666;1400;1388
2056;18892772000;18694977777;19194977777;982;970
2057;18933474000;18695255555;19195255555;1398;1386
2057;18933495000;18695255555;19195255555;1398;1386
2058;18933515000;18695255555;19195255555;1400;1388
2059;18933521000;18695255555;19195255555;1398;1386
2060;18933524000;18736633333;19236633333;1400;1388
2061;18933528000;18736633333;19236633333;1400;1388
2062;18933532000;18736633333;19236633333;1398;1386
2063;18933535000;18736633333;19236633333;1400;1388
2064;18933538000;18736633333;19236633333;1398;1386
2065;18933542000;18736633333;19236633333;1400;1388
2066;18933545000;18736633333;19236633333;1400;1388
2067;18933549000;18736644444;19236644444;982;970
2058;18933648000;18695255555;19195255555;1400;1388
2059;18933654000;18695255555;19195255555;1398;1386
2060;18933847000;18736633333;19236633333;1400;1388
2061;18934052000;18736633333;19236633333;1400;1388
2062;18934058000;18736633333;19236633333;1398;1386
2063;18934252000;18736633333;19236633333;1400;1388
2064;18934257000;18736633333;19236633333;1398;1386
2065;18934461000;18736633333;19236633333;1400;1388
2066;18934466000;18736633333;19236633333;1400;1388
2067;18934665000;18736644444;19236644444;982;970
2068;18975122000;18736955555;19236955555;1398;1386
2068;18975146000;18736955555;19236955555;1398;1386
2069;18975166000;18736955555;19236955555;1400;1388
2070;18975170000;18736955555;19236955555;1398;1386
2071;18975174000;18778300000;19278300000;1400;1388
2072;18975178000;18778300000;19278300000;1400;1388
2073;18975181000;18778300000;19278300000;1398;1386
2074;18975184000;18778300000;19278300000;1400;1388
2075;18975187000;18778300000;19278300000;1398;1386
2076;18975191000;18778300000;19278300000;1400;1388
2077;18975203000;18778300000;19278300000;1400;1388
2078;18975207000;18778311111;19278311111;982;970
2069;18975314000;18736955555;19236955555;1400;1388
2070;18975319000;18736955555;19236955555;1398;1386
2071;18975513000;18778300000;19278300000;1400;1388
2072;18975718000;18778300000;19278300000;1400;1388
2073;18975723000;18778300000;19278300000;1398;1386
2074;18975916000;18778300000;19278300000;1400;1388
2075;18975921000;18778300000;19278300000;1398;1386
2076;18976130000;18778300000;19278300000;1400;1388
2077;18976134000;18778300000;19278300000;1400;1388
2078;18976331000;18778311111;19278311111;982;970
2079;19016784000;18778600000;19278600000;1398;1386
2079;19016802000;18778600000;19278600000;1398;1386
2080;19016821000;18778600000;19278600000;1400;1388
2082;19016826000;18819966666;19319966666;1400;1388
2083;19016835000;18819966666;19319966666;1400;1388
2084;19016846000;18819966666;19319966666;1398;1386
2085;19016850000;18819966666;19319966666;1400;1388
2086;19016854000;18819966666;19319966666;1398;1386
2087;19016857000;18819966666;19319966666;1400;1388
2088;19016861000;18819966666;19319966666;1400;1388
2089;19016864000;18819988888;19319988888;982;970
2080;19016990000;18778600000;19278600000;1400;1388
2081;19016999000;18778600000;19278600000;1398;1386
2082;19017196000;18819966666;19319966666;1400;1388
2083;19017403000;18819966666;19319966666;1400;1388
2084;19017412000;18819966666;19319966666;1398;1386
2085;19017603000;18819966666;19319966666;1400;1388
2086;19017612000;18819966666;19319966666;1398;1386
2089;19017810000;18819988888;19319988888;982;970
2090;19058450000;18820266666;19320266666;1398;1386
2090;19058467000;18820266666;19320266666;1398;1386
2091;19058486000;18820266666;19320266666;1400;1388
2092;19058491000;18820266666;19320266666;1398;1386
2093;19058494000;18861633333;19361633333;1400;1388
2094;19058498000;18861633333;19361633333;1400;1388
2095;19058501000;18861633333;19361633333;1398;1386
2096;19058504000;18861633333;19361633333;1400;1388
2097;19058507000;18861633333;19361633333;1398;1386
2098;19058510000;18861633333;19361633333;1400;1388
2099;19058514000;18861633333;19361633333;1400;1388
2100;19058517000;18861655555;19361655555;982;970
2091;19058661000;18820266666;19320266666;1400;1388
2092;19058670000;18820266666;19320266666;1398;1386
2093;19058849000;18861633333;19361633333;1400;1388
2094;19059055000;18861633333;19361633333;1400;1388
2095;19059060000;18861633333;19361633333;1398;1386
2096;19059256000;18861633333;19361633333;1400;1388
2097;19059260000;18861633333;19361633333;1398;1386
2098;19059464000;18861633333;19361633333;1400;1388
2099;19059469000;18861633333;19361633333;1400;1388
2100;19059667000;18861655555;19361655555;982;970
2101;19100123000;18861955555;19361955555;1398;1386
2101;19100149000;18861955555;19361955555;1398;1386
2102;19100168000;18861955555;19361955555;1400;1388
2103;19100172000;18861955555;19361955555;1398;1386
2104;19100176000;18903300000;19403300000;1400;1388
2105;19100180000;18903300000;19403300000;1400;1388
2106;19100183000;18903300000;19403300000;1398;1386
2107;19100186000;18903300000;19403300000;1400;1388
2108;19100189000;18903300000;19403300000;1398;1386
2109;19100192000;18903300000;19403300000;1400;1388
2110;19100196000;18903300000;19403300000;1400;1388
2111;19100199000;18903311111;19403311111;982;970
2102;19100319000;18861955555;19361955555;1400;1388
2103;19100325000;18861955555;19361955555;1398;1386
2104;19100518000;18903300000;19403300000;1400;1388
2105;19100723000;18903300000;19403300000;1400;1388
2106;19100728000;18903300000;19403300000;1398;1386
2107;19100921000;18903300000;19403300000;1400;1388
2108;19100925000;18903300000;19403300000;1398;1386
2109;19101134000;18903300000;19403300000;1400;1388
2110;19101139000;18903300000;19403300000;1400;1388
2111;19101336000;18903311111;19403311111;982;970
2112;19141790000;18903622222;19403622222;1398;1386
2112;19141827000;18903622222;19403622222;1398;1386
2113;19141836000;18903622222;19403622222;1400;1388
2114;19141840000;18903622222;19403622222;1398;1386
2115;19141844000;18944966666;19444966666;1400;1388
2116;19141848000;18944966666;19444966666;1400;1388
2117;19141859000;18944966666;19444966666;1398;1386
2118;19141863000;18944966666;19444966666;1400;1388
2119;19141866000;18944966666;19444966666;1398;1386
2120;19141869000;18944966666;19444966666;1400;1388
2121;19141873000;18944966666;19444966666;1400;1388
2122;19141876000;18944988888;19444988888;982;970
2113;19141980000;18903622222;19403622222;1400;1388
2114;19141985000;18903622222;19403622222;1398;1386
2115;19142186000;18944966666;19444966666;1400;1388
2116;19142392000;18944966666;19444966666;1400;1388
2117;19142397000;18944966666;19444966666;1398;1386
2118;19142594000;18944966666;19444966666;1400;1388
2119;19142599000;18944966666;19444966666;1398;1386
2120;19142801000;18944966666;19444966666;1400;1388
2121;19142806000;18944966666;19444966666;1400;1388
2122;19143006000;18944988888;19444988888;982;970
2123;19183455000;18945300000;19445300000;1398;1386
2123;19183496000;18945300000;19445300000;1398;1386
2124;19183506000;18945300000;19445300000;1400;1388
2125;19183510000;18945300000;19445300000;1398;1386
2126;19183513000;18986633333;19486633333;1400;1388
2127;19183517000;18986633333;19486633333;1400;1388
2128;19183520000;18986633333;19486633333;1398;1386
2129;19183523000;18986633333;19486633333;1400;1388
2130;19183527000;18986633333;19486633333;1398;1386
2131;19183530000;18986633333;19486633333;1400;1388
2132;19183533000;18986633333;19486633333;1400;1388
2133;19183536000;18986655555;19486655555;982;970
2124;19183653000;18945300000;19445300000;1400;1388
2125;19183658000;18945300000;19445300000;1398;1386
2126;19183853000;18986633333;19486633333;1400;1388
2127;19184059000;18986633333;19486633333;1400;1388
2128;19184064000;18986633333;19486633333;1398;1386
2129;19184259000;18986633333;19486633333;1400;1388
2130;19184264000;18986633333;19486633333;1398;1386
2131;19184469000;18986633333;19486633333;1400;1388
2132;19184473000;18986633333;19486633333;1400;1388
2133;19184675000;18986655555;19486655555;982;970
2134;19225101000;18986977777;19486977777;1398;1386
2134;19225154000;18986977777;19486977777;1398;1386
2135;19225164000;18986977777;19486977777;1400;1388
2136;19225168000;18986977777;19486977777;1398;1386
2137;19225171000;19028300000;19528300000;1400;1388
2138;19225175000;19028300000;19528300000;1400;1388
2139;19225178000;19028300000;19528300000;1398;1386
2140;19225181000;19028300000;19528300000;1400;1388
2141;19225185000;19028300000;19528300000;1398;1386
2142;19225188000;19028300000;19528300000;1400;1388
2143;19225191000;19028300000;19528300000;1400;1388
2144;19225194000;19028311111;19528311111;982;970
2135;19225300000;18986977777;19486977777;1400;1388
2136;19225305000;18986977777;19486977777;1398;1386
2137;19225499000;19028300000;19528300000;1400;1388
2138;19225705000;19028300000;19528300000;1400;1388
2139;19225710000;19028300000;19528300000;1398;1386
2140;19225906000;19028300000;19528300000;1400;1388
2141;19225910000;19028300000;19528300000;1398;1386
2146;19266771000;19028611111;19528611111;1400;1388
2145;19266798000;19028611111;19528611111;1398;1386
2146;19266836000;19028611111;19528611111;1400;1388
2147;19266842000;19028611111;19528611111;1398;1386
2148;19266846000;19069966666;19569966666;1400;1388
2149;19266859000;19069966666;19569966666;1400;1388
2150;19266862000;19069966666;19569966666;1398;1386
2151;19266866000;19069966666;19569966666;1400;1388
2152;19266869000;19069966666;19569966666;1398;1386
2153;19266872000;19069966666;19569966666;1400;1388
2154;19266875000;19069966666;19569966666;1400;1388
2155;19266879000;19069988888;19569988888;982;970
2147;19266952000;19028611111;19528611111;1398;1386
2148;19266958000;19069966666;19569966666;1400;1388
2149;19267156000;19069966666;19569966666;1400;1388
2150;19267361000;19069966666;19569966666;1398;1386
2151;19267366000;19069966666;19569966666;1400;1388
2152;19267563000;19069966666;19569966666;1398;1386
2153;19267568000;19069966666;19569966666;1400;1388
2154;19267765000;19069966666;19569966666;1400;1388
2155;19267770000;19069988888;19569988888;982;970
2156;19308479000;19070300000;19570300000;1398;1386
2156;19308563000;19070300000;19570300000;1398;1386
2157;19308587000;19070300000;19570300000;1400;1388
2158;19308623000;19070300000;19570300000;1398;1386
2159;19308637000;19111633333;19611633333;1400;1388
2160;19308642000;19111633333;19611633333;1400;1388
2157;19308656000;19070300000;19570300000;1400;1388
2161;19308730000;19111633333;19611633333;1398;1386
2162;19308743000;19111633333;19611633333;1400;1388
2163;19308747000;19111633333;19611633333;1398;1386
2164;19308751000;19111633333;19611633333;1400;1388
2165;19308754000;19111633333;19611633333;1400;1388
2166;19308758000;19111644444;19611644444;982;970
2158;19308832000;19070300000;19570300000;1398;1386
2159;19308842000;19111633333;19611633333;1400;1388
2160;19309037000;19111633333;19611633333;1400;1388
2161;19309061000;19111633333;19611633333;1398;1386
2162;19309237000;19111633333;19611633333;1400;1388
2163;19309246000;19111633333;19611633333;1398;1386
2164;19309447000;19111633333;19611633333;1400;1388
2165;19309456000;19111633333;19611633333;1400;1388
2166;19309650000;19111644444;19611644444;982;970
2167;19350099000;19111966666;19611966666;1398;1386
2167;19350131000;19111966666;19611966666;1398;1386
2168;19350141000;19111966666;19611966666;1400;1388
2169;19350145000;19111966666;19611966666;1398;1386
2170;19350149000;19153300000;19653300000;1400;1388
2171;19350153000;19153300000;19653300000;1400;1388
2172;19350157000;19153300000;19653300000;1398;1386
2173;19350160000;19153300000;19653300000;1400;1388
2174;19350163000;19153300000;19653300000;1398;1386
2175;19350167000;19153300000;19653300000;1400;1388
2176;19350170000;19153300000;19653300000;1400;1388
2177;19350173000;19153311111;19653311111;982;970
2168;19350300000;19111966666;19611966666;1400;1388
2169;19350310000;19111966666;19611966666;1398;1386
2170;19350500000;19153300000;19653300000;1400;1388
2171;19350696000;19153300000;19653300000;1400;1388
2172;19350702000;19153300000;19653300000;1398;1386
2173;19350894000;19153300000;19653300000;1400;1388
2174;19350898000;19153300000;19653300000;1398;1386
2175;19351104000;19153300000;19653300000;1400;1388
2176;19351109000;19153300000;19653300000;1400;1388
2177;19351307000;19153311111;19653311111;982;970
2178;19391769000;19153622222;19653622222;1398;1386
2178;19391794000;19153622222;19653622222;1398;1386
2179;19391814000;19153622222;19653622222;1400;1388
2180;19391818000;19153622222;19653622222;1398;1386
2181;19391821000;19194977777;19694977777;1400;1388
2183;19391825000;19194977777;19694977777;1398;1386
2184;19391833000;19194977777;19694977777;1400;1388
2185;19391845000;19194977777;19694977777;1398;1386
2186;19391849000;19194977777;19694977777;1400;1388
2187;19391852000;19194977777;19694977777;1400;1388
2188;19391855000;19195000000;19695000000;982;970
2179;19391962000;19153622222;19653622222;1400;1388
2180;19391968000;19153622222;19653622222;1398;1386
2181;19392169000;19194977777;19694977777;1400;1388
2182;19392373000;19194977777;19694977777;1400;1388
2183;19392394000;19194977777;19694977777;1398;1386
2184;19392573000;19194977777;19694977777;1400;1388
2185;19392578000;19194977777;19694977777;1398;1386
2186;19392783000;19194977777;19694977777;1400;1388
2187;19392787000;19194977777;19694977777;1400;1388
2188;19392979000;19195000000;19695000000;982;970
2189;19433429000;19195322222;19695322222;1398;1386
2189;19433471000;19195322222;19695322222;1398;1386
2190;19433481000;19195322222;19695322222;1400;1388
2191;19433486000;19195322222;19695322222;1398;1386
2192;19433489000;19236622222;19736622222;1400;1388
2193;19433493000;19236622222;19736622222;1400;1388
2194;19433496000;19236622222;19736622222;1398;1386
2195;19433500000;19236622222;19736622222;1400;1388
2196;19433503000;19236622222;19736622222;1398;1386
2197;19433506000;19236622222;19736622222;1400;1388
2198;19433509000;19236622222;19736622222;1400;1388
2199;19433512000;19236644444;19736644444;982;970
2190;19433612000;19195322222;19695322222;1400;1388
2191;19433617000;19195322222;19695322222;1398;1386
2192;19433812000;19236622222;19736622222;1400;1388
2194;19434010000;19236622222;19736622222;1398;1386
2195;19434015000;19236622222;19736622222;1400;1388
2196;19434219000;19236622222;19736622222;1398;1386
2197;19434237000;19236622222;19736622222;1400;1388
2198;19434431000;19236622222;19736622222;1400;1388
2199;19434436000;19236644444;19736644444;982;970
2200;19475063000;19236966666;19736966666;1398;1386
2200;19475079000;19236966666;19736966666;1398;1386
2201;19475098000;19236966666;19736966666;1400;1388
2202;19475102000;19236966666;19736966666;1398;1386
2203;19475106000;19278266666;19778266666;1400;1388
2204;19475110000;19278266666;19778266666;1400;1388
2205;19475113000;19278266666;19778266666;1398;1386
2207;19475116000;19278266666;19778266666;1398;1386
2208;19475123000;19278266666;19778266666;1400;1388
2209;19475130000;19278266666;19778266666;1400;1388
2210;19475133000;19278288888;19778288888;982;970
2201;19475274000;19236966666;19736966666;1400;1388
2202;19475284000;19236966666;19736966666;1398;1386
2203;19475475000;19278266666;19778266666;1400;1388
2204;19475681000;19278266666;19778266666;1400;1388
2205;19475689000;19278266666;19778266666;1398;1386
2206;19475882000;19278266666;19778266666;1400;1388
2207;19475905000;19278266666;19778266666;1398;1386
2208;19476091000;19278266666;19778266666;1400;1388
2209;19476099000;19278266666;19778266666;1400;1388
2210;19476294000;19278288888;19778288888;982;970
2211;19516750000;19278600000;19778600000;1398;1386
2211;19516792000;19278600000;19778600000;1398;1386
2212;19516801000;19278600000;19778600000;1400;1388
2213;19516806000;19278600000;19778600000;1398;1386
2214;19516809000;19319933333;19819933333;1400;1388
2215;19516813000;19319933333;19819933333;1400;1388
2216;19516816000;19319933333;19819933333;1398;1386
2217;19516819000;19319933333;19819933333;1400;1388
2218;19516822000;19319933333;19819933333;1398;1386
2219;19516826000;19319933333;19819933333;1400;1388
2220;19516829000;19319933333;19819933333;1400;1388
2221;19516832000;19319955555;19819955555;982;970
2212;19516926000;19278600000;19778600000;1400;1388
2213;19516932000;19278600000;19778600000;1398;1386
2214;19517132000;19319933333;19819933333;1400;1388
2215;19517337000;19319933333;19819933333;1400;1388
2216;19517342000;19319933333;19819933333;1398;1386
2217;19517538000;19319933333;19819933333;1400;1388
2218;19517543000;19319933333;19819933333;1398;1386
2219;19517748000;19319933333;19819933333;1400;1388
2220;19517752000;19319933333;19819933333;1400;1388
2221;19517944000;19319955555;19819955555;982;970
2223;19558411000;19320244444;19820244444;1400;1388
2222;19558438000;19320244444;19820244444;1398;1386
2223;19558475000;19320244444;19820244444;1400;1388
2224;19558481000;19320244444;19820244444;1398;1386
2225;19558485000;19361600000;19861600000;1400;1388
2226;19558499000;19361600000;19861600000;1400;1388
2227;19558502000;19361600000;19861600000;1398;1386
2228;19558505000;19361600000;19861600000;1400;1388
2229;19558508000;19361600000;19861600000;1398;1386
2230;19558512000;19361600000;19861600000;1400;1388
2231;19558515000;19361600000;19861600000;1400;1388
2232;19558518000;19361622222;19861622222;982;970
2224;19558595000;19320244444;19820244444;1398;1386
2225;19558601000;19361600000;19861600000;1400;1388
2226;19558800000;19361600000;19861600000;1400;1388
2227;19559006000;19361600000;19861600000;1398;1386
2228;19559010000;19361600000;19861600000;1400;1388
2229;19559206000;19361600000;19861600000;1398;1386
2230;19559211000;19361600000;19861600000;1400;1388
2232;19559414000;19361622222;19861622222;982;970
2233;19600083000;19361944444;19861944444;1398;1386
2233;19600125000;19361944444;19861944444;1398;1386
2234;19600135000;19361944444;19861944444;1400;1388
2235;19600139000;19361944444;19861944444;1398;1386
2236;19600142000;19403266666;19903266666;1400;1388
2237;19600146000;19403266666;19903266666;1400;1388
2238;19600149000;19403266666;19903266666;1398;1386
2239;19600153000;19403266666;19903266666;1400;1388
2240;19600156000;19403266666;19903266666;1398;1386
2241;19600159000;19403266666;19903266666;1400;1388
2242;19600162000;19403266666;19903266666;1400;1388
2243;19600166000;19403288888;19903288888;982;970
2234;19600264000;19361944444;19861944444;1400;1388
2235;19600270000;19361944444;19861944444;1398;1386
2236;19600465000;19403266666;19903266666;1400;1388
2237;19600685000;19403266666;19903266666;1400;1388
2238;19600691000;19403266666;19903266666;1398;1386
2239;19600872000;19403266666;19903266666;1400;1388
2240;19600877000;19403266666;19903266666;1398;1386
2241;19601080000;19403266666;19903266666;1400;1388
2242;19601085000;19403266666;19903266666;1400;1388
2243;19601283000;19403288888;19903288888;982;970
2244;19641728000;19403588888;19903588888;1398;1386
2244;19641757000;19403588888;19903588888;1398;1386
2245;19641766000;19403588888;19903588888;1400;1388
2246;19641770000;19403588888;19903588888;1398;1386
2247;19641773000;19444933333;19944933333;1400;1388
2248;19641777000;19444933333;19944933333;1400;1388
2249;19641780000;19444933333;19944933333;1398;1386
2250;19641783000;19444933333;19944933333;1400;1388
2251;19641786000;19444933333;19944933333;1398;1386
2252;19641790000;19444933333;19944933333;1400;1388
2253;19641793000;19444933333;19944933333;1400;1388
2254;19641796000;19444955555;19944955555;982;970
2245;19641928000;19403588888;19903588888;1400;1388
2246;19641934000;19403588888;19903588888;1398;1386
2247;19642136000;19444933333;19944933333;1400;1388
2248;19642341000;19444933333;19944933333;1400;1388
2249;19642346000;19444933333;19944933333;1398;1386
2250;19642541000;19444933333;19944933333;1400;1388
2251;19642546000;19444933333;19944933333;1398;1386
2252;19642753000;19444933333;19944933333;1400;1388
2253;19642758000;19444933333;19944933333;1400;1388
2254;19642949000;19444955555;19944955555;982;970
2255;19683419000;19445266666;19945266666;1398;1386
2255;19683462000;19445266666;19945266666;1398;1386
2256;19683471000;19445266666;19945266666;1400;1388
2257;19683476000;19445266666;19945266666;1398;1386
2258;19683479000;19486600000;19986600000;1400;1388
2259;19683483000;19486600000;19986600000;1400;1388
2260;19683486000;19486600000;19986600000;1398;1386
2261;19683490000;19486600000;19986600000;1400;1388
2262;19683493000;19486600000;19986600000;1398;1386
2263;19683496000;19486600000;19986600000;1400;1388
2264;19683499000;19486600000;19986600000;1400;1388
2265;19683502000;19486622222;19986622222;982;970
2256;19683602000;19445266666;19945266666;1400;1388
2257;19683608000;19445266666;19945266666;1398;1386
2258;19683804000;19486600000;19986600000;1400;1388
2259;19684008000;19486600000;19986600000;1400;1388
2260;19684013000;19486600000;19986600000;1398;1386
2261;19684211000;19486600000;19986600000;1400;1388
2262;19684215000;19486600000;19986600000;1398;1386
2263;19684417000;19486600000;19986600000;1400;1388
2264;19684422000;19486600000;19986600000;1400;1388
2265;19684621000;19486622222;19986622222;982;970
2266;19725117000;19486955555;19986955555;1398;1386
2266;19725143000;19486955555;19986955555;1398;1386
2267;19725162000;19486955555;19986955555;1400;1388
2268;19725166000;19486955555;19986955555;1398;1386
2269;19725170000;19528266666;20028266666;1400;1388
2270;19725174000;19528266666;20028266666;1400;1388
2271;19725177000;19528266666;20028266666;1398;1386
2272;19725180000;19528266666;20028266666;1400;1388
2273;19725183000;19528266666;20028266666;1398;1386
2274;19725186000;19528266666;20028266666;1400;1388
2275;19725189000;19528266666;20028266666;1400;1388
2276;19725193000;19528288888;20028288888;982;970
2267;19725323000;19486955555;19986955555;1400;1388
2268;19725333000;19486955555;19986955555;1398;1386
2269;19725522000;19528266666;20028266666;1400;1388
2270;19725729000;19528266666;20028266666;1400;1388
2271;19725738000;19528266666;20028266666;1398;1386
2272;19725927000;19528266666;20028266666;1400;1388
2273;19725935000;19528266666;20028266666;1398;1386
2274;19726139000;19528266666;20028266666;1400;1388
2275;19726147000;19528266666;20028266666;1400;1388
2276;19726341000;19528288888;20028288888;982;970
2277;19766787000;19528611111;20028611111;1398;1386
2277;19766826000;19528611111;20028611111;1398;1386
2278;19766835000;19528611111;20028611111;1400;1388
2279;19766840000;19528611111;20028611111;1398;1386
2280;19766843000;19569933333;20069933333;1400;1388
2281;19766847000;19569933333;20069933333;1400;1388
2282;19766850000;19569933333;20069933333;1398;1386
2283;19766862000;19569933333;20069933333;1400;1388
2284;19766865000;19569933333;20069933333;1398;1386
2285;19766868000;19569933333;20069933333;1400;1388
2286;19766871000;19569933333;20069933333;1400;1388
2287;19766874000;19569944444;20069944444;982;970
2278;19766972000;19528611111;20028611111;1400;1388
2279;19766978000;19528611111;20028611111;1398;1386
2280;19767176000;19569933333;20069933333;1400;1388
2281;19767381000;19569933333;20069933333;1400;1388
2282;19767386000;19569933333;20069933333;1398;1386
2283;19767582000;19569933333;20069933333;1400;1388
2286;19767587000;19569933333;20069933333;1400;1388
2287;19767789000;19569944444;20069944444;982;970
2288;19808454000;19570266666;20070266666;1398;1386
2288;19808470000;19570266666;20070266666;1398;1386
2289;19808489000;19570266666;20070266666;1400;1388
2290;19808493000;19570266666;20070266666;1398;1386
2291;19808496000;19611600000;20111600000;1400;1388
2292;19808500000;19611600000;20111600000;1400;1388
2293;19808504000;19611600000;20111600000;1398;1386
2294;19808507000;19611600000;20111600000;1400;1388
2295;19808510000;19611600000;20111600000;1398;1386
2296;19808513000;19611600000;20111600000;1400;1388
2297;19808516000;19611600000;20111600000;1400;1388
2298;19808519000;19611622222;20111622222;982;970
2289;19808659000;19570266666;20070266666;1400;1388
2290;19808668000;19570266666;20070266666;1398;1386
2291;19808847000;19611600000;20111600000;1400;1388
2292;19809053000;19611600000;20111600000;1400;1388
2293;19809058000;19611600000;20111600000;1398;1386
2294;19809253000;19611600000;20111600000;1400;1388
2295;19809257000;19611600000;20111600000;1398;1386
2296;19809462000;19611600000;20111600000;1400;1388
2297;19809466000;19611600000;20111600000;1400;1388
2298;19809666000;19611622222;20111622222;982;970
2299;19850106000;19611933333;20111933333;1398;1386
2299;19850134000;19611933333;20111933333;1398;1386
2300;19850143000;19611933333;20111933333;1400;1388
2301;19850147000;19611933333;20111933333;1398;1386
2302;19850151000;19653266666;20153266666;1400;1388
2303;19850155000;19653266666;20153266666;1400;1388
2304;19850158000;19653266666;20153266666;1398;1386
2305;19850161000;19653266666;20153266666;1400;1388
2306;19850164000;19653266666;20153266666;1398;1386
2307;19850167000;19653266666;20153266666;1400;1388
2308;19850171000;19653266666;20153266666;1400;1388
2309;19850174000;19653288888;20153288888;982;970
2300;19850314000;19611933333;20111933333;1400;1388
2301;19850320000;19611933333;20111933333;1398;1386
2302;19850514000;19653266666;20153266666;1400;1388
2303;19850719000;19653266666;20153266666;1400;1388
2304;19850724000;19653266666;20153266666;1398;1386
2305;19850915000;19653266666;20153266666;1400;1388
2306;19850920000;19653266666;20153266666;1398;1386
2307;19851128000;19653266666;20153266666;1400;1388
2308;19851133000;19653266666;20153266666;1400;1388
2309;19851331000;19653288888;20153288888;982;970
2310;19891773000;19653588888;20153588888;1398;1386
2310;19891802000;19653588888;20153588888;1398;1386
2311;19891812000;19653588888;20153588888;1400;1388
2312;19891816000;19653588888;20153588888;1398;1386
2313;19891820000;19694933333;20194933333;1400;1388
2314;19891823000;19694933333;20194933333;1400;1388
2315;19891827000;19694933333;20194933333;1398;1386
2316;19891830000;19694933333;20194933333;1400;1388
2317;19891833000;19694933333;20194933333;1398;1386
2318;19891836000;19694933333;20194933333;1400;1388
2319;19891839000;19694933333;20194933333;1400;1388
2320;19891842000;19694955555;20194955555;982;970
2311;19891975000;19653588888;20153588888;1400;1388
2312;19891981000;19653588888;20153588888;1398;1386
2313;19892183000;19694933333;20194933333;1400;1388
2314;19892388000;19694933333;20194933333;1400;1388
2315;19892393000;19694933333;20194933333;1398;1386
2316;19892588000;19694933333;20194933333;1400;1388
2317;19892593000;19694933333;20194933333;1398;1386
2318;19892798000;19694933333;20194933333;1400;1388
2319;19892803000;19694933333;20194933333;1400;1388
2320;19893003000;19694955555;20194955555;982;970
2321;19933476000;19695277777;20195277777;1398;1386
2321;19933532000;19695277777;20195277777;1398;1386
2322;19933549000;19695277777;20195277777;1400;1388
2323;19933553000;19695277777;20195277777;1398;1386
2324;19933556000;19736633333;20236633333;1400;1388
2325;19933560000;19736633333;20236633333;1400;1388
2326;19933563000;19736633333;20236633333;1398;1386
2327;19933567000;19736633333;20236633333;1400;1388
2328;19933570000;19736633333;20236633333;1398;1386
2329;19933573000;19736633333;20236633333;1400;1388
2330;19933576000;19736633333;20236633333;1400;1388
2331;19933579000;19736655555;20236655555;982;970
2322;19933679000;19695277777;20195277777;1400;1388
2323;19933684000;19695277777;20195277777;1398;1386
2324;19933879000;19736633333;20236633333;1400;1388
2325;19934085000;19736633333;20236633333;1400;1388
2326;19934090000;19736633333;20236633333;1398;1386
2327;19934286000;19736633333;20236633333;1400;1388
2328;19934290000;19736633333;20236633333;1398;1386
2329;19934495000;19736633333;20236633333;1400;1388
2330;19934499000;19736633333;20236633333;1400;1388
2331;19934698000;19736655555;20236655555;982;970
2332;19975150000;19736988888;20236988888;1398;1386
2332;19975191000;19736988888;20236988888;1398;1386
2333;19975201000;19736988888;20236988888;1400;1388
2334;19975205000;19736988888;20236988888;1398;1386
2335;19975208000;19778300000;20278300000;1400;1388
2336;19975212000;19778300000;20278300000;1400;1388
2337;19975215000;19778300000;20278300000;1398;1386
2338;19975218000;19778300000;20278300000;1400;1388
2339;19975221000;19778300000;20278300000;1398;1386
2340;19975225000;19778300000;20278300000;1400;1388
2341;19975228000;19778300000;20278300000;1400;1388
2342;19975231000;19778311111;20278311111;982;970
2333;19975348000;19736988888;20236988888;1400;1388
2334;19975354000;19736988888;20236988888;1398;1386
2335;19975549000;19778300000;20278300000;1400;1388
2336;19975755000;19778300000;20278300000;1400;1388
2337;19975760000;19778300000;20278300000;1398;1386
2339;19975952000;19778300000;20278300000;1398;1386
2340;19975956000;19778300000;20278300000;1400;1388
2341;19976158000;19778300000;20278300000;1400;1388
2342;19976162000;19778311111;20278311111;982;970
2343;20016816000;19778622222;20278622222;1398;1386
2343;20016857000;19778622222;20278622222;1398;1386
2344;20016867000;19778622222;20278622222;1400;1388
2345;20016872000;19778622222;20278622222;1398;1386
2346;20016875000;19819966666;20319966666;1400;1388
2347;20016879000;19819966666;20319966666;1400;1388
2348;20016882000;19819966666;20319966666;1398;1386
2349;20016885000;19819966666;20319966666;1400;1388
2350;20016888000;19819966666;20319966666;1398;1386
2351;20016891000;19819966666;20319966666;1400;1388
2352;20016895000;19819966666;20319966666;1400;1388
2353;20016898000;19819988888;20319988888;982;970
2344;20017013000;19778622222;20278622222;1400;1388
2345;20017018000;19778622222;20278622222;1398;1386
2346;20017214000;19819966666;20319966666;1400;1388
2347;20017418000;19819966666;20319966666;1400;1388
2348;20017423000;19819966666;20319966666;1398;1386
2349;20017621000;19819966666;20319966666;1400;1388
2350;20017626000;19819966666;20319966666;1398;1386
2351;20017829000;19819966666;20319966666;1400;1388
2352;20017834000;19819966666;20319966666;1400;1388
2353;20018025000;19819988888;20319988888;982;970
2354;20058491000;19820277777;20320277777;1398;1386
2354;20058524000;19820277777;20320277777;1398;1386
2355;20058533000;19820277777;20320277777;1400;1388
2356;20058537000;19820277777;20320277777;1398;1386
2357;20058541000;19861633333;20361633333;1400;1388
2358;20058544000;19861633333;20361633333;1400;1388
2360;20058547000;19861633333;20361633333;1400;1388
2361;20058554000;19861633333;20361633333;1398;1386
2362;20058561000;19861633333;20361633333;1400;1388
2363;20058565000;19861633333;20361633333;1400;1388
2364;20058569000;19861644444;20361644444;982;970
2355;20058685000;19820277777;20320277777;1400;1388
2356;20058691000;19820277777;20320277777;1398;1386
2357;20058884000;19861633333;20361633333;1400;1388
2358;20059091000;19861633333;20361633333;1400;1388
2359;20059095000;19861633333;20361633333;1398;1386
2360;20059292000;19861633333;20361633333;1400;1388
2361;20059297000;19861633333;20361633333;1398;1386
2362;20059511000;19861633333;20361633333;1400;1388
2363;20059516000;19861633333;20361633333;1400;1388
2364;20059704000;19861644444;20361644444;982;970
2365;20100184000;19861977777;20361977777;1398;1386
2365;20100254000;19861977777;20361977777;1398;1386
2366;20100269000;19861977777;20361977777;1400;1388
2367;20100274000;19861977777;20361977777;1398;1386
2370;20100278000;19903300000;20403300000;1398;1386
2371;20100289000;19903300000;20403300000;1400;1388
2372;20100303000;19903300000;20403300000;1398;1386
2373;20100317000;19903300000;20403300000;1400;1388
2374;20100321000;19903300000;20403300000;1400;1388
2375;20100325000;19903311111;20403311111;982;970
2366;20100346000;19861977777;20361977777;1400;1388
2367;20100547000;19861977777;20361977777;1398;1386
2368;20100556000;19903300000;20403300000;1400;1388
2369;20100752000;19903300000;20403300000;1400;1388
2370;20100777000;19903300000;20403300000;1398;1386
2371;20100956000;19903300000;20403300000;1400;1388
2372;20100964000;19903300000;20403300000;1398;1386
2373;20101147000;19903300000;20403300000;1400;1388
2374;20101349000;19903300000;20403300000;1400;1388
2375;20101357000;19903311111;20403311111;982;970
2376;20141857000;19903611111;20403611111;1398;1386
2376;20141937000;19903611111;20403611111;1398;1386
2377;20141951000;19903611111;20403611111;1400;1388
2378;20141956000;19903611111;20403611111;1398;1386
2379;20141960000;19944966666;20444966666;1400;1388
2380;20141964000;19944966666;20444966666;1400;1388
2381;20141968000;19944966666;20444966666;1398;1386
2382;20141972000;19944966666;20444966666;1400;1388
2383;20141986000;19944966666;20444966666;1398;1386
2384;20141989000;19944966666;20444966666;1400;1388
2385;20141993000;19944966666;20444966666;1400;1388
2386;20141996000;19944977777;20444977777;982;970
2377;20142025000;19903611111;20403611111;1400;1388
2378;20142234000;19903611111;20403611111;1398;1386
2379;20142243000;19944966666;20444966666;1400;1388
2380;20142437000;19944966666;20444966666;1400;1388
2381;20142446000;19944966666;20444966666;1398;1386
2382;20142639000;19944966666;20444966666;1400;1388
2383;20142648000;19944966666;20444966666;1398;1386
2384;20142848000;19944966666;20444966666;1400;1388
2385;20142856000;19944966666;20444966666;1400;1388
2386;20143065000;19944977777;20444977777;982;970
2387;20183493000;19945277777;20445277777;1398;1386
2387;20183525000;19945277777;20445277777;1398;1386
2388;20183535000;19945277777;20445277777;1400;1388
2389;20183540000;19945277777;20445277777;1398;1386
2390;20183543000;19986633333;20486633333;1400;1388
2391;20183547000;19986633333;20486633333;1400;1388
2392;20183550000;19986633333;20486633333;1398;1386
2393;20183553000;19986633333;20486633333;1400;1388
2394;20183557000;19986633333;20486633333;1398;1386
2395;20183560000;19986633333;20486633333;1400;1388
2396;20183563000;19986633333;20486633333;1400;1388
2397;20183567000;19986655555;20486655555;982;970
2388;20183690000;19945277777;20445277777;1400;1388
2389;20183696000;19945277777;20445277777;1398;1386
2390;20183887000;19986633333;20486633333;1400;1388
2391;20184093000;19986633333;20486633333;1400;1388
2392;20184098000;19986633333;20486633333;1398;1386
2393;20184294000;19986633333;20486633333;1400;1388
2394;20184299000;19986633333;20486633333;1398;1386
2395;20184502000;19986633333;20486633333;1400;1388
2396;20184507000;19986633333;20486633333;1400;1388
2397;20184706000;19986655555;20486655555;982;970
2398;20225164000;19986966666;20486966666;1398;1386
2398;20225191000;19986966666;20486966666;1398;1386
2399;20225200000;19986966666;20486966666;1400;1388
2400;20225205000;19986966666;20486966666;1398;1386
2401;20225209000;20028300000;20528300000;1400;1388
2402;20225212000;20028300000;20528300000;1400;1388
2403;20225216000;20028300000;20528300000;1398;1386
2404;20225219000;20028300000;20528300000;1400;1388
2405;20225223000;20028300000;20528300000;1398;1386
2406;20225226000;20028300000;20528300000;1400;1388
2407;20225229000;20028300000;20528300000;1400;1388
2408;20225232000;20028311111;20528311111;982;970
2399;20225357000;19986966666;20486966666;1400;1388
2400;20225380000;19986966666;20486966666;1398;1386
2401;20225567000;20028300000;20528300000;1400;1388
2402;20225761000;20028300000;20528300000;1400;1388
2403;20225766000;20028300000;20528300000;1398;1386
2404;20225960000;20028300000;20528300000;1400;1388
2405;20225965000;20028300000;20528300000;1398;1386
2406;20226173000;20028300000;20528300000;1400;1388
2407;20226178000;20028300000;20528300000;1400;1388
2408;20226375000;20028311111;20528311111;982;970
2409;20266841000;20028600000;20528600000;1398;1386
2409;20266869000;20028600000;20528600000;1398;1386
2410;20266888000;20028600000;20528600000;1400;1388
2411;20266892000;20028600000;20528600000;1398;1386
2412;20266896000;20069966666;20569966666;1400;1388
2413;20266899000;20069966666;20569966666;1400;1388
2414;20266903000;20069966666;20569966666;1398;1386
2415;20266906000;20069966666;20569966666;1400;1388
2416;20266909000;20069966666;20569966666;1398;1386
2417;20266913000;20069966666;20569966666;1400;1388
2418;20266916000;20069966666;20569966666;1400;1388
2419;20266919000;20069988888;20569988888;982;970
2410;20267024000;20028600000;20528600000;1400;1388
2411;20267030000;20028600000;20528600000;1398;1386
2412;20267225000;20069966666;20569966666;1400;1388
2413;20267431000;20069966666;20569966666;1400;1388
2415;20267435000;20069966666;20569966666;1400;1388
2416;20267631000;20069966666;20569966666;1398;1386
2417;20267636000;20069966666;20569966666;1400;1388
2418;20267834000;20069966666;20569966666;1400;1388
2419;20267838000;20069988888;20569988888;982;970
2420;20308493000;20070277777;20570277777;1398;1386
2420;20308511000;20070277777;20570277777;1398;1386
2421;20308531000;20070277777;20570277777;1400;1388
2422;20308536000;20070277777;20570277777;1398;1386
2423;20308539000;20111633333;20611633333;1400;1388
2424;20308543000;20111633333;20611633333;1400;1388
2425;20308546000;20111633333;20611633333;1398;1386
2426;20308549000;20111633333;20611633333;1400;1388
2427;20308552000;20111633333;20611633333;1398;1386
2428;20308555000;20111633333;20611633333;1400;1388
2429;20308558000;20111633333;20611633333;1400;1388
2430;20308561000;20111655555;20611655555;982;970
2421;20308704000;20070277777;20570277777;1400;1388
2422;20308713000;20070277777;20570277777;1398;1386
2423;20308908000;20111633333;20611633333;1400;1388
2424;20309110000;20111633333;20611633333;1400;1388
2425;20309118000;20111633333;20611633333;1398;1386
2426;20309312000;20111633333;20611633333;1400;1388
2427;20309321000;20111633333;20611633333;1398;1386
2428;20309519000;20111633333;20611633333;1400;1388
2429;20309528000;20111633333;20611633333;1400;1388
2430;20309722000;20111655555;20611655555;982;970
2431;20350169000;20111966666;20611966666;1398;1386
2431;20350205000;20111966666;20611966666;1398;1386
2432;20350215000;20111966666;20611966666;1400;1388
2433;20350220000;20111966666;20611966666;1398;1386
2434;20350223000;20153300000;20653300000;1400;1388
2435;20350227000;20153300000;20653300000;1400;1388
2436;20350230000;20153300000;20653300000;1398;1386
2437;20350233000;20153300000;20653300000;1400;1388
2438;20350236000;20153300000;20653300000;1398;1386
2439;20350239000;20153300000;20653300000;1400;1388
2440;20350242000;20153300000;20653300000;1400;1388
2441;20350245000;20153322222;20653322222;982;970
2432;20350368000;20111966666;20611966666;1400;1388
2433;20350375000;20111966666;20611966666;1398;1386
2434;20350563000;20153300000;20653300000;1400;1388
2435;20350769000;20153300000;20653300000;1400;1388
2436;20350774000;20153300000;20653300000;1398;1386
2437;20350967000;20153300000;20653300000;1400;1388
2438;20350971000;20153300000;20653300000;1398;1386
2439;20351179000;20153300000;20653300000;1400;1388
2440;20351184000;20153300000;20653300000;1400;1388
2441;20351384000;20153322222;20653322222;982;970
2442;20391844000;20153622222;20653622222;1398;1386
2442;20391886000;20153622222;20653622222;1398;1386
2443;20391895000;20153622222;20653622222;1400;1388
2444;20391899000;20153622222;20653622222;1398;1386
2445;20391903000;20194966666;20694966666;1400;1388
2446;20391906000;20194966666;20694966666;1400;1388
2447;20391910000;20194966666;20694966666;1398;1386
2448;20391921000;20194966666;20694966666;1400;1388
2449;20391925000;20194966666;20694966666;1398;1386
2450;20391928000;20194966666;20694966666;1400;1388
2451;20391932000;20194966666;20694966666;1400;1388
2452;20391935000;20194988888;20694988888;982;970
2443;20392029000;20153622222;20653622222;1400;1388
2444;20392034000;20153622222;20653622222;1398;1386
2445;20392227000;20194966666;20694966666;1400;1388
2446;20392434000;20194966666;20694966666;1400;1388
2447;20392439000;20194966666;20694966666;1398;1386
2448;20392634000;20194966666;20694966666;1400;1388
2449;20392639000;20194966666;20694966666;1398;1386
2450;20392843000;20194966666;20694966666;1400;1388
2451;20392848000;20194966666;20694966666;1400;1388
2452;20393053000;20194988888;20694988888;982;970
2453;20433467000;20195300000;20695300000;1398;1386
2453;20433495000;20195300000;20695300000;1398;1386
2454;20433504000;20195300000;20695300000;1400;1388
2455;20433508000;20195300000;20695300000;1398;1386
2456;20433512000;20236633333;20736633333;1400;1388
2457;20433515000;20236633333;20736633333;1400;1388
2458;20433519000;20236633333;20736633333;1398;1386
2459;20433522000;20236633333;20736633333;1400;1388
2460;20433525000;20236633333;20736633333;1398;1386
2461;20433528000;20236633333;20736633333;1400;1388
2462;20433531000;20236633333;20736633333;1400;1388
2463;20433535000;20236655555;20736655555;982;970
2454;20433676000;20195300000;20695300000;1400;1388
2455;20433681000;20195300000;20695300000;1398;1386
2456;20433876000;20236633333;20736633333;1400;1388
2457;20434081000;20236633333;20736633333;1400;1388
2458;20434086000;20236633333;20736633333;1398;1386
2459;20434282000;20236633333;20736633333;1400;1388
2460;20434286000;20236633333;20736633333;1398;1386
2461;20434491000;20236633333;20736633333;1400;1388
2462;20434495000;20236633333;20736633333;1400;1388
2463;20434695000;20236655555;20736655555;982;970
2464;20475134000;20236966666;20736966666;1398;1386
2464;20475195000;20236966666;20736966666;1398;1386
2465;20475205000;20236966666;20736966666;1400;1388
2466;20475209000;20236966666;20736966666;1398;1386
2467;20475213000;20278300000;20778300000;1400;1388
2468;20475217000;20278300000;20778300000;1400;1388
2469;20475220000;20278300000;20778300000;1398;1386
2470;20475223000;20278300000;20778300000;1400;1388
2471;20475226000;20278300000;20778300000;1398;1386
2472;20475229000;20278300000;20778300000;1400;1388
2473;20475233000;20278300000;20778300000;1400;1388
2474;20475236000;20278311111;20778311111;982;970
2465;20475327000;20236966666;20736966666;1400;1388
2466;20475333000;20236966666;20736966666;1398;1386
2467;20475526000;20278300000;20778300000;1400;1388
2468;20475732000;20278300000;20778300000;1400;1388
2469;20475737000;20278300000;20778300000;1398;1386
2470;20475930000;20278300000;20778300000;1400;1388
2471;20475934000;20278300000;20778300000;1398;1386
2472;20476131000;20278300000;20778300000;1400;1388
2473;20476346000;20278300000;20778300000;1400;1388
2474;20476350000;20278311111;20778311111;982;970
2475;20516848000;20278611111;20778611111;1398;1386
2475;20516925000;20278611111;20778611111;1398;1386
2476;20516940000;20278611111;20778611111;1400;1388
2477;20516945000;20278611111;20778611111;1398;1386
2478;20516958000;20319966666;20819966666;1400;1388
2479;20516962000;20319966666;20819966666;1400;1388
2480;20516966000;20319966666;20819966666;1398;1386
2481;20516980000;20319966666;20819966666;1400;1388
2476;20516992000;20278611111;20778611111;1400;1388
2482;20517065000;20319966666;20819966666;1398;1386
2483;20517079000;20319966666;20819966666;1400;1388
2484;20517084000;20319966666;20819966666;1400;1388
2485;20517087000;20319988888;20819988888;982;970
2477;20517211000;20278611111;20778611111;1398;1386
2478;20517221000;20319966666;20819966666;1400;1388
2479;20517411000;20319966666;20819966666;1400;1388
2480;20517419000;20319966666;20819966666;1398;1386
2481;20517614000;20319966666;20819966666;1400;1388
2482;20517622000;20319966666;20819966666;1398;1386
2483;20517821000;20319966666;20819966666;1400;1388
2484;20517829000;20319966666;20819966666;1400;1388
2485;20518024000;20319988888;20819988888;982;970
2486;20558477000;20320255555;20820255555;1398;1386
2486;20558499000;20320255555;20820255555;1398;1386
2487;20558519000;20320255555;20820255555;1400;1388
2488;20558523000;20320255555;20820255555;1398;1386
2489;20558527000;20361633333;20861633333;1400;1388
2490;20558530000;20361633333;20861633333;1400;1388
2491;20558534000;20361633333;20861633333;1398;1386
2492;20558537000;20361633333;20861633333;1400;1388
2493;20558540000;20361633333;20861633333;1398;1386
2494;20558543000;20361633333;20861633333;1400;1388
2495;20558546000;20361633333;20861633333;1400;1388
2496;20558550000;20361655555;20861655555;982;970
2487;20558675000;20320255555;20820255555;1400;1388
2488;20558684000;20320255555;20820255555;1398;1386
2489;20558877000;20361633333;20861633333;1400;1388
2490;20559070000;20361633333;20861633333;1400;1388
2491;20559076000;20361633333;20861633333;1398;1386
2492;20559270000;20361633333;20861633333;1400;1388
2493;20559275000;20361633333;20861633333;1398;1386
2494;20559478000;20361633333;20861633333;1400;1388
2495;20559482000;20361633333;20861633333;1400;1388
2496;20559681000;20361655555;20861655555;982;970
2497;20600144000;20361955555;20861955555;1398;1386
2497;20600169000;20361955555;20861955555;1398;1386
2498;20600188000;20361955555;20861955555;1400;1388
2499;20600193000;20361955555;20861955555;1398;1386
2500;20600196000;20403311111;20903311111;1400;1388
2501;20600200000;20403311111;20903311111;1400;1388
2502;20600204000;20403311111;20903311111;1398;1386
2503;20600207000;20403311111;20903311111;1400;1388
2504;20600210000;20403311111;20903311111;1398;1386
2505;20600213000;20403311111;20903311111;1400;1388
2506;20600216000;20403311111;20903311111;1400;1388
2507;20600219000;20403333333;20903333333;982;970
2498;20600344000;20361955555;20861955555;1400;1388
2499;20600350000;20361955555;20861955555;1398;1386
2500;20600542000;20403311111;20903311111;1400;1388
2501;20600746000;20403311111;20903311111;1400;1388
2502;20600752000;20403311111;20903311111;1398;1386
2503;20600947000;20403311111;20903311111;1400;1388
2504;20600952000;20403311111;20903311111;1398;1386
2505;20601157000;20403311111;20903311111;1400;1388
2506;20601161000;20403311111;20903311111;1400;1388
2507;20601360000;20403333333;20903333333;982;970
2508;20641795000;20403633333;20903633333;1398;1386
2508;20641837000;20403633333;20903633333;1398;1386
2509;20641847000;20403633333;20903633333;1400;1388
2510;20641851000;20403633333;20903633333;1398;1386
2511;20641854000;20444955555;20944955555;1400;1388
2512;20641858000;20444955555;20944955555;1400;1388
2513;20641861000;20444955555;20944955555;1398;1386
2514;20641864000;20444955555;20944955555;1400;1388
2515;20641867000;20444955555;20944955555;1398;1386
2516;20641870000;20444955555;20944955555;1400;1388
2517;20641874000;20444955555;20944955555;1400;1388
2518;20641877000;20444977777;20944977777;982;970
2509;20641980000;20403633333;20903633333;1400;1388
2510;20641986000;20403633333;20903633333;1398;1386
2511;20642189000;20444955555;20944955555;1400;1388
2512;20642394000;20444955555;20944955555;1400;1388
2513;20642399000;20444955555;20944955555;1398;1386
2514;20642593000;20444955555;20944955555;1400;1388
2515;20642598000;20444955555;20944955555;1398;1386
2516;20642803000;20444955555;20944955555;1400;1388
2517;20642808000;20444955555;20944955555;1400;1388
2518;20643008000;20444977777;20944977777;982;970
2521;20683445000;20445288888;20945288888;1398;1386
2519;20683484000;20445288888;20945288888;1398;1386
2520;20683512000;20445288888;20945288888;1400;1388
2521;20683523000;20445288888;20945288888;1398;1386
2522;20683529000;20486600000;20986600000;1400;1388
2523;20683533000;20486600000;20986600000;1400;1388
2524;20683537000;20486600000;20986600000;1398;1386
2525;20683549000;20486600000;20986600000;1400;1388
2526;20683553000;20486600000;20986600000;1398;1386
2527;20683556000;20486600000;20986600000;1400;1388
2528;20683559000;20486600000;20986600000;1400;1388
2529;20683562000;20486622222;20986622222;982;970
2522;20683636000;20486600000;20986600000;1400;1388
2523;20683642000;20486600000;20986600000;1400;1388
2524;20683853000;20486600000;20986600000;1398;1386
2525;20684050000;20486600000;20986600000;1400;1388
2526;20684054000;20486600000;20986600000;1398;1386
2527;20684248000;20486600000;20986600000;1400;1388
2528;20684253000;20486600000;20986600000;1400;1388
2529;20684457000;20486622222;20986622222;982;970
2530;20725143000;20486944444;20986944444;1398;1386
2530;20725160000;20486944444;20986944444;1398;1386
2531;20725180000;20486944444;20986944444;1400;1388
2532;20725184000;20486944444;20986944444;1398;1386
2533;20725188000;20528266666;21028266666;1400;1388
2534;20725192000;20528266666;21028266666;1400;1388
2535;20725195000;20528266666;21028266666;1398;1386
2536;20725199000;20528266666;21028266666;1400;1388
2537;20725202000;20528266666;21028266666;1398;1386
2538;20725205000;20528266666;21028266666;1400;1388
2539;20725208000;20528266666;21028266666;1400;1388
2540;20725211000;20528288888;21028288888;982;970
2531;20725356000;20486944444;20986944444;1400;1388
2532;20725366000;20486944444;20986944444;1398;1386
2533;20725555000;20528266666;21028266666;1400;1388
2534;20725761000;20528266666;21028266666;1400;1388
2535;20725770000;20528266666;21028266666;1398;1386
2536;20725960000;20528266666;21028266666;1400;1388
2537;20725969000;20528266666;21028266666;1398;1386
2538;20726172000;20528266666;21028266666;1400;1388
2539;20726181000;20528266666;21028266666;1400;1388
2542;20766813000;20528600000;21028600000;1400;1388
2541;20766834000;20528600000;21028600000;1398;1386
2542;20766871000;20528600000;21028600000;1400;1388
2543;20766877000;20528600000;21028600000;1398;1386
2544;20766881000;20569933333;21069933333;1400;1388
2545;20766894000;20569933333;21069933333;1400;1388
2546;20766898000;20569933333;21069933333;1398;1386
2547;20766901000;20569933333;21069933333;1400;1388
2548;20766905000;20569933333;21069933333;1398;1386
2549;20766908000;20569933333;21069933333;1400;1388
2550;20766911000;20569933333;21069933333;1400;1388
2551;20766915000;20569955555;21069955555;982;970
2543;20767026000;20528600000;21028600000;1398;1386
2544;20767035000;20569933333;21069933333;1400;1388
2545;20767215000;20569933333;21069933333;1400;1388
2546;20767419000;20569933333;21069933333;1398;1386
2547;20767424000;20569933333;21069933333;1400;1388
2548;20767620000;20569933333;21069933333;1398;1386
2549;20767625000;20569933333;21069933333;1400;1388
2550;20767822000;20569933333;21069933333;1400;1388
2551;20767827000;20569955555;21069955555;982;970
2552;20808484000;20570277777;21070277777;1398;1386
2552;20808516000;20570277777;21070277777;1398;1386
2553;20808526000;20570277777;21070277777;1400;1388
2554;20808530000;20570277777;21070277777;1398;1386
2555;20808533000;20611600000;21111600000;1400;1388
2556;20808537000;20611600000;21111600000;1400;1388
2557;20808540000;20611600000;21111600000;1398;1386
2558;20808543000;20611600000;21111600000;1400;1388
2559;20808546000;20611600000;21111600000;1398;1386
2560;20808549000;20611600000;21111600000;1400;1388
2561;20808552000;20611600000;21111600000;1400;1388
2562;20808555000;20611611111;21111611111;982;970
2553;20808690000;20570277777;21070277777;1400;1388
2554;20808699000;20570277777;21070277777;1398;1386
2555;20808880000;20611600000;21111600000;1400;1388
2556;20809084000;20611600000;21111600000;1400;1388
2557;20809089000;20611600000;21111600000;1398;1386
2558;20809284000;20611600000;21111600000;1400;1388
2559;20809288000;20611600000;21111600000;1398;1386
2560;20809494000;20611600000;21111600000;1400;1388
2561;20809499000;20611600000;21111600000;1400;1388
2562;20809697000;20611611111;21111611111;982;970
2563;20850166000;20611911111;21111911111;1398;1386
2563;20850189000;20611911111;21111911111;1398;1386
2565;20850209000;20611911111;21111911111;1398;1386
2566;20850217000;20653266666;21153266666;1400;1388
2567;20850224000;20653266666;21153266666;1400;1388
2568;20850228000;20653266666;21153266666;1398;1386
2569;20850231000;20653266666;21153266666;1400;1388
2570;20850235000;20653266666;21153266666;1398;1386
2571;20850238000;20653266666;21153266666;1400;1388
2572;20850241000;20653266666;21153266666;1400;1388
2573;20850244000;20653288888;21153288888;982;970
2564;20850347000;20611911111;21111911111;1400;1388
2565;20850367000;20611911111;21111911111;1398;1386
2566;20850549000;20653266666;21153266666;1400;1388
2567;20850752000;20653266666;21153266666;1400;1388
2568;20850757000;20653266666;21153266666;1398;1386
2569;20850950000;20653266666;21153266666;1400;1388
2570;20850955000;20653266666;21153266666;1398;1386
2571;20851162000;20653266666;21153266666;1400;1388
2572;20851167000;20653266666;21153266666;1400;1388
2573;20851365000;20653288888;21153288888;982;970
2574;20891818000;20653577777;21153577777;1398;1386
2574;20891859000;20653577777;21153577777;1398;1386
2575;20891869000;20653577777;21153577777;1400;1388
2576;20891873000;20653577777;21153577777;1398;1386
2577;20891877000;20694933333;21194933333;1400;1388
2578;20891880000;20694933333;21194933333;1400;1388
2579;20891884000;20694933333;21194933333;1398;1386
2580;20891887000;20694933333;21194933333;1400;1388
2581;20891890000;20694933333;21194933333;1398;1386
2582;20891893000;20694933333;21194933333;1400;1388
2583;20891896000;20694933333;21194933333;1400;1388
2584;20891899000;20694955555;21194955555;982;970
2575;20892016000;20653577777;21153577777;1400;1388
2576;20892022000;20653577777;21153577777;1398;1386
2577;20892216000;20694933333;21194933333;1400;1388
2578;20892421000;20694933333;21194933333;1400;1388
2579;20892426000;20694933333;21194933333;1398;1386
2580;20892623000;20694933333;21194933333;1400;1388
2581;20892628000;20694933333;21194933333;1398;1386
2582;20892831000;20694933333;21194933333;1400;1388
2583;20892836000;20694933333;21194933333;1400;1388
2584;20893035000;20694955555;21194955555;982;970
2585;20933521000;20695266666;21195266666;1398;1386
2585;20933562000;20695266666;21195266666;1398;1386
2586;20933572000;20695266666;21195266666;1400;1388
2587;20933576000;20695266666;21195266666;1398;1386
2588;20933580000;20736633333;21236633333;1400;1388
2589;20933583000;20736633333;21236633333;1400;1388
2590;20933587000;20736633333;21236633333;1398;1386
2591;20933590000;20736633333;21236633333;1400;1388
2592;20933593000;20736633333;21236633333;1398;1386
2593;20933596000;20736633333;21236633333;1400;1388
2594;20933599000;20736633333;21236633333;1400;1388
2595;20933603000;20736644444;21236644444;982;970
2586;20933720000;20695266666;21195266666;1400;1388
2587;20933725000;20695266666;21195266666;1398;1386
2588;20933916000;20736633333;21236633333;1400;1388
2589;20934125000;20736633333;21236633333;1400;1388
2590;20934130000;20736633333;21236633333;1398;1386
2591;20934325000;20736633333;21236633333;1400;1388
2592;20934329000;20736633333;21236633333;1398;1386
2593;20934534000;20736633333;21236633333;1400;1388
2594;20934538000;20736633333;21236633333;1400;1388
2595;20934741000;20736644444;21236644444;982;970
2596;20975185000;20736977777;21236977777;1398;1386
2596;20975227000;20736977777;21236977777;1398;1386
2597;20975237000;20736977777;21236977777;1400;1388
2598;20975241000;20736977777;21236977777;1398;1386
2599;20975244000;20778300000;21278300000;1400;1388
2600;20975248000;20778300000;21278300000;1400;1388
2601;20975251000;20778300000;21278300000;1398;1386
2602;20975254000;20778300000;21278300000;1400;1388
2603;20975257000;20778300000;21278300000;1398;1386
2604;20975261000;20778300000;21278300000;1400;1388
2605;20975264000;20778300000;21278300000;1400;1388
2606;20975267000;20778322222;21278322222;982;970
2597;20975383000;20736977777;21236977777;1400;1388
2598;20975388000;20736977777;21236977777;1398;1386
2599;20975581000;20778300000;21278300000;1400;1388
2600;20975789000;20778300000;21278300000;1400;1388
2601;20975794000;20778300000;21278300000;1398;1386
2602;20975986000;20778300000;21278300000;1400;1388
2603;20975991000;20778300000;21278300000;1398;1386
2604;20976198000;20778300000;21278300000;1400;1388
2605;20976202000;20778300000;21278300000;1400;1388
2606;20976400000;20778322222;21278322222;982;970
2607;21016860000;20778622222;21278622222;1398;1386
2607;21016900000;20778622222;21278622222;1398;1386
2608;21016910000;20778622222;21278622222;1400;1388
2609;21016914000;20778622222;21278622222;1398;1386
2610;21016926000;20819966666;21319966666;1400;1388
2611;21016929000;20819966666;21319966666;1400;1388
2612;21016933000;20819966666;21319966666;1398;1386
2613;21016936000;20819966666;21319966666;1400;1388
2614;21016939000;20819966666;21319966666;1398;1386
2615;21016942000;20819966666;21319966666;1400;1388
2616;21016946000;20819966666;21319966666;1400;1388
2617;21016949000;20819988888;21319988888;982;970
2608;21017057000;20778622222;21278622222;1400;1388
2609;21017063000;20778622222;21278622222;1398;1386
2610;21017249000;20819966666;21319966666;1400;1388
2611;21017454000;20819966666;21319966666;1400;1388
2612;21017459000;20819966666;21319966666;1398;1386
2613;21017656000;20819966666;21319966666;1400;1388
2614;21017661000;20819966666;21319966666;1398;1386
2615;21017865000;20819966666;21319966666;1400;1388
2616;21017870000;20819966666;21319966666;1400;1388
2617;21018062000;20819988888;21319988888;982;970
2618;21058537000;20820288888;21320288888;1398;1386
2618;21058565000;20820288888;21320288888;1398;1386
2619;21058584000;20820288888;21320288888;1400;1388
2620;21058589000;20820288888;21320288888;1398;1386
2621;21058592000;20861633333;21361633333;1400;1388
2622;21058596000;20861633333;21361633333;1400;1388
2623;21058599000;20861633333;21361633333;1398;1386
2624;21058602000;20861633333;21361633333;1400;1388
2625;21058606000;20861633333;21361633333;1398;1386
2626;21058609000;20861633333;21361633333;1400;1388
2627;21058612000;20861633333;21361633333;1400;1388
2628;21058615000;20861644444;21361644444;982;970
2619;21058718000;20820288888;21320288888;1400;1388
2620;21058723000;20820288888;21320288888;1398;1386
2621;21058916000;20861633333;21361633333;1400;1388
2622;21059123000;20861633333;21361633333;1400;1388
2623;21059128000;20861633333;21361633333;1398;1386
2624;21059325000;20861633333;21361633333;1400;1388
2625;21059329000;20861633333;21361633333;1398;1386
2626;21059533000;20861633333;21361633333;1400;1388
2627;21059538000;20861633333;21361633333;1400;1388
2628;21059738000;20861644444;21361644444;982;970
2629;21100188000;20861966666;21361966666;1398;1386
2629;21100229000;20861966666;21361966666;1398;1386
2630;21100239000;20861966666;21361966666;1400;1388
2631;21100243000;20861966666;21361966666;1398;1386
2632;21100246000;20903300000;21403300000;1400;1388
2633;21100250000;20903300000;21403300000;1400;1388
2634;21100253000;20903300000;21403300000;1398;1386
2635;21100267000;20903300000;21403300000;1400;1388
2636;21100270000;20903300000;21403300000;1398;1386
2637;21100273000;20903300000;21403300000;1400;1388
2638;21100277000;20903300000;21403300000;1400;1388
2639;21100280000;20903322222;21403322222;982;970
2630;21100381000;20861966666;21361966666;1400;1388
2631;21100568000;20861966666;21361966666;1398;1386
2632;21100573000;20903300000;21403300000;1400;1388
2633;21100790000;20903300000;21403300000;1400;1388
2634;21100795000;20903300000;21403300000;1398;1386
2635;21100989000;20903300000;21403300000;1400;1388
2636;21100993000;20903300000;21403300000;1398;1386
2637;21101200000;20903300000;21403300000;1400;1388
2638;21101205000;20903300000;21403300000;1400;1388
2639;21101403000;20903322222;21403322222;982;970
2640;21141859000;20903588888;21403588888;1398;1386
2640;21141892000;20903588888;21403588888;1398;1386
2641;21141901000;20903588888;21403588888;1400;1388
2642;21141905000;20903588888;21403588888;1398;1386
2643;21141908000;20944966666;21444966666;1400;1388
2644;21141912000;20944966666;21444966666;1400;1388
2645;21141916000;20944966666;21444966666;1398;1386
2646;21141919000;20944966666;21444966666;1400;1388
2647;21141922000;20944966666;21444966666;1398;1386
2648;21141925000;20944966666;21444966666;1400;1388
2649;21141928000;20944966666;21444966666;1400;1388
2650;21141931000;20944988888;21444988888;982;970
2641;21142053000;20903588888;21403588888;1400;1388
2642;21142058000;20903588888;21403588888;1398;1386
2643;21142255000;20944966666;21444966666;1400;1388
2644;21142459000;20944966666;21444966666;1400;1388
2645;21142464000;20944966666;21444966666;1398;1386
2646;21142660000;20944966666;21444966666;1400;1388
2647;21142664000;20944966666;21444966666;1398;1386
2648;21142871000;20944966666;21444966666;1400;1388
2649;21142875000;20944966666;21444966666;1400;1388
2650;21143073000;20944988888;21444988888;982;970
2651;21183537000;20945266666;21445266666;1398;1386
2651;21183564000;20945266666;21445266666;1398;1386
2652;21183584000;20945266666;21445266666;1400;1388
2653;21183588000;20945266666;21445266666;1398;1386
2654;21183592000;20986633333;21486633333;1400;1388
2655;21183595000;20986633333;21486633333;1400;1388
2656;21183599000;20986633333;21486633333;1398;1386
2657;21183602000;20986633333;21486633333;1400;1388
2658;21183605000;20986633333;21486633333;1398;1386
2659;21183608000;20986633333;21486633333;1400;1388
2660;21183611000;20986633333;21486633333;1400;1388
2661;21183615000;20986655555;21486655555;982;970
2652;21183720000;20945266666;21445266666;1400;1388
2653;21183725000;20945266666;21445266666;1398;1386
2654;21183917000;20986633333;21486633333;1400;1388
2655;21184127000;20986633333;21486633333;1400;1388
2656;21184132000;20986633333;21486633333;1398;1386
2657;21184329000;20986633333;21486633333;1400;1388
2658;21184334000;20986633333;21486633333;1398;1386
2659;21184535000;20986633333;21486633333;1400;1388
2660;21184540000;20986633333;21486633333;1400;1388
2661;21184740000;20986655555;21486655555;982;970
2662;21225195000;20986955555;21486955555;1398;1386
2662;21225231000;20986955555;21486955555;1398;1386
2663;21225241000;20986955555;21486955555;1400;1388
2664;21225245000;20986955555;21486955555;1398;1386
2665;21225248000;21028300000;21528300000;1400;1388
2666;21225252000;21028300000;21528300000;1400;1388
2667;21225255000;21028300000;21528300000;1398;1386
2668;21225259000;21028300000;21528300000;1400;1388
2669;21225262000;21028300000;21528300000;1398;1386
2670;21225265000;21028300000;21528300000;1400;1388
2671;21225269000;21028300000;21528300000;1400;1388
2672;21225272000;21028311111;21528311111;982;970
2663;21225391000;20986955555;21486955555;1400;1388
2664;21225396000;20986955555;21486955555;1398;1386
2665;21225592000;21028300000;21528300000;1400;1388
2666;21225797000;21028300000;21528300000;1400;1388
2667;21225803000;21028300000;21528300000;1398;1386
2668;21225995000;21028300000;21528300000;1400;1388
2669;21225999000;21028300000;21528300000;1398;1386
2671;21226200000;21028300000;21528300000;1400;1388
2672;21226205000;21028311111;21528311111;982;970
2673;21266868000;21028577777;21528577777;1398;1386
2673;21266909000;21028577777;21528577777;1398;1386
2674;21266918000;21028577777;21528577777;1400;1388
2675;21266923000;21028577777;21528577777;1398;1386
2676;21266926000;21069966666;21569966666;1400;1388
2677;21266930000;21069966666;21569966666;1400;1388
2678;21266933000;21069966666;21569966666;1398;1386
2679;21266936000;21069966666;21569966666;1400;1388
2680;21266939000;21069966666;21569966666;1398;1386
2681;21266942000;21069966666;21569966666;1400;1388
2682;21266946000;21069966666;21569966666;1400;1388
2683;21266949000;21069988888;21569988888;982;970
2674;21267060000;21028577777;21528577777;1400;1388
2675;21267066000;21028577777;21528577777;1398;1386
2676;21267260000;21069966666;21569966666;1400;1388
2677;21267468000;21069966666;21569966666;1400;1388
2678;21267473000;21069966666;21569966666;1398;1386
2679;21267666000;21069966666;21569966666;1400;1388
2680;21267671000;21069966666;21569966666;1398;1386
2681;21267876000;21069966666;21569966666;1400;1388
2682;21267880000;21069966666;21569966666;1400;1388
2683;21268079000;21069988888;21569988888;982;970
2684;21308596000;21070255555;21570255555;1398;1386
2684;21308714000;21070255555;21570255555;1398;1386
2685;21308746000;21070255555;21570255555;1400;1388
2686;21308751000;21070255555;21570255555;1398;1386
2687;21308755000;21111644444;21611644444;1400;1388
2688;21308781000;21111644444;21611644444;1400;1388
2685;21308792000;21070255555;21570255555;1400;1388
2689;21308821000;21111644444;21611644444;1398;1386
2690;21308829000;21111644444;21611644444;1400;1388
2691;21308833000;21111644444;21611644444;1398;1386
2692;21308837000;21111644444;21611644444;1400;1388
2693;21308841000;21111644444;21611644444;1400;1388
2694;21308889000;21111666666;21611666666;982;970
2686;21308925000;21070255555;21570255555;1398;1386
2687;21308955000;21111644444;21611644444;1400;1388
2688;21309145000;21111644444;21611644444;1400;1388
2689;21309154000;21111644444;21611644444;1398;1386
2690;21309350000;21111644444;21611644444;1400;1388
2691;21309359000;21111644444;21611644444;1398;1386
2692;21309554000;21111644444;21611644444;1400;1388
2693;21309563000;21111644444;21611644444;1400;1388
2694;21309758000;21111666666;21611666666;982;970
2695;21350217000;21111966666;21611966666;1398;1386
2695;21350252000;21111966666;21611966666;1398;1386
2696;21350262000;21111966666;21611966666;1400;1388
2697;21350266000;21111966666;21611966666;1398;1386
2698;21350270000;21153300000;21653300000;1400;1388
2699;21350273000;21153300000;21653300000;1400;1388
2700;21350277000;21153300000;21653300000;1398;1386
2701;21350280000;21153300000;21653300000;1400;1388
2702;21350284000;21153300000;21653300000;1398;1386
2703;21350287000;21153300000;21653300000;1400;1388
2704;21350290000;21153300000;21653300000;1400;1388
2705;21350294000;21153311111;21653311111;982;970
2696;21350406000;21111966666;21611966666;1400;1388
2697;21350416000;21111966666;21611966666;1398;1386
2698;21350606000;21153300000;21653300000;1400;1388
2699;21350812000;21153300000;21653300000;1400;1388
2700;21350820000;21153300000;21653300000;1398;1386
2701;21351000000;21153300000;21653300000;1400;1388
2702;21351005000;21153300000;21653300000;1398;1386
2703;21351211000;21153300000;21653300000;1400;1388
2704;21351216000;21153300000;21653300000;1400;1388
2705;21351413000;21153311111;21653311111;982;970
2706;21391853000;21153588888;21653588888;1398;1386
2706;21391910000;21153588888;21653588888;1398;1386
2707;21391921000;21153588888;21653588888;1400;1388
2708;21391926000;21153588888;21653588888;1398;1386
2709;21391929000;21194966666;21694966666;1400;1388
2710;21391933000;21194966666;21694966666;1400;1388
2711;21391936000;21194966666;21694966666;1398;1386
2712;21391940000;21194966666;21694966666;1400;1388
2713;21391943000;21194966666;21694966666;1398;1386
2714;21391947000;21194966666;21694966666;1400;1388
2715;21391950000;21194966666;21694966666;1400;1388
2716;21391953000;21194988888;21694988888;982;970
2707;21392062000;21153588888;21653588888;1400;1388
2708;21392068000;21153588888;21653588888;1398;1386
2709;21392262000;21194966666;21694966666;1400;1388
2710;21392468000;21194966666;21694966666;1400;1388
2711;21392473000;21194966666;21694966666;1398;1386
2712;21392668000;21194966666;21694966666;1400;1388
2713;21392672000;21194966666;21694966666;1398;1386
2714;21392877000;21194966666;21694966666;1400;1388
2715;21392881000;21194966666;21694966666;1400;1388
2716;21393080000;21194988888;21694988888;982;970
2717;21433547000;21195277777;21695277777;1398;1386
2717;21433590000;21195277777;21695277777;1398;1386
2718;21433599000;21195277777;21695277777;1400;1388
2719;21433604000;21195277777;21695277777;1398;1386
2720;21433607000;21236633333;21736633333;1400;1388
2721;21433611000;21236633333;21736633333;1400;1388
2722;21433615000;21236633333;21736633333;1398;1386
2723;21433618000;21236633333;21736633333;1400;1388
2724;21433621000;21236633333;21736633333;1398;1386
2725;21433624000;21236633333;21736633333;1400;1388
2726;21433627000;21236633333;21736633333;1400;1388
2727;21433631000;21236644444;21736644444;982;970
2718;21433730000;21195277777;21695277777;1400;1388
2719;21433736000;21195277777;21695277777;1398;1386
2720;21433923000;21236633333;21736633333;1400;1388
2721;21434136000;21236633333;21736633333;1400;1388
2722;21434141000;21236633333;21736633333;1398;1386
2723;21434337000;21236633333;21736633333;1400;1388
2724;21434341000;21236633333;21736633333;1398;1386
2725;21434546000;21236633333;21736633333;1400;1388
2726;21434550000;21236633333;21736633333;1400;1388
2727;21434749000;21236644444;21736644444;982;970
2728;21475182000;21236944444;21736944444;1398;1386
2728;21475214000;21236944444;21736944444;1398;1386
2729;21475224000;21236944444;21736944444;1400;1388
2730;21475228000;21236944444;21736944444;1398;1386
2731;21475231000;21278300000;21778300000;1400;1388
2732;21475251000;21278300000;21778300000;1400;1388
2733;21475255000;21278300000;21778300000;1398;1386
2734;21475258000;21278300000;21778300000;1400;1388
2735;21475261000;21278300000;21778300000;1398;1386
2736;21475264000;21278300000;21778300000;1400;1388
2737;21475268000;21278300000;21778300000;1400;1388
2738;21475271000;21278311111;21778311111;982;970
2729;21475389000;21236944444;21736944444;1400;1388
2730;21475399000;21236944444;21736944444;1398;1386
2731;21475588000;21278300000;21778300000;1400;1388
2732;21475794000;21278300000;21778300000;1400;1388
2733;21475803000;21278300000;21778300000;1398;1386
2734;21475994000;21278300000;21778300000;1400;1388
2735;21476002000;21278300000;21778300000;1398;1386
2736;21476205000;21278300000;21778300000;1400;1388
2737;21476213000;21278300000;21778300000;1400;1388
2738;21476407000;21278311111;21778311111;982;970
2739;21516837000;21278588888;21778588888;1398;1386
2739;21516863000;21278588888;21778588888;1398;1386
2740;21516882000;21278588888;21778588888;1400;1388
2741;21516887000;21278588888;21778588888;1398;1386
2742;21516890000;21319966666;21819966666;1400;1388
2743;21516895000;21319966666;21819966666;1400;1388
2744;21516898000;21319966666;21819966666;1398;1386
2745;21516901000;21319966666;21819966666;1400;1388
2746;21516905000;21319966666;21819966666;1398;1386
2747;21516908000;21319966666;21819966666;1400;1388
2748;21516911000;21319966666;21819966666;1400;1388
2740;21517034000;21278588888;21778588888;1400;1388
2741;21517041000;21278588888;21778588888;1398;1386
2742;21517233000;21319966666;21819966666;1400;1388
2743;21517437000;21319966666;21819966666;1400;1388
2744;21517442000;21319966666;21819966666;1398;1386
2745;21517637000;21319966666;21819966666;1400;1388
2746;21517642000;21319966666;21819966666;1398;1386
2747;21517846000;21319966666;21819966666;1400;1388
2748;21517850000;21319966666;21819966666;1400;1388
2749;21518053000;21319988888;21819988888;982;970
2750;21558504000;21320244444;21820244444;1398;1386
2750;21558537000;21320244444;21820244444;1398;1386
2751;21558546000;21320244444;21820244444;1400;1388
2752;21558550000;21320244444;21820244444;1398;1386
2753;21558553000;21361633333;21861633333;1400;1388
2754;21558557000;21361633333;21861633333;1400;1388
2755;21558560000;21361633333;21861633333;1398;1386
2756;21558563000;21361633333;21861633333;1400;1388
2757;21558567000;21361633333;21861633333;1398;1386
2758;21558570000;21361633333;21861633333;1400;1388
2759;21558573000;21361633333;21861633333;1400;1388
2760;21558576000;21361655555;21861655555;982;970
2751;21558698000;21320244444;21820244444;1400;1388
2752;21558704000;21320244444;21820244444;1398;1386
2753;21558898000;21361633333;21861633333;1400;1388
2754;21559104000;21361633333;21861633333;1400;1388
2755;21559109000;21361633333;21861633333;1398;1386
2756;21559305000;21361633333;21861633333;1400;1388
2757;21559310000;21361633333;21861633333;1398;1386
2758;21559513000;21361633333;21861633333;1400;1388
2759;21559518000;21361633333;21861633333;1400;1388
2760;21559716000;21361655555;21861655555;982;970
2761;21600154000;21361944444;21861944444;1398;1386
2761;21600183000;21361944444;21861944444;1398;1386
2762;21600194000;21361944444;21861944444;1400;1388
2763;21600198000;21361944444;21861944444;1398;1386
2764;21600201000;21403300000;21903300000;1400;1388
2765;21600205000;21403300000;21903300000;1400;1388
2766;21600208000;21403300000;21903300000;1398;1386
2767;21600212000;21403300000;21903300000;1400;1388
2768;21600215000;21403300000;21903300000;1398;1386
2769;21600219000;21403300000;21903300000;1400;1388
2770;21600222000;21403300000;21903300000;1400;1388
2771;21600225000;21403311111;21903311111;982;970
2762;21600330000;21361944444;21861944444;1400;1388
2763;21600533000;21361944444;21861944444;1398;1386
2764;21600538000;21403300000;21903300000;1400;1388
2765;21600737000;21403300000;21903300000;1400;1388
2766;21600741000;21403300000;21903300000;1398;1386
2767;21600942000;21403300000;21903300000;1400;1388
2768;21600946000;21403300000;21903300000;1398;1386
2769;21601146000;21403300000;21903300000;1400;1388
2770;21601351000;21403300000;21903300000;1400;1388
2771;21601364000;21403311111;21903311111;982;970
2772;21641848000;21403588888;21903588888;1398;1386
2772;21641886000;21403588888;21903588888;1398;1386
2773;21641896000;21403588888;21903588888;1400;1388
2774;21641900000;21403588888;21903588888;1398;1386
2775;21641904000;21444977777;21944977777;1400;1388
2776;21641908000;21444977777;21944977777;1400;1388
2777;21641911000;21444977777;21944977777;1398;1386
2778;21641914000;21444977777;21944977777;1400;1388
2779;21641917000;21444977777;21944977777;1398;1386
2780;21641920000;21444977777;21944977777;1400;1388
2781;21641923000;21444977777;21944977777;1400;1388
2782;21641927000;21445000000;21945000000;982;970
2773;21642035000;21403588888;21903588888;1400;1388
2775;21642041000;21444977777;21944977777;1400;1388
2776;21642243000;21444977777;21944977777;1400;1388
2777;21642448000;21444977777;21944977777;1398;1386
2778;21642453000;21444977777;21944977777;1400;1388
2779;21642649000;21444977777;21944977777;1398;1386
2780;21642653000;21444977777;21944977777;1400;1388
2781;21642851000;21444977777;21944977777;1400;1388
2782;21642855000;21445000000;21945000000;982;970
2783;21683492000;21445277777;21945277777;1398;1386
2783;21683528000;21445277777;21945277777;1398;1386
2784;21683537000;21445277777;21945277777;1400;1388
2785;21683542000;21445277777;21945277777;1398;1386
2786;21683545000;21486622222;21986622222;1400;1388
2787;21683549000;21486622222;21986622222;1400;1388
2788;21683552000;21486622222;21986622222;1398;1386
2789;21683555000;21486622222;21986622222;1400;1388
2790;21683558000;21486622222;21986622222;1398;1386
2791;21683562000;21486622222;21986622222;1400;1388
2792;21683565000;21486622222;21986622222;1400;1388
2793;21683568000;21486644444;21986644444;982;970
2784;21683688000;21445277777;21945277777;1400;1388
2785;21683694000;21445277777;21945277777;1398;1386
2786;21683888000;21486622222;21986622222;1400;1388
2787;21684095000;21486622222;21986622222;1400;1388
2788;21684100000;21486622222;21986622222;1398;1386
2789;21684294000;21486622222;21986622222;1400;1388
2790;21684299000;21486622222;21986622222;1398;1386
2791;21684504000;21486622222;21986622222;1400;1388
2792;21684509000;21486622222;21986622222;1400;1388
2793;21684707000;21486644444;21986644444;982;970
2794;21725236000;21486955555;21986955555;1398;1386
2794;21725314000;21486955555;21986955555;1398;1386
2795;21725339000;21486955555;21986955555;1400;1388
2796;21725344000;21486955555;21986955555;1398;1386
2797;21725348000;21528266666;22028266666;1400;1388
2795;21725357000;21486955555;21986955555;1400;1388
2798;21725371000;21528266666;22028266666;1400;1388
2799;21725387000;21528266666;22028266666;1398;1386
2800;21725391000;21528266666;22028266666;1400;1388
2801;21725395000;21528266666;22028266666;1398;1386
2802;21725398000;21528266666;22028266666;1400;1388
2803;21725401000;21528266666;22028266666;1400;1388
2804;21725405000;21528288888;22028288888;982;970
2796;21725597000;21486955555;21986955555;1398;1386
2797;21725607000;21528266666;22028266666;1400;1388
2798;21725791000;21528266666;22028266666;1400;1388
2799;21725800000;21528266666;22028266666;1398;1386
2800;21725989000;21528266666;22028266666;1400;1388
2801;21725998000;21528266666;22028266666;1398;1386
2803;21726195000;21528266666;22028266666;1400;1388
2804;21726204000;21528288888;22028288888;982;970
2805;21766845000;21528577777;22028577777;1398;1386
2805;21766860000;21528577777;22028577777;1398;1386
2806;21766934000;21528577777;22028577777;1400;1388
2807;21766946000;21528577777;22028577777;1398;1386
2809;21766950000;21569933333;22069933333;1400;1388
2810;21766960000;21569933333;22069933333;1398;1386
2811;21766971000;21569933333;22069933333;1400;1388
2812;21766975000;21569933333;22069933333;1398;1386
2813;21766978000;21569933333;22069933333;1400;1388
2814;21766982000;21569933333;22069933333;1400;1388
2806;21767066000;21528577777;22028577777;1400;1388
2807;21767076000;21528577777;22028577777;1398;1386
2808;21767257000;21569933333;22069933333;1400;1388
2809;21767463000;21569933333;22069933333;1400;1388
2810;21767471000;21569933333;22069933333;1398;1386
2811;21767665000;21569933333;22069933333;1400;1388
2812;21767674000;21569933333;22069933333;1398;1386
2813;21767861000;21569933333;22069933333;1400;1388
2814;21767866000;21569933333;22069933333;1400;1388
2815;21768064000;21569955555;22069955555;982;970
2816;21808505000;21570255555;22070255555;1398;1386
2816;21808534000;21570255555;22070255555;1398;1386
2817;21808543000;21570255555;22070255555;1400;1388
2818;21808547000;21570255555;22070255555;1398;1386
2819;21808551000;21611600000;22111600000;1400;1388
2820;21808554000;21611600000;22111600000;1400;1388
2821;21808557000;21611600000;22111600000;1398;1386
2822;21808561000;21611600000;22111600000;1400;1388
2823;21808564000;21611600000;22111600000;1398;1386
2824;21808567000;21611600000;22111600000;1400;1388
2825;21808571000;21611600000;22111600000;1400;1388
2826;21808574000;21611622222;22111622222;982;970
2817;21808715000;21570255555;22070255555;1400;1388
2818;21808721000;21570255555;22070255555;1398;1386
2819;21808914000;21611600000;22111600000;1400;1388
2820;21809120000;21611600000;22111600000;1400;1388
2821;21809125000;21611600000;22111600000;1398;1386
2822;21809319000;21611600000;22111600000;1400;1388
2823;21809324000;21611600000;22111600000;1398;1386
2824;21809529000;21611600000;22111600000;1400;1388
2825;21809534000;21611600000;22111600000;1400;1388
2826;21809732000;21611622222;22111622222;982;970
2827;21850185000;21611911111;22111911111;1398;1386
2827;21850203000;21611911111;22111911111;1398;1386
2828;21850223000;21611911111;22111911111;1400;1388
2829;21850227000;21611911111;22111911111;1398;1386
2830;21850230000;21653266666;22153266666;1400;1388
2831;21850234000;21653266666;22153266666;1400;1388
2832;21850238000;21653266666;22153266666;1398;1386
2833;21850241000;21653266666;22153266666;1400;1388
2834;21850244000;21653266666;22153266666;1398;1386
2835;21850248000;21653266666;22153266666;1400;1388
2836;21850251000;21653266666;22153266666;1400;1388
2837;21850254000;21653288888;22153288888;982;970
2828;21850361000;21611911111;22111911111;1400;1388
2829;21850567000;21611911111;22111911111;1398;1386
2830;21850575000;21653266666;22153266666;1400;1388
2831;21850788000;21653266666;22153266666;1400;1388
2832;21850794000;21653266666;22153266666;1398;1386
2834;21850985000;21653266666;22153266666;1398;1386
2835;21850990000;21653266666;22153266666;1400;1388
2836;21851189000;21653266666;22153266666;1400;1388
2837;21851194000;21653288888;22153288888;982;970
2838;21891864000;21653555555;22153555555;1398;1386
2838;21891892000;21653555555;22153555555;1398;1386
2839;21891912000;21653555555;22153555555;1400;1388
2840;21891916000;21653555555;22153555555;1398;1386
2841;21891919000;21694933333;22194933333;1400;1388
2842;21891923000;21694933333;22194933333;1400;1388
2843;21891926000;21694933333;22194933333;1398;1386
2844;21891930000;21694933333;22194933333;1400;1388
2845;21891933000;21694933333;22194933333;1398;1386
2846;21891936000;21694933333;22194933333;1400;1388
2847;21891939000;21694933333;22194933333;1400;1388
2848;21891943000;21694955555;22194955555;982;970
2839;21892054000;21653555555;22153555555;1400;1388
2840;21892060000;21653555555;22153555555;1398;1386
2841;21892248000;21694933333;22194933333;1400;1388
2842;21892453000;21694933333;22194933333;1400;1388
2843;21892458000;21694933333;22194933333;1398;1386
2844;21892654000;21694933333;22194933333;1400;1388
2845;21892659000;21694933333;22194933333;1398;1386
2846;21892862000;21694933333;22194933333;1400;1388
2847;21892866000;21694933333;22194933333;1400;1388
2848;21893067000;21694955555;22194955555;982;970
2849;21933552000;21695244444;22195244444;1398;1386
2849;21933578000;21695244444;22195244444;1398;1386
2850;21933597000;21695244444;22195244444;1400;1388
2851;21933601000;21695244444;22195244444;1398;1386
2852;21933605000;21736633333;22236633333;1400;1388
2854;21933609000;21736633333;22236633333;1398;1386
2855;21933616000;21736633333;22236633333;1400;1388
2856;21933621000;21736633333;22236633333;1398;1386
2857;21933626000;21736633333;22236633333;1400;1388
2858;21933629000;21736633333;22236633333;1400;1388
2859;21933632000;21736655555;22236655555;982;970
2850;21933745000;21695244444;22195244444;1400;1388
2851;21933751000;21695244444;22195244444;1398;1386
2852;21933938000;21736633333;22236633333;1400;1388
2853;21934151000;21736633333;22236633333;1400;1388
2854;21934170000;21736633333;22236633333;1398;1386
2855;21934354000;21736633333;22236633333;1400;1388
2856;21934359000;21736633333;22236633333;1398;1386
2857;21934560000;21736633333;22236633333;1400;1388
2858;21934565000;21736633333;22236633333;1400;1388
2859;21934764000;21736655555;22236655555;982;970
2860;21975205000;21736955555;22236955555;1398;1386
2860;21975234000;21736955555;22236955555;1398;1386
2862;21975243000;21736955555;22236955555;1398;1386
2863;21975252000;21778300000;22278300000;1400;1388
2864;21975259000;21778300000;22278300000;1400;1388
2865;21975262000;21778300000;22278300000;1398;1386
2866;21975266000;21778300000;22278300000;1400;1388
2867;21975269000;21778300000;22278300000;1398;1386
2868;21975272000;21778300000;22278300000;1400;1388
2869;21975276000;21778300000;22278300000;1400;1388
2870;21975279000;21778311111;22278311111;982;970
2861;21975414000;21736955555;22236955555;1400;1388
2862;21975433000;21736955555;22236955555;1398;1386
2863;21975614000;21778300000;22278300000;1400;1388
2864;21975819000;21778300000;22278300000;1400;1388
2865;21975824000;21778300000;22278300000;1398;1386
2866;21976020000;21778300000;22278300000;1400;1388
2867;21976024000;21778300000;22278300000;1398;1386
2868;21976230000;21778300000;22278300000;1400;1388
2869;21976234000;21778300000;22278300000;1400;1388
2870;21976433000;21778311111;22278311111;982;970
2871;22016890000;21778600000;22278600000;1398;1386
2871;22016932000;21778600000;22278600000;1398;1386
2872;22016941000;21778600000;22278600000;1400;1388
2873;22016945000;21778600000;22278600000;1398;1386
2874;22016949000;21819966666;22319966666;1400;1388
2875;22016952000;21819966666;22319966666;1400;1388
2876;22016955000;21819966666;22319966666;1398;1386
2877;22016959000;21819966666;22319966666;1400;1388
2878;22016962000;21819966666;22319966666;1398;1386
2879;22016965000;21819966666;22319966666;1400;1388
2880;22016969000;21819966666;22319966666;1400;1388
2881;22016972000;21819977777;22319977777;982;970
2872;22017080000;21778600000;22278600000;1400;1388
2873;22017086000;21778600000;22278600000;1398;1386
2874;22017281000;21819966666;22319966666;1400;1388
2875;22017486000;21819966666;22319966666;1400;1388
2876;22017491000;21819966666;22319966666;1398;1386
2877;22017686000;21819966666;22319966666;1400;1388
2878;22017690000;21819966666;22319966666;1398;1386
2879;22017896000;21819966666;22319966666;1400;1388
2880;22017901000;21819966666;22319966666;1400;1388
2881;22018100000;21819977777;22319977777;982;970
2882;22058567000;21820255555;22320255555;1398;1386
2882;22058595000;21820255555;22320255555;1398;1386
2883;22058614000;21820255555;22320255555;1400;1388
2884;22058618000;21820255555;22320255555;1398;1386
2885;22058622000;21861633333;22361633333;1400;1388
2886;22058625000;21861633333;22361633333;1400;1388
2887;22058628000;21861633333;22361633333;1398;1386
2888;22058631000;21861633333;22361633333;1400;1388
2889;22058635000;21861633333;22361633333;1398;1386
2890;22058638000;21861633333;22361633333;1400;1388
2891;22058641000;21861633333;22361633333;1400;1388
2892;22058644000;21861655555;22361655555;982;970
2884;22058751000;21820255555;22320255555;1398;1386
2885;22058757000;21861633333;22361633333;1400;1388
2886;22058945000;21861633333;22361633333;1400;1388
2887;22059157000;21861633333;22361633333;1398;1386
2888;22059162000;21861633333;22361633333;1400;1388
2889;22059357000;21861633333;22361633333;1398;1386
2890;22059362000;21861633333;22361633333;1400;1388
2891;22059560000;21861633333;22361633333;1400;1388
2892;22059564000;21861655555;22361655555;982;970
2893;22100221000;21861955555;22361955555;1398;1386
2893;22100262000;21861955555;22361955555;1398;1386
2894;22100272000;21861955555;22361955555;1400;1388
2895;22100276000;21861955555;22361955555;1398;1386
2896;22100279000;21903300000;22403300000;1400;1388
2897;22100283000;21903300000;22403300000;1400;1388
2898;22100295000;21903300000;22403300000;1398;1386
2899;22100298000;21903300000;22403300000;1400;1388
2900;22100302000;21903300000;22403300000;1398;1386
2901;22100305000;21903300000;22403300000;1400;1388
2902;22100308000;21903300000;22403300000;1400;1388
2903;22100311000;21903322222;22403322222;982;970
2894;22100422000;21861955555;22361955555;1400;1388
2895;22100428000;21861955555;22361955555;1398;1386
2896;22100620000;21903300000;22403300000;1400;1388
2897;22100826000;21903300000;22403300000;1400;1388
2898;22100831000;21903300000;22403300000;1398;1386
2899;22101026000;21903300000;22403300000;1400;1388
2900;22101030000;21903300000;22403300000;1398;1386
2901;22101237000;21903300000;22403300000;1400;1388
2902;22101242000;21903300000;22403300000;1400;1388
2903;22101440000;21903322222;22403322222;982;970
2904;22141902000;21903577777;22403577777;1398;1386
2904;22141935000;21903577777;22403577777;1398;1386
2905;22141954000;21903577777;22403577777;1400;1388
2906;22141958000;21903577777;22403577777;1398;1386
2907;22141962000;21944966666;22444966666;1400;1388
2908;22141965000;21944966666;22444966666;1400;1388
2909;22141968000;21944966666;22444966666;1398;1386
2910;22141972000;21944966666;22444966666;1400;1388
2911;22141975000;21944966666;22444966666;1398;1386
2912;22141978000;21944966666;22444966666;1400;1388
2913;22141981000;21944966666;22444966666;1400;1388
2914;22141984000;21944988888;22444988888;982;970
2905;22142086000;21903577777;22403577777;1400;1388
2906;22142091000;21903577777;22403577777;1398;1386
2907;22142285000;21944966666;22444966666;1400;1388
2908;22142491000;21944966666;22444966666;1400;1388
2909;22142495000;21944966666;22444966666;1398;1386
2910;22142692000;21944966666;22444966666;1400;1388
2911;22142697000;21944966666;22444966666;1398;1386
2912;22142900000;21944966666;22444966666;1400;1388
2913;22142905000;21944966666;22444966666;1400;1388
2914;22143105000;21944988888;22444988888;982;970
2915;22183569000;21945244444;22445244444;1398;1386
2915;22183597000;21945244444;22445244444;1398;1386
2916;22183616000;21945244444;22445244444;1400;1388
2917;22183620000;21945244444;22445244444;1398;1386
2918;22183623000;21986633333;22486633333;1400;1388
2919;22183627000;21986633333;22486633333;1400;1388
2920;22183630000;21986633333;22486633333;1398;1386
2921;22183633000;21986633333;22486633333;1400;1388
2922;22183636000;21986633333;22486633333;1398;1386
2923;22183639000;21986633333;22486633333;1400;1388
2924;22183642000;21986633333;22486633333;1400;1388
2925;22183646000;21986655555;22486655555;982;970
2916;22183754000;21945244444;22445244444;1400;1388
2917;22183760000;21945244444;22445244444;1398;1386
2918;22183948000;21986633333;22486633333;1400;1388
2919;22184160000;21986633333;22486633333;1400;1388
2920;22184165000;21986633333;22486633333;1398;1386
2921;22184361000;21986633333;22486633333;1400;1388
2922;22184365000;21986633333;22486633333;1398;1386
2923;22184570000;21986633333;22486633333;1400;1388
2924;22184575000;21986633333;22486633333;1400;1388
2925;22184773000;21986655555;22486655555;982;970
2926;22225217000;21986933333;22486933333;1398;1386
2926;22225261000;21986933333;22486933333;1398;1386
2927;22225270000;21986933333;22486933333;1400;1388
2928;22225274000;21986933333;22486933333;1398;1386
2929;22225278000;22028300000;22528300000;1400;1388
2930;22225281000;22028300000;22528300000;1400;1388
2931;22225285000;22028300000;22528300000;1398;1386
2932;22225288000;22028300000;22528300000;1400;1388
2933;22225291000;22028300000;22528300000;1398;1386
2934;22225295000;22028300000;22528300000;1400;1388
2935;22225298000;22028300000;22528300000;1400;1388
2936;22225301000;22028311111;22528311111;982;970
2927;22225400000;21986933333;22486933333;1400;1388
2928;22225405000;21986933333;22486933333;1398;1386
2929;22225601000;22028300000;22528300000;1400;1388
2930;22225806000;22028300000;22528300000;1400;1388
2931;22225811000;22028300000;22528300000;1398;1386
2932;22226004000;22028300000;22528300000;1400;1388
2933;22226008000;22028300000;22528300000;1398;1386
2934;22226216000;22028300000;22528300000;1400;1388
2935;22226221000;22028300000;22528300000;1400;1388
2936;22226421000;22028311111;22528311111;982;970
2937;22266856000;22028566666;22528566666;1398;1386
2937;22266897000;22028566666;22528566666;1398;1386
2938;22266907000;22028566666;22528566666;1400;1388
2939;22266911000;22028566666;22528566666;1398;1386
2940;22266914000;22069966666;22569966666;1400;1388
2941;22266918000;22069966666;22569966666;1400;1388
2942;22266921000;22069966666;22569966666;1398;1386
2943;22266924000;22069966666;22569966666;1400;1388
2944;22266927000;22069966666;22569966666;1398;1386
2945;22266931000;22069966666;22569966666;1400;1388
2946;22266934000;22069966666;22569966666;1400;1388
2947;22266937000;22069977777;22569977777;982;970
2938;22267055000;22028566666;22528566666;1400;1388
2939;22267060000;22028566666;22528566666;1398;1386
2940;22267255000;22069966666;22569966666;1400;1388
2941;22267461000;22069966666;22569966666;1400;1388
2942;22267466000;22069966666;22569966666;1398;1386
2943;22267661000;22069966666;22569966666;1400;1388
2944;22267666000;22069966666;22569966666;1398;1386
2945;22267871000;22069966666;22569966666;1400;1388
2946;22267876000;22069966666;22569966666;1400;1388
2947;22268075000;22069977777;22569977777;982;970
2948;22308524000;22070233333;22570233333;1398;1386
2948;22308558000;22070233333;22570233333;1398;1386
2949;22308567000;22070233333;22570233333;1400;1388
2950;22308572000;22070233333;22570233333;1398;1386
2952;22308575000;22111633333;22611633333;1400;1388
2953;22308583000;22111633333;22611633333;1398;1386
2954;22308589000;22111633333;22611633333;1400;1388
2955;22308593000;22111633333;22611633333;1398;1386
2956;22308596000;22111633333;22611633333;1400;1388
2957;22308600000;22111633333;22611633333;1400;1388
2958;22308603000;22111655555;22611655555;982;970
2949;22308721000;22070233333;22570233333;1400;1388
2950;22308726000;22070233333;22570233333;1398;1386
2951;22308921000;22111633333;22611633333;1400;1388
2952;22309127000;22111633333;22611633333;1400;1388
2953;22309133000;22111633333;22611633333;1398;1386
2954;22309326000;22111633333;22611633333;1400;1388
2955;22309331000;22111633333;22611633333;1398;1386
2956;22309536000;22111633333;22611633333;1400;1388
2957;22309541000;22111633333;22611633333;1400;1388
2958;22309740000;22111655555;22611655555;982;970
2959;22350195000;22111933333;22611933333;1398;1386
2959;22350236000;22111933333;22611933333;1398;1386
2960;22350245000;22111933333;22611933333;1400;1388
2961;22350249000;22111933333;22611933333;1398;1386
2962;22350253000;22153300000;22653300000;1400;1388
2963;22350256000;22153300000;22653300000;1400;1388
2964;22350260000;22153300000;22653300000;1398;1386
2965;22350263000;22153300000;22653300000;1400;1388
2966;22350266000;22153300000;22653300000;1398;1386
2967;22350269000;22153300000;22653300000;1400;1388
2968;22350273000;22153300000;22653300000;1400;1388
2969;22350276000;22153322222;22653322222;982;970
2960;22350393000;22111933333;22611933333;1400;1388
2961;22350398000;22111933333;22611933333;1398;1386
2962;22350593000;22153300000;22653300000;1400;1388
2963;22350798000;22153300000;22653300000;1400;1388
2964;22350803000;22153300000;22653300000;1398;1386
2965;22350998000;22153300000;22653300000;1400;1388
2966;22351003000;22153300000;22653300000;1398;1386
2967;22351209000;22153300000;22653300000;1400;1388
2968;22351213000;22153300000;22653300000;1400;1388
2969;22351412000;22153322222;22653322222;982;970
2970;22391886000;22153588888;22653588888;1398;1386
2970;22391901000;22153588888;22653588888;1398;1386
2971;22391920000;22153588888;22653588888;1400;1388
2972;22391924000;22153588888;22653588888;1398;1386
2973;22391927000;22194977777;22694977777;1400;1388
2974;22391931000;22194977777;22694977777;1400;1388
2975;22391934000;22194977777;22694977777;1398;1386
2976;22391937000;22194977777;22694977777;1400;1388
2977;22391941000;22194977777;22694977777;1398;1386
2978;22391944000;22194977777;22694977777;1400;1388
2979;22391947000;22194977777;22694977777;1400;1388
2980;22391950000;22195000000;22695000000;982;970
2971;22392085000;22153588888;22653588888;1400;1388
2972;22392090000;22153588888;22653588888;1398;1386
2973;22392284000;22194977777;22694977777;1400;1388
2974;22392491000;22194977777;22694977777;1400;1388
2975;22392496000;22194977777;22694977777;1398;1386
2976;22392692000;22194977777;22694977777;1400;1388
2977;22392696000;22194977777;22694977777;1398;1386
2978;22392899000;22194977777;22694977777;1400;1388
2979;22392904000;22194977777;22694977777;1400;1388
2980;22393106000;22195000000;22695000000;982;970
2981;22433530000;22195277777;22695277777;1398;1386
2981;22433558000;22195277777;22695277777;1398;1386
2982;22433577000;22195277777;22695277777;1400;1388
2983;22433582000;22195277777;22695277777;1398;1386
2984;22433585000;22236622222;22736622222;1400;1388
2985;22433589000;22236622222;22736622222;1400;1388
2986;22433592000;22236622222;22736622222;1398;1386
2987;22433595000;22236622222;22736622222;1400;1388
2988;22433598000;22236622222;22736622222;1398;1386
2989;22433601000;22236622222;22736622222;1400;1388
2990;22433605000;22236622222;22736622222;1400;1388
2991;22433608000;22236644444;22736644444;982;970
2982;22433714000;22195277777;22695277777;1400;1388
2983;22433719000;22195277777;22695277777;1398;1386
2984;22433914000;22236622222;22736622222;1400;1388
2985;22434120000;22236622222;22736622222;1400;1388
2986;22434125000;22236622222;22736622222;1398;1386
2987;22434320000;22236622222;22736622222;1400;1388
2988;22434325000;22236622222;22736622222;1398;1386
2989;22434530000;22236622222;22736622222;1400;1388
2990;22434534000;22236622222;22736622222;1400;1388
2991;22434733000;22236644444;22736644444;982;970
2992;22475153000;22236933333;22736933333;1398;1386
2992;22475181000;22236933333;22736933333;1398;1386
2993;22475190000;22236933333;22736933333;1400;1388
2994;22475194000;22236933333;22736933333;1398;1386
2995;22475198000;22278266666;22778266666;1400;1388
2996;22475202000;22278266666;22778266666;1400;1388
2997;22475205000;22278266666;22778266666;1398;1386
2998;22475208000;22278266666;22778266666;1400;1388
2999;22475212000;22278266666;22778266666;1398;1386
3000;22475215000;22278266666;22778266666;1400;1388
3001;22475219000;22278266666;22778266666;1400;1388
3002;22475222000;22278288888;22778288888;982;970
2993;22475364000;22236933333;22736933333;1400;1388
2994;22475369000;22236933333;22736933333;1398;1386
2995;22475563000;22278266666;22778266666;1400;1388
2996;22475768000;22278266666;22778266666;1400;1388
2997;22475773000;22278266666;22778266666;1398;1386
2998;22475967000;22278266666;22778266666;1400;1388
2999;22475972000;22278266666;22778266666;1398;1386
3000;22476178000;22278266666;22778266666;1400;1388
3001;22476183000;22278266666;22778266666;1400;1388
3002;22476382000;22278288888;22778288888;982;970
3003;22516877000;22278555555;22778555555;1398;1386
3003;22516941000;22278555555;22778555555;1398;1386
3004;22516955000;22278555555;22778555555;1400;1388
3005;22516960000;22278555555;22778555555;1398;1386
3006;22516964000;22319933333;22819933333;1400;1388
3007;22516968000;22319933333;22819933333;1400;1388
3008;22516971000;22319933333;22819933333;1398;1386
3009;22516975000;22319933333;22819933333;1400;1388
3010;22516979000;22319933333;22819933333;1398;1386
3011;22516982000;22319933333;22819933333;1400;1388
3012;22516996000;22319933333;22819933333;1400;1388
3013;22516999000;22319955555;22819955555;982;970
3004;22517023000;22278555555;22778555555;1400;1388
3005;22517244000;22278555555;22778555555;1398;1386
3006;22517253000;22319933333;22819933333;1400;1388
3007;22517450000;22319933333;22819933333;1400;1388
3008;22517459000;22319933333;22819933333;1398;1386
3009;22517649000;22319933333;22819933333;1400;1388
3010;22517657000;22319933333;22819933333;1398;1386
3011;22517857000;22319933333;22819933333;1400;1388
3012;22517865000;22319933333;22819933333;1400;1388
3013;22518061000;22319955555;22819955555;982;970
3014;22558516000;22320211111;22820211111;1398;1386
3014;22558549000;22320211111;22820211111;1398;1386
3015;22558559000;22320211111;22820211111;1400;1388
3016;22558564000;22320211111;22820211111;1398;1386
3017;22558568000;22361600000;22861600000;1400;1388
3018;22558572000;22361600000;22861600000;1400;1388
3019;22558575000;22361600000;22861600000;1398;1386
3020;22558596000;22361600000;22861600000;1400;1388
3021;22558600000;22361600000;22861600000;1398;1386
3022;22558603000;22361600000;22861600000;1400;1388
3023;22558606000;22361600000;22861600000;1400;1388
3024;22558610000;22361622222;22861622222;982;970
3015;22558713000;22320211111;22820211111;1400;1388
3016;22558722000;22320211111;22820211111;1398;1386
3017;22558912000;22361600000;22861600000;1400;1388
3018;22559120000;22361600000;22861600000;1400;1388
3019;22559129000;22361600000;22861600000;1398;1386
3020;22559310000;22361600000;22861600000;1400;1388
3021;22559315000;22361600000;22861600000;1398;1386
3022;22559518000;22361600000;22861600000;1400;1388
3023;22559523000;22361600000;22861600000;1400;1388
3024;22559720000;22361622222;22861622222;982;970
3025;22600205000;22361888888;22861888888;1398;1386
3025;22600242000;22361888888;22861888888;1398;1386
3026;22600252000;22361888888;22861888888;1400;1388
3027;22600256000;22361888888;22861888888;1398;1386
3028;22600259000;22403266666;22903266666;1400;1388
3029;22600263000;22403266666;22903266666;1400;1388
3030;22600266000;22403266666;22903266666;1398;1386
3031;22600270000;22403266666;22903266666;1400;1388
3032;22600273000;22403266666;22903266666;1398;1386
3033;22600276000;22403266666;22903266666;1400;1388
3034;22600280000;22403266666;22903266666;1400;1388
3035;22600283000;22403277777;22903277777;982;970
3026;22600404000;22361888888;22861888888;1400;1388
3027;22600410000;22361888888;22861888888;1398;1386
3028;22600605000;22403266666;22903266666;1400;1388
3029;22600808000;22403266666;22903266666;1400;1388
3030;22600813000;22403266666;22903266666;1398;1386
3031;22601007000;22403266666;22903266666;1400;1388
3032;22601011000;22403266666;22903266666;1398;1386
3033;22601219000;22403266666;22903266666;1400;1388
3034;22601224000;22403266666;22903266666;1400;1388
3035;22601422000;22403277777;22903277777;982;970
3036;22641873000;22403544444;22903544444;1398;1386
3036;22641913000;22403544444;22903544444;1398;1386
3037;22641923000;22403544444;22903544444;1400;1388
3038;22641927000;22403544444;22903544444;1398;1386
3039;22641931000;22444933333;22944933333;1400;1388
3040;22641935000;22444933333;22944933333;1400;1388
3041;22641938000;22444933333;22944933333;1398;1386
3042;22641941000;22444933333;22944933333;1400;1388
3043;22641944000;22444933333;22944933333;1398;1386
3044;22641947000;22444933333;22944933333;1400;1388
3045;22641950000;22444933333;22944933333;1400;1388
3046;22641954000;22444944444;22944944444;982;970
3037;22642065000;22403544444;22903544444;1400;1388
3038;22642071000;22403544444;22903544444;1398;1386
3039;22642271000;22444933333;22944933333;1400;1388
3040;22642478000;22444933333;22944933333;1400;1388
3041;22642483000;22444933333;22944933333;1398;1386
3042;22642679000;22444933333;22944933333;1400;1388
3043;22642684000;22444933333;22944933333;1398;1386
3044;22642887000;22444933333;22944933333;1400;1388
3045;22642891000;22444933333;22944933333;1400;1388
3046;22643091000;22444944444;22944944444;982;970
3047;22683556000;22445211111;22945211111;1398;1386
3047;22683597000;22445211111;22945211111;1398;1386
3048;22683607000;22445211111;22945211111;1400;1388
3049;22683611000;22445211111;22945211111;1398;1386
3050;22683615000;22486600000;22986600000;1400;1388
3051;22683619000;22486600000;22986600000;1400;1388
3052;22683622000;22486600000;22986600000;1398;1386
3053;22683626000;22486600000;22986600000;1400;1388
3054;22683629000;22486600000;22986600000;1398;1386
3055;22683632000;22486600000;22986600000;1400;1388
3056;22683635000;22486600000;22986600000;1400;1388
3057;22683638000;22486611111;22986611111;982;970
3048;22683738000;22445211111;22945211111;1400;1388
3049;22683745000;22445211111;22945211111;1398;1386
3050;22683932000;22486600000;22986600000;1400;1388
3051;22684145000;22486600000;22986600000;1400;1388
3052;22684150000;22486600000;22986600000;1398;1386
3053;22684345000;22486600000;22986600000;1400;1388
3054;22684350000;22486600000;22986600000;1398;1386
3055;22684553000;22486600000;22986600000;1400;1388
3056;22684557000;22486600000;22986600000;1400;1388
3057;22684760000;22486611111;22986611111;982;970
3058;22725241000;22486900000;22986900000;1398;1386
3059;22725262000;22486900000;22986900000;1400;1388
3060;22725266000;22486900000;22986900000;1398;1386
3061;22725279000;22528300000;23028300000;1400;1388
3060;22725292000;22486900000;22986900000;1398;1386
3062;22725362000;22528300000;23028300000;1400;1388
3063;22725385000;22528300000;23028300000;1398;1386
3064;22725390000;22528300000;23028300000;1400;1388
3065;22725393000;22528300000;23028300000;1398;1386
3066;22725397000;22528300000;23028300000;1400;1388
3067;22725400000;22528300000;23028300000;1400;1388
3068;22725404000;22528322222;23028322222;982;970
3061;22725417000;22528300000;23028300000;1400;1388
3062;22725635000;22528300000;23028300000;1400;1388
3063;22725643000;22528300000;23028300000;1398;1386
3064;22725839000;22528300000;23028300000;1400;1388
3065;22725848000;22528300000;23028300000;1398;1386
3066;22726040000;22528300000;23028300000;1400;1388
3067;22726056000;22528300000;23028300000;1400;1388
3068;22726247000;22528322222;23028322222;982;970
3069;22766844000;22528600000;23028600000;1398;1386
3069;22766856000;22528600000;23028600000;1398;1386
3070;22766875000;22528600000;23028600000;1400;1388
3071;22766879000;22528600000;23028600000;1398;1386
3072;22766882000;22569933333;23069933333;1400;1388
3073;22766886000;22569933333;23069933333;1400;1388
3074;22766889000;22569933333;23069933333;1398;1386
3075;22766892000;22569933333;23069933333;1400;1388
3076;22766896000;22569933333;23069933333;1398;1386
3077;22766899000;22569933333;23069933333;1400;1388
3078;22766902000;22569933333;23069933333;1400;1388
3079;22766905000;22569955555;23069955555;982;970
3070;22767060000;22528600000;23028600000;1400;1388
3071;22767069000;22528600000;23028600000;1398;1386
3072;22767253000;22569933333;23069933333;1400;1388
3073;22767458000;22569933333;23069933333;1400;1388
3074;22767467000;22569933333;23069933333;1398;1386
3075;22767651000;22569933333;23069933333;1400;1388
3076;22767656000;22569933333;23069933333;1398;1386
3077;22767857000;22569933333;23069933333;1400;1388
3078;22767862000;22569933333;23069933333;1400;1388
3079;22768061000;22569955555;23069955555;982;970
3080;22808542000;22570244444;23070244444;1398;1386
3080;22808575000;22570244444;23070244444;1398;1386
3081;22808584000;22570244444;23070244444;1400;1388
3082;22808588000;22570244444;23070244444;1398;1386
3083;22808591000;22611633333;23111633333;1400;1388
3084;22808595000;22611633333;23111633333;1400;1388
3085;22808598000;22611633333;23111633333;1398;1386
3086;22808602000;22611633333;23111633333;1400;1388
3087;22808605000;22611633333;23111633333;1398;1386
3088;22808608000;22611633333;23111633333;1400;1388
3089;22808611000;22611633333;23111633333;1400;1388
3090;22808615000;22611644444;23111644444;982;970
3081;22808747000;22570244444;23070244444;1400;1388
3082;22808756000;22570244444;23070244444;1398;1386
3083;22808939000;22611633333;23111633333;1400;1388
3084;22809153000;22611633333;23111633333;1400;1388
3085;22809162000;22611633333;23111633333;1398;1386
3086;22809354000;22611633333;23111633333;1400;1388
3087;22809362000;22611633333;23111633333;1398;1386
3088;22809563000;22611633333;23111633333;1400;1388
3089;22809571000;22611633333;23111633333;1400;1388
3090;22809766000;22611644444;23111644444;982;970
3091;22850232000;22611911111;23111911111;1398;1386
3092;22850254000;22611911111;23111911111;1400;1388
3093;22850258000;22611911111;23111911111;1398;1386
3094;22850272000;22653300000;23153300000;1400;1388
3095;22850275000;22653300000;23153300000;1400;1388
3091;22850287000;22611911111;23111911111;1398;1386
3096;22850350000;22653300000;23153300000;1398;1386
3097;22850363000;22653300000;23153300000;1400;1388
3098;22850367000;22653300000;23153300000;1398;1386
3099;22850370000;22653300000;23153300000;1400;1388
3100;22850374000;22653300000;23153300000;1400;1388
3101;22850387000;22653322222;23153322222;982;970
3092;22850428000;22611911111;23111911111;1400;1388
3093;22850619000;22611911111;23111911111;1398;1386
3094;22850628000;22653300000;23153300000;1400;1388
3095;22850824000;22653300000;23153300000;1400;1388
3096;22850842000;22653300000;23153300000;1398;1386
3097;22851029000;22653300000;23153300000;1400;1388
3098;22851038000;22653300000;23153300000;1398;1386
3099;22851234000;22653300000;23153300000;1400;1388
3100;22851438000;22653300000;23153300000;1400;1388
3101;22851447000;22653322222;23153322222;982;970
3102;22891875000;22653566666;23153566666;1398;1386
3103;22891896000;22653566666;23153566666;1400;1388
3103;22891909000;22653566666;23153566666;1400;1388
3104;22891981000;22653566666;23153566666;1398;1386
3105;22891993000;22694966666;23194966666;1400;1388
3106;22891997000;22694966666;23194966666;1400;1388
3107;22892000000;22694966666;23194966666;1398;1386
3108;22892004000;22694966666;23194966666;1400;1388
3109;22892009000;22694966666;23194966666;1398;1386
3110;22892012000;22694966666;23194966666;1400;1388
3111;22892015000;22694966666;23194966666;1400;1388
3112;22892019000;22694988888;23194988888;982;970
3104;22892096000;22653566666;23153566666;1398;1386
3105;22892105000;22694966666;23194966666;1400;1388
3107;22892288000;22694966666;23194966666;1398;1386
3108;22892493000;22694966666;23194966666;1400;1388
3109;22892501000;22694966666;23194966666;1398;1386
3110;22892692000;22694966666;23194966666;1400;1388
3111;22892700000;22694966666;23194966666;1400;1388
3112;22892901000;22694988888;23194988888;982;970
3113;22933562000;22695255555;23195255555;1398;1386
3113;22933625000;22695255555;23195255555;1398;1386
3114;22933640000;22695255555;23195255555;1400;1388
3115;22933645000;22695255555;23195255555;1398;1386
3116;22933648000;22736600000;23236600000;1400;1388
3117;22933652000;22736600000;23236600000;1400;1388
3118;22933656000;22736600000;23236600000;1398;1386
3119;22933660000;22736600000;23236600000;1400;1388
3120;22933674000;22736600000;23236600000;1398;1386
3121;22933677000;22736600000;23236600000;1400;1388
3122;22933681000;22736600000;23236600000;1400;1388
3123;22933684000;22736622222;23236622222;982;970
3114;22933715000;22695255555;23195255555;1400;1388
3115;22933924000;22695255555;23195255555;1398;1386
3116;22933933000;22736600000;23236600000;1400;1388
3117;22934129000;22736600000;23236600000;1400;1388
3118;22934139000;22736600000;23236600000;1398;1386
3119;22934330000;22736600000;23236600000;1400;1388
3120;22934339000;22736600000;23236600000;1398;1386
3121;22934539000;22736600000;23236600000;1400;1388
3122;22934547000;22736600000;23236600000;1400;1388
3123;22934742000;22736622222;23236622222;982;970
3124;22975175000;22736922222;23236922222;1398;1386
3124;22975192000;22736922222;23236922222;1398;1386
3125;22975265000;22736922222;23236922222;1400;1388
3126;22975278000;22736922222;23236922222;1398;1386
3127;22975282000;22778266666;23278266666;1400;1388
3128;22975286000;22778266666;23278266666;1400;1388
3129;22975289000;22778266666;23278266666;1398;1386
3130;22975292000;22778266666;23278266666;1400;1388
3131;22975296000;22778266666;23278266666;1398;1386
3132;22975299000;22778266666;23278266666;1400;1388
3133;22975303000;22778266666;23278266666;1400;1388
3134;22975306000;22778288888;23278288888;982;970
3125;22975383000;22736922222;23236922222;1400;1388
3126;22975392000;22736922222;23236922222;1398;1386
3127;22975589000;22778266666;23278266666;1400;1388
3128;22975797000;22778266666;23278266666;1400;1388
3129;22975805000;22778266666;23278266666;1398;1386
3130;22975994000;22778266666;23278266666;1400;1388
3131;22976002000;22778266666;23278266666;1398;1386
3132;22976206000;22778266666;23278266666;1400;1388
3133;22976215000;22778266666;23278266666;1400;1388
3134;22976412000;22778288888;23278288888;982;970
3135;23016861000;22778566666;23278566666;1398;1386
3135;23016878000;22778566666;23278566666;1398;1386
3136;23016897000;22778566666;23278566666;1400;1388
3137;23016901000;22778566666;23278566666;1398;1386
3138;23016905000;22819933333;23319933333;1400;1388
3139;23016908000;22819933333;23319933333;1400;1388
3140;23016912000;22819933333;23319933333;1398;1386
3141;23016915000;22819933333;23319933333;1400;1388
3142;23016918000;22819933333;23319933333;1398;1386
3143;23016921000;22819933333;23319933333;1400;1388
3144;23016924000;22819933333;23319933333;1400;1388
3145;23016945000;22819955555;23319955555;982;970
3136;23017060000;22778566666;23278566666;1400;1388
3137;23017070000;22778566666;23278566666;1398;1386
3138;23017248000;22819933333;23319933333;1400;1388
3139;23017453000;22819933333;23319933333;1400;1388
3140;23017458000;22819933333;23319933333;1398;1386
3141;23017652000;22819933333;23319933333;1400;1388
3142;23017657000;22819933333;23319933333;1398;1386
3143;23017863000;22819933333;23319933333;1400;1388
3144;23017868000;22819933333;23319933333;1400;1388
3145;23018060000;22819955555;23319955555;982;970
3146;23058514000;22820233333;23320233333;1398;1386
3146;23058551000;22820233333;23320233333;1398;1386
3147;23058561000;22820233333;23320233333;1400;1388
3148;23058565000;22820233333;23320233333;1398;1386
3149;23058568000;22861600000;23361600000;1400;1388
3150;23058572000;22861600000;23361600000;1400;1388
3151;23058575000;22861600000;23361600000;1398;1386
3152;23058579000;22861600000;23361600000;1400;1388
3153;23058582000;22861600000;23361600000;1398;1386
3154;23058586000;22861600000;23361600000;1400;1388
3155;23058589000;22861600000;23361600000;1400;1388
3156;23058592000;22861611111;23361611111;982;970
3147;23058714000;22820233333;23320233333;1400;1388
3148;23058719000;22820233333;23320233333;1398;1386
3149;23058913000;22861600000;23361600000;1400;1388
3150;23059118000;22861600000;23361600000;1400;1388
3151;23059123000;22861600000;23361600000;1398;1386
3152;23059317000;22861600000;23361600000;1400;1388
3153;23059322000;22861600000;23361600000;1398;1386
3154;23059527000;22861600000;23361600000;1400;1388
3155;23059531000;22861600000;23361600000;1400;1388
3156;23059730000;22861611111;23361611111;982;970
3157;23100225000;22861900000;23361900000;1398;1386
3157;23100257000;22861900000;23361900000;1398;1386
3158;23100266000;22861900000;23361900000;1400;1388
3159;23100271000;22861900000;23361900000;1398;1386
3160;23100274000;22903266666;23403266666;1400;1388
3161;23100278000;22903266666;23403266666;1400;1388
3162;23100281000;22903266666;23403266666;1398;1386
3163;23100284000;22903266666;23403266666;1400;1388
3164;23100288000;22903266666;23403266666;1398;1386
3165;23100291000;22903266666;23403266666;1400;1388
3166;23100294000;22903266666;23403266666;1400;1388
3167;23100297000;22903277777;23403277777;982;970
3158;23100433000;22861900000;23361900000;1400;1388
3159;23100442000;22861900000;23361900000;1398;1386
3160;23100631000;22903266666;23403266666;1400;1388
3161;23100837000;22903266666;23403266666;1400;1388
3162;23100846000;22903266666;23403266666;1398;1386
3163;23101037000;22903266666;23403266666;1400;1388
3164;23101056000;22903266666;23403266666;1398;1386
3165;23101248000;22903266666;23403266666;1400;1388
3166;23101257000;22903266666;23403266666;1400;1388
3167;23101451000;22903277777;23403277777;982;970
3168;23141906000;22903555555;23403555555;1398;1386
3168;23141929000;22903555555;23403555555;1398;1386
3169;23141948000;22903555555;23403555555;1400;1388
3170;23141953000;22903555555;23403555555;1398;1386
3171;23141956000;22944933333;23444933333;1400;1388
3172;23141960000;22944933333;23444933333;1400;1388
3173;23141963000;22944933333;23444933333;1398;1386
3174;23141966000;22944933333;23444933333;1400;1388
3175;23141969000;22944933333;23444933333;1398;1386
3176;23141973000;22944933333;23444933333;1400;1388
3177;23141976000;22944933333;23444933333;1400;1388
3178;23141979000;22944944444;23444944444;982;970
3169;23142086000;22903555555;23403555555;1400;1388
3170;23142093000;22903555555;23403555555;1398;1386
3171;23142285000;22944933333;23444933333;1400;1388
3172;23142490000;22944933333;23444933333;1400;1388
3174;23142494000;22944933333;23444933333;1400;1388
3175;23142691000;22944933333;23444933333;1398;1386
3176;23142696000;22944933333;23444933333;1400;1388
3177;23142892000;22944933333;23444933333;1400;1388
3178;23142897000;22944944444;23444944444;982;970
3179;23183555000;22945211111;23445211111;1398;1386
3179;23183586000;22945211111;23445211111;1398;1386
3180;23183605000;22945211111;23445211111;1400;1388
3181;23183609000;22945211111;23445211111;1398;1386
3182;23183612000;22986600000;23486600000;1400;1388
3183;23183636000;22986600000;23486600000;1400;1388
3184;23183640000;22986600000;23486600000;1398;1386
3185;23183643000;22986600000;23486600000;1400;1388
3186;23183647000;22986600000;23486600000;1398;1386
3189;23183650000;22986611111;23486611111;982;970
3180;23183765000;22945211111;23445211111;1400;1388
3181;23183775000;22945211111;23445211111;1398;1386
3182;23183962000;22986600000;23486600000;1400;1388
3183;23184171000;22986600000;23486600000;1400;1388
3184;23184180000;22986600000;23486600000;1398;1386
3185;23184372000;22986600000;23486600000;1400;1388
3186;23184380000;22986600000;23486600000;1398;1386
3187;23184581000;22986600000;23486600000;1400;1388
3188;23184604000;22986600000;23486600000;1400;1388
3189;23184784000;22986611111;23486611111;982;970
3190;23225224000;22986911111;23486911111;1398;1386
3190;23225238000;22986911111;23486911111;1398;1386
3191;23225257000;22986911111;23486911111;1400;1388
3192;23225261000;22986911111;23486911111;1398;1386
3193;23225264000;23028266666;23528266666;1400;1388
3194;23225268000;23028266666;23528266666;1400;1388
3195;23225271000;23028266666;23528266666;1398;1386
3196;23225275000;23028266666;23528266666;1400;1388
3197;23225278000;23028266666;23528266666;1398;1386
3198;23225281000;23028266666;23528266666;1400;1388
3199;23225284000;23028266666;23528266666;1400;1388
3200;23225287000;23028288888;23528288888;982;970
3191;23225436000;22986911111;23486911111;1400;1388
3192;23225445000;22986911111;23486911111;1398;1386
3193;23225626000;23028266666;23528266666;1400;1388
3194;23225830000;23028266666;23528266666;1400;1388
3195;23225835000;23028266666;23528266666;1398;1386
3196;23226029000;23028266666;23528266666;1400;1388
3197;23226034000;23028266666;23528266666;1398;1386
3198;23226241000;23028266666;23528266666;1400;1388
3199;23226246000;23028266666;23528266666;1400;1388
3200;23226443000;23028288888;23528288888;982;970
3201;23266916000;23028555555;23528555555;1398;1386
3201;23266940000;23028555555;23528555555;1398;1386
3202;23266959000;23028555555;23528555555;1400;1388
3203;23266963000;23028555555;23528555555;1398;1386
3204;23266967000;23069933333;23569933333;1400;1388
3205;23266970000;23069933333;23569933333;1400;1388
3206;23266974000;23069933333;23569933333;1398;1386
3207;23266977000;23069933333;23569933333;1400;1388
3208;23266980000;23069933333;23569933333;1398;1386
3209;23266984000;23069933333;23569933333;1400;1388
3210;23266987000;23069933333;23569933333;1400;1388
3211;23266990000;23069955555;23569955555;982;970
3202;23267097000;23028555555;23528555555;1400;1388
3203;23267103000;23028555555;23528555555;1398;1386
3204;23267295000;23069933333;23569933333;1400;1388
3205;23267500000;23069933333;23569933333;1400;1388
3206;23267505000;23069933333;23569933333;1398;1386
3207;23267701000;23069933333;23569933333;1400;1388
3208;23267706000;23069933333;23569933333;1398;1386
3209;23267910000;23069933333;23569933333;1400;1388
3210;23267914000;23069933333;23569933333;1400;1388
3211;23268116000;23069955555;23569955555;982;970
3212;23308592000;23070255555;23570255555;1398;1386
3212;23308633000;23070255555;23570255555;1398;1386
3213;23308642000;23070255555;23570255555;1400;1388
3214;23308646000;23070255555;23570255555;1398;1386
3215;23308650000;23111633333;23611633333;1400;1388
3216;23308654000;23111633333;23611633333;1400;1388
3217;23308657000;23111633333;23611633333;1398;1386
3218;23308660000;23111633333;23611633333;1400;1388
3219;23308663000;23111633333;23611633333;1398;1386
3220;23308667000;23111633333;23611633333;1400;1388
3221;23308670000;23111633333;23611633333;1400;1388
3222;23308673000;23111655555;23611655555;982;970
3213;23308792000;23070255555;23570255555;1400;1388
3214;23308797000;23070255555;23570255555;1398;1386
3215;23308985000;23111633333;23611633333;1400;1388
3216;23309197000;23111633333;23611633333;1400;1388
3217;23309202000;23111633333;23611633333;1398;1386
3218;23309397000;23111633333;23611633333;1400;1388
3219;23309401000;23111633333;23611633333;1398;1386
3220;23309605000;23111633333;23611633333;1400;1388
3221;23309610000;23111633333;23611633333;1400;1388
3222;23309810000;23111655555;23611655555;982;970
3223;23350250000;23111944444;23611944444;1398;1386
3223;23350291000;23111944444;23611944444;1398;1386
3224;23350301000;23111944444;23611944444;1400;1388
3225;23350305000;23111944444;23611944444;1398;1386
3226;23350309000;23153300000;23653300000;1400;1388
3227;23350313000;23153300000;23653300000;1400;1388
3228;23350316000;23153300000;23653300000;1398;1386
3229;23350319000;23153300000;23653300000;1400;1388
3230;23350322000;23153300000;23653300000;1398;1386
3231;23350325000;23153300000;23653300000;1400;1388
3232;23350328000;23153300000;23653300000;1400;1388
3233;23350331000;23153311111;23653311111;982;970
3224;23350442000;23111944444;23611944444;1400;1388
3225;23350447000;23111944444;23611944444;1398;1386
3226;23350642000;23153300000;23653300000;1400;1388
3227;23350846000;23153300000;23653300000;1400;1388
3228;23350851000;23153300000;23653300000;1398;1386
3229;23351056000;23153300000;23653300000;1400;1388
3230;23351062000;23153300000;23653300000;1398;1386
3231;23351258000;23153300000;23653300000;1400;1388
3232;23351262000;23153300000;23653300000;1400;1388
3233;23351461000;23153311111;23653311111;982;970
3234;23391893000;23153588888;23653588888;1398;1386
3234;23391935000;23153588888;23653588888;1398;1386
3235;23391945000;23153588888;23653588888;1400;1388
3236;23391949000;23153588888;23653588888;1398;1386
3237;23391953000;23194966666;23694966666;1400;1388
3238;23391956000;23194966666;23694966666;1400;1388
3239;23391959000;23194966666;23694966666;1398;1386
3240;23391963000;23194966666;23694966666;1400;1388
3241;23391966000;23194966666;23694966666;1398;1386
3242;23391969000;23194966666;23694966666;1400;1388
3243;23391973000;23194966666;23694966666;1400;1388
3244;23391976000;23194988888;23694988888;982;970
3235;23392093000;23153588888;23653588888;1400;1388
3236;23392098000;23153588888;23653588888;1398;1386
3237;23392291000;23194966666;23694966666;1400;1388
3238;23392497000;23194966666;23694966666;1400;1388
3239;23392502000;23194966666;23694966666;1398;1386
3240;23392697000;23194966666;23694966666;1400;1388
3241;23392701000;23194966666;23694966666;1398;1386
3242;23392907000;23194966666;23694966666;1400;1388
3243;23392912000;23194966666;23694966666;1400;1388
3244;23393111000;23194988888;23694988888;982;970
3245;23433565000;23195277777;23695277777;1398;1386
3245;23433606000;23195277777;23695277777;1398;1386
3246;23433615000;23195277777;23695277777;1400;1388
3247;23433619000;23195277777;23695277777;1398;1386
3248;23433623000;23236633333;23736633333;1400;1388
3249;23433626000;23236633333;23736633333;1400;1388
3250;23433629000;23236633333;23736633333;1398;1386
3251;23433633000;23236633333;23736633333;1400;1388
3252;23433636000;23236633333;23736633333;1398;1386
3253;23433639000;23236633333;23736633333;1400;1388
3254;23433642000;23236633333;23736633333;1400;1388
3255;23433645000;23236655555;23736655555;982;970
3246;23433757000;23195277777;23695277777;1400;1388
3247;23433763000;23195277777;23695277777;1398;1386
3248;23433950000;23236633333;23736633333;1400;1388
3249;23434163000;23236633333;23736633333;1400;1388
3250;23434168000;23236633333;23736633333;1398;1386
3251;23434369000;23236633333;23736633333;1400;1388
3252;23434374000;23236633333;23736633333;1398;1386
3253;23434575000;23236633333;23736633333;1400;1388
3254;23434778000;23236633333;23736633333;1400;1388
3255;23434783000;23236655555;23736655555;982;970
3256;23475230000;23236944444;23736944444;1398;1386
3256;23475271000;23236944444;23736944444;1398;1386
3257;23475281000;23236944444;23736944444;1400;1388
3258;23475285000;23236944444;23736944444;1398;1386
3259;23475289000;23278300000;23778300000;1400;1388
3260;23475293000;23278300000;23778300000;1400;1388
3261;23475296000;23278300000;23778300000;1398;1386
3262;23475299000;23278300000;23778300000;1400;1388
3263;23475302000;23278300000;23778300000;1398;1386
3264;23475305000;23278300000;23778300000;1400;1388
3265;23475309000;23278300000;23778300000;1400;1388
3266;23475312000;23278322222;23778322222;982;970
3257;23475428000;23236944444;23736944444;1400;1388
3258;23475433000;23236944444;23736944444;1398;1386
3259;23475630000;23278300000;23778300000;1400;1388
3260;23475833000;23278300000;23778300000;1400;1388
3261;23475838000;23278300000;23778300000;1398;1386
3262;23476034000;23278300000;23778300000;1400;1388
3263;23476038000;23278300000;23778300000;1398;1386
3264;23476243000;23278300000;23778300000;1400;1388
3265;23476248000;23278300000;23778300000;1400;1388
3266;23476446000;23278322222;23778322222;982;970
3267;23516904000;23278588888;23778588888;1398;1386
3267;23516946000;23278588888;23778588888;1398;1386
3268;23516956000;23278588888;23778588888;1400;1388
3269;23516960000;23278588888;23778588888;1398;1386
3270;23516963000;23319977777;23819977777;1400;1388
3271;23516967000;23319977777;23819977777;1400;1388
3272;23516970000;23319977777;23819977777;1398;1386
3273;23516973000;23319977777;23819977777;1400;1388
3274;23516977000;23319977777;23819977777;1398;1386
3275;23516980000;23319977777;23819977777;1400;1388
3276;23516984000;23319977777;23819977777;1400;1388
3277;23516987000;23320000000;23820000000;982;970
3268;23517103000;23278588888;23778588888;1400;1388
3269;23517109000;23278588888;23778588888;1398;1386
3270;23517302000;23319977777;23819977777;1400;1388
3271;23517508000;23319977777;23819977777;1400;1388
3272;23517513000;23319977777;23819977777;1398;1386
3273;23517714000;23319977777;23819977777;1400;1388
3274;23517718000;23319977777;23819977777;1398;1386
3275;23517918000;23319977777;23819977777;1400;1388
3276;23517922000;23319977777;23819977777;1400;1388
3277;23518122000;23320000000;23820000000;982;970
3278;23558566000;23320255555;23820255555;1398;1386
3278;23558594000;23320255555;23820255555;1398;1386
3279;23558613000;23320255555;23820255555;1400;1388
3280;23558617000;23320255555;23820255555;1398;1386
3281;23558621000;23361622222;23861622222;1400;1388
3282;23558624000;23361622222;23861622222;1400;1388
3283;23558628000;23361622222;23861622222;1398;1386
3284;23558631000;23361622222;23861622222;1400;1388
3285;23558634000;23361622222;23861622222;1398;1386
3286;23558637000;23361622222;23861622222;1400;1388
3287;23558640000;23361622222;23861622222;1400;1388
3288;23558643000;23361644444;23861644444;982;970
3279;23558751000;23320255555;23820255555;1400;1388
3280;23558757000;23320255555;23820255555;1398;1386
3281;23558943000;23361622222;23861622222;1400;1388
3282;23559154000;23361622222;23861622222;1400;1388
3283;23559159000;23361622222;23861622222;1398;1386
3284;23559353000;23361622222;23861622222;1400;1388
3285;23559358000;23361622222;23861622222;1398;1386
3286;23559564000;23361622222;23861622222;1400;1388
3287;23559569000;23361622222;23861622222;1400;1388
3288;23559767000;23361644444;23861644444;982;970
3289;23600207000;23361933333;23861933333;1398;1386
3289;23600248000;23361933333;23861933333;1398;1386
3290;23600258000;23361933333;23861933333;1400;1388
3291;23600262000;23361933333;23861933333;1398;1386
3292;23600266000;23403266666;23903266666;1400;1388
3293;23600270000;23403266666;23903266666;1400;1388
3294;23600273000;23403266666;23903266666;1398;1386
3295;23600276000;23403266666;23903266666;1400;1388
3296;23600279000;23403266666;23903266666;1398;1386
3297;23600282000;23403266666;23903266666;1400;1388
3298;23600285000;23403266666;23903266666;1400;1388
3299;23600288000;23403288888;23903288888;982;970
3290;23600396000;23361933333;23861933333;1400;1388
3291;23600402000;23361933333;23861933333;1398;1386
3292;23600597000;23403266666;23903266666;1400;1388
3293;23600802000;23403266666;23903266666;1400;1388
3294;23600808000;23403266666;23903266666;1398;1386
3295;23601002000;23403266666;23903266666;1400;1388
3296;23601007000;23403266666;23903266666;1398;1386
3297;23601214000;23403266666;23903266666;1400;1388
3298;23601218000;23403266666;23903266666;1400;1388
3299;23601416000;23403288888;23903288888;982;970
3300;23641856000;23403566666;23903566666;1398;1386
3300;23641885000;23403566666;23903566666;1398;1386
3301;23641895000;23403566666;23903566666;1400;1388
3302;23641899000;23403566666;23903566666;1398;1386
3303;23641902000;23444933333;23944933333;1400;1388
3304;23641906000;23444933333;23944933333;1400;1388
3305;23641909000;23444933333;23944933333;1398;1386
3306;23641920000;23444933333;23944933333;1400;1388
3307;23641923000;23444933333;23944933333;1398;1386
3308;23641927000;23444933333;23944933333;1400;1388
3309;23641930000;23444933333;23944933333;1400;1388
3310;23641933000;23444955555;23944955555;982;970
3301;23642059000;23403566666;23903566666;1400;1388
3302;23642065000;23403566666;23903566666;1398;1386
3303;23642266000;23444933333;23944933333;1400;1388
3304;23642472000;23444933333;23944933333;1400;1388
3305;23642476000;23444933333;23944933333;1398;1386
3306;23642672000;23444933333;23944933333;1400;1388
3307;23642677000;23444933333;23944933333;1398;1386
3308;23642882000;23444933333;23944933333;1400;1388
3309;23642886000;23444933333;23944933333;1400;1388
3310;23643086000;23444955555;23944955555;982;970
3311;23683550000;23445244444;23945244444;1398;1386
3311;23683592000;23445244444;23945244444;1398;1386
3312;23683602000;23445244444;23945244444;1400;1388
3313;23683606000;23445244444;23945244444;1398;1386
3314;23683609000;23486600000;23986600000;1400;1388
3315;23683613000;23486600000;23986600000;1400;1388
3316;23683616000;23486600000;23986600000;1398;1386
3317;23683619000;23486600000;23986600000;1400;1388
3318;23683623000;23486600000;23986600000;1398;1386
3319;23683626000;23486600000;23986600000;1400;1388
3320;23683629000;23486600000;23986600000;1400;1388
3321;23683632000;23486622222;23986622222;982;970
3312;23683734000;23445244444;23945244444;1400;1388
3313;23683739000;23445244444;23945244444;1398;1386
3314;23683928000;23486600000;23986600000;1400;1388
3315;23684141000;23486600000;23986600000;1400;1388
3316;23684146000;23486600000;23986600000;1398;1386
3317;23684341000;23486600000;23986600000;1400;1388
3318;23684345000;23486600000;23986600000;1398;1386
3319;23684548000;23486600000;23986600000;1400;1388
3320;23684552000;23486600000;23986600000;1400;1388
3321;23684752000;23486622222;23986622222;982;970
3322;23725287000;23486933333;23986933333;1398;1386
3322;23725352000;23486933333;23986933333;1398;1386
3323;23725367000;23486933333;23986933333;1400;1388
3324;23725372000;23486933333;23986933333;1398;1386
3325;23725376000;23528266666;24028266666;1400;1388
3326;23725381000;23528266666;24028266666;1400;1388
3327;23725384000;23528266666;24028266666;1398;1386
3328;23725398000;23528266666;24028266666;1400;1388
3329;23725402000;23528266666;24028266666;1398;1386
3330;23725406000;23528266666;24028266666;1400;1388
3331;23725409000;23528266666;24028266666;1400;1388
3332;23725413000;23528277777;24028277777;982;970
3323;23725441000;23486933333;23986933333;1400;1388
3324;23725648000;23486933333;23986933333;1398;1386
3325;23725657000;23528266666;24028266666;1400;1388
3326;23725853000;23528266666;24028266666;1400;1388
3327;23725862000;23528266666;24028266666;1398;1386
3328;23726065000;23528266666;24028266666;1400;1388
3329;23726074000;23528266666;24028266666;1398;1386
3330;23726264000;23528266666;24028266666;1400;1388
3331;23726272000;23528266666;24028266666;1400;1388
3332;23726466000;23528277777;24028277777;982;970
3333;23766914000;23528566666;24028566666;1398;1386
3333;23766936000;23528566666;24028566666;1398;1386
3334;23766956000;23528566666;24028566666;1400;1388
3335;23766960000;23528566666;24028566666;1398;1386
3336;23766964000;23569933333;24069933333;1400;1388
3337;23766968000;23569933333;24069933333;1400;1388
3338;23766971000;23569933333;24069933333;1398;1386
3339;23766975000;23569933333;24069933333;1400;1388
3340;23766978000;23569933333;24069933333;1398;1386
3341;23766981000;23569933333;24069933333;1400;1388
3342;23766985000;23569933333;24069933333;1400;1388
3343;23766989000;23569944444;24069944444;982;970
3334;23767119000;23528566666;24028566666;1400;1388
3335;23767128000;23528566666;24028566666;1398;1386
3336;23767319000;23569933333;24069933333;1400;1388
3337;23767513000;23569933333;24069933333;1400;1388
3338;23767519000;23569933333;24069933333;1398;1386
3339;23767711000;23569933333;24069933333;1400;1388
3340;23767716000;23569933333;24069933333;1398;1386
3341;23767921000;23569933333;24069933333;1400;1388
3342;23767926000;23569933333;24069933333;1400;1388
3343;23768127000;23569944444;24069944444;982;970
3344;23808567000;23570244444;24070244444;1398;1386
3344;23808595000;23570244444;24070244444;1398;1386
3345;23808604000;23570244444;24070244444;1400;1388
3346;23808608000;23570244444;24070244444;1398;1386
3347;23808612000;23611600000;24111600000;1400;1388
3348;23808615000;23611600000;24111600000;1400;1388
3349;23808619000;23611600000;24111600000;1398;1386
3350;23808622000;23611600000;24111600000;1400;1388
3351;23808625000;23611600000;24111600000;1398;1386
3352;23808628000;23611600000;24111600000;1400;1388
3353;23808632000;23611600000;24111600000;1400;1388
3354;23808635000;23611622222;24111622222;982;970
3345;23808788000;23570244444;24070244444;1400;1388
3346;23808797000;23570244444;24070244444;1398;1386
3347;23808981000;23611600000;24111600000;1400;1388
3348;23809195000;23611600000;24111600000;1400;1388
3349;23809204000;23611600000;24111600000;1398;1386
3350;23809400000;23611600000;24111600000;1400;1388
3351;23809408000;23611600000;24111600000;1398;1386
3352;23809604000;23611600000;24111600000;1400;1388
3353;23809612000;23611600000;24111600000;1400;1388
3354;23809807000;23611622222;24111622222;982;970
3355;23850259000;23611911111;24111911111;1398;1386
3355;23850293000;23611911111;24111911111;1398;1386
3356;23850304000;23611911111;24111911111;1400;1388
3357;23850309000;23611911111;24111911111;1398;1386
3358;23850312000;23653266666;24153266666;1400;1388
3359;23850317000;23653266666;24153266666;1400;1388
3360;23850320000;23653266666;24153266666;1398;1386
3361;23850324000;23653266666;24153266666;1400;1388
3362;23850327000;23653266666;24153266666;1398;1386
3363;23850330000;23653266666;24153266666;1400;1388
3356;23850439000;23611911111;24111911111;1400;1388
3357;23850640000;23611911111;24111911111;1398;1386
3358;23850650000;23653266666;24153266666;1400;1388
3359;23850846000;23653266666;24153266666;1400;1388
3360;23850855000;23653266666;24153266666;1398;1386
3361;23851059000;23653266666;24153266666;1400;1388
3362;23851068000;23653266666;24153266666;1398;1386
3363;23851243000;23653266666;24153266666;1400;1388
3364;23851471000;23653266666;24153266666;1400;1388
3365;23851476000;23653288888;24153288888;982;970
3366;23891927000;23653555555;24153555555;1398;1386
3366;23891955000;23653555555;24153555555;1398;1386
3367;23891974000;23653555555;24153555555;1400;1388
3368;23891979000;23653555555;24153555555;1398;1386
3369;23891982000;23694933333;24194933333;1400;1388
3370;23891986000;23694933333;24194933333;1400;1388
3371;23891989000;23694933333;24194933333;1398;1386
3372;23891992000;23694933333;24194933333;1400;1388
3373;23891995000;23694933333;24194933333;1398;1386
3374;23891998000;23694933333;24194933333;1400;1388
3375;23892002000;23694933333;24194933333;1400;1388
3376;23892005000;23694955555;24194955555;982;970
3367;23892115000;23653555555;24153555555;1400;1388
3368;23892121000;23653555555;24153555555;1398;1386
3369;23892313000;23694933333;24194933333;1400;1388
3370;23892519000;23694933333;24194933333;1400;1388
3371;23892523000;23694933333;24194933333;1398;1386
3372;23892719000;23694933333;24194933333;1400;1388
3373;23892724000;23694933333;24194933333;1398;1386
3374;23892928000;23694933333;24194933333;1400;1388
3375;23892933000;23694933333;24194933333;1400;1388
3376;23893132000;23694955555;24194955555;982;970
3377;23933614000;23695244444;24195244444;1398;1386
3377;23933655000;23695244444;24195244444;1398;1386
3378;23933665000;23695244444;24195244444;1400;1388
3379;23933669000;23695244444;24195244444;1398;1386
3380;23933672000;23736633333;24236633333;1400;1388
3381;23933676000;23736633333;24236633333;1400;1388
3382;23933679000;23736633333;24236633333;1398;1386
3383;23933682000;23736633333;24236633333;1400;1388
3384;23933686000;23736633333;24236633333;1398;1386
3385;23933689000;23736633333;24236633333;1400;1388
3386;23933692000;23736633333;24236633333;1400;1388
3387;23933695000;23736655555;24236655555;982;970
3378;23933810000;23695244444;24195244444;1400;1388
3379;23933816000;23695244444;24195244444;1398;1386
3380;23934003000;23736633333;24236633333;1400;1388
3381;23934216000;23736633333;24236633333;1400;1388
3382;23934229000;23736633333;24236633333;1398;1386
3383;23934426000;23736633333;24236633333;1400;1388
3384;23934431000;23736633333;24236633333;1398;1386
3385;23934626000;23736633333;24236633333;1400;1388
3386;23934631000;23736633333;24236633333;1400;1388
3387;23934829000;23736655555;24236655555;982;970
3388;23975278000;23736966666;24236966666;1398;1386
3388;23975319000;23736966666;24236966666;1398;1386
3389;23975328000;23736966666;24236966666;1400;1388
3390;23975333000;23736966666;24236966666;1398;1386
3391;23975336000;23778300000;24278300000;1400;1388
3392;23975340000;23778300000;24278300000;1400;1388
3393;23975343000;23778300000;24278300000;1398;1386
3394;23975346000;23778300000;24278300000;1400;1388
3395;23975350000;23778300000;24278300000;1398;1386
3396;23975353000;23778300000;24278300000;1400;1388
3397;23975356000;23778300000;24278300000;1400;1388
3398;23975359000;23778322222;24278322222;982;970
3390;23975477000;23736966666;24236966666;1398;1386
3391;23975483000;23778300000;24278300000;1400;1388
3392;23975677000;23778300000;24278300000;1400;1388
3393;23975883000;23778300000;24278300000;1398;1386
3394;23975888000;23778300000;24278300000;1400;1388
3395;23976083000;23778300000;24278300000;1398;1386
3396;23976088000;23778300000;24278300000;1400;1388
3397;23976285000;23778300000;24278300000;1400;1388
3398;23976290000;23778322222;24278322222;982;970
3399;24016944000;23778600000;24278600000;1398;1386
3399;24016961000;23778600000;24278600000;1398;1386
3400;24016981000;23778600000;24278600000;1400;1388
3401;24016985000;23778600000;24278600000;1398;1386
3402;24016988000;23819966666;24319966666;1400;1388
3403;24016992000;23819966666;24319966666;1400;1388
3404;24016996000;23819966666;24319966666;1398;1386
3405;24016999000;23819966666;24319966666;1400;1388
3406;24017002000;23819966666;24319966666;1398;1386
3407;24017005000;23819966666;24319966666;1400;1388
3408;24017008000;23819966666;24319966666;1400;1388
3409;24017011000;23819988888;24319988888;982;970
3400;24017156000;23778600000;24278600000;1400;1388
3401;24017165000;23778600000;24278600000;1398;1386
3402;24017355000;23819966666;24319966666;1400;1388
3403;24017562000;23819966666;24319966666;1400;1388
3404;24017570000;23819966666;24319966666;1398;1386
3405;24017762000;23819966666;24319966666;1400;1388
3406;24017770000;23819966666;24319966666;1398;1386
3407;24017966000;23819966666;24319966666;1400;1388
3408;24017975000;23819966666;24319966666;1400;1388
3409;24018175000;23819988888;24319988888;982;970
3410;24058624000;23820255555;24320255555;1398;1386
3410;24058643000;23820255555;24320255555;1398;1386
3411;24058661000;23820255555;24320255555;1400;1388
3413;24058666000;23861633333;24361633333;1400;1388
3414;24058674000;23861633333;24361633333;1400;1388
3415;24058685000;23861633333;24361633333;1398;1386
3416;24058689000;23861633333;24361633333;1400;1388
3417;24058692000;23861633333;24361633333;1398;1386
3418;24058696000;23861633333;24361633333;1400;1388
3419;24058699000;23861633333;24361633333;1400;1388
3420;24058702000;23861644444;24361644444;982;970
3411;24058825000;23820255555;24320255555;1400;1388
3412;24058834000;23820255555;24320255555;1398;1386
3413;24059018000;23861633333;24361633333;1400;1388
3414;24059231000;23861633333;24361633333;1400;1388
3415;24059240000;23861633333;24361633333;1398;1386
3418;24059431000;23861633333;24361633333;1400;1388
3419;24059440000;23861633333;24361633333;1400;1388
3420;24059638000;23861644444;24361644444;982;970
3421;24100298000;23861955555;24361955555;1398;1386
3421;24100329000;23861955555;24361955555;1398;1386
3422;24100340000;23861955555;24361955555;1400;1388
3423;24100344000;23861955555;24361955555;1398;1386
3424;24100347000;23903300000;24403300000;1400;1388
3425;24100351000;23903300000;24403300000;1400;1388
3426;24100354000;23903300000;24403300000;1398;1386
3427;24100357000;23903300000;24403300000;1400;1388
3428;24100361000;23903300000;24403300000;1398;1386
3429;24100364000;23903300000;24403300000;1400;1388
3430;24100367000;23903300000;24403300000;1400;1388
3431;24100371000;23903311111;24403311111;982;970
3422;24100492000;23861955555;24361955555;1400;1388
3423;24100501000;23861955555;24361955555;1398;1386
3424;24100681000;23903300000;24403300000;1400;1388
3425;24100886000;23903300000;24403300000;1400;1388
3426;24100892000;23903300000;24403300000;1398;1386
3427;24101088000;23903300000;24403300000;1400;1388
3428;24101093000;23903300000;24403300000;1398;1386
3429;24101304000;23903300000;24403300000;1400;1388
3430;24101309000;23903300000;24403300000;1400;1388
3431;24101499000;23903311111;24403311111;982;970
3432;24141962000;23903600000;24403600000;1398;1386
3432;24142000000;23903600000;24403600000;1398;1386
3433;24142012000;23903600000;24403600000;1400;1388
3434;24142017000;23903600000;24403600000;1398;1386
3435;24142020000;23944966666;24444966666;1400;1388
3436;24142025000;23944966666;24444966666;1400;1388
3437;24142028000;23944966666;24444966666;1398;1386
3438;24142032000;23944966666;24444966666;1400;1388
3439;24142035000;23944966666;24444966666;1398;1386
3440;24142038000;23944966666;24444966666;1400;1388
3441;24142053000;23944966666;24444966666;1400;1388
3442;24142058000;23944988888;24444988888;982;970
3433;24142165000;23903600000;24403600000;1400;1388
3434;24142181000;23903600000;24403600000;1398;1386
3435;24142351000;23944966666;24444966666;1400;1388
3436;24142556000;23944966666;24444966666;1400;1388
3437;24142562000;23944966666;24444966666;1398;1386
3438;24142757000;23944966666;24444966666;1400;1388
3439;24142762000;23944966666;24444966666;1398;1386
3440;24142959000;23944966666;24444966666;1400;1388
3441;24143171000;23944966666;24444966666;1400;1388
3442;24143176000;23944988888;24444988888;982;970
3443;24183620000;23945266666;24445266666;1398;1386
3443;24183658000;23945266666;24445266666;1398;1386
3444;24183667000;23945266666;24445266666;1400;1388
3445;24183671000;23945266666;24445266666;1398;1386
3446;24183675000;23986633333;24486633333;1400;1388
3447;24183679000;23986633333;24486633333;1400;1388
3448;24183682000;23986633333;24486633333;1398;1386
3449;24183685000;23986633333;24486633333;1400;1388
3450;24183689000;23986633333;24486633333;1398;1386
3451;24183692000;23986633333;24486633333;1400;1388
3452;24183695000;23986633333;24486633333;1400;1388
3453;24183699000;23986655555;24486655555;982;970
3444;24183818000;23945266666;24445266666;1400;1388
3445;24183824000;23945266666;24445266666;1398;1386
3446;24184020000;23986633333;24486633333;1400;1388
3447;24184224000;23986633333;24486633333;1400;1388
3448;24184229000;23986633333;24486633333;1398;1386
3449;24184424000;23986633333;24486633333;1400;1388
3450;24184428000;23986633333;24486633333;1398;1386
3451;24184632000;23986633333;24486633333;1400;1388
3452;24184637000;23986633333;24486633333;1400;1388
3453;24184836000;23986655555;24486655555;982;970
3454;24225279000;23986955555;24486955555;1398;1386
3454;24225321000;23986955555;24486955555;1398;1386
3455;24225331000;23986955555;24486955555;1400;1388
3456;24225335000;23986955555;24486955555;1398;1386
3457;24225339000;24028300000;24528300000;1400;1388
3458;24225342000;24028300000;24528300000;1400;1388
3459;24225346000;24028300000;24528300000;1398;1386
3460;24225349000;24028300000;24528300000;1400;1388
3461;24225352000;24028300000;24528300000;1398;1386
3462;24225355000;24028300000;24528300000;1400;1388
3463;24225359000;24028300000;24528300000;1400;1388
3464;24225362000;24028311111;24528311111;982;970
3455;24225461000;23986955555;24486955555;1400;1388
3456;24225467000;23986955555;24486955555;1398;1386
3457;24225661000;24028300000;24528300000;1400;1388
3458;24225867000;24028300000;24528300000;1400;1388
3459;24225872000;24028300000;24528300000;1398;1386
3460;24226066000;24028300000;24528300000;1400;1388
3461;24226071000;24028300000;24528300000;1398;1386
3462;24226277000;24028300000;24528300000;1400;1388
3463;24226282000;24028300000;24528300000;1400;1388
3464;24226482000;24028311111;24528311111;982;970
3465;24266920000;24028588888;24528588888;1398;1386
3465;24266961000;24028588888;24528588888;1398;1386
3466;24266971000;24028588888;24528588888;1400;1388
3467;24266975000;24028588888;24528588888;1398;1386
3468;24266979000;24069966666;24569966666;1400;1388
3469;24267000000;24069966666;24569966666;1400;1388
3470;24267004000;24069966666;24569966666;1398;1386
3471;24267007000;24069966666;24569966666;1400;1388
3472;24267010000;24069966666;24569966666;1398;1386
3473;24267014000;24069966666;24569966666;1400;1388
3474;24267017000;24069966666;24569966666;1400;1388
3475;24267020000;24069977777;24569977777;982;970
3466;24267118000;24028588888;24528588888;1400;1388
3467;24267124000;24028588888;24528588888;1398;1386
3468;24267317000;24069966666;24569966666;1400;1388
3469;24267522000;24069966666;24569966666;1400;1388
3470;24267527000;24069966666;24569966666;1398;1386
3471;24267723000;24069966666;24569966666;1400;1388
3472;24267728000;24069966666;24569966666;1398;1386
3473;24267932000;24069966666;24569966666;1400;1388
3474;24267937000;24069966666;24569966666;1400;1388
3475;24268136000;24069977777;24569977777;982;970
3476;24308590000;24070255555;24570255555;1398;1386
3476;24308623000;24070255555;24570255555;1398;1386
3477;24308632000;24070255555;24570255555;1400;1388
3478;24308636000;24070255555;24570255555;1398;1386
3479;24308639000;24111633333;24611633333;1400;1388
3480;24308643000;24111633333;24611633333;1400;1388
3481;24308647000;24111633333;24611633333;1398;1386
3482;24308650000;24111633333;24611633333;1400;1388
3483;24308653000;24111633333;24611633333;1398;1386
3484;24308656000;24111633333;24611633333;1400;1388
3485;24308660000;24111633333;24611633333;1400;1388
3486;24308663000;24111655555;24611655555;982;970
3477;24308784000;24070255555;24570255555;1400;1388
3478;24308789000;24070255555;24570255555;1398;1386
3479;24308977000;24111633333;24611633333;1400;1388
3480;24309189000;24111633333;24611633333;1400;1388
3481;24309194000;24111633333;24611633333;1398;1386
3482;24309389000;24111633333;24611633333;1400;1388
3483;24309393000;24111633333;24611633333;1398;1386
3484;24309599000;24111633333;24611633333;1400;1388
3485;24309604000;24111633333;24611633333;1400;1388
3486;24309802000;24111655555;24611655555;982;970
3487;24350256000;24111955555;24611955555;1398;1386
3487;24350297000;24111955555;24611955555;1398;1386
3488;24350307000;24111955555;24611955555;1400;1388
3489;24350311000;24111955555;24611955555;1398;1386
3490;24350314000;24153300000;24653300000;1400;1388
3491;24350318000;24153300000;24653300000;1400;1388
3492;24350321000;24153300000;24653300000;1398;1386
3493;24350324000;24153300000;24653300000;1400;1388
3494;24350327000;24153300000;24653300000;1398;1386
3495;24350330000;24153300000;24653300000;1400;1388
3496;24350334000;24153300000;24653300000;1400;1388
3497;24350337000;24153322222;24653322222;982;970
3488;24350455000;24111955555;24611955555;1400;1388
3489;24350460000;24111955555;24611955555;1398;1386
3490;24350656000;24153300000;24653300000;1400;1388
3491;24350861000;24153300000;24653300000;1400;1388
3492;24350865000;24153300000;24653300000;1398;1386
3493;24351060000;24153300000;24653300000;1400;1388
3494;24351065000;24153300000;24653300000;1398;1386
3495;24351270000;24153300000;24653300000;1400;1388
3496;24351274000;24153300000;24653300000;1400;1388
3497;24351473000;24153322222;24653322222;982;970
3498;24391948000;24153600000;24653600000;1398;1386
3498;24391975000;24153600000;24653600000;1398;1386
3499;24391995000;24153600000;24653600000;1400;1388
3500;24391999000;24153600000;24653600000;1398;1386
3503;24392002000;24194977777;24694977777;1398;1386
3504;24392011000;24194977777;24694977777;1400;1388
3505;24392022000;24194977777;24694977777;1398;1386
3506;24392026000;24194977777;24694977777;1400;1388
3507;24392029000;24194977777;24694977777;1400;1388
3508;24392032000;24195000000;24695000000;982;970
3499;24392129000;24153600000;24653600000;1400;1388
3500;24392135000;24153600000;24653600000;1398;1386
3501;24392330000;24194977777;24694977777;1400;1388
3502;24392535000;24194977777;24694977777;1400;1388
3503;24392553000;24194977777;24694977777;1398;1386
3504;24392737000;24194977777;24694977777;1400;1388
3505;24392742000;24194977777;24694977777;1398;1386
3506;24392937000;24194977777;24694977777;1400;1388
3507;24393150000;24194977777;24694977777;1400;1388
3508;24393163000;24195000000;24695000000;982;970
3509;24433593000;24195300000;24695300000;1398;1386
3509;24433622000;24195300000;24695300000;1398;1386
3510;24433641000;24195300000;24695300000;1400;1388
3511;24433645000;24195300000;24695300000;1398;1386
3512;24433649000;24236622222;24736622222;1400;1388
3513;24433652000;24236622222;24736622222;1400;1388
3514;24433656000;24236622222;24736622222;1398;1386
3515;24433659000;24236622222;24736622222;1400;1388
3516;24433662000;24236622222;24736622222;1398;1386
3517;24433665000;24236622222;24736622222;1400;1388
3518;24433669000;24236622222;24736622222;1400;1388
3519;24433672000;24236644444;24736644444;982;970
3510;24433778000;24195300000;24695300000;1400;1388
3511;24433783000;24195300000;24695300000;1398;1386
3512;24433969000;24236622222;24736622222;1400;1388
3513;24434181000;24236622222;24736622222;1400;1388
3514;24434186000;24236622222;24736622222;1398;1386
3515;24434381000;24236622222;24736622222;1400;1388
3516;24434386000;24236622222;24736622222;1398;1386
3517;24434591000;24236622222;24736622222;1400;1388
3518;24434595000;24236622222;24736622222;1400;1388
3519;24434797000;24236644444;24736644444;982;970
3520;24475232000;24236944444;24736944444;1398;1386
3520;24475263000;24236944444;24736944444;1398;1386
3521;24475272000;24236944444;24736944444;1400;1388
3522;24475276000;24236944444;24736944444;1398;1386
3523;24475280000;24278266666;24778266666;1400;1388
3524;24475283000;24278266666;24778266666;1400;1388
3525;24475286000;24278266666;24778266666;1398;1386
3526;24475290000;24278266666;24778266666;1400;1388
3527;24475293000;24278266666;24778266666;1398;1386
3528;24475296000;24278266666;24778266666;1400;1388
3529;24475299000;24278266666;24778266666;1400;1388
3530;24475302000;24278288888;24778288888;982;970
3521;24475437000;24236944444;24736944444;1400;1388
3522;24475446000;24236944444;24736944444;1398;1386
3523;24475635000;24278266666;24778266666;1400;1388
3524;24475842000;24278266666;24778266666;1400;1388
3525;24475850000;24278266666;24778266666;1398;1386
3526;24476054000;24278266666;24778266666;1400;1388
3527;24476063000;24278266666;24778266666;1398;1386
3528;24476252000;24278266666;24778266666;1400;1388
3529;24476260000;24278266666;24778266666;1400;1388
3530;24476455000;24278288888;24778288888;982;970
3531;24516887000;24278566666;24778566666;1398;1386
3531;24516903000;24278566666;24778566666;1398;1386
3532;24516922000;24278566666;24778566666;1400;1388
3533;24516926000;24278566666;24778566666;1398;1386
3534;24516930000;24319933333;24819933333;1400;1388
3535;24516934000;24319933333;24819933333;1400;1388
3536;24516937000;24319933333;24819933333;1398;1386
3537;24516940000;24319933333;24819933333;1400;1388
3538;24516943000;24319933333;24819933333;1398;1386
3539;24516946000;24319933333;24819933333;1400;1388
3540;24516950000;24319933333;24819933333;1400;1388
3541;24516953000;24319955555;24819955555;982;970
3532;24517096000;24278566666;24778566666;1400;1388
3533;24517102000;24278566666;24778566666;1398;1386
3534;24517293000;24319933333;24819933333;1400;1388
3535;24517499000;24319933333;24819933333;1400;1388
3536;24517504000;24319933333;24819933333;1398;1386
3537;24517699000;24319933333;24819933333;1400;1388
3538;24517704000;24319933333;24819933333;1398;1386
3539;24517908000;24319933333;24819933333;1400;1388
3540;24517913000;24319933333;24819933333;1400;1388
3541;24518113000;24319955555;24819955555;982;970
3542;24558554000;24320222222;24820222222;1398;1386
3542;24558597000;24320222222;24820222222;1398;1386
3543;24558607000;24320222222;24820222222;1400;1388
3544;24558611000;24320222222;24820222222;1398;1386
3545;24558614000;24361600000;24861600000;1400;1388
3546;24558618000;24361600000;24861600000;1400;1388
3547;24558621000;24361600000;24861600000;1398;1386
3548;24558624000;24361600000;24861600000;1400;1388
3549;24558627000;24361600000;24861600000;1398;1386
3550;24558631000;24361600000;24861600000;1400;1388
3551;24558634000;24361600000;24861600000;1400;1388
3552;24558637000;24361622222;24861622222;982;970
3543;24558764000;24320222222;24820222222;1400;1388
3544;24558770000;24320222222;24820222222;1398;1386
3545;24558959000;24361600000;24861600000;1400;1388
3546;24559170000;24361600000;24861600000;1400;1388
3547;24559175000;24361600000;24861600000;1398;1386
3548;24559371000;24361600000;24861600000;1400;1388
3549;24559375000;24361600000;24861600000;1398;1386
3550;24559579000;24361600000;24861600000;1400;1388
3551;24559583000;24361600000;24861600000;1400;1388
3552;24559783000;24361622222;24861622222;982;970
3553;24600235000;24361922222;24861922222;1398;1386
3553;24600265000;24361922222;24861922222;1398;1386
3554;24600284000;24361922222;24861922222;1400;1388
3555;24600289000;24361922222;24861922222;1398;1386
3556;24600292000;24403266666;24903266666;1400;1388
3557;24600295000;24403266666;24903266666;1400;1388
3558;24600299000;24403266666;24903266666;1398;1386
3559;24600302000;24403266666;24903266666;1400;1388
3560;24600305000;24403266666;24903266666;1398;1386
3561;24600308000;24403266666;24903266666;1400;1388
3562;24600311000;24403266666;24903266666;1400;1388
3563;24600314000;24403288888;24903288888;982;970
3554;24600430000;24361922222;24861922222;1400;1388
3555;24600436000;24361922222;24861922222;1398;1386
3556;24600629000;24403266666;24903266666;1400;1388
3557;24600834000;24403266666;24903266666;1400;1388
3558;24600839000;24403266666;24903266666;1398;1386
3559;24601036000;24403266666;24903266666;1400;1388
3560;24601041000;24403266666;24903266666;1398;1386
3561;24601250000;24403266666;24903266666;1400;1388
3562;24601254000;24403266666;24903266666;1400;1388
3563;24601447000;24403288888;24903288888;982;970
3564;24641914000;24403566666;24903566666;1398;1386
3564;24641957000;24403566666;24903566666;1398;1386
3565;24641966000;24403566666;24903566666;1400;1388
3566;24641971000;24403566666;24903566666;1398;1386
3567;24641974000;24444933333;24944933333;1400;1388
3568;24641978000;24444933333;24944933333;1400;1388
3569;24641982000;24444933333;24944933333;1398;1386
3570;24641985000;24444933333;24944933333;1400;1388
3571;24641988000;24444933333;24944933333;1398;1386
3572;24641991000;24444933333;24944933333;1400;1388
3573;24641994000;24444933333;24944933333;1400;1388
3574;24641997000;24444944444;24944944444;982;970
3565;24642099000;24403566666;24903566666;1400;1388
3566;24642104000;24403566666;24903566666;1398;1386
3567;24642299000;24444933333;24944933333;1400;1388
3568;24642504000;24444933333;24944933333;1400;1388
3569;24642509000;24444933333;24944933333;1398;1386
3570;24642704000;24444933333;24944933333;1400;1388
3571;24642709000;24444933333;24944933333;1398;1386
3572;24642913000;24444933333;24944933333;1400;1388
3573;24642918000;24444933333;24944933333;1400;1388
3574;24643117000;24444944444;24944944444;982;970
3575;24683621000;24445233333;24945233333;1398;1386
3575;24683644000;24445233333;24945233333;1398;1386
3576;24683663000;24445233333;24945233333;1400;1388
3577;24683667000;24445233333;24945233333;1398;1386
3578;24683670000;24486600000;24986600000;1400;1388
3579;24683674000;24486600000;24986600000;1400;1388
3580;24683677000;24486600000;24986600000;1398;1386
3581;24683680000;24486600000;24986600000;1400;1388
3582;24683683000;24486600000;24986600000;1398;1386
3583;24683686000;24486600000;24986600000;1400;1388
3584;24683690000;24486600000;24986600000;1400;1388
3585;24683693000;24486622222;24986622222;982;970
3576;24683801000;24445233333;24945233333;1400;1388
3577;24683807000;24445233333;24945233333;1398;1386
3578;24683995000;24486600000;24986600000;1400;1388
3579;24684207000;24486600000;24986600000;1400;1388
3580;24684212000;24486600000;24986600000;1398;1386
3581;24684410000;24486600000;24986600000;1400;1388
3582;24684415000;24486600000;24986600000;1398;1386
3583;24684617000;24486600000;24986600000;1400;1388
3584;24684622000;24486600000;24986600000;1400;1388
3585;24684821000;24486622222;24986622222;982;970
3586;24725291000;24486933333;24986933333;1398;1386
3586;24725321000;24486933333;24986933333;1398;1386
3587;24725340000;24486933333;24986933333;1400;1388
3588;24725345000;24486933333;24986933333;1398;1386
3589;24725348000;24528300000;25028300000;1400;1388
3590;24725352000;24528300000;25028300000;1400;1388
3591;24725355000;24528300000;25028300000;1398;1386
3592;24725366000;24528300000;25028300000;1400;1388
3593;24725369000;24528300000;25028300000;1398;1386
3594;24725372000;24528300000;25028300000;1400;1388
3595;24725375000;24528300000;25028300000;1400;1388
3596;24725378000;24528322222;25028322222;982;970
3587;24725488000;24486933333;24986933333;1400;1388
3588;24725493000;24486933333;24986933333;1398;1386
3589;24725687000;24528300000;25028300000;1400;1388
3590;24725892000;24528300000;25028300000;1400;1388
3591;24725897000;24528300000;25028300000;1398;1386
3592;24726094000;24528300000;25028300000;1400;1388
3593;24726099000;24528300000;25028300000;1398;1386
3594;24726302000;24528300000;25028300000;1400;1388
3595;24726307000;24528300000;25028300000;1400;1388
3596;24726506000;24528322222;25028322222;982;970
3597;24766944000;24528622222;25028622222;1398;1386
3597;24766997000;24528622222;25028622222;1398;1386
3598;24767007000;24528622222;25028622222;1400;1388
3599;24767011000;24528622222;25028622222;1398;1386
3600;24767014000;24569933333;25069933333;1400;1388
3601;24767018000;24569933333;25069933333;1400;1388
3602;24767022000;24569933333;25069933333;1398;1386
3603;24767025000;24569933333;25069933333;1400;1388
3604;24767028000;24569933333;25069933333;1398;1386
3605;24767031000;24569933333;25069933333;1400;1388
3607;24767035000;24569955555;25069955555;982;970
3598;24767137000;24528622222;25028622222;1400;1388
3599;24767142000;24528622222;25028622222;1398;1386
3600;24767337000;24569933333;25069933333;1400;1388
3601;24767544000;24569933333;25069933333;1400;1388
3602;24767549000;24569933333;25069933333;1398;1386
3603;24767745000;24569933333;25069933333;1400;1388
3604;24767749000;24569933333;25069933333;1398;1386
3605;24767945000;24569933333;25069933333;1400;1388
3606;24768158000;24569933333;25069933333;1400;1388
3607;24768176000;24569955555;25069955555;982;970
3608;24808613000;24570266666;25070266666;1398;1386
3608;24808629000;24570266666;25070266666;1398;1386
3609;24808648000;24570266666;25070266666;1400;1388
3610;24808653000;24570266666;25070266666;1398;1386
3611;24808656000;24611600000;25111600000;1400;1388
3612;24808660000;24611600000;25111600000;1400;1388
3613;24808663000;24611600000;25111600000;1398;1386
3614;24808666000;24611600000;25111600000;1400;1388
3615;24808669000;24611600000;25111600000;1398;1386
3616;24808673000;24611600000;25111600000;1400;1388
3617;24808676000;24611600000;25111600000;1400;1388
3618;24808679000;24611622222;25111622222;982;970
3609;24808806000;24570266666;25070266666;1400;1388
3610;24808811000;24570266666;25070266666;1398;1386
3611;24809000000;24611600000;25111600000;1400;1388
3612;24809212000;24611600000;25111600000;1400;1388
3613;24809217000;24611600000;25111600000;1398;1386
3614;24809412000;24611600000;25111600000;1400;1388
3615;24809417000;24611600000;25111600000;1398;1386
3616;24809623000;24611600000;25111600000;1400;1388
3617;24809628000;24611600000;25111600000;1400;1388
3618;24809825000;24611622222;25111622222;982;970
3619;24850276000;24611922222;25111922222;1398;1386
3619;24850317000;24611922222;25111922222;1398;1386
3620;24850327000;24611922222;25111922222;1400;1388
3621;24850331000;24611922222;25111922222;1398;1386
3622;24850335000;24653266666;25153266666;1400;1388
3623;24850339000;24653266666;25153266666;1400;1388
3624;24850342000;24653266666;25153266666;1398;1386
3625;24850345000;24653266666;25153266666;1400;1388
3626;24850348000;24653266666;25153266666;1398;1386
3627;24850351000;24653266666;25153266666;1400;1388
3628;24850354000;24653266666;25153266666;1400;1388
3629;24850357000;24653288888;25153288888;982;970
3620;24850473000;24611922222;25111922222;1400;1388
3621;24850478000;24611922222;25111922222;1398;1386
3622;24850673000;24653266666;25153266666;1400;1388
3623;24850878000;24653266666;25153266666;1400;1388
3625;24850883000;24653266666;25153266666;1400;1388
3626;24851081000;24653266666;25153266666;1398;1386
3627;24851086000;24653266666;25153266666;1400;1388
3628;24851282000;24653266666;25153266666;1400;1388
3629;24851286000;24653288888;25153288888;982;970
3630;24891976000;24653555555;25153555555;1398;1386
3630;24892010000;24653555555;25153555555;1398;1386
3631;24892020000;24653555555;25153555555;1400;1388
3632;24892024000;24653555555;25153555555;1398;1386
3633;24892027000;24694966666;25194966666;1400;1388
3634;24892031000;24694966666;25194966666;1400;1388
3635;24892034000;24694966666;25194966666;1398;1386
3636;24892037000;24694966666;25194966666;1400;1388
3637;24892041000;24694966666;25194966666;1398;1386
3638;24892054000;24694966666;25194966666;1400;1388
3639;24892057000;24694966666;25194966666;1400;1388
3640;24892061000;24694977777;25194977777;982;970
3631;24892184000;24653555555;25153555555;1400;1388
3632;24892193000;24653555555;25153555555;1398;1386
3633;24892372000;24694966666;25194966666;1400;1388
3634;24892577000;24694966666;25194966666;1400;1388
3635;24892582000;24694966666;25194966666;1398;1386
3636;24892777000;24694966666;25194966666;1400;1388
3637;24892782000;24694966666;25194966666;1398;1386
3638;24892979000;24694966666;25194966666;1400;1388
3639;24893191000;24694966666;25194966666;1400;1388
3640;24893196000;24694977777;25194977777;982;970
3641;24933677000;24695266666;25195266666;1398;1386
3641;24933741000;24695266666;25195266666;1398;1386
3642;24933756000;24695266666;25195266666;1400;1388
3643;24933761000;24695266666;25195266666;1398;1386
3644;24933765000;24736633333;25236633333;1400;1388
3645;24933769000;24736633333;25236633333;1400;1388
3646;24933772000;24736633333;25236633333;1398;1386
3647;24933776000;24736633333;25236633333;1400;1388
3648;24933779000;24736633333;25236633333;1398;1386
3649;24933783000;24736633333;25236633333;1400;1388
3650;24933786000;24736633333;25236633333;1400;1388
3651;24933790000;24736655555;25236655555;982;970
3642;24933830000;24695266666;25195266666;1400;1388
3643;24934067000;24695266666;25195266666;1398;1386
3644;24934077000;24736633333;25236633333;1400;1388
3645;24934256000;24736633333;25236633333;1400;1388
3646;24934265000;24736633333;25236633333;1398;1386
3647;24934458000;24736633333;25236633333;1400;1388
3648;24934466000;24736633333;25236633333;1398;1386
3649;24934667000;24736633333;25236633333;1400;1388
3650;24934675000;24736633333;25236633333;1400;1388
3651;24934870000;24736655555;25236655555;982;970
3652;24975317000;24736966666;25236966666;1398;1386
3652;24975348000;24736966666;25236966666;1398;1386
3653;24975359000;24736966666;25236966666;1400;1388
3654;24975364000;24736966666;25236966666;1398;1386
3655;24975368000;24778300000;25278300000;1400;1388
3656;24975371000;24778300000;25278300000;1400;1388
3657;24975375000;24778300000;25278300000;1398;1386
3658;24975378000;24778300000;25278300000;1400;1388
3659;24975382000;24778300000;25278300000;1398;1386
3660;24975385000;24778300000;25278300000;1400;1388
3661;24975389000;24778300000;25278300000;1400;1388
3662;24975392000;24778311111;25278311111;982;970
3653;24975519000;24736966666;25236966666;1400;1388
3654;24975529000;24736966666;25236966666;1398;1386
3655;24975718000;24778300000;25278300000;1400;1388
3656;24975924000;24778300000;25278300000;1400;1388
3657;24975933000;24778300000;25278300000;1398;1386
3658;24976117000;24778300000;25278300000;1400;1388
3659;24976122000;24778300000;25278300000;1398;1386
3660;24976322000;24778300000;25278300000;1400;1388
3661;24976327000;24778300000;25278300000;1400;1388
3662;24976525000;24778311111;25278311111;982;970
3665;25016981000;24778600000;25278600000;1398;1386
3663;25017021000;24778600000;25278600000;1398;1386
3664;25017072000;24778600000;25278600000;1400;1388
3665;25017094000;24778600000;25278600000;1398;1386
3666;25017100000;24819966666;25319966666;1400;1388
3667;25017105000;24819966666;25319966666;1400;1388
3668;25017108000;24819966666;25319966666;1398;1386
3669;25017121000;24819966666;25319966666;1400;1388
3670;25017124000;24819966666;25319966666;1398;1386
3671;25017128000;24819966666;25319966666;1400;1388
3672;25017131000;24819966666;25319966666;1400;1388
3673;25017144000;24819977777;25319977777;982;970
3666;25017172000;24819966666;25319966666;1400;1388
3667;25017382000;24819966666;25319966666;1400;1388
3668;25017388000;24819966666;25319966666;1398;1386
3669;25017586000;24819966666;25319966666;1400;1388
3670;25017609000;24819966666;25319966666;1398;1386
3671;25017797000;24819966666;25319966666;1400;1388
3672;25017801000;24819966666;25319966666;1400;1388
3673;25017987000;24819977777;25319977777;982;970
3674;25058660000;24820277777;25320277777;1398;1386
3674;25058703000;24820277777;25320277777;1398;1386
3675;25058713000;24820277777;25320277777;1400;1388
3676;25058717000;24820277777;25320277777;1398;1386
3677;25058720000;24861633333;25361633333;1400;1388
3678;25058724000;24861633333;25361633333;1400;1388
3679;25058727000;24861633333;25361633333;1398;1386
3680;25058730000;24861633333;25361633333;1400;1388
3681;25058733000;24861633333;25361633333;1398;1386
3682;25058737000;24861633333;25361633333;1400;1388
3683;25058740000;24861633333;25361633333;1400;1388
3684;25058743000;24861655555;25361655555;982;970
3675;25058845000;24820277777;25320277777;1400;1388
3676;25058851000;24820277777;25320277777;1398;1386
3677;25059055000;24861633333;25361633333;1400;1388
3678;25059251000;24861633333;25361633333;1400;1388
3679;25059256000;24861633333;25361633333;1398;1386
3680;25059451000;24861633333;25361633333;1400;1388
3681;25059456000;24861633333;25361633333;1398;1386
3682;25059659000;24861633333;25361633333;1400;1388
3683;25059664000;24861633333;25361633333;1400;1388
3684;25059864000;24861655555;25361655555;982;970
3685;25100329000;24861966666;25361966666;1398;1386
3685;25100357000;24861966666;25361966666;1398;1386
3686;25100376000;24861966666;25361966666;1400;1388
3687;25100380000;24861966666;25361966666;1398;1386
3688;25100384000;24903300000;25403300000;1400;1388
3689;25100388000;24903300000;25403300000;1400;1388
3690;25100391000;24903300000;25403300000;1398;1386
3691;25100394000;24903300000;25403300000;1400;1388
3692;25100397000;24903300000;25403300000;1398;1386
3693;25100401000;24903300000;25403300000;1400;1388
3694;25100404000;24903300000;25403300000;1400;1388
3695;25100407000;24903311111;25403311111;982;970
3686;25100511000;24861966666;25361966666;1400;1388
3687;25100517000;24861966666;25361966666;1398;1386
3688;25100712000;24903300000;25403300000;1400;1388
3689;25100917000;24903300000;25403300000;1400;1388
3690;25100922000;24903300000;25403300000;1398;1386
3691;25101117000;24903300000;25403300000;1400;1388
3692;25101122000;24903300000;25403300000;1398;1386
3693;25101328000;24903300000;25403300000;1400;1388
3694;25101332000;24903300000;25403300000;1400;1388
3695;25101531000;24903311111;25403311111;982;970
3696;25141973000;24903577777;25403577777;1398;1386
3696;25142006000;24903577777;25403577777;1398;1386
3697;25142025000;24903577777;25403577777;1400;1388
3698;25142029000;24903577777;25403577777;1398;1386
3700;25142033000;24944966666;25444966666;1400;1388
3701;25142041000;24944966666;25444966666;1398;1386
3702;25142057000;24944966666;25444966666;1400;1388
3703;25142061000;24944966666;25444966666;1398;1386
3704;25142064000;24944966666;25444966666;1400;1388
3705;25142067000;24944966666;25444966666;1400;1388
3706;25142071000;24944988888;25444988888;982;970
3697;25142157000;24903577777;25403577777;1400;1388
3698;25142162000;24903577777;25403577777;1398;1386
3699;25142358000;24944966666;25444966666;1400;1388
3700;25142566000;24944966666;25444966666;1400;1388
3701;25142571000;24944966666;25444966666;1398;1386
3702;25142764000;24944966666;25444966666;1400;1388
3703;25142768000;24944966666;25444966666;1398;1386
3704;25142965000;24944966666;25444966666;1400;1388
3705;25143178000;24944966666;25444966666;1400;1388
3706;25143183000;24944988888;25444988888;982;970
3707;25183621000;24945255555;25445255555;1398;1386
3707;25183663000;24945255555;25445255555;1398;1386
3708;25183672000;24945255555;25445255555;1400;1388
3709;25183677000;24945255555;25445255555;1398;1386
3710;25183680000;24986644444;25486644444;1400;1388
3711;25183684000;24986644444;25486644444;1400;1388
3712;25183687000;24986644444;25486644444;1398;1386
3713;25183690000;24986644444;25486644444;1400;1388
3714;25183693000;24986644444;25486644444;1398;1386
3715;25183696000;24986644444;25486644444;1400;1388
3716;25183700000;24986644444;25486644444;1400;1388
3717;25183703000;24986666666;25486666666;982;970
3708;25183818000;24945255555;25445255555;1400;1388
3709;25183823000;24945255555;25445255555;1398;1386
3710;25184011000;24986644444;25486644444;1400;1388
3711;25184224000;24986644444;25486644444;1400;1388
3712;25184229000;24986644444;25486644444;1398;1386
3713;25184425000;24986644444;25486644444;1400;1388
3714;25184430000;24986644444;25486644444;1398;1386
3715;25184635000;24986644444;25486644444;1400;1388
3716;25184640000;24986644444;25486644444;1400;1388
3717;25184837000;24986666666;25486666666;982;970
3718;25225289000;24986966666;25486966666;1398;1386
3718;25225330000;24986966666;25486966666;1398;1386
3719;25225339000;24986966666;25486966666;1400;1388
3720;25225343000;24986966666;25486966666;1398;1386
3721;25225347000;25028300000;25528300000;1400;1388
3722;25225350000;25028300000;25528300000;1400;1388
3723;25225354000;25028300000;25528300000;1398;1386
3724;25225357000;25028300000;25528300000;1400;1388
3725;25225361000;25028300000;25528300000;1398;1386
3726;25225364000;25028300000;25528300000;1400;1388
3727;25225367000;25028300000;25528300000;1400;1388
3728;25225370000;25028322222;25528322222;982;970
3719;25225478000;24986966666;25486966666;1400;1388
3720;25225483000;24986966666;25486966666;1398;1386
3721;25225681000;25028300000;25528300000;1400;1388
3722;25225885000;25028300000;25528300000;1400;1388
3723;25225890000;25028300000;25528300000;1398;1386
3724;25226083000;25028300000;25528300000;1400;1388
3725;25226087000;25028300000;25528300000;1398;1386
3726;25226294000;25028300000;25528300000;1400;1388
3727;25226299000;25028300000;25528300000;1400;1388
3728;25226498000;25028322222;25528322222;982;970
3729;25266946000;25028577777;25528577777;1398;1386
3729;25266987000;25028577777;25528577777;1398;1386
3730;25266996000;25028577777;25528577777;1400;1388
3731;25267001000;25028577777;25528577777;1398;1386
3732;25267004000;25069966666;25569966666;1400;1388
3733;25267007000;25069966666;25569966666;1400;1388
3734;25267011000;25069966666;25569966666;1398;1386
3735;25267014000;25069966666;25569966666;1400;1388
3736;25267017000;25069966666;25569966666;1398;1386
3737;25267020000;25069966666;25569966666;1400;1388
3738;25267024000;25069966666;25569966666;1400;1388
3739;25267027000;25069988888;25569988888;982;970
3730;25267144000;25028577777;25528577777;1400;1388
3731;25267150000;25028577777;25528577777;1398;1386
3732;25267344000;25069966666;25569966666;1400;1388
3733;25267551000;25069966666;25569966666;1400;1388
3734;25267556000;25069966666;25569966666;1398;1386
3735;25267752000;25069966666;25569966666;1400;1388
3736;25267757000;25069966666;25569966666;1398;1386
3737;25267952000;25069966666;25569966666;1400;1388
3738;25268164000;25069966666;25569966666;1400;1388
3739;25268168000;25069988888;25569988888;982;970
3740;25308634000;25070244444;25570244444;1398;1386
3740;25308703000;25070244444;25570244444;1398;1386
3741;25308718000;25070244444;25570244444;1400;1388
3742;25308723000;25070244444;25570244444;1398;1386
3743;25308727000;25111644444;25611644444;1400;1388
3744;25308731000;25111644444;25611644444;1400;1388
3745;25308735000;25111644444;25611644444;1398;1386
3746;25308738000;25111644444;25611644444;1400;1388
3747;25308742000;25111644444;25611644444;1398;1386
3748;25308745000;25111644444;25611644444;1400;1388
3749;25308749000;25111644444;25611644444;1400;1388
3750;25308753000;25111666666;25611666666;982;970
3741;25308820000;25070244444;25570244444;1400;1388
3742;25308826000;25070244444;25570244444;1398;1386
3743;25309006000;25111644444;25611644444;1400;1388
3744;25309211000;25111644444;25611644444;1400;1388
3745;25309217000;25111644444;25611644444;1398;1386
3746;25309416000;25111644444;25611644444;1400;1388
3747;25309421000;25111644444;25611644444;1398;1386
3748;25309619000;25111644444;25611644444;1400;1388
3749;25309826000;25111644444;25611644444;1400;1388
3750;25309831000;25111666666;25611666666;982;970
3751;25350282000;25111966666;25611966666;1398;1386
3751;25350305000;25111966666;25611966666;1398;1386
3752;25350327000;25111966666;25611966666;1400;1388
3753;25350332000;25111966666;25611966666;1398;1386
3754;25350354000;25153288888;25653288888;1400;1388
3755;25350358000;25153288888;25653288888;1400;1388
3756;25350361000;25153288888;25653288888;1398;1386
3757;25350365000;25153288888;25653288888;1400;1388
3758;25350369000;25153288888;25653288888;1398;1386
3759;25350373000;25153288888;25653288888;1400;1388
3760;25350376000;25153288888;25653288888;1400;1388
3761;25350379000;25153311111;25653311111;982;970
3752;25350473000;25111966666;25611966666;1400;1388
3753;25350480000;25111966666;25611966666;1398;1386
3754;25350669000;25153288888;25653288888;1400;1388
3755;25350876000;25153288888;25653288888;1400;1388
3756;25350881000;25153288888;25653288888;1398;1386
3757;25351077000;25153288888;25653288888;1400;1388
3758;25351082000;25153288888;25653288888;1398;1386
3759;25351285000;25153288888;25653288888;1400;1388
3760;25351289000;25153288888;25653288888;1400;1388
3761;25351488000;25153311111;25653311111;982;970
3762;25391920000;25153588888;25653588888;1398;1386
3762;25391935000;25153588888;25653588888;1398;1386
3763;25391954000;25153588888;25653588888;1400;1388
3764;25391959000;25153588888;25653588888;1398;1386
3765;25391962000;25194933333;25694933333;1400;1388
3766;25391966000;25194933333;25694933333;1400;1388
3767;25391969000;25194933333;25694933333;1398;1386
3768;25391973000;25194933333;25694933333;1400;1388
3769;25391976000;25194933333;25694933333;1398;1386
3770;25391979000;25194933333;25694933333;1400;1388
3771;25391982000;25194933333;25694933333;1400;1388
3772;25391986000;25194955555;25694955555;982;970
3763;25392118000;25153588888;25653588888;1400;1388
3764;25392124000;25153588888;25653588888;1398;1386
3765;25392319000;25194933333;25694933333;1400;1388
3766;25392524000;25194933333;25694933333;1400;1388
3767;25392529000;25194933333;25694933333;1398;1386
3768;25392725000;25194933333;25694933333;1400;1388
3769;25392730000;25194933333;25694933333;1398;1386
3770;25392933000;25194933333;25694933333;1400;1388
3771;25392937000;25194933333;25694933333;1400;1388
3772;25393140000;25194955555;25694955555;982;970
3773;25433591000;25195244444;25695244444;1398;1386
3773;25433617000;25195244444;25695244444;1398;1386
3774;25433627000;25195244444;25695244444;1400;1388
3775;25433632000;25195244444;25695244444;1398;1386
3776;25433635000;25236600000;25736600000;1400;1388
3777;25433639000;25236600000;25736600000;1400;1388
3778;25433642000;25236600000;25736600000;1398;1386
3779;25433645000;25236600000;25736600000;1400;1388
3780;25433649000;25236600000;25736600000;1398;1386
3781;25433652000;25236600000;25736600000;1400;1388
3782;25433655000;25236600000;25736600000;1400;1388
3783;25433658000;25236622222;25736622222;982;970
3774;25433787000;25195244444;25695244444;1400;1388
3775;25433792000;25195244444;25695244444;1398;1386
3776;25433980000;25236600000;25736600000;1400;1388
3777;25434197000;25236600000;25736600000;1400;1388
3778;25434202000;25236600000;25736600000;1398;1386
3779;25434394000;25236600000;25736600000;1400;1388
3780;25434398000;25236600000;25736600000;1398;1386
3781;25434602000;25236600000;25736600000;1400;1388
3782;25434607000;25236600000;25736600000;1400;1388
3783;25434806000;25236622222;25736622222;982;970
3784;25475263000;25236922222;25736922222;1398;1386
3784;25475280000;25236922222;25736922222;1398;1386
3785;25475298000;25236922222;25736922222;1400;1388
3786;25475303000;25236922222;25736922222;1398;1386
3787;25475306000;25278266666;25778266666;1400;1388
3788;25475310000;25278266666;25778266666;1400;1388
3789;25475313000;25278266666;25778266666;1398;1386
3790;25475316000;25278266666;25778266666;1400;1388
3791;25475320000;25278266666;25778266666;1398;1386
3792;25475323000;25278266666;25778266666;1400;1388
3793;25475326000;25278266666;25778266666;1400;1388
3794;25475329000;25278288888;25778288888;982;970
3785;25475466000;25236922222;25736922222;1400;1388
3786;25475475000;25236922222;25736922222;1398;1386
3787;25475666000;25278266666;25778266666;1400;1388
3788;25475871000;25278266666;25778266666;1400;1388
3789;25475880000;25278266666;25778266666;1398;1386
3790;25476073000;25278266666;25778266666;1400;1388
3791;25476082000;25278266666;25778266666;1398;1386
3792;25476285000;25278266666;25778266666;1400;1388
3793;25476293000;25278266666;25778266666;1400;1388
3794;25476484000;25278288888;25778288888;982;970
3795;25516938000;25278555555;25778555555;1398;1386
3795;25516963000;25278555555;25778555555;1398;1386
3796;25516983000;25278555555;25778555555;1400;1388
3797;25516987000;25278555555;25778555555;1398;1386
3798;25516991000;25319933333;25819933333;1400;1388
3799;25516995000;25319933333;25819933333;1400;1388
3800;25516998000;25319933333;25819933333;1398;1386
3801;25517001000;25319933333;25819933333;1400;1388
3802;25517004000;25319933333;25819933333;1398;1386
3803;25517007000;25319933333;25819933333;1400;1388
3804;25517011000;25319933333;25819933333;1400;1388
3805;25517014000;25319944444;25819944444;982;970
3796;25517122000;25278555555;25778555555;1400;1388
3797;25517128000;25278555555;25778555555;1398;1386
3798;25517322000;25319933333;25819933333;1400;1388
3799;25517525000;25319933333;25819933333;1400;1388
3800;25517530000;25319933333;25819933333;1398;1386
3801;25517725000;25319933333;25819933333;1400;1388
3802;25517730000;25319933333;25819933333;1398;1386
3803;25517934000;25319933333;25819933333;1400;1388
3804;25517939000;25319933333;25819933333;1400;1388
3805;25518138000;25319944444;25819944444;982;970
3806;25558604000;25320188888;25820188888;1398;1386
3806;25558632000;25320188888;25820188888;1398;1386
3807;25558652000;25320188888;25820188888;1400;1388
3808;25558657000;25320188888;25820188888;1398;1386
3809;25558660000;25361600000;25861600000;1400;1388
3810;25558664000;25361600000;25861600000;1400;1388
3811;25558667000;25361600000;25861600000;1398;1386
3812;25558670000;25361600000;25861600000;1400;1388
3813;25558673000;25361600000;25861600000;1398;1386
3814;25558677000;25361600000;25861600000;1400;1388
3815;25558680000;25361600000;25861600000;1400;1388
3816;25558683000;25361611111;25861611111;982;970
3807;25558788000;25320188888;25820188888;1400;1388
3808;25558793000;25320188888;25820188888;1398;1386
3809;25558981000;25361600000;25861600000;1400;1388
3810;25559194000;25361600000;25861600000;1400;1388
3811;25559199000;25361600000;25861600000;1398;1386
3812;25559395000;25361600000;25861600000;1400;1388
3813;25559400000;25361600000;25861600000;1398;1386
3814;25559603000;25361600000;25861600000;1400;1388
3815;25559607000;25361600000;25861600000;1400;1388
3816;25559807000;25361611111;25861611111;982;970
3817;25600271000;25361888888;25861888888;1398;1386
3817;25600314000;25361888888;25861888888;1398;1386
3818;25600324000;25361888888;25861888888;1400;1388
3819;25600328000;25361888888;25861888888;1398;1386
3820;25600331000;25403266666;25903266666;1400;1388
3821;25600335000;25403266666;25903266666;1400;1388
3822;25600338000;25403266666;25903266666;1398;1386
3823;25600341000;25403266666;25903266666;1400;1388
3824;25600345000;25403266666;25903266666;1398;1386
3825;25600348000;25403266666;25903266666;1400;1388
3826;25600352000;25403266666;25903266666;1400;1388
3827;25600355000;25403277777;25903277777;982;970
3818;25600455000;25361888888;25861888888;1400;1388
3819;25600460000;25361888888;25861888888;1398;1386
3820;25600654000;25403266666;25903266666;1400;1388
3821;25600861000;25403266666;25903266666;1400;1388
3822;25600865000;25403266666;25903266666;1398;1386
3823;25601062000;25403266666;25903266666;1400;1388
3824;25601067000;25403266666;25903266666;1398;1386
3825;25601270000;25403266666;25903266666;1400;1388
3826;25601274000;25403266666;25903266666;1400;1388
3827;25601474000;25403277777;25903277777;982;970
3828;25641926000;25403544444;25903544444;1398;1386
3828;25641955000;25403544444;25903544444;1398;1386
3829;25641974000;25403544444;25903544444;1400;1388
3830;25641978000;25403544444;25903544444;1398;1386
3831;25641982000;25444933333;25944933333;1400;1388
3835;25641985000;25444933333;25944933333;1398;1386
3836;25641994000;25444933333;25944933333;1400;1388
3837;25642005000;25444933333;25944933333;1400;1388
3838;25642009000;25444944444;25944944444;982;970
3829;25642123000;25403544444;25903544444;1400;1388
3830;25642129000;25403544444;25903544444;1398;1386
3831;25642334000;25444933333;25944933333;1400;1388
3832;25642529000;25444933333;25944933333;1400;1388
3833;25642549000;25444933333;25944933333;1398;1386
3834;25642729000;25444933333;25944933333;1400;1388
3835;25642736000;25444933333;25944933333;1398;1386
3836;25642936000;25444933333;25944933333;1400;1388
3837;25642941000;25444933333;25944933333;1400;1388
3838;25643143000;25444944444;25944944444;982;970
3839;25683607000;25445211111;25945211111;1398;1386
3839;25683649000;25445211111;25945211111;1398;1386
3840;25683659000;25445211111;25945211111;1400;1388
3841;25683663000;25445211111;25945211111;1398;1386
3842;25683666000;25486600000;25986600000;1400;1388
3843;25683670000;25486600000;25986600000;1400;1388
3844;25683673000;25486600000;25986600000;1398;1386
3845;25683677000;25486600000;25986600000;1400;1388
3846;25683680000;25486600000;25986600000;1398;1386
3847;25683683000;25486600000;25986600000;1400;1388
3848;25683687000;25486600000;25986600000;1400;1388
3849;25683690000;25486611111;25986611111;982;970
3840;25683789000;25445211111;25945211111;1400;1388
3841;25683795000;25445211111;25945211111;1398;1386
3842;25683984000;25486600000;25986600000;1400;1388
3843;25684196000;25486600000;25986600000;1400;1388
3844;25684201000;25486600000;25986600000;1398;1386
3845;25684397000;25486600000;25986600000;1400;1388
3846;25684402000;25486600000;25986600000;1398;1386
3847;25684606000;25486600000;25986600000;1400;1388
3848;25684610000;25486600000;25986600000;1400;1388
3849;25684809000;25486611111;25986611111;982;970
3850;25725284000;25486900000;25986900000;1398;1386
3850;25725311000;25486900000;25986900000;1398;1386
3851;25725321000;25486900000;25986900000;1400;1388
3852;25725325000;25486900000;25986900000;1398;1386
3853;25725328000;25528266666;26028266666;1400;1388
3854;25725332000;25528266666;26028266666;1400;1388
3855;25725335000;25528266666;26028266666;1398;1386
3856;25725338000;25528266666;26028266666;1400;1388
3857;25725342000;25528266666;26028266666;1398;1386
3858;25725345000;25528266666;26028266666;1400;1388
3859;25725348000;25528266666;26028266666;1400;1388
3860;25725351000;25528277777;26028277777;982;970
3851;25725504000;25486900000;25986900000;1400;1388
3852;25725513000;25486900000;25986900000;1398;1386
3853;25725703000;25528266666;26028266666;1400;1388
3854;25725909000;25528266666;26028266666;1400;1388
3855;25725918000;25528266666;26028266666;1398;1386
3856;25726112000;25528266666;26028266666;1400;1388
3857;25726120000;25528266666;26028266666;1398;1386
3858;25726319000;25528266666;26028266666;1400;1388
3859;25726327000;25528266666;26028266666;1400;1388
3860;25726523000;25528277777;26028277777;982;970
3861;25766964000;25528555555;26028555555;1398;1386
3861;25766981000;25528555555;26028555555;1398;1386
3862;25767001000;25528555555;26028555555;1400;1388
3863;25767005000;25528555555;26028555555;1398;1386
3864;25767009000;25569933333;26069933333;1400;1388
3865;25767012000;25569933333;26069933333;1400;1388
3866;25767015000;25569933333;26069933333;1398;1386
3867;25767019000;25569933333;26069933333;1400;1388
3868;25767022000;25569933333;26069933333;1398;1386
3869;25767025000;25569933333;26069933333;1400;1388
3870;25767028000;25569933333;26069933333;1400;1388
3871;25767031000;25569944444;26069944444;982;970
3862;25767175000;25528555555;26028555555;1400;1388
3863;25767184000;25528555555;26028555555;1398;1386
3864;25767374000;25569933333;26069933333;1400;1388
3865;25767570000;25569933333;26069933333;1400;1388
3866;25767576000;25569933333;26069933333;1398;1386
3867;25767771000;25569933333;26069933333;1400;1388
3868;25767776000;25569933333;26069933333;1398;1386
3869;25767971000;25569933333;26069933333;1400;1388
3870;25768185000;25569933333;26069933333;1400;1388
3871;25768189000;25569944444;26069944444;982;970
3872;25808640000;25570222222;26070222222;1398;1386
3872;25808676000;25570222222;26070222222;1398;1386
3873;25808686000;25570222222;26070222222;1400;1388
3874;25808690000;25570222222;26070222222;1398;1386
3875;25808693000;25611600000;26111600000;1400;1388
3876;25808697000;25611600000;26111600000;1400;1388
3877;25808700000;25611600000;26111600000;1398;1386
3878;25808711000;25611600000;26111600000;1400;1388
3879;25808715000;25611600000;26111600000;1398;1386
3880;25808718000;25611600000;26111600000;1400;1388
3881;25808722000;25611600000;26111600000;1400;1388
3882;25808725000;25611622222;26111622222;982;970
3873;25808838000;25570222222;26070222222;1400;1388
3874;25808844000;25570222222;26070222222;1398;1386
3875;25809039000;25611600000;26111600000;1400;1388
3876;25809243000;25611600000;26111600000;1400;1388
3877;25809248000;25611600000;26111600000;1398;1386
3878;25809441000;25611600000;26111600000;1400;1388
3879;25809446000;25611600000;26111600000;1398;1386
3880;25809651000;25611600000;26111600000;1400;1388
3881;25809655000;25611600000;26111600000;1400;1388
3882;25809855000;25611622222;26111622222;982;970
3883;25850320000;25611900000;26111900000;1398;1386
3883;25850363000;25611900000;26111900000;1398;1386
3884;25850372000;25611900000;26111900000;1400;1388
3885;25850376000;25611900000;26111900000;1398;1386
3886;25850380000;25653266666;26153266666;1400;1388
3887;25850384000;25653266666;26153266666;1400;1388
3888;25850387000;25653266666;26153266666;1398;1386
3889;25850390000;25653266666;26153266666;1400;1388
3890;25850393000;25653266666;26153266666;1398;1386
3891;25850396000;25653266666;26153266666;1400;1388
3892;25850400000;25653266666;26153266666;1400;1388
3893;25850403000;25653288888;26153288888;982;970
3884;25850504000;25611900000;26111900000;1400;1388
3885;25850510000;25611900000;26111900000;1398;1386
3886;25850702000;25653266666;26153266666;1400;1388
3887;25850908000;25653266666;26153266666;1400;1388
3888;25850913000;25653266666;26153266666;1398;1386
3889;25851111000;25653266666;26153266666;1400;1388
3890;25851115000;25653266666;26153266666;1398;1386
3891;25851319000;25653266666;26153266666;1400;1388
3892;25851323000;25653266666;26153266666;1400;1388
3893;25851522000;25653288888;26153288888;982;970
3894;25891987000;25653555555;26153555555;1398;1386
3894;25892015000;25653555555;26153555555;1398;1386
3895;25892034000;25653555555;26153555555;1400;1388
3896;25892039000;25653555555;26153555555;1398;1386
3897;25892050000;25694933333;26194933333;1400;1388
3898;25892055000;25694933333;26194933333;1400;1388
3899;25892059000;25694933333;26194933333;1398;1386
3900;25892062000;25694933333;26194933333;1400;1388
3901;25892065000;25694933333;26194933333;1398;1386
3902;25892068000;25694933333;26194933333;1400;1388
3903;25892072000;25694933333;26194933333;1400;1388
3904;25892075000;25694955555;26194955555;982;970
3895;25892172000;25653555555;26153555555;1400;1388
3896;25892177000;25653555555;26153555555;1398;1386
3897;25892372000;25694933333;26194933333;1400;1388
3898;25892578000;25694933333;26194933333;1400;1388
3899;25892582000;25694933333;26194933333;1398;1386
3900;25892779000;25694933333;26194933333;1400;1388
3901;25892783000;25694933333;26194933333;1398;1386
3902;25892979000;25694933333;26194933333;1400;1388
3903;25893194000;25694933333;26194933333;1400;1388
3904;25893198000;25694955555;26194955555;982;970
3905;25933684000;25695233333;26195233333;1398;1386
3905;25933728000;25695233333;26195233333;1398;1386
3906;25933737000;25695233333;26195233333;1400;1388
3907;25933742000;25695233333;26195233333;1398;1386
3908;25933745000;25736633333;26236633333;1400;1388
3909;25933749000;25736633333;26236633333;1400;1388
3910;25933752000;25736633333;26236633333;1398;1386
3911;25933755000;25736633333;26236633333;1400;1388
3912;25933758000;25736633333;26236633333;1398;1386
3913;25933762000;25736633333;26236633333;1400;1388
3914;25933765000;25736633333;26236633333;1400;1388
3915;25933768000;25736655555;26236655555;982;970
3906;25933869000;25695233333;26195233333;1400;1388
3907;25933874000;25695233333;26195233333;1398;1386
3908;25934069000;25736633333;26236633333;1400;1388
3909;25934275000;25736633333;26236633333;1400;1388
3910;25934280000;25736633333;26236633333;1398;1386
3911;25934475000;25736633333;26236633333;1400;1388
3912;25934480000;25736633333;26236633333;1398;1386
3913;25934684000;25736633333;26236633333;1400;1388
3914;25934689000;25736633333;26236633333;1400;1388
3915;25934888000;25736655555;26236655555;982;970
3916;25975317000;25736955555;26236955555;1398;1386
3916;25975358000;25736955555;26236955555;1398;1386
3917;25975367000;25736955555;26236955555;1400;1388
3918;25975371000;25736955555;26236955555;1398;1386
3919;25975375000;25778300000;26278300000;1400;1388
3920;25975378000;25778300000;26278300000;1400;1388
3921;25975382000;25778300000;26278300000;1398;1386
3922;25975385000;25778300000;26278300000;1400;1388
3923;25975388000;25778300000;26278300000;1398;1386
3924;25975391000;25778300000;26278300000;1400;1388
3925;25975394000;25778300000;26278300000;1400;1388
3926;25975397000;25778311111;26278311111;982;970
3917;25975515000;25736955555;26236955555;1400;1388
3918;25975521000;25736955555;26236955555;1398;1386
3919;25975715000;25778300000;26278300000;1400;1388
3920;25975921000;25778300000;26278300000;1400;1388
3921;25975926000;25778300000;26278300000;1398;1386
3922;25976121000;25778300000;26278300000;1400;1388
3923;25976126000;25778300000;26278300000;1398;1386
3924;25976332000;25778300000;26278300000;1400;1388
3925;25976336000;25778300000;26278300000;1400;1388
3926;25976535000;25778311111;26278311111;982;970
3927;26016977000;25778588888;26278588888;1398;1386
3927;26017018000;25778588888;26278588888;1398;1386
3928;26017027000;25778588888;26278588888;1400;1388
3929;26017031000;25778588888;26278588888;1398;1386
3930;26017035000;25819966666;26319966666;1400;1388
3931;26017039000;25819966666;26319966666;1400;1388
3932;26017042000;25819966666;26319966666;1398;1386
3933;26017053000;25819966666;26319966666;1400;1388
3934;26017056000;25819966666;26319966666;1398;1386
3935;26017060000;25819966666;26319966666;1400;1388
3936;26017063000;25819966666;26319966666;1400;1388
3937;26017066000;25819988888;26319988888;982;970
3928;26017169000;25778588888;26278588888;1400;1388
3929;26017174000;25778588888;26278588888;1398;1386
3930;26017369000;25819966666;26319966666;1400;1388
3931;26017574000;25819966666;26319966666;1400;1388
3932;26017579000;25819966666;26319966666;1398;1386
3933;26017775000;25819966666;26319966666;1400;1388
3934;26017780000;25819966666;26319966666;1398;1386
3935;26017976000;25819966666;26319966666;1400;1388
3936;26018188000;25819966666;26319966666;1400;1388
3937;26018193000;25819988888;26319988888;982;970
3938;26058638000;25820244444;26320244444;1398;1386
3938;26058679000;25820244444;26320244444;1398;1386
3939;26058689000;25820244444;26320244444;1400;1388
3940;26058693000;25820244444;26320244444;1398;1386
3941;26058696000;25861633333;26361633333;1400;1388
3942;26058700000;25861633333;26361633333;1400;1388
3943;26058703000;25861633333;26361633333;1398;1386
3944;26058707000;25861633333;26361633333;1400;1388
3945;26058710000;25861633333;26361633333;1398;1386
3946;26058713000;25861633333;26361633333;1400;1388
3947;26058717000;25861633333;26361633333;1400;1388
3948;26058720000;25861655555;26361655555;982;970
3939;26058835000;25820244444;26320244444;1400;1388
3940;26058841000;25820244444;26320244444;1398;1386
3941;26059036000;25861633333;26361633333;1400;1388
3942;26059241000;25861633333;26361633333;1400;1388
3943;26059246000;25861633333;26361633333;1398;1386
3944;26059441000;25861633333;26361633333;1400;1388
3946;26059445000;25861633333;26361633333;1400;1388
3947;26059645000;25861633333;26361633333;1400;1388
3948;26059650000;25861655555;26361655555;982;970
3949;26100311000;25861944444;26361944444;1398;1386
3949;26100353000;25861944444;26361944444;1398;1386
3950;26100362000;25861944444;26361944444;1400;1388
3951;26100366000;25861944444;26361944444;1398;1386
3952;26100370000;25903300000;26403300000;1400;1388
3953;26100374000;25903300000;26403300000;1400;1388
3954;26100377000;25903300000;26403300000;1398;1386
3955;26100380000;25903300000;26403300000;1400;1388
3956;26100383000;25903300000;26403300000;1398;1386
3957;26100387000;25903300000;26403300000;1400;1388
3958;26100390000;25903300000;26403300000;1400;1388
3959;26100393000;25903322222;26403322222;982;970
3950;26100502000;25861944444;26361944444;1400;1388
3951;26100507000;25861944444;26361944444;1398;1386
3952;26100704000;25903300000;26403300000;1400;1388
3953;26100919000;25903300000;26403300000;1400;1388
3954;26100924000;25903300000;26403300000;1398;1386
3955;26101109000;25903300000;26403300000;1400;1388
3956;26101114000;25903300000;26403300000;1398;1386
3957;26101318000;25903300000;26403300000;1400;1388
3958;26101322000;25903300000;26403300000;1400;1388
3959;26101521000;25903322222;26403322222;982;970
3960;26142008000;25903588888;26403588888;1398;1386
3960;26142073000;25903588888;26403588888;1398;1386
3961;26142089000;25903588888;26403588888;1400;1388
3962;26142094000;25903588888;26403588888;1398;1386
3963;26142097000;25944977777;26444977777;1400;1388
3964;26142102000;25944977777;26444977777;1400;1388
3965;26142105000;25944977777;26444977777;1398;1386
3966;26142109000;25944977777;26444977777;1400;1388
3967;26142112000;25944977777;26444977777;1398;1386
3968;26142116000;25944977777;26444977777;1400;1388
3969;26142119000;25944977777;26444977777;1400;1388
3970;26142122000;25945000000;26445000000;982;970
3961;26142187000;25903588888;26403588888;1400;1388
3962;26142193000;25903588888;26403588888;1398;1386
3963;26142393000;25944977777;26444977777;1400;1388
3964;26142598000;25944977777;26444977777;1400;1388
3965;26142608000;25944977777;26444977777;1398;1386
3966;26142801000;25944977777;26444977777;1400;1388
3967;26142809000;25944977777;26444977777;1398;1386
3968;26143002000;25944977777;26444977777;1400;1388
3969;26143010000;25944977777;26444977777;1400;1388
3970;26143213000;25945000000;26445000000;982;970
3971;26183634000;25945288888;26445288888;1398;1386
3971;26183665000;25945288888;26445288888;1398;1386
3972;26183676000;25945288888;26445288888;1400;1388
3973;26183681000;25945288888;26445288888;1398;1386
3974;26183684000;25986622222;26486622222;1400;1388
3975;26183688000;25986622222;26486622222;1400;1388
3976;26183691000;25986622222;26486622222;1398;1386
3977;26183694000;25986622222;26486622222;1400;1388
3978;26183698000;25986622222;26486622222;1398;1386
3979;26183701000;25986622222;26486622222;1400;1388
3980;26183705000;25986622222;26486622222;1400;1388
3981;26183708000;25986644444;26486644444;982;970
3972;26183840000;25945288888;26445288888;1400;1388
3973;26183849000;25945288888;26445288888;1398;1386
3974;26184041000;25986622222;26486622222;1400;1388
3975;26184243000;25986622222;26486622222;1400;1388
3976;26184249000;25986622222;26486622222;1398;1386
3977;26184434000;25986622222;26486622222;1400;1388
3978;26184438000;25986622222;26486622222;1398;1386
3979;26184641000;25986622222;26486622222;1400;1388
3980;26184646000;25986622222;26486622222;1400;1388
3981;26184846000;25986644444;26486644444;982;970
3982;26225296000;25986955555;26486955555;1398;1386
3982;26225319000;25986955555;26486955555;1398;1386
3983;26225339000;25986955555;26486955555;1400;1388
3984;26225343000;25986955555;26486955555;1398;1386
3985;26225347000;26028266666;26528266666;1400;1388
3986;26225350000;26028266666;26528266666;1400;1388
3987;26225354000;26028266666;26528266666;1398;1386
3988;26225357000;26028266666;26528266666;1400;1388
3989;26225360000;26028266666;26528266666;1398;1386
3990;26225363000;26028266666;26528266666;1400;1388
3991;26225366000;26028266666;26528266666;1400;1388
3992;26225370000;26028288888;26528288888;982;970
3983;26225477000;25986955555;26486955555;1400;1388
3984;26225483000;25986955555;26486955555;1398;1386
3985;26225676000;26028266666;26528266666;1400;1388
3986;26225882000;26028266666;26528266666;1400;1388
3987;26225887000;26028266666;26528266666;1398;1386
3988;26226080000;26028266666;26528266666;1400;1388
3989;26226085000;26028266666;26528266666;1398;1386
3990;26226292000;26028266666;26528266666;1400;1388
3991;26226297000;26028266666;26528266666;1400;1388
3992;26226495000;26028288888;26528288888;982;970
3993;26266962000;26028555555;26528555555;1398;1386
3993;26266990000;26028555555;26528555555;1398;1386
3994;26267009000;26028555555;26528555555;1400;1388
3995;26267013000;26028555555;26528555555;1398;1386
3996;26267016000;26069933333;26569933333;1400;1388
3997;26267020000;26069933333;26569933333;1400;1388
3998;26267023000;26069933333;26569933333;1398;1386
3999;26267027000;26069933333;26569933333;1400;1388
4000;26267062000;26069933333;26569933333;1398;1386
4001;26267066000;26069933333;26569933333;1400;1388
4002;26267069000;26069933333;26569933333;1400;1388
4003;26267072000;26069955555;26569955555;982;970
3994;26267135000;26028555555;26528555555;1400;1388
3995;26267346000;26028555555;26528555555;1398;1386
3996;26267351000;26069933333;26569933333;1400;1388
3997;26267551000;26069933333;26569933333;1400;1388
3998;26267556000;26069933333;26569933333;1398;1386
3999;26267751000;26069933333;26569933333;1400;1388
4000;26267756000;26069933333;26569933333;1398;1386
4001;26267953000;26069933333;26569933333;1400;1388
4002;26268165000;26069933333;26569933333;1400;1388
4003;26268170000;26069955555;26569955555;982;970
4004;26308619000;26070233333;26570233333;1398;1386
4004;26308634000;26070233333;26570233333;1398;1386
4005;26308653000;26070233333;26570233333;1400;1388
4006;26308658000;26070233333;26570233333;1398;1386
4007;26308661000;26111600000;26611600000;1400;1388
4008;26308665000;26111600000;26611600000;1400;1388
4009;26308668000;26111600000;26611600000;1398;1386
4010;26308671000;26111600000;26611600000;1400;1388
4011;26308674000;26111600000;26611600000;1398;1386
4012;26308678000;26111600000;26611600000;1400;1388
4013;26308681000;26111600000;26611600000;1400;1388
4014;26308684000;26111622222;26611622222;982;970
4005;26308813000;26070233333;26570233333;1400;1388
4006;26308819000;26070233333;26570233333;1398;1386
4007;26309006000;26111600000;26611600000;1400;1388
4008;26309218000;26111600000;26611600000;1400;1388
4009;26309223000;26111600000;26611600000;1398;1386
4010;26309418000;26111600000;26611600000;1400;1388
4011;26309423000;26111600000;26611600000;1398;1386
4012;26309626000;26111600000;26611600000;1400;1388
4013;26309631000;26111600000;26611600000;1400;1388
4014;26309831000;26111622222;26611622222;982;970
4015;26350297000;26111922222;26611922222;1398;1386
4015;26350325000;26111922222;26611922222;1398;1386
4016;26350344000;26111922222;26611922222;1400;1388
4017;26350348000;26111922222;26611922222;1398;1386
4018;26350352000;26153266666;26653266666;1400;1388
4019;26350356000;26153266666;26653266666;1400;1388
4020;26350359000;26153266666;26653266666;1398;1386
4021;26350362000;26153266666;26653266666;1400;1388
4022;26350366000;26153266666;26653266666;1398;1386
4023;26350369000;26153266666;26653266666;1400;1388
4024;26350372000;26153266666;26653266666;1400;1388
4025;26350375000;26153288888;26653288888;982;970
4016;26350480000;26111922222;26611922222;1400;1388
4017;26350485000;26111922222;26611922222;1398;1386
4018;26350680000;26153266666;26653266666;1400;1388
4019;26350886000;26153266666;26653266666;1400;1388
4020;26350891000;26153266666;26653266666;1398;1386
4021;26351088000;26153266666;26653266666;1400;1388
4022;26351093000;26153266666;26653266666;1398;1386
4023;26351298000;26153266666;26653266666;1400;1388
4024;26351302000;26153266666;26653266666;1400;1388
4025;26351500000;26153288888;26653288888;982;970
4026;26391972000;26153555555;26653555555;1398;1386
4026;26392001000;26153555555;26653555555;1398;1386
4027;26392020000;26153555555;26653555555;1400;1388
4028;26392024000;26153555555;26653555555;1398;1386
4029;26392027000;26194933333;26694933333;1400;1388
4030;26392031000;26194933333;26694933333;1400;1388
4031;26392034000;26194933333;26694933333;1398;1386
4032;26392038000;26194933333;26694933333;1400;1388
4033;26392041000;26194933333;26694933333;1398;1386
4034;26392052000;26194933333;26694933333;1400;1388
4035;26392056000;26194933333;26694933333;1400;1388
4036;26392059000;26194944444;26694944444;982;970
4027;26392163000;26153555555;26653555555;1400;1388
4028;26392168000;26153555555;26653555555;1398;1386
4029;26392364000;26194933333;26694933333;1400;1388
4030;26392569000;26194933333;26694933333;1400;1388
4031;26392574000;26194933333;26694933333;1398;1386
4032;26392772000;26194933333;26694933333;1400;1388
4033;26392776000;26194933333;26694933333;1398;1386
4034;26392971000;26194933333;26694933333;1400;1388
4035;26393184000;26194933333;26694933333;1400;1388
4036;26393189000;26194944444;26694944444;982;970
4037;26433629000;26195233333;26695233333;1398;1386
4037;26433642000;26195233333;26695233333;1398;1386
4038;26433662000;26195233333;26695233333;1400;1388
4039;26433667000;26195233333;26695233333;1398;1386
4040;26433670000;26236600000;26736600000;1400;1388
4041;26433674000;26236600000;26736600000;1400;1388
4042;26433677000;26236600000;26736600000;1398;1386
4043;26433681000;26236600000;26736600000;1400;1388
4044;26433684000;26236600000;26736600000;1398;1386
4045;26433687000;26236600000;26736600000;1400;1388
4046;26433691000;26236600000;26736600000;1400;1388
4047;26433694000;26236611111;26736611111;982;970
4038;26433809000;26195233333;26695233333;1400;1388
4039;26434027000;26195233333;26695233333;1398;1386
4040;26434033000;26236600000;26736600000;1400;1388
4041;26434237000;26236600000;26736600000;1400;1388
4042;26434242000;26236600000;26736600000;1398;1386
4043;26434440000;26236600000;26736600000;1400;1388
4044;26434444000;26236600000;26736600000;1398;1386
4045;26434645000;26236600000;26736600000;1400;1388
4046;26434649000;26236600000;26736600000;1400;1388
4047;26434849000;26236611111;26736611111;982;970
4048;26475293000;26236900000;26736900000;1398;1386
4049;26475315000;26236900000;26736900000;1400;1388
4050;26475329000;26236900000;26736900000;1398;1386
4051;26475332000;26278266666;26778266666;1400;1388
4052;26475345000;26278266666;26778266666;1400;1388
4048;26475353000;26236900000;26736900000;1398;1386
4053;26475367000;26278266666;26778266666;1398;1386
4054;26475383000;26278266666;26778266666;1400;1388
4055;26475386000;26278266666;26778266666;1398;1386
4056;26475390000;26278266666;26778266666;1400;1388
4057;26475393000;26278266666;26778266666;1400;1388
4058;26475396000;26278277777;26778277777;982;970
4049;26475495000;26236900000;26736900000;1400;1388
4050;26475504000;26236900000;26736900000;1398;1386
4051;26475693000;26278266666;26778266666;1400;1388
4052;26475898000;26278266666;26778266666;1400;1388
4053;26475907000;26278266666;26778266666;1398;1386
4054;26476102000;26278266666;26778266666;1400;1388
4055;26476110000;26278266666;26778266666;1398;1386
4056;26476308000;26278266666;26778266666;1400;1388
4057;26476317000;26278266666;26778266666;1400;1388
4058;26476513000;26278277777;26778277777;982;970
4059;26517012000;26278544444;26778544444;1398;1386
4059;26517069000;26278544444;26778544444;1398;1386
4062;26517097000;26319933333;26819933333;1400;1388
4063;26517124000;26319933333;26819933333;1400;1388
4064;26517138000;26319933333;26819933333;1398;1386
4065;26517142000;26319933333;26819933333;1400;1388
4066;26517147000;26319933333;26819933333;1398;1386
4067;26517151000;26319933333;26819933333;1400;1388
4060;26517162000;26278544444;26778544444;1400;1388
4061;26517191000;26278544444;26778544444;1398;1386
4068;26517244000;26319933333;26819933333;1400;1388
4069;26517259000;26319944444;26819944444;982;970
4062;26517360000;26319933333;26819933333;1400;1388
4063;26517553000;26319933333;26819933333;1400;1388
4064;26517562000;26319933333;26819933333;1398;1386
4065;26517758000;26319933333;26819933333;1400;1388
4066;26517767000;26319933333;26819933333;1398;1386
4067;26517968000;26319933333;26819933333;1400;1388
4068;26517977000;26319933333;26819933333;1400;1388
4069;26518182000;26319944444;26819944444;982;970
4070;26558642000;26320200000;26820200000;1398;1386
4070;26558676000;26320200000;26820200000;1398;1386
4071;26558688000;26320200000;26820200000;1400;1388
4072;26558693000;26320200000;26820200000;1398;1386
4073;26558696000;26361600000;26861600000;1400;1388
4074;26558701000;26361600000;26861600000;1400;1388
4075;26558705000;26361600000;26861600000;1398;1386
4076;26558708000;26361600000;26861600000;1400;1388
4077;26558712000;26361600000;26861600000;1398;1386
4078;26558715000;26361600000;26861600000;1400;1388
4079;26558718000;26361600000;26861600000;1400;1388
4080;26558722000;26361611111;26861611111;982;970
4071;26558829000;26320200000;26820200000;1400;1388
4072;26559020000;26320200000;26820200000;1398;1386
4073;26559027000;26361600000;26861600000;1400;1388
4074;26559224000;26361600000;26861600000;1400;1388
4075;26559229000;26361600000;26861600000;1398;1386
4076;26559429000;26361600000;26861600000;1400;1388
4077;26559434000;26361600000;26861600000;1398;1386
4078;26559631000;26361600000;26861600000;1400;1388
4079;26559837000;26361600000;26861600000;1400;1388
4080;26559841000;26361611111;26861611111;982;970
4081;26600284000;26361888888;26861888888;1398;1386
4081;26600316000;26361888888;26861888888;1398;1386
4082;26600328000;26361888888;26861888888;1400;1388
4083;26600332000;26361888888;26861888888;1398;1386
4084;26600336000;26403266666;26903266666;1400;1388
4085;26600341000;26403266666;26903266666;1400;1388
4086;26600345000;26403266666;26903266666;1398;1386
4087;26600348000;26403266666;26903266666;1400;1388
4088;26600351000;26403266666;26903266666;1398;1386
4089;26600355000;26403266666;26903266666;1400;1388
4090;26600358000;26403266666;26903266666;1400;1388
4091;26600362000;26403277777;26903277777;982;970
4082;26600485000;26361888888;26861888888;1400;1388
4084;26600687000;26403266666;26903266666;1400;1388
4085;26600692000;26403266666;26903266666;1400;1388
4086;26600892000;26403266666;26903266666;1398;1386
4087;26600897000;26403266666;26903266666;1400;1388
4088;26601097000;26403266666;26903266666;1398;1386
4089;26601101000;26403266666;26903266666;1400;1388
4090;26601301000;26403266666;26903266666;1400;1388
4091;26601305000;26403277777;26903277777;982;970
4092;26641963000;26403544444;26903544444;1398;1386
4092;26642002000;26403544444;26903544444;1398;1386
4093;26642013000;26403544444;26903544444;1400;1388
4094;26642017000;26403544444;26903544444;1398;1386
4095;26642021000;26444933333;26944933333;1400;1388
4096;26642025000;26444933333;26944933333;1400;1388
4097;26642028000;26444933333;26944933333;1398;1386
4098;26642031000;26444933333;26944933333;1400;1388
4099;26642035000;26444933333;26944933333;1398;1386
4100;26642038000;26444933333;26944933333;1400;1388
4101;26642041000;26444933333;26944933333;1400;1388
4102;26642058000;26444944444;26944944444;982;970
4093;26642184000;26403544444;26903544444;1400;1388
4094;26642193000;26403544444;26903544444;1398;1386
4095;26642373000;26444933333;26944933333;1400;1388
4096;26642577000;26444933333;26944933333;1400;1388
4097;26642582000;26444933333;26944933333;1398;1386
4098;26642777000;26444933333;26944933333;1400;1388
4099;26642782000;26444933333;26944933333;1398;1386
4100;26642981000;26444933333;26944933333;1400;1388
4101;26642985000;26444933333;26944933333;1400;1388
4102;26643190000;26444944444;26944944444;982;970
4103;26683630000;26445222222;26945222222;1398;1386
4103;26683648000;26445222222;26945222222;1398;1386
4104;26683720000;26445222222;26945222222;1400;1388
4105;26683733000;26445222222;26945222222;1398;1386
4106;26683737000;26486600000;26986600000;1400;1388
4107;26683741000;26486600000;26986600000;1400;1388
4108;26683744000;26486600000;26986600000;1398;1386
4109;26683747000;26486600000;26986600000;1400;1388
4110;26683750000;26486600000;26986600000;1398;1386
4111;26683753000;26486600000;26986600000;1400;1388
4112;26683756000;26486600000;26986600000;1400;1388
4113;26683760000;26486611111;26986611111;982;970
4104;26683847000;26445222222;26945222222;1400;1388
4105;26683856000;26445222222;26945222222;1398;1386
4106;26684066000;26486600000;26986600000;1400;1388
4107;26684256000;26486600000;26986600000;1400;1388
4108;26684265000;26486600000;26986600000;1398;1386
4109;26684456000;26486600000;26986600000;1400;1388
4110;26684465000;26486600000;26986600000;1398;1386
4111;26684665000;26486600000;26986600000;1400;1388
4112;26684673000;26486600000;26986600000;1400;1388
4113;26684868000;26486611111;26986611111;982;970
4114;26725326000;26486911111;26986911111;1398;1386
4114;26725342000;26486911111;26986911111;1398;1386
4115;26725362000;26486911111;26986911111;1400;1388
4116;26725366000;26486911111;26986911111;1398;1386
4117;26725370000;26528266666;27028266666;1400;1388
4118;26725374000;26528266666;27028266666;1400;1388
4121;26725377000;26528266666;27028266666;1398;1386
4122;26725385000;26528266666;27028266666;1400;1388
4123;26725392000;26528266666;27028266666;1400;1388
4124;26725395000;26528277777;27028277777;982;970
4115;26725528000;26486911111;26986911111;1400;1388
4117;26725546000;26528266666;27028266666;1400;1388
4118;26725726000;26528266666;27028266666;1400;1388
4119;26725933000;26528266666;27028266666;1398;1386
4120;26725952000;26528266666;27028266666;1400;1388
4121;26726135000;26528266666;27028266666;1398;1386
4122;26726140000;26528266666;27028266666;1400;1388
4123;26726334000;26528266666;27028266666;1400;1388
4124;26726338000;26528277777;27028277777;982;970
4125;26766996000;26528555555;27028555555;1398;1386
4125;26767023000;26528555555;27028555555;1398;1386
4126;26767042000;26528555555;27028555555;1400;1388
4127;26767054000;26528555555;27028555555;1398;1386
4128;26767057000;26569922222;27069922222;1400;1388
4129;26767061000;26569922222;27069922222;1400;1388
4130;26767064000;26569922222;27069922222;1398;1386
4131;26767067000;26569922222;27069922222;1400;1388
4132;26767070000;26569922222;27069922222;1398;1386
4133;26767074000;26569922222;27069922222;1400;1388
4134;26767077000;26569922222;27069922222;1400;1388
4135;26767080000;26569944444;27069944444;982;970
4126;26767205000;26528555555;27028555555;1400;1388
4127;26767215000;26528555555;27028555555;1398;1386
4128;26767394000;26569922222;27069922222;1400;1388
4129;26767599000;26569922222;27069922222;1400;1388
4130;26767604000;26569922222;27069922222;1398;1386
4131;26767799000;26569922222;27069922222;1400;1388
4132;26767804000;26569922222;27069922222;1398;1386
4133;26768000000;26569922222;27069922222;1400;1388
4134;26768218000;26569922222;27069922222;1400;1388
4135;26768222000;26569944444;27069944444;982;970
4136;26808667000;26570222222;27070222222;1398;1386
4136;26808700000;26570222222;27070222222;1398;1386
4137;26808709000;26570222222;27070222222;1400;1388
4138;26808714000;26570222222;27070222222;1398;1386
4139;26808717000;26611600000;27111600000;1400;1388
4140;26808721000;26611600000;27111600000;1400;1388
4141;26808724000;26611600000;27111600000;1398;1386
4142;26808728000;26611600000;27111600000;1400;1388
4143;26808731000;26611600000;27111600000;1398;1386
4144;26808734000;26611600000;27111600000;1400;1388
4145;26808737000;26611600000;27111600000;1400;1388
4146;26808740000;26611611111;27111611111;982;970
4137;26808860000;26570222222;27070222222;1400;1388
4138;26808866000;26570222222;27070222222;1398;1386
4139;26809059000;26611600000;27111600000;1400;1388
4140;26809268000;26611600000;27111600000;1400;1388
4141;26809273000;26611600000;27111600000;1398;1386
4142;26809466000;26611600000;27111600000;1400;1388
4143;26809471000;26611600000;27111600000;1398;1386
4144;26809675000;26611600000;27111600000;1400;1388
4145;26809679000;26611600000;27111600000;1400;1388
4146;26809879000;26611611111;27111611111;982;970
4147;26850329000;26611877777;27111877777;1398;1386
4147;26850367000;26611877777;27111877777;1398;1386
4148;26850376000;26611877777;27111877777;1400;1388
4149;26850380000;26611877777;27111877777;1398;1386
4150;26850384000;26653266666;27153266666;1400;1388
4151;26850388000;26653266666;27153266666;1400;1388
4152;26850391000;26653266666;27153266666;1398;1386
4153;26850394000;26653266666;27153266666;1400;1388
4154;26850397000;26653266666;27153266666;1398;1386
4155;26850401000;26653266666;27153266666;1400;1388
4156;26850404000;26653266666;27153266666;1400;1388
4157;26850407000;26653277777;27153277777;982;970
4148;26850529000;26611877777;27111877777;1400;1388
4149;26850534000;26611877777;27111877777;1398;1386
4150;26850729000;26653266666;27153266666;1400;1388
4151;26850934000;26653266666;27153266666;1400;1388
4152;26850939000;26653266666;27153266666;1398;1386
4153;26851135000;26653266666;27153266666;1400;1388
4154;26851139000;26653266666;27153266666;1398;1386
4155;26851344000;26653266666;27153266666;1400;1388
4156;26851348000;26653266666;27153266666;1400;1388
4157;26851547000;26653277777;27153277777;982;970
4158;26891985000;26653522222;27153522222;1398;1386
4158;26892026000;26653522222;27153522222;1398;1386
4159;26892036000;26653522222;27153522222;1400;1388
4160;26892040000;26653522222;27153522222;1398;1386
4161;26892051000;26694933333;27194933333;1400;1388
4162;26892056000;26694933333;27194933333;1400;1388
4163;26892070000;26694933333;27194933333;1398;1386
4164;26892073000;26694933333;27194933333;1400;1388
4165;26892076000;26694933333;27194933333;1398;1386
4166;26892079000;26694933333;27194933333;1400;1388
4167;26892083000;26694933333;27194933333;1400;1388
4168;26892086000;26694944444;27194944444;982;970
4159;26892174000;26653522222;27153522222;1400;1388
4160;26892180000;26653522222;27153522222;1398;1386
4161;26892374000;26694933333;27194933333;1400;1388
4162;26892581000;26694933333;27194933333;1400;1388
4163;26892585000;26694933333;27194933333;1398;1386
4164;26892782000;26694933333;27194933333;1400;1388
4165;26892786000;26694933333;27194933333;1398;1386
4166;26892983000;26694933333;27194933333;1400;1388
4167;26893195000;26694933333;27194933333;1400;1388
4168;26893200000;26694944444;27194944444;982;970
4169;26933667000;26695211111;27195211111;1398;1386
4169;26933705000;26695211111;27195211111;1398;1386
4170;26933715000;26695211111;27195211111;1400;1388
4171;26933718000;26695211111;27195211111;1398;1386
4172;26933722000;26736633333;27236633333;1400;1388
4173;26933726000;26736633333;27236633333;1400;1388
4174;26933729000;26736633333;27236633333;1398;1386
4175;26933732000;26736633333;27236633333;1400;1388
4176;26933735000;26736633333;27236633333;1398;1386
4177;26933738000;26736633333;27236633333;1400;1388
4178;26933741000;26736633333;27236633333;1400;1388
4179;26933745000;26736644444;27236644444;982;970
4170;26933863000;26695211111;27195211111;1400;1388
4171;26933869000;26695211111;27195211111;1398;1386
4172;26934061000;26736633333;27236633333;1400;1388
4173;26934268000;26736633333;27236633333;1400;1388
4174;26934273000;26736633333;27236633333;1398;1386
4175;26934469000;26736633333;27236633333;1400;1388
4176;26934474000;26736633333;27236633333;1398;1386
4177;26934678000;26736633333;27236633333;1400;1388
4178;26934682000;26736633333;27236633333;1400;1388
4179;26934881000;26736644444;27236644444;982;970
4180;26975318000;26736955555;27236955555;1398;1386
4180;26975347000;26736955555;27236955555;1398;1386
4181;26975357000;26736955555;27236955555;1400;1388
4182;26975361000;26736955555;27236955555;1398;1386
4183;26975364000;26778300000;27278300000;1400;1388
4184;26975368000;26778300000;27278300000;1400;1388
4185;26975371000;26778300000;27278300000;1398;1386
4186;26975374000;26778300000;27278300000;1400;1388
4187;26975378000;26778300000;27278300000;1398;1386
4188;26975381000;26778300000;27278300000;1400;1388
4189;26975384000;26778300000;27278300000;1400;1388
4190;26975387000;26778322222;27278322222;982;970
4181;26975526000;26736955555;27236955555;1400;1388
4182;26975531000;26736955555;27236955555;1398;1386
4183;26975729000;26778300000;27278300000;1400;1388
4184;26975932000;26778300000;27278300000;1400;1388
4185;26975937000;26778300000;27278300000;1398;1386
4186;26976134000;26778300000;27278300000;1400;1388
4187;26976139000;26778300000;27278300000;1398;1386
4188;26976342000;26778300000;27278300000;1400;1388
4189;26976347000;26778300000;27278300000;1400;1388
4190;26976545000;26778322222;27278322222;982;970
4191;27017004000;26778600000;27278600000;1398;1386
4191;27017052000;26778600000;27278600000;1398;1386
4192;27017062000;26778600000;27278600000;1400;1388
4193;27017066000;26778600000;27278600000;1398;1386
4194;27017069000;26819966666;27319966666;1400;1388
4195;27017073000;26819966666;27319966666;1400;1388
4196;27017077000;26819966666;27319966666;1398;1386
4197;27017080000;26819966666;27319966666;1400;1388
4198;27017083000;26819966666;27319966666;1398;1386
4199;27017086000;26819966666;27319966666;1400;1388
4200;27017089000;26819966666;27319966666;1400;1388
4201;27017093000;26819977777;27319977777;982;970
4192;27017193000;26778600000;27278600000;1400;1388
4193;27017199000;26778600000;27278600000;1398;1386
4194;27017393000;26819966666;27319966666;1400;1388
4195;27017598000;26819966666;27319966666;1400;1388
4196;27017603000;26819966666;27319966666;1398;1386
4197;27017803000;26819966666;27319966666;1400;1388
4198;27017808000;26819966666;27319966666;1398;1386
4199;27018001000;26819966666;27319966666;1400;1388
4200;27018214000;26819966666;27319966666;1400;1388
4201;27018227000;26819977777;27319977777;982;970
4202;27058691000;26820277777;27320277777;1398;1386
4202;27058719000;26820277777;27320277777;1398;1386
4204;27058738000;26820277777;27320277777;1398;1386
4205;27058746000;26861644444;27361644444;1400;1388
4206;27058753000;26861644444;27361644444;1400;1388
4207;27058757000;26861644444;27361644444;1398;1386
4208;27058761000;26861644444;27361644444;1400;1388
4209;27058764000;26861644444;27361644444;1398;1386
4210;27058767000;26861644444;27361644444;1400;1388
4211;27058770000;26861644444;27361644444;1400;1388
4212;27058774000;26861666666;27361666666;982;970
4203;27058872000;26820277777;27320277777;1400;1388
4204;27058892000;26820277777;27320277777;1398;1386
4205;27059073000;26861644444;27361644444;1400;1388
4206;27059278000;26861644444;27361644444;1400;1388
4207;27059282000;26861644444;27361644444;1398;1386
4208;27059479000;26861644444;27361644444;1400;1388
4209;27059484000;26861644444;27361644444;1398;1386
4210;27059687000;26861644444;27361644444;1400;1388
4211;27059692000;26861644444;27361644444;1400;1388
4212;27059893000;26861666666;27361666666;982;970
4213;27100361000;26861977777;27361977777;1398;1386
4213;27100392000;26861977777;27361977777;1398;1386
4214;27100411000;26861977777;27361977777;1400;1388
4215;27100415000;26861977777;27361977777;1398;1386
4216;27100418000;26903288888;27403288888;1400;1388
4217;27100422000;26903288888;27403288888;1400;1388
4218;27100425000;26903288888;27403288888;1398;1386
4219;27100429000;26903288888;27403288888;1400;1388
4220;27100432000;26903288888;27403288888;1398;1386
4221;27100435000;26903288888;27403288888;1400;1388
4222;27100438000;26903288888;27403288888;1400;1388
4223;27100441000;26903300000;27403300000;982;970
4214;27100559000;26861977777;27361977777;1400;1388
4215;27100564000;26861977777;27361977777;1398;1386
4216;27100759000;26903288888;27403288888;1400;1388
4217;27100957000;26903288888;27403288888;1400;1388
4218;27100962000;26903288888;27403288888;1398;1386
4219;27101164000;26903288888;27403288888;1400;1388
4220;27101169000;26903288888;27403288888;1398;1386
4221;27101374000;26903288888;27403288888;1400;1388
4222;27101378000;26903288888;27403288888;1400;1388
4223;27101577000;26903300000;27403300000;982;970
4224;27142024000;26903600000;27403600000;1398;1386
4224;27142073000;26903600000;27403600000;1398;1386
4225;27142084000;26903600000;27403600000;1400;1388
4226;27142088000;26903600000;27403600000;1398;1386
4227;27142091000;26944933333;27444933333;1400;1388
4228;27142095000;26944933333;27444933333;1400;1388
4229;27142098000;26944933333;27444933333;1398;1386
4230;27142101000;26944933333;27444933333;1400;1388
4233;27142104000;26944933333;27444933333;1400;1388
4234;27142112000;26944955555;27444955555;982;970
4225;27142205000;26903600000;27403600000;1400;1388
4226;27142211000;26903600000;27403600000;1398;1386
4227;27142406000;26944933333;27444933333;1400;1388
4228;27142611000;26944933333;27444933333;1400;1388
4229;27142616000;26944933333;27444933333;1398;1386
4230;27142813000;26944933333;27444933333;1400;1388
4231;27142818000;26944933333;27444933333;1398;1386
4232;27143015000;26944933333;27444933333;1400;1388
4233;27143227000;26944933333;27444933333;1400;1388
4234;27143231000;26944955555;27444955555;982;970
4235;27183694000;26945255555;27445255555;1398;1386
4235;27183721000;26945255555;27445255555;1398;1386
4236;27183740000;26945255555;27445255555;1400;1388
4237;27183745000;26945255555;27445255555;1398;1386
4238;27183748000;26986600000;27486600000;1400;1388
4239;27183752000;26986600000;27486600000;1400;1388
4240;27183755000;26986600000;27486600000;1398;1386
4241;27183758000;26986600000;27486600000;1400;1388
4242;27183761000;26986600000;27486600000;1398;1386
4243;27183765000;26986600000;27486600000;1400;1388
4244;27183768000;26986600000;27486600000;1400;1388
4245;27183771000;26986622222;27486622222;982;970
4236;27183875000;26945255555;27445255555;1400;1388
4237;27183880000;26945255555;27445255555;1398;1386
4238;27184076000;26986600000;27486600000;1400;1388
4239;27184282000;26986600000;27486600000;1400;1388
4240;27184293000;26986600000;27486600000;1398;1386
4241;27184492000;26986600000;27486600000;1400;1388
4242;27184497000;26986600000;27486600000;1398;1386
4243;27184691000;26986600000;27486600000;1400;1388
4244;27184696000;26986600000;27486600000;1400;1388
4245;27184894000;26986622222;27486622222;982;970
4246;27225334000;26986944444;27486944444;1398;1386
4246;27225375000;26986944444;27486944444;1398;1386
4247;27225385000;26986944444;27486944444;1400;1388
4248;27225389000;26986944444;27486944444;1398;1386
4249;27225392000;27028266666;27528266666;1400;1388
4250;27225396000;27028266666;27528266666;1400;1388
4251;27225399000;27028266666;27528266666;1398;1386
4252;27225402000;27028266666;27528266666;1400;1388
4253;27225405000;27028266666;27528266666;1398;1386
4254;27225408000;27028266666;27528266666;1400;1388
4255;27225411000;27028266666;27528266666;1400;1388
4256;27225414000;27028288888;27528288888;982;970
4247;27225522000;26986944444;27486944444;1400;1388
4248;27225528000;26986944444;27486944444;1398;1386
4249;27225721000;27028266666;27528266666;1400;1388
4250;27225928000;27028266666;27528266666;1400;1388
4251;27225932000;27028266666;27528266666;1398;1386
4252;27226128000;27028266666;27528266666;1400;1388
4253;27226132000;27028266666;27528266666;1398;1386
4254;27226338000;27028266666;27528266666;1400;1388
4255;27226342000;27028266666;27528266666;1400;1388
4256;27226540000;27028288888;27528288888;982;970
4257;27267019000;27028566666;27528566666;1398;1386
4257;27267063000;27028566666;27528566666;1398;1386
4258;27267073000;27028566666;27528566666;1400;1388
4259;27267077000;27028566666;27528566666;1398;1386
4260;27267081000;27069933333;27569933333;1400;1388
4261;27267085000;27069933333;27569933333;1400;1388
4262;27267088000;27069933333;27569933333;1398;1386
4263;27267092000;27069933333;27569933333;1400;1388
4264;27267095000;27069933333;27569933333;1398;1386
4265;27267098000;27069933333;27569933333;1400;1388
4266;27267101000;27069933333;27569933333;1400;1388
4267;27267104000;27069944444;27569944444;982;970
4258;27267207000;27028566666;27528566666;1400;1388
4259;27267212000;27028566666;27528566666;1398;1386
4260;27267410000;27069933333;27569933333;1400;1388
4261;27267613000;27069933333;27569933333;1400;1388
4262;27267618000;27069933333;27569933333;1398;1386
4264;27267814000;27069933333;27569933333;1398;1386
4265;27267819000;27069933333;27569933333;1400;1388
4266;27268015000;27069933333;27569933333;1400;1388
4267;27268019000;27069944444;27569944444;982;970
4268;27308706000;27070233333;27570233333;1398;1386
4268;27308754000;27070233333;27570233333;1398;1386
4269;27308763000;27070233333;27570233333;1400;1388
4270;27308768000;27070233333;27570233333;1398;1386
4271;27308771000;27111633333;27611633333;1400;1388
4272;27308775000;27111633333;27611633333;1400;1388
4273;27308778000;27111633333;27611633333;1398;1386
4274;27308781000;27111633333;27611633333;1400;1388
4275;27308785000;27111633333;27611633333;1398;1386
4276;27308788000;27111633333;27611633333;1400;1388
4277;27308792000;27111633333;27611633333;1400;1388
4278;27308795000;27111655555;27611655555;982;970
4269;27308886000;27070233333;27570233333;1400;1388
4270;27309090000;27070233333;27570233333;1398;1386
4271;27309095000;27111633333;27611633333;1400;1388
4272;27309294000;27111633333;27611633333;1400;1388
4273;27309299000;27111633333;27611633333;1398;1386
4274;27309513000;27111633333;27611633333;1400;1388
4275;27309529000;27111633333;27611633333;1398;1386
4276;27309702000;27111633333;27611633333;1400;1388
4277;27309908000;27111633333;27611633333;1400;1388
4278;27309913000;27111655555;27611655555;982;970
4279;27350408000;27111955555;27611955555;1398;1386
4279;27350442000;27111955555;27611955555;1398;1386
4280;27350454000;27111955555;27611955555;1400;1388
4281;27350460000;27111955555;27611955555;1398;1386
4282;27350463000;27153300000;27653300000;1400;1388
4283;27350467000;27153300000;27653300000;1400;1388
4284;27350470000;27153300000;27653300000;1398;1386
4285;27350474000;27153300000;27653300000;1400;1388
4286;27350477000;27153300000;27653300000;1398;1386
4287;27350481000;27153300000;27653300000;1400;1388
4288;27350502000;27153300000;27653300000;1400;1388
4289;27350505000;27153311111;27653311111;982;970
4281;27350585000;27111955555;27611955555;1398;1386
4282;27350591000;27153300000;27653300000;1400;1388
4283;27350785000;27153300000;27653300000;1400;1388
4284;27350983000;27153300000;27653300000;1398;1386
4285;27350988000;27153300000;27653300000;1400;1388
4286;27351190000;27153300000;27653300000;1398;1386
4287;27351194000;27153300000;27653300000;1400;1388
4288;27351392000;27153300000;27653300000;1400;1388
4289;27351396000;27153311111;27653311111;982;970
4290;27392057000;27153600000;27653600000;1398;1386
4290;27392072000;27153600000;27653600000;1398;1386
4291;27392092000;27153600000;27653600000;1400;1388
4292;27392097000;27153600000;27653600000;1398;1386
4293;27392100000;27194977777;27694977777;1400;1388
4294;27392104000;27194977777;27694977777;1400;1388
4295;27392108000;27194977777;27694977777;1398;1386
4296;27392111000;27194977777;27694977777;1400;1388
4297;27392115000;27194977777;27694977777;1398;1386
4298;27392118000;27194977777;27694977777;1400;1388
4299;27392121000;27194977777;27694977777;1400;1388
4300;27392124000;27195000000;27695000000;982;970
4291;27392268000;27153600000;27653600000;1400;1388
4292;27392277000;27153600000;27653600000;1398;1386
4293;27392456000;27194977777;27694977777;1400;1388
4294;27392662000;27194977777;27694977777;1400;1388
4295;27392667000;27194977777;27694977777;1398;1386
4296;27392860000;27194977777;27694977777;1400;1388
4297;27392865000;27194977777;27694977777;1398;1386
4298;27393072000;27194977777;27694977777;1400;1388
4299;27393275000;27194977777;27694977777;1400;1388
4300;27393280000;27195000000;27695000000;982;970
4301;27433717000;27195311111;27695311111;1398;1386
4301;27433754000;27195311111;27695311111;1398;1386
4302;27433763000;27195311111;27695311111;1400;1388
4303;27433767000;27195311111;27695311111;1398;1386
4304;27433771000;27236633333;27736633333;1400;1388
4305;27433775000;27236633333;27736633333;1400;1388
4306;27433778000;27236633333;27736633333;1398;1386
4307;27433781000;27236633333;27736633333;1400;1388
4308;27433785000;27236633333;27736633333;1398;1386
4309;27433788000;27236633333;27736633333;1400;1388
4310;27433791000;27236633333;27736633333;1400;1388
4311;27433795000;27236655555;27736655555;982;970
4302;27433912000;27195311111;27695311111;1400;1388
4303;27433917000;27195311111;27695311111;1398;1386
4304;27434112000;27236633333;27736633333;1400;1388
4305;27434316000;27236633333;27736633333;1400;1388
4306;27434321000;27236633333;27736633333;1398;1386
4307;27434519000;27236633333;27736633333;1400;1388
4308;27434523000;27236633333;27736633333;1398;1386
4309;27434727000;27236633333;27736633333;1400;1388
4310;27434732000;27236633333;27736633333;1400;1388
4311;27434931000;27236655555;27736655555;982;970
4312;27475391000;27236955555;27736955555;1398;1386
4312;27475431000;27236955555;27736955555;1398;1386
4313;27475441000;27236955555;27736955555;1400;1388
4314;27475445000;27236955555;27736955555;1398;1386
4315;27475448000;27278300000;27778300000;1400;1388
4316;27475452000;27278300000;27778300000;1400;1388
4317;27475455000;27278300000;27778300000;1398;1386
4318;27475459000;27278300000;27778300000;1400;1388
4319;27475462000;27278300000;27778300000;1398;1386
4320;27475465000;27278300000;27778300000;1400;1388
4321;27475468000;27278300000;27778300000;1400;1388
4322;27475471000;27278322222;27778322222;982;970
4313;27475581000;27236955555;27736955555;1400;1388
4314;27475587000;27236955555;27736955555;1398;1386
4315;27475780000;27278300000;27778300000;1400;1388
4316;27475979000;27278300000;27778300000;1400;1388
4317;27475984000;27278300000;27778300000;1398;1386
4318;27476187000;27278300000;27778300000;1400;1388
4319;27476191000;27278300000;27778300000;1398;1386
4320;27476395000;27278300000;27778300000;1400;1388
4321;27476399000;27278300000;27778300000;1400;1388
4322;27476599000;27278322222;27778322222;982;970
4323;27517063000;27278600000;27778600000;1398;1386
4323;27517091000;27278600000;27778600000;1398;1386
4324;27517100000;27278600000;27778600000;1400;1388
4325;27517104000;27278600000;27778600000;1398;1386
4326;27517116000;27319966666;27819966666;1400;1388
4327;27517120000;27319966666;27819966666;1400;1388
4328;27517124000;27319966666;27819966666;1398;1386
4329;27517127000;27319966666;27819966666;1400;1388
4330;27517130000;27319966666;27819966666;1398;1386
4331;27517133000;27319966666;27819966666;1400;1388
4332;27517136000;27319966666;27819966666;1400;1388
4333;27517140000;27319988888;27819988888;982;970
4324;27517227000;27278600000;27778600000;1400;1388
4325;27517233000;27278600000;27778600000;1398;1386
4326;27517424000;27319966666;27819966666;1400;1388
4327;27517630000;27319966666;27819966666;1400;1388
4328;27517635000;27319966666;27819966666;1398;1386
4329;27517832000;27319966666;27819966666;1400;1388
4330;27517836000;27319966666;27819966666;1398;1386
4331;27518040000;27319966666;27819966666;1400;1388
4332;27518050000;27319966666;27819966666;1400;1388
4333;27518244000;27319988888;27819988888;982;970
4334;27558690000;27320244444;27820244444;1398;1386
4334;27558730000;27320244444;27820244444;1398;1386
4335;27558740000;27320244444;27820244444;1400;1388
4336;27558744000;27320244444;27820244444;1398;1386
4337;27558747000;27361633333;27861633333;1400;1388
4338;27558751000;27361633333;27861633333;1400;1388
4339;27558754000;27361633333;27861633333;1398;1386
4340;27558758000;27361633333;27861633333;1400;1388
4341;27558761000;27361633333;27861633333;1398;1386
4342;27558764000;27361633333;27861633333;1400;1388
4343;27558767000;27361633333;27861633333;1400;1388
4344;27558770000;27361655555;27861655555;982;970
4335;27558881000;27320244444;27820244444;1400;1388
4336;27558886000;27320244444;27820244444;1398;1386
4337;27559082000;27361633333;27861633333;1400;1388
4338;27559287000;27361633333;27861633333;1400;1388
4339;27559292000;27361633333;27861633333;1398;1386
4340;27559488000;27361633333;27861633333;1400;1388
4341;27559493000;27361633333;27861633333;1398;1386
4342;27559696000;27361633333;27861633333;1400;1388
4343;27559701000;27361633333;27861633333;1400;1388
4344;27559900000;27361655555;27861655555;982;970
4345;27600361000;27361955555;27861955555;1398;1386
4345;27600403000;27361955555;27861955555;1398;1386
4346;27600412000;27361955555;27861955555;1400;1388
4347;27600416000;27361955555;27861955555;1398;1386
4348;27600420000;27403300000;27903300000;1400;1388
4349;27600423000;27403300000;27903300000;1400;1388
4350;27600427000;27403300000;27903300000;1398;1386
4351;27600430000;27403300000;27903300000;1400;1388
4352;27600433000;27403300000;27903300000;1398;1386
4353;27600436000;27403300000;27903300000;1400;1388
4354;27600439000;27403300000;27903300000;1400;1388
4355;27600443000;27403322222;27903322222;982;970
4346;27600561000;27361955555;27861955555;1400;1388
4347;27600566000;27361955555;27861955555;1398;1386
4348;27600760000;27403300000;27903300000;1400;1388
4349;27600959000;27403300000;27903300000;1400;1388
4350;27600964000;27403300000;27903300000;1398;1386
4351;27601167000;27403300000;27903300000;1400;1388
4352;27601172000;27403300000;27903300000;1398;1386
4353;27601376000;27403300000;27903300000;1400;1388
4354;27601381000;27403300000;27903300000;1400;1388
4355;27601579000;27403322222;27903322222;982;970
4356;27642031000;27403600000;27903600000;1398;1386
4356;27642080000;27403600000;27903600000;1398;1386
4357;27642089000;27403600000;27903600000;1400;1388
4358;27642094000;27403600000;27903600000;1398;1386
4359;27642097000;27444966666;27944966666;1400;1388
4360;27642101000;27444966666;27944966666;1400;1388
4361;27642104000;27444966666;27944966666;1398;1386
4362;27642107000;27444966666;27944966666;1400;1388
4363;27642111000;27444966666;27944966666;1398;1386
4364;27642114000;27444966666;27944966666;1400;1388
4365;27642117000;27444966666;27944966666;1400;1388
4366;27642120000;27444988888;27944988888;982;970
4357;27642215000;27403600000;27903600000;1400;1388
4358;27642220000;27403600000;27903600000;1398;1386
4359;27642415000;27444966666;27944966666;1400;1388
4360;27642621000;27444966666;27944966666;1400;1388
4361;27642626000;27444966666;27944966666;1398;1386
4362;27642822000;27444966666;27944966666;1400;1388
4363;27642835000;27444966666;27944966666;1398;1386
4364;27643033000;27444966666;27944966666;1400;1388
4365;27643237000;27444966666;27944966666;1400;1388
4366;27643242000;27444988888;27944988888;982;970
4367;27683707000;27445277777;27945277777;1398;1386
4367;27683739000;27445277777;27945277777;1398;1386
4368;27683759000;27445277777;27945277777;1400;1388
4369;27683763000;27445277777;27945277777;1398;1386
4370;27683766000;27486644444;27986644444;1400;1388
4371;27683770000;27486644444;27986644444;1400;1388
4372;27683773000;27486644444;27986644444;1398;1386
4373;27683776000;27486644444;27986644444;1400;1388
4374;27683780000;27486644444;27986644444;1398;1386
4375;27683783000;27486644444;27986644444;1400;1388
4376;27683786000;27486644444;27986644444;1400;1388
4377;27683789000;27486666666;27986666666;982;970
4368;27683889000;27445277777;27945277777;1400;1388
4369;27683895000;27445277777;27945277777;1398;1386
4370;27684090000;27486644444;27986644444;1400;1388
4371;27684298000;27486644444;27986644444;1400;1388
4372;27684303000;27486644444;27986644444;1398;1386
4373;27684497000;27486644444;27986644444;1400;1388
4374;27684501000;27486644444;27986644444;1398;1386
4375;27684704000;27486644444;27986644444;1400;1388
4376;27684709000;27486644444;27986644444;1400;1388
4377;27684909000;27486666666;27986666666;982;970
4378;27725404000;27486988888;27986988888;1398;1386
4378;27725469000;27486988888;27986988888;1398;1386
4379;27725485000;27486988888;27986988888;1400;1388
4380;27725490000;27486988888;27986988888;1398;1386
4381;27725494000;27528288888;28028288888;1400;1388
4382;27725498000;27528288888;28028288888;1400;1388
4383;27725502000;27528288888;28028288888;1398;1386
4384;27725506000;27528288888;28028288888;1400;1388
4385;27725509000;27528288888;28028288888;1398;1386
4386;27725513000;27528288888;28028288888;1400;1388
4387;27725516000;27528288888;28028288888;1400;1388
4388;27725519000;27528311111;28028311111;982;970
4379;27725586000;27486988888;27986988888;1400;1388
4380;27725788000;27486988888;27986988888;1398;1386
4381;27725797000;27528288888;28028288888;1400;1388
4382;27725987000;27528288888;28028288888;1400;1388
4383;27725996000;27528288888;28028288888;1398;1386
4384;27726193000;27528288888;28028288888;1400;1388
4385;27726202000;27528288888;28028288888;1398;1386
4388;27726401000;27528311111;28028311111;982;970
4389;27767034000;27528611111;28028611111;1398;1386
4389;27767058000;27528611111;28028611111;1398;1386
4390;27767079000;27528611111;28028611111;1400;1388
4391;27767083000;27528611111;28028611111;1398;1386
4392;27767086000;27569933333;28069933333;1400;1388
4393;27767090000;27569933333;28069933333;1400;1388
4394;27767094000;27569933333;28069933333;1398;1386
4395;27767097000;27569933333;28069933333;1400;1388
4396;27767101000;27569933333;28069933333;1398;1386
4397;27767105000;27569933333;28069933333;1400;1388
4398;27767108000;27569933333;28069933333;1400;1388
4399;27767112000;27569955555;28069955555;982;970
4390;27767236000;27528611111;28028611111;1400;1388
4391;27767245000;27528611111;28028611111;1398;1386
4392;27767435000;27569933333;28069933333;1400;1388
4393;27767643000;27569933333;28069933333;1400;1388
4394;27767652000;27569933333;28069933333;1398;1386
4395;27767833000;27569933333;28069933333;1400;1388
4396;27767838000;27569933333;28069933333;1398;1386
4397;27768040000;27569933333;28069933333;1400;1388
4398;27768052000;27569933333;28069933333;1400;1388
4399;27768242000;27569955555;28069955555;982;970
4400;27808716000;27570266666;28070266666;1398;1386
4400;27808749000;27570266666;28070266666;1398;1386
4401;27808758000;27570266666;28070266666;1400;1388
4402;27808762000;27570266666;28070266666;1398;1386
4403;27808766000;27611622222;28111622222;1400;1388
4404;27808769000;27611622222;28111622222;1400;1388
4405;27808773000;27611622222;28111622222;1398;1386
4406;27808776000;27611622222;28111622222;1400;1388
4407;27808779000;27611622222;28111622222;1398;1386
4408;27808782000;27611622222;28111622222;1400;1388
4409;27808786000;27611622222;28111622222;1400;1388
4410;27808789000;27611644444;28111644444;982;970
4401;27808923000;27570266666;28070266666;1400;1388
4402;27808951000;27570266666;28070266666;1398;1386
4403;27809123000;27611622222;28111622222;1400;1388
4404;27809328000;27611622222;28111622222;1400;1388
4405;27809337000;27611622222;28111622222;1398;1386
4406;27809529000;27611622222;28111622222;1400;1388
4407;27809538000;27611622222;28111622222;1398;1386
4408;27809739000;27611622222;28111622222;1400;1388
4409;27809747000;27611622222;28111622222;1400;1388
4410;27809943000;27611644444;28111644444;982;970
4411;27850355000;27611944444;28111944444;1398;1386
4411;27850378000;27611944444;28111944444;1398;1386
4412;27850398000;27611944444;28111944444;1400;1388
4413;27850402000;27611944444;28111944444;1398;1386
4414;27850405000;27653266666;28153266666;1400;1388
4415;27850409000;27653266666;28153266666;1400;1388
4416;27850412000;27653266666;28153266666;1398;1386
4417;27850415000;27653266666;28153266666;1400;1388
4418;27850419000;27653266666;28153266666;1398;1386
4419;27850422000;27653266666;28153266666;1400;1388
4420;27850425000;27653266666;28153266666;1400;1388
4421;27850428000;27653288888;28153288888;982;970
4412;27850573000;27611944444;28111944444;1400;1388
4413;27850580000;27611944444;28111944444;1398;1386
4414;27850760000;27653266666;28153266666;1400;1388
4415;27850959000;27653266666;28153266666;1400;1388
4416;27850963000;27653266666;28153266666;1398;1386
4417;27851166000;27653266666;28153266666;1400;1388
4418;27851170000;27653266666;28153266666;1398;1386
4419;27851374000;27653266666;28153266666;1400;1388
4420;27851379000;27653266666;28153266666;1400;1388
4421;27851578000;27653288888;28153288888;982;970
4422;27892074000;27653566666;28153566666;1398;1386
4422;27892102000;27653566666;28153566666;1398;1386
4423;27892173000;27653566666;28153566666;1400;1388
4424;27892196000;27653566666;28153566666;1398;1386
4425;27892200000;27694933333;28194933333;1400;1388
4426;27892204000;27694933333;28194933333;1400;1388
4427;27892208000;27694933333;28194933333;1398;1386
4428;27892211000;27694933333;28194933333;1400;1388
4429;27892214000;27694933333;28194933333;1398;1386
4423;27892225000;27653566666;28153566666;1400;1388
4430;27892298000;27694933333;28194933333;1400;1388
4431;27892312000;27694933333;28194933333;1400;1388
4432;27892316000;27694955555;28194955555;982;970
4424;27892445000;27653566666;28153566666;1398;1386
4425;27892454000;27694933333;28194933333;1400;1388
4426;27892646000;27694933333;28194933333;1400;1388
4427;27892655000;27694933333;28194933333;1398;1386
4428;27892848000;27694933333;28194933333;1400;1388
4429;27892857000;27694933333;28194933333;1398;1386
4430;27893056000;27694933333;28194933333;1400;1388
4431;27893064000;27694933333;28194933333;1400;1388
4432;27893259000;27694955555;28194955555;982;970
4433;27933727000;27695255555;28195255555;1398;1386
4433;27933743000;27695255555;28195255555;1398;1386
4434;27933763000;27695255555;28195255555;1400;1388
4435;27933767000;27695255555;28195255555;1398;1386
4436;27933770000;27736633333;28236633333;1400;1388
4437;27933774000;27736633333;28236633333;1400;1388
4438;27933778000;27736633333;28236633333;1398;1386
4439;27933781000;27736633333;28236633333;1400;1388
4440;27933784000;27736633333;28236633333;1398;1386
4441;27933788000;27736633333;28236633333;1400;1388
4442;27933791000;27736633333;28236633333;1400;1388
4443;27933794000;27736655555;28236655555;982;970
4434;27933940000;27695255555;28195255555;1400;1388
4435;27933949000;27695255555;28195255555;1398;1386
4436;27934138000;27736633333;28236633333;1400;1388
4437;27934333000;27736633333;28236633333;1400;1388
4439;27934338000;27736633333;28236633333;1400;1388
4440;27934533000;27736633333;28236633333;1398;1386
4441;27934537000;27736633333;28236633333;1400;1388
4442;27934735000;27736633333;28236633333;1400;1388
4443;27934740000;27736655555;28236655555;982;970
4444;27975409000;27736966666;28236966666;1398;1386
4444;27975452000;27736966666;28236966666;1398;1386
4445;27975461000;27736966666;28236966666;1400;1388
4446;27975466000;27736966666;28236966666;1398;1386
4447;27975469000;27778300000;28278300000;1400;1388
4448;27975473000;27778300000;28278300000;1400;1388
4449;27975485000;27778300000;28278300000;1398;1386
4450;27975489000;27778300000;28278300000;1400;1388
4451;27975492000;27778300000;28278300000;1398;1386
4452;27975495000;27778300000;28278300000;1400;1388
4453;27975499000;27778300000;28278300000;1400;1388
4454;27975502000;27778311111;28278311111;982;970
4445;27975595000;27736966666;28236966666;1400;1388
4446;27975601000;27736966666;28236966666;1398;1386
4447;27975793000;27778300000;28278300000;1400;1388
4448;27975994000;27778300000;28278300000;1400;1388
4449;27975999000;27778300000;28278300000;1398;1386
4450;27976199000;27778300000;28278300000;1400;1388
4451;27976204000;27778300000;28278300000;1398;1386
4452;27976407000;27778300000;28278300000;1400;1388
4453;27976412000;27778300000;28278300000;1400;1388
4454;27976611000;27778311111;28278311111;982;970
4455;28017077000;27778611111;28278611111;1398;1386
4458;28017124000;27819966666;28319966666;1400;1388
4459;28017141000;27819966666;28319966666;1400;1388
4460;28017147000;27819966666;28319966666;1398;1386
4461;28017150000;27819966666;28319966666;1400;1388
4462;28017154000;27819966666;28319966666;1398;1386
4463;28017157000;27819966666;28319966666;1400;1388
4464;28017160000;27819966666;28319966666;1400;1388
4465;28017163000;27819988888;28319988888;982;970
4456;28017254000;27778611111;28278611111;1400;1388
4457;28017275000;27778611111;28278611111;1398;1386
4458;28017454000;27819966666;28319966666;1400;1388
4459;28017659000;27819966666;28319966666;1400;1388
4460;28017664000;27819966666;28319966666;1398;1386
4461;28017861000;27819966666;28319966666;1400;1388
4462;28017865000;27819966666;28319966666;1398;1386
4463;28018062000;27819966666;28319966666;1400;1388
4464;28018273000;27819966666;28319966666;1400;1388
4465;28018278000;27819988888;28319988888;982;970
4466;28058697000;27820266666;28320266666;1398;1386
4466;28058729000;27820266666;28320266666;1398;1386
4467;28058739000;27820266666;28320266666;1400;1388
4468;28058743000;27820266666;28320266666;1398;1386
4469;28058747000;27861633333;28361633333;1400;1388
4470;28058750000;27861633333;28361633333;1400;1388
4471;28058754000;27861633333;28361633333;1398;1386
4472;28058757000;27861633333;28361633333;1400;1388
4473;28058760000;27861633333;28361633333;1398;1386
4474;28058763000;27861633333;28361633333;1400;1388
4475;28058766000;27861633333;28361633333;1400;1388
4476;28058770000;27861644444;28361644444;982;970
4467;28058889000;27820266666;28320266666;1400;1388
4468;28058895000;27820266666;28320266666;1398;1386
4469;28059090000;27861633333;28361633333;1400;1388
4470;28059297000;27861633333;28361633333;1400;1388
4471;28059302000;27861633333;28361633333;1398;1386
4472;28059497000;27861633333;28361633333;1400;1388
4473;28059501000;27861633333;28361633333;1398;1386
4474;28059704000;27861633333;28361633333;1400;1388
4475;28059709000;27861633333;28361633333;1400;1388
4476;28059909000;27861644444;28361644444;982;970
4477;28100363000;27861966666;28361966666;1398;1386
4477;28100403000;27861966666;28361966666;1398;1386
4478;28100413000;27861966666;28361966666;1400;1388
4479;28100417000;27861966666;28361966666;1398;1386
4480;28100420000;27903300000;28403300000;1400;1388
4481;28100424000;27903300000;28403300000;1400;1388
4482;28100427000;27903300000;28403300000;1398;1386
4483;28100430000;27903300000;28403300000;1400;1388
4484;28100434000;27903300000;28403300000;1398;1386
4485;28100437000;27903300000;28403300000;1400;1388
4486;28100440000;27903300000;28403300000;1400;1388
4487;28100443000;27903311111;28403311111;982;970
4478;28100559000;27861966666;28361966666;1400;1388
4479;28100564000;27861966666;28361966666;1398;1386
4480;28100759000;27903300000;28403300000;1400;1388
4481;28100957000;27903300000;28403300000;1400;1388
4482;28100962000;27903300000;28403300000;1398;1386
4483;28101164000;27903300000;28403300000;1400;1388
4484;28101169000;27903300000;28403300000;1398;1386
4485;28101374000;27903300000;28403300000;1400;1388
4486;28101378000;27903300000;28403300000;1400;1388
4487;28101578000;27903311111;28403311111;982;970
4488;28142041000;27903577777;28403577777;1398;1386
4488;28142085000;27903577777;28403577777;1398;1386
4489;28142102000;27903577777;28403577777;1400;1388
4490;28142106000;27903577777;28403577777;1398;1386
4491;28142110000;27944966666;28444966666;1400;1388
4492;28142113000;27944966666;28444966666;1400;1388
4493;28142117000;27944966666;28444966666;1398;1386
4494;28142120000;27944966666;28444966666;1400;1388
4495;28142123000;27944966666;28444966666;1398;1386
4496;28142126000;27944966666;28444966666;1400;1388
4497;28142129000;27944966666;28444966666;1400;1388
4498;28142132000;27944988888;28444988888;982;970
4489;28142226000;27903577777;28403577777;1400;1388
4490;28142232000;27903577777;28403577777;1398;1386
4491;28142430000;27944966666;28444966666;1400;1388
4492;28142631000;27944966666;28444966666;1400;1388
4493;28142636000;27944966666;28444966666;1398;1386
4494;28142831000;27944966666;28444966666;1400;1388
4495;28142836000;27944966666;28444966666;1398;1386
4496;28143040000;27944966666;28444966666;1400;1388
4497;28143049000;27944966666;28444966666;1400;1388
4498;28143245000;27944988888;28444988888;982;970
4499;28183708000;27945244444;28445244444;1398;1386
4499;28183736000;27945244444;28445244444;1398;1386
4500;28183755000;27945244444;28445244444;1400;1388
4501;28183760000;27945244444;28445244444;1398;1386
4502;28183763000;27986633333;28486633333;1400;1388
4503;28183767000;27986633333;28486633333;1400;1388
4504;28183770000;27986633333;28486633333;1398;1386
4505;28183773000;27986633333;28486633333;1400;1388
4506;28183776000;27986633333;28486633333;1398;1386
4507;28183779000;27986633333;28486633333;1400;1388
4508;28183783000;27986633333;28486633333;1400;1388
4509;28183786000;27986644444;28486644444;982;970
4500;28183892000;27945244444;28445244444;1400;1388
4501;28183897000;27945244444;28445244444;1398;1386
4502;28184092000;27986633333;28486633333;1400;1388
4503;28184297000;27986633333;28486633333;1400;1388
4504;28184302000;27986633333;28486633333;1398;1386
4505;28184501000;27986633333;28486633333;1400;1388
4506;28184505000;27986633333;28486633333;1398;1386
4507;28184708000;27986633333;28486633333;1400;1388
4508;28184713000;27986633333;28486633333;1400;1388
4509;28184911000;27986644444;28486644444;982;970
4510;28225337000;27986933333;28486933333;1398;1386
4510;28225366000;27986933333;28486933333;1398;1386
4511;28225375000;27986933333;28486933333;1400;1388
4512;28225380000;27986933333;28486933333;1398;1386
4513;28225383000;28028288888;28528288888;1400;1388
4514;28225387000;28028288888;28528288888;1400;1388
4515;28225390000;28028288888;28528288888;1398;1386
4516;28225393000;28028288888;28528288888;1400;1388
4517;28225396000;28028288888;28528288888;1398;1386
4518;28225400000;28028288888;28528288888;1400;1388
4519;28225403000;28028288888;28528288888;1400;1388
4520;28225406000;28028300000;28528300000;982;970
4511;28225550000;27986933333;28486933333;1400;1388
4512;28225555000;27986933333;28486933333;1398;1386
4513;28225749000;28028288888;28528288888;1400;1388
4514;28225949000;28028288888;28528288888;1400;1388
4515;28225954000;28028288888;28528288888;1398;1386
4516;28226156000;28028288888;28528288888;1400;1388
4517;28226161000;28028288888;28528288888;1398;1386
4518;28226364000;28028288888;28528288888;1400;1388
4519;28226368000;28028288888;28528288888;1400;1388
4520;28226570000;28028300000;28528300000;982;970
4521;28267008000;28028566666;28528566666;1398;1386
4521;28267034000;28028566666;28528566666;1398;1386
4522;28267063000;28028566666;28528566666;1400;1388
4523;28267067000;28028566666;28528566666;1398;1386
4524;28267071000;28069933333;28569933333;1400;1388
4526;28267074000;28069933333;28569933333;1398;1386
4527;28267082000;28069933333;28569933333;1400;1388
4528;28267088000;28069933333;28569933333;1398;1386
4529;28267092000;28069933333;28569933333;1400;1388
4530;28267095000;28069933333;28569933333;1400;1388
4531;28267098000;28069955555;28569955555;982;970
4522;28267199000;28028566666;28528566666;1400;1388
4523;28267205000;28028566666;28528566666;1398;1386
4524;28267399000;28069933333;28569933333;1400;1388
4525;28267605000;28069933333;28569933333;1400;1388
4526;28267624000;28069933333;28569933333;1398;1386
4527;28267806000;28069933333;28569933333;1400;1388
4528;28267819000;28069933333;28569933333;1398;1386
4529;28268018000;28069933333;28569933333;1400;1388
4530;28268220000;28069933333;28569933333;1400;1388
4531;28268225000;28069955555;28569955555;982;970
4532;28308658000;28070222222;28570222222;1398;1386
4532;28308688000;28070222222;28570222222;1398;1386
4533;28308697000;28070222222;28570222222;1400;1388
4534;28308701000;28070222222;28570222222;1398;1386
4535;28308705000;28111600000;28611600000;1400;1388
4536;28308709000;28111600000;28611600000;1400;1388
4537;28308712000;28111600000;28611600000;1398;1386
4538;28308716000;28111600000;28611600000;1400;1388
4539;28308719000;28111600000;28611600000;1398;1386
4540;28308722000;28111600000;28611600000;1400;1388
4541;28308725000;28111600000;28611600000;1400;1388
4542;28308728000;28111622222;28611622222;982;970
4533;28308868000;28070222222;28570222222;1400;1388
4534;28308874000;28070222222;28570222222;1398;1386
4535;28309068000;28111600000;28611600000;1400;1388
4536;28309274000;28111600000;28611600000;1400;1388
4537;28309279000;28111600000;28611600000;1398;1386
4538;28309473000;28111600000;28611600000;1400;1388
4539;28309478000;28111600000;28611600000;1398;1386
4540;28309684000;28111600000;28611600000;1400;1388
4541;28309688000;28111600000;28611600000;1400;1388
4542;28309888000;28111622222;28611622222;982;970
4543;28350354000;28111911111;28611911111;1398;1386
4543;28350382000;28111911111;28611911111;1398;1386
4544;28350401000;28111911111;28611911111;1400;1388
4545;28350405000;28111911111;28611911111;1398;1386
4547;28350409000;28153266666;28653266666;1400;1388
4548;28350416000;28153266666;28653266666;1398;1386
4549;28350422000;28153266666;28653266666;1400;1388
4550;28350426000;28153266666;28653266666;1398;1386
4551;28350430000;28153266666;28653266666;1400;1388
4552;28350433000;28153266666;28653266666;1400;1388
4553;28350436000;28153288888;28653288888;982;970
4544;28350537000;28111911111;28611911111;1400;1388
4545;28350543000;28111911111;28611911111;1398;1386
4546;28350737000;28153266666;28653266666;1400;1388
4547;28350948000;28153266666;28653266666;1400;1388
4548;28350953000;28153266666;28653266666;1398;1386
4549;28351144000;28153266666;28653266666;1400;1388
4550;28351148000;28153266666;28653266666;1398;1386
4551;28351352000;28153266666;28653266666;1400;1388
4552;28351357000;28153266666;28653266666;1400;1388
4553;28351556000;28153288888;28653288888;982;970
4554;28392012000;28153566666;28653566666;1398;1386
4554;28392040000;28153566666;28653566666;1398;1386
4555;28392067000;28153566666;28653566666;1400;1388
4556;28392072000;28153566666;28653566666;1398;1386
4557;28392075000;28194933333;28694933333;1400;1388
4558;28392079000;28194933333;28694933333;1400;1388
4559;28392082000;28194933333;28694933333;1398;1386
4560;28392085000;28194933333;28694933333;1400;1388
4561;28392088000;28194933333;28694933333;1398;1386
4562;28392092000;28194933333;28694933333;1400;1388
4563;28392095000;28194933333;28694933333;1400;1388
4564;28392098000;28194944444;28694944444;982;970
4555;28392201000;28153566666;28653566666;1400;1388
4556;28392206000;28153566666;28653566666;1398;1386
4557;28392400000;28194933333;28694933333;1400;1388
4558;28392605000;28194933333;28694933333;1400;1388
4559;28392610000;28194933333;28694933333;1398;1386
4560;28392806000;28194933333;28694933333;1400;1388
4561;28392811000;28194933333;28694933333;1398;1386
4562;28393012000;28194933333;28694933333;1400;1388
4563;28393017000;28194933333;28694933333;1400;1388
4564;28393220000;28194944444;28694944444;982;970
4565;28433669000;28195222222;28695222222;1398;1386
4565;28433710000;28195222222;28695222222;1398;1386
4566;28433719000;28195222222;28695222222;1400;1388
4567;28433723000;28195222222;28695222222;1398;1386
4568;28433727000;28236600000;28736600000;1400;1388
4570;28433730000;28236600000;28736600000;1398;1386
4571;28433737000;28236600000;28736600000;1400;1388
4572;28433744000;28236600000;28736600000;1398;1386
4573;28433748000;28236600000;28736600000;1400;1388
4574;28433751000;28236600000;28736600000;1400;1388
4575;28433755000;28236611111;28736611111;982;970
4566;28433868000;28195222222;28695222222;1400;1388
4567;28433873000;28195222222;28695222222;1398;1386
4568;28434061000;28236600000;28736600000;1400;1388
4569;28434272000;28236600000;28736600000;1400;1388
4570;28434290000;28236600000;28736600000;1398;1386
4571;28434475000;28236600000;28736600000;1400;1388
4572;28434479000;28236600000;28736600000;1398;1386
4573;28434682000;28236600000;28736600000;1400;1388
4574;28434686000;28236600000;28736600000;1400;1388
4575;28434885000;28236611111;28736611111;982;970
4576;28475343000;28236900000;28736900000;1398;1386
4578;28475356000;28236900000;28736900000;1398;1386
4579;28475380000;28278266666;28778266666;1400;1388
4580;28475386000;28278266666;28778266666;1400;1388
4581;28475389000;28278266666;28778266666;1398;1386
4582;28475393000;28278266666;28778266666;1400;1388
4583;28475396000;28278266666;28778266666;1398;1386
4584;28475399000;28278266666;28778266666;1400;1388
4585;28475402000;28278266666;28778266666;1400;1388
4586;28475405000;28278277777;28778277777;982;970
4577;28475536000;28236900000;28736900000;1400;1388
4578;28475555000;28236900000;28736900000;1398;1386
4579;28475736000;28278266666;28778266666;1400;1388
4580;28475942000;28278266666;28778266666;1400;1388
4581;28475946000;28278266666;28778266666;1398;1386
4582;28476142000;28278266666;28778266666;1400;1388
4583;28476147000;28278266666;28778266666;1398;1386
4584;28476351000;28278266666;28778266666;1400;1388
4585;28476355000;28278266666;28778266666;1400;1388
4586;28476555000;28278277777;28778277777;982;970
4587;28517039000;28278533333;28778533333;1398;1386
4587;28517119000;28278533333;28778533333;1398;1386
4588;28517135000;28278533333;28778533333;1400;1388
4589;28517140000;28278533333;28778533333;1398;1386
4590;28517144000;28319933333;28819933333;1400;1388
4591;28517149000;28319933333;28819933333;1400;1388
4592;28517153000;28319933333;28819933333;1398;1386
4593;28517166000;28319933333;28819933333;1400;1388
4594;28517170000;28319933333;28819933333;1398;1386
4595;28517173000;28319933333;28819933333;1400;1388
4596;28517178000;28319933333;28819933333;1400;1388
4597;28517181000;28319944444;28819944444;982;970
4588;28517189000;28278533333;28778533333;1400;1388
4589;28517413000;28278533333;28778533333;1398;1386
4590;28517426000;28319933333;28819933333;1400;1388
4591;28517586000;28319933333;28819933333;1400;1388
4592;28517596000;28319933333;28819933333;1398;1386
4593;28517790000;28319933333;28819933333;1400;1388
4594;28517798000;28319933333;28819933333;1398;1386
4595;28517992000;28319933333;28819933333;1400;1388
4596;28518200000;28319933333;28819933333;1400;1388
4597;28518209000;28319944444;28819944444;982;970
4598;28558689000;28320188888;28820188888;1398;1386
4598;28558713000;28320188888;28820188888;1398;1386
4599;28558734000;28320188888;28820188888;1400;1388
4600;28558740000;28320188888;28820188888;1398;1386
4601;28558743000;28361600000;28861600000;1400;1388
4602;28558747000;28361600000;28861600000;1400;1388
4603;28558750000;28361600000;28861600000;1398;1386
4604;28558754000;28361600000;28861600000;1400;1388
4605;28558757000;28361600000;28861600000;1398;1386
4606;28558760000;28361600000;28861600000;1400;1388
4607;28558764000;28361600000;28861600000;1400;1388
4608;28558768000;28361611111;28861611111;982;970
4599;28558886000;28320188888;28820188888;1400;1388
4600;28558896000;28320188888;28820188888;1398;1386
4601;28559083000;28361600000;28861600000;1400;1388
4602;28559290000;28361600000;28861600000;1400;1388
4603;28559299000;28361600000;28861600000;1398;1386
4604;28559492000;28361600000;28861600000;1400;1388
4605;28559500000;28361600000;28861600000;1398;1386
4606;28559699000;28361600000;28861600000;1400;1388
4607;28559708000;28361600000;28861600000;1400;1388
4608;28559902000;28361611111;28861611111;982;970
4609;28600342000;28361877777;28861877777;1398;1386
4609;28600374000;28361877777;28861877777;1398;1386
4610;28600385000;28361877777;28861877777;1400;1388
4613;28600389000;28403266666;28903266666;1400;1388
4614;28600399000;28403266666;28903266666;1398;1386
4615;28600410000;28403266666;28903266666;1400;1388
4616;28600415000;28403266666;28903266666;1398;1386
4617;28600438000;28403266666;28903266666;1400;1388
4618;28600441000;28403266666;28903266666;1400;1388
4619;28600445000;28403277777;28903277777;982;970
4610;28600541000;28361877777;28861877777;1400;1388
4611;28600548000;28361877777;28861877777;1398;1386
4612;28600740000;28403266666;28903266666;1400;1388
4613;28600944000;28403266666;28903266666;1400;1388
4614;28600950000;28403266666;28903266666;1398;1386
4615;28601146000;28403266666;28903266666;1400;1388
4616;28601151000;28403266666;28903266666;1398;1386
4617;28601354000;28403266666;28903266666;1400;1388
4618;28601359000;28403266666;28903266666;1400;1388
4619;28601559000;28403277777;28903277777;982;970
4620;28642024000;28403544444;28903544444;1398;1386
4620;28642068000;28403544444;28903544444;1398;1386
4621;28642081000;28403544444;28903544444;1400;1388
4622;28642097000;28403544444;28903544444;1398;1386
4623;28642101000;28444933333;28944933333;1400;1388
4624;28642105000;28444933333;28944933333;1400;1388
4625;28642108000;28444933333;28944933333;1398;1386
4626;28642111000;28444933333;28944933333;1400;1388
4627;28642115000;28444933333;28944933333;1398;1386
4628;28642118000;28444933333;28944933333;1400;1388
4629;28642121000;28444933333;28944933333;1400;1388
4630;28642125000;28444944444;28944944444;982;970
4621;28642239000;28403544444;28903544444;1400;1388
4622;28642248000;28403544444;28903544444;1398;1386
4623;28642437000;28444933333;28944933333;1400;1388
4624;28642645000;28444933333;28944933333;1400;1388
4625;28642654000;28444933333;28944933333;1398;1386
4626;28642844000;28444933333;28944933333;1400;1388
4627;28642852000;28444933333;28944933333;1398;1386
4628;28643065000;28444933333;28944933333;1400;1388
4629;28643074000;28444933333;28944933333;1400;1388
4630;28643256000;28444944444;28944944444;982;970
4631;28683707000;28445200000;28945200000;1398;1386
4631;28683728000;28445200000;28945200000;1398;1386
4632;28683748000;28445200000;28945200000;1400;1388
4633;28683752000;28445200000;28945200000;1398;1386
4634;28683756000;28486600000;28986600000;1400;1388
4635;28683760000;28486600000;28986600000;1400;1388
4636;28683763000;28486600000;28986600000;1398;1386
4637;28683766000;28486600000;28986600000;1400;1388
4638;28683769000;28486600000;28986600000;1398;1386
4639;28683772000;28486600000;28986600000;1400;1388
4640;28683775000;28486600000;28986600000;1400;1388
4641;28683779000;28486611111;28986611111;982;970
4632;28683905000;28445200000;28945200000;1400;1388
4633;28683914000;28445200000;28945200000;1398;1386
4634;28684095000;28486600000;28986600000;1400;1388
4635;28684300000;28486600000;28986600000;1400;1388
4636;28684305000;28486600000;28986600000;1398;1386
4637;28684500000;28486600000;28986600000;1400;1388
4638;28684505000;28486600000;28986600000;1398;1386
4639;28684709000;28486600000;28986600000;1400;1388
4640;28684713000;28486600000;28986600000;1400;1388
4641;28684912000;28486611111;28986611111;982;970
4642;28725340000;28486900000;28986900000;1398;1386
4642;28725367000;28486900000;28986900000;1398;1386
4643;28725376000;28486900000;28986900000;1400;1388
4644;28725381000;28486900000;28986900000;1398;1386
4645;28725384000;28528266666;29028266666;1400;1388
4646;28725388000;28528266666;29028266666;1400;1388
4647;28725391000;28528266666;29028266666;1398;1386
4648;28725394000;28528266666;29028266666;1400;1388
4649;28725398000;28528266666;29028266666;1398;1386
4650;28725401000;28528266666;29028266666;1400;1388
4651;28725404000;28528266666;29028266666;1400;1388
4652;28725407000;28528300000;29028300000;982;970
4643;28725559000;28486900000;28986900000;1400;1388
4644;28725568000;28486900000;28986900000;1398;1386
4645;28725761000;28528266666;29028266666;1400;1388
4646;28725962000;28528266666;29028266666;1400;1388
4647;28725971000;28528266666;29028266666;1398;1386
4648;28726166000;28528266666;29028266666;1400;1388
4649;28726175000;28528266666;29028266666;1398;1386
4650;28726374000;28528266666;29028266666;1400;1388
4651;28726383000;28528266666;29028266666;1400;1388
4652;28726578000;28528300000;29028300000;982;970
4653;28767064000;28528633333;29028633333;1398;1386
4653;28767104000;28528633333;29028633333;1398;1386
4654;28767115000;28528633333;29028633333;1400;1388
4655;28767119000;28528633333;29028633333;1398;1386
4656;28767123000;28569933333;29069933333;1400;1388
4657;28767127000;28569933333;29069933333;1400;1388
4658;28767130000;28569933333;29069933333;1398;1386
4659;28767133000;28569933333;29069933333;1400;1388
4660;28767136000;28569933333;29069933333;1398;1386
4661;28767140000;28569933333;29069933333;1400;1388
4662;28767143000;28569933333;29069933333;1400;1388
4663;28767146000;28569955555;29069955555;982;970
4654;28767262000;28528633333;29028633333;1400;1388
4655;28767271000;28528633333;29028633333;1398;1386
4656;28767460000;28569933333;29069933333;1400;1388
4657;28767656000;28569933333;29069933333;1400;1388
4658;28767662000;28569933333;29069933333;1398;1386
4659;28767857000;28569933333;29069933333;1400;1388
4660;28767861000;28569933333;29069933333;1398;1386
4661;28768066000;28569933333;29069933333;1400;1388
4662;28768070000;28569933333;29069933333;1400;1388
4663;28768268000;28569955555;29069955555;982;970
4664;28808704000;28570233333;29070233333;1398;1386
4664;28808734000;28570233333;29070233333;1398;1386
4665;28808743000;28570233333;29070233333;1400;1388
4666;28808747000;28570233333;29070233333;1398;1386
4667;28808751000;28611600000;29111600000;1400;1388
4668;28808754000;28611600000;29111600000;1400;1388
4669;28808758000;28611600000;29111600000;1398;1386
4670;28808761000;28611600000;29111600000;1400;1388
4671;28808764000;28611600000;29111600000;1398;1386
4672;28808767000;28611600000;29111600000;1400;1388
4673;28808770000;28611600000;29111600000;1400;1388
4674;28808773000;28611611111;29111611111;982;970
4665;28808915000;28570233333;29070233333;1400;1388
4666;28808921000;28570233333;29070233333;1398;1386
4667;28809114000;28611600000;29111600000;1400;1388
4668;28809320000;28611600000;29111600000;1400;1388
4669;28809325000;28611600000;29111600000;1398;1386
4670;28809520000;28611600000;29111600000;1400;1388
4671;28809525000;28611600000;29111600000;1398;1386
4672;28809729000;28611600000;29111600000;1400;1388
4673;28809733000;28611600000;29111600000;1400;1388
4674;28809934000;28611611111;29111611111;982;970
4675;28850381000;28611866666;29111866666;1398;1386
4675;28850417000;28611866666;29111866666;1398;1386
4676;28850427000;28611866666;29111866666;1400;1388
4677;28850431000;28611866666;29111866666;1398;1386
4679;28850435000;28653266666;29153266666;1400;1388
4680;28850443000;28653266666;29153266666;1398;1386
4681;28850449000;28653266666;29153266666;1400;1388
4682;28850453000;28653266666;29153266666;1398;1386
4683;28850456000;28653266666;29153266666;1400;1388
4684;28850460000;28653266666;29153266666;1400;1388
4685;28850463000;28653277777;29153277777;982;970
4676;28850582000;28611866666;29111866666;1400;1388
4677;28850588000;28611866666;29111866666;1398;1386
4678;28850782000;28653266666;29153266666;1400;1388
4679;28850983000;28653266666;29153266666;1400;1388
4680;28850988000;28653266666;29153266666;1398;1386
4681;28851190000;28653266666;29153266666;1400;1388
4682;28851195000;28653266666;29153266666;1398;1386
4683;28851398000;28653266666;29153266666;1400;1388
4684;28851403000;28653266666;29153266666;1400;1388
4685;28851602000;28653277777;29153277777;982;970
4686;28892056000;28653511111;29153511111;1398;1386
4686;28892113000;28653511111;29153511111;1398;1386
4687;28892123000;28653511111;29153511111;1400;1388
4688;28892128000;28653511111;29153511111;1398;1386
4689;28892131000;28694933333;29194933333;1400;1388
4690;28892135000;28694933333;29194933333;1400;1388
4691;28892138000;28694933333;29194933333;1398;1386
4692;28892142000;28694933333;29194933333;1400;1388
4693;28892145000;28694933333;29194933333;1398;1386
4694;28892148000;28694933333;29194933333;1400;1388
4695;28892151000;28694933333;29194933333;1400;1388
4696;28892154000;28694944444;29194944444;982;970
4687;28892228000;28653511111;29153511111;1400;1388
4688;28892233000;28653511111;29153511111;1398;1386
4689;28892431000;28694933333;29194933333;1400;1388
4690;28892636000;28694933333;29194933333;1400;1388
4691;28892641000;28694933333;29194933333;1398;1386
4692;28892838000;28694933333;29194933333;1400;1388
4693;28892843000;28694933333;29194933333;1398;1386
4694;28893049000;28694933333;29194933333;1400;1388
4695;28893054000;28694933333;29194933333;1400;1388
4696;28893250000;28694944444;29194944444;982;970
4697;28933788000;28695200000;29195200000;1398;1386
4697;28933853000;28695200000;29195200000;1398;1386
4698;28933868000;28695200000;29195200000;1400;1388
4699;28933874000;28695200000;29195200000;1398;1386
4700;28933886000;28736600000;29236600000;1400;1388
4701;28933891000;28736600000;29236600000;1400;1388
4702;28933894000;28736600000;29236600000;1398;1386
4703;28933898000;28736600000;29236600000;1400;1388
4698;28933917000;28695200000;29195200000;1400;1388
4704;28933940000;28736600000;29236600000;1398;1386
4705;28933958000;28736600000;29236600000;1400;1388
4706;28933973000;28736600000;29236600000;1400;1388
4707;28933977000;28736622222;29236622222;982;970
4699;28934140000;28695200000;29195200000;1398;1386
4700;28934150000;28736600000;29236600000;1400;1388
4701;28934341000;28736600000;29236600000;1400;1388
4702;28934349000;28736600000;29236600000;1398;1386
4703;28934541000;28736600000;29236600000;1400;1388
4704;28934549000;28736600000;29236600000;1398;1386
4705;28934750000;28736600000;29236600000;1400;1388
4706;28934758000;28736600000;29236600000;1400;1388
4707;28934953000;28736622222;29236622222;982;970
4708;28975427000;28736911111;29236911111;1398;1386
4710;28975458000;28736911111;29236911111;1398;1386
4711;28975474000;28778300000;29278300000;1400;1388
4712;28975481000;28778300000;29278300000;1400;1388
4713;28975484000;28778300000;29278300000;1398;1386
4714;28975488000;28778300000;29278300000;1400;1388
4715;28975492000;28778300000;29278300000;1398;1386
4716;28975495000;28778300000;29278300000;1400;1388
4717;28975498000;28778300000;29278300000;1400;1388
4718;28975502000;28778311111;29278311111;982;970
4709;28975633000;28736911111;29236911111;1400;1388
4710;28975657000;28736911111;29236911111;1398;1386
4711;28975832000;28778300000;29278300000;1400;1388
4712;28976021000;28778300000;29278300000;1400;1388
4713;28976026000;28778300000;29278300000;1398;1386
4714;28976227000;28778300000;29278300000;1400;1388
4715;28976233000;28778300000;29278300000;1398;1386
4716;28976437000;28778300000;29278300000;1400;1388
4717;28976441000;28778300000;29278300000;1400;1388
4718;28976639000;28778311111;29278311111;982;970
4719;29017089000;28778588888;29278588888;1398;1386
4719;29017115000;28778588888;29278588888;1398;1386
4722;29017135000;28819966666;29319966666;1400;1388
4723;29017143000;28819966666;29319966666;1400;1388
4724;29017150000;28819966666;29319966666;1398;1386
4725;29017154000;28819966666;29319966666;1400;1388
4726;29017157000;28819966666;29319966666;1398;1386
4727;29017160000;28819966666;29319966666;1400;1388
4728;29017164000;28819966666;29319966666;1400;1388
4729;29017167000;28819977777;29319977777;982;970
4720;29017288000;28778588888;29278588888;1400;1388
4721;29017309000;28778588888;29278588888;1398;1386
4722;29017490000;28819966666;29319966666;1400;1388
4723;29017692000;28819966666;29319966666;1400;1388
4724;29017697000;28819966666;29319966666;1398;1386
4725;29017892000;28819966666;29319966666;1400;1388
4726;29017897000;28819966666;29319966666;1398;1386
4727;29018095000;28819966666;29319966666;1400;1388
4728;29018100000;28819966666;29319966666;1400;1388
4729;29018306000;28819977777;29319977777;982;970
4730;29058771000;28820255555;29320255555;1398;1386
4730;29058804000;28820255555;29320255555;1398;1386
4731;29058813000;28820255555;29320255555;1400;1388
4732;29058817000;28820255555;29320255555;1398;1386
4733;29058821000;28861644444;29361644444;1400;1388
4734;29058825000;28861644444;29361644444;1400;1388
4735;29058828000;28861644444;29361644444;1398;1386
4736;29058832000;28861644444;29361644444;1400;1388
4737;29058835000;28861644444;29361644444;1398;1386
4739;29058838000;28861644444;29361644444;1400;1388
4740;29058845000;28861666666;29361666666;982;970
4731;29058959000;28820255555;29320255555;1400;1388
4732;29058965000;28820255555;29320255555;1398;1386
4733;29059167000;28861644444;29361644444;1400;1388
4734;29059373000;28861644444;29361644444;1400;1388
4735;29059379000;28861644444;29361644444;1398;1386
4736;29059573000;28861644444;29361644444;1400;1388
4737;29059577000;28861644444;29361644444;1398;1386
4738;29059781000;28861644444;29361644444;1400;1388
4739;29059799000;28861644444;29361644444;1400;1388
4740;29059979000;28861666666;29361666666;982;970
4741;29100426000;28861966666;29361966666;1398;1386
4741;29100441000;28861966666;29361966666;1398;1386
4742;29100460000;28861966666;29361966666;1400;1388
4743;29100465000;28861966666;29361966666;1398;1386
4744;29100468000;28903300000;29403300000;1400;1388
4745;29100472000;28903300000;29403300000;1400;1388
4746;29100475000;28903300000;29403300000;1398;1386
4747;29100478000;28903300000;29403300000;1400;1388
4748;29100482000;28903300000;29403300000;1398;1386
4749;29100485000;28903300000;29403300000;1400;1388
4750;29100488000;28903300000;29403300000;1400;1388
4751;29100491000;28903322222;29403322222;982;970
4742;29100624000;28861966666;29361966666;1400;1388
4743;29100629000;28861966666;29361966666;1398;1386
4744;29100823000;28903300000;29403300000;1400;1388
4745;29101021000;28903300000;29403300000;1400;1388
4746;29101026000;28903300000;29403300000;1398;1386
4747;29101230000;28903300000;29403300000;1400;1388
4748;29101234000;28903300000;29403300000;1398;1386
4750;29101431000;28903300000;29403300000;1400;1388
4751;29101436000;28903322222;29403322222;982;970
4752;29142095000;28903611111;29403611111;1398;1386
4752;29142133000;28903611111;29403611111;1398;1386
4753;29142142000;28903611111;29403611111;1400;1388
4754;29142147000;28903611111;29403611111;1398;1386
4755;29142150000;28944966666;29444966666;1400;1388
4756;29142154000;28944966666;29444966666;1400;1388
4757;29142157000;28944966666;29444966666;1398;1386
4758;29142160000;28944966666;29444966666;1400;1388
4759;29142163000;28944966666;29444966666;1398;1386
4760;29142167000;28944966666;29444966666;1400;1388
4761;29142170000;28944966666;29444966666;1400;1388
4762;29142173000;28944988888;29444988888;982;970
4753;29142303000;28903611111;29403611111;1400;1388
4754;29142312000;28903611111;29403611111;1398;1386
4755;29142493000;28944966666;29444966666;1400;1388
4756;29142698000;28944966666;29444966666;1400;1388
4757;29142703000;28944966666;29444966666;1398;1386
4758;29142898000;28944966666;29444966666;1400;1388
4759;29142903000;28944966666;29444966666;1398;1386
4760;29143108000;28944966666;29444966666;1400;1388
4761;29143112000;28944966666;29444966666;1400;1388
4762;29143311000;28944988888;29444988888;982;970
4763;29183763000;28945288888;29445288888;1398;1386
4763;29183799000;28945288888;29445288888;1398;1386
4764;29183809000;28945288888;29445288888;1400;1388
4765;29183813000;28945288888;29445288888;1398;1386
4766;29183816000;28986633333;29486633333;1400;1388
4767;29183820000;28986633333;29486633333;1400;1388
4768;29183823000;28986633333;29486633333;1398;1386
4769;29183827000;28986633333;29486633333;1400;1388
4770;29183830000;28986633333;29486633333;1398;1386
4771;29183833000;28986633333;29486633333;1400;1388
4772;29183837000;28986633333;29486633333;1400;1388
4773;29183840000;28986655555;29486655555;982;970
4764;29183957000;28945288888;29445288888;1400;1388
4765;29183963000;28945288888;29445288888;1398;1386
4766;29184159000;28986633333;29486633333;1400;1388
4767;29184364000;28986633333;29486633333;1400;1388
4768;29184370000;28986633333;29486633333;1398;1386
4769;29184565000;28986633333;29486633333;1400;1388
4770;29184569000;28986633333;29486633333;1398;1386
4771;29184773000;28986633333;29486633333;1400;1388
4772;29184778000;28986633333;29486633333;1400;1388
4773;29184971000;28986655555;29486655555;982;970
4774;29225433000;28986966666;29486966666;1398;1386
4774;29225474000;28986966666;29486966666;1398;1386
4775;29225483000;28986966666;29486966666;1400;1388
4776;29225487000;28986966666;29486966666;1398;1386
4777;29225491000;29028300000;29528300000;1400;1388
4778;29225494000;29028300000;29528300000;1400;1388
4779;29225498000;29028300000;29528300000;1398;1386
4780;29225501000;29028300000;29528300000;1400;1388
4781;29225515000;29028300000;29528300000;1398;1386
4782;29225519000;29028300000;29528300000;1400;1388
4783;29225522000;29028300000;29528300000;1400;1388
4784;29225525000;29028311111;29528311111;982;970
4775;29225622000;28986966666;29486966666;1400;1388
4776;29225628000;28986966666;29486966666;1398;1386
4777;29225823000;29028300000;29528300000;1400;1388
4778;29226023000;29028300000;29528300000;1400;1388
4779;29226028000;29028300000;29528300000;1398;1386
4780;29226232000;29028300000;29528300000;1400;1388
4781;29226236000;29028300000;29528300000;1398;1386
4782;29226439000;29028300000;29528300000;1400;1388
4783;29226443000;29028300000;29528300000;1400;1388
4784;29226642000;29028311111;29528311111;982;970
4785;29267075000;29028600000;29528600000;1398;1386
4785;29267116000;29028600000;29528600000;1398;1386
4786;29267126000;29028600000;29528600000;1400;1388
4787;29267130000;29028600000;29528600000;1398;1386
4788;29267134000;29069966666;29569966666;1400;1388
4789;29267138000;29069966666;29569966666;1400;1388
4791;29267141000;29069966666;29569966666;1400;1388
4792;29267147000;29069966666;29569966666;1398;1386
4793;29267153000;29069966666;29569966666;1400;1388
4794;29267158000;29069966666;29569966666;1400;1388
4795;29267161000;29069988888;29569988888;982;970
4786;29267272000;29028600000;29528600000;1400;1388
4787;29267277000;29028600000;29528600000;1398;1386
4788;29267472000;29069966666;29569966666;1400;1388
4789;29267677000;29069966666;29569966666;1400;1388
4790;29267682000;29069966666;29569966666;1398;1386
4791;29267878000;29069966666;29569966666;1400;1388
4792;29267883000;29069966666;29569966666;1398;1386
4793;29268088000;29069966666;29569966666;1400;1388
4794;29268092000;29069966666;29569966666;1400;1388
4795;29268291000;29069988888;29569988888;982;970
4796;29308740000;29070277777;29570277777;1398;1386
4796;29308783000;29070277777;29570277777;1398;1386
4797;29308792000;29070277777;29570277777;1400;1388
4798;29308796000;29070277777;29570277777;1398;1386
4799;29308800000;29111633333;29611633333;1400;1388
4800;29308803000;29111633333;29611633333;1400;1388
4801;29308807000;29111633333;29611633333;1398;1386
4802;29308810000;29111633333;29611633333;1400;1388
4803;29308813000;29111633333;29611633333;1398;1386
4804;29308817000;29111633333;29611633333;1400;1388
4805;29308820000;29111633333;29611633333;1400;1388
4806;29308823000;29111644444;29611644444;982;970
4797;29308923000;29070277777;29570277777;1400;1388
4798;29308928000;29070277777;29570277777;1398;1386
4799;29309124000;29111633333;29611633333;1400;1388
4800;29309327000;29111633333;29611633333;1400;1388
4801;29309332000;29111633333;29611633333;1398;1386
4802;29309529000;29111633333;29611633333;1400;1388
4803;29309533000;29111633333;29611633333;1398;1386
4804;29309737000;29111633333;29611633333;1400;1388
4805;29309741000;29111633333;29611633333;1400;1388
4806;29309941000;29111644444;29611644444;982;970
4807;29350397000;29111955555;29611955555;1398;1386
4807;29350428000;29111955555;29611955555;1398;1386
4808;29350447000;29111955555;29611955555;1400;1388
4809;29350451000;29111955555;29611955555;1398;1386
4810;29350454000;29153300000;29653300000;1400;1388
4811;29350458000;29153300000;29653300000;1400;1388
4812;29350461000;29153300000;29653300000;1398;1386
4813;29350464000;29153300000;29653300000;1400;1388
4814;29350467000;29153300000;29653300000;1398;1386
4815;29350471000;29153300000;29653300000;1400;1388
4816;29350474000;29153300000;29653300000;1400;1388
4817;29350477000;29153311111;29653311111;982;970
4808;29350595000;29111955555;29611955555;1400;1388
4809;29350601000;29111955555;29611955555;1398;1386
4810;29350795000;29153300000;29653300000;1400;1388
4811;29350994000;29153300000;29653300000;1400;1388
4812;29350999000;29153300000;29653300000;1398;1386
4813;29351204000;29153300000;29653300000;1400;1388
4814;29351208000;29153300000;29653300000;1398;1386
4815;29351411000;29153300000;29653300000;1400;1388
4816;29351415000;29153300000;29653300000;1400;1388
4817;29351614000;29153311111;29653311111;982;970
4818;29392067000;29153611111;29653611111;1398;1386
4818;29392109000;29153611111;29653611111;1398;1386
4819;29392126000;29153611111;29653611111;1400;1388
4820;29392130000;29153611111;29653611111;1398;1386
4821;29392134000;29194966666;29694966666;1400;1388
4822;29392137000;29194966666;29694966666;1400;1388
4823;29392141000;29194966666;29694966666;1398;1386
4824;29392144000;29194966666;29694966666;1400;1388
4825;29392147000;29194966666;29694966666;1398;1386
4826;29392150000;29194966666;29694966666;1400;1388
4827;29392153000;29194966666;29694966666;1400;1388
4828;29392156000;29194977777;29694977777;982;970
4819;29392260000;29153611111;29653611111;1400;1388
4820;29392265000;29153611111;29653611111;1398;1386
4821;29392457000;29194966666;29694966666;1400;1388
4822;29392663000;29194966666;29694966666;1400;1388
4823;29392668000;29194966666;29694966666;1398;1386
4824;29392864000;29194966666;29694966666;1400;1388
4825;29392869000;29194966666;29694966666;1398;1386
4826;29393074000;29194966666;29694966666;1400;1388
4827;29393079000;29194966666;29694966666;1400;1388
4828;29393278000;29194977777;29694977777;982;970
4829;29433741000;29195300000;29695300000;1398;1386
4829;29433757000;29195300000;29695300000;1398;1386
4830;29433778000;29195300000;29695300000;1400;1388
4831;29433782000;29195300000;29695300000;1398;1386
4832;29433785000;29236644444;29736644444;1400;1388
4833;29433789000;29236644444;29736644444;1400;1388
4834;29433792000;29236644444;29736644444;1398;1386
4835;29433796000;29236644444;29736644444;1400;1388
4836;29433799000;29236644444;29736644444;1398;1386
4837;29433802000;29236644444;29736644444;1400;1388
4838;29433806000;29236644444;29736644444;1400;1388
4839;29433809000;29236666666;29736666666;982;970
4830;29433926000;29195300000;29695300000;1400;1388
4831;29434141000;29195300000;29695300000;1398;1386
4832;29434146000;29236644444;29736644444;1400;1388
4834;29434344000;29236644444;29736644444;1398;1386
4835;29434349000;29236644444;29736644444;1400;1388
4836;29434546000;29236644444;29736644444;1398;1386
4837;29434550000;29236644444;29736644444;1400;1388
4838;29434747000;29236644444;29736644444;1400;1388
4839;29434751000;29236666666;29736666666;982;970
4840;29475396000;29236977777;29736977777;1398;1386
4840;29475418000;29236977777;29736977777;1398;1386
4841;29475438000;29236977777;29736977777;1400;1388
4842;29475443000;29236977777;29736977777;1398;1386
4843;29475446000;29278288888;29778288888;1400;1388
4844;29475450000;29278288888;29778288888;1400;1388
4845;29475453000;29278288888;29778288888;1398;1386
4846;29475456000;29278288888;29778288888;1400;1388
4847;29475460000;29278288888;29778288888;1398;1386
4848;29475463000;29278288888;29778288888;1400;1388
4849;29475466000;29278288888;29778288888;1400;1388
4850;29475469000;29278311111;29778311111;982;970
4841;29475596000;29236977777;29736977777;1400;1388
4842;29475605000;29236977777;29736977777;1398;1386
4843;29475795000;29278288888;29778288888;1400;1388
4844;29475994000;29278288888;29778288888;1400;1388
4845;29476004000;29278288888;29778288888;1398;1386
4846;29476202000;29278288888;29778288888;1400;1388
4847;29476211000;29278288888;29778288888;1398;1386
4848;29476411000;29278288888;29778288888;1400;1388
4849;29476419000;29278288888;29778288888;1400;1388
4850;29476614000;29278311111;29778311111;982;970
4851;29517069000;29278600000;29778600000;1398;1386
4851;29517083000;29278600000;29778600000;1398;1386
4852;29517102000;29278600000;29778600000;1400;1388
4853;29517107000;29278600000;29778600000;1398;1386
4854;29517110000;29319933333;29819933333;1400;1388
4855;29517114000;29319933333;29819933333;1400;1388
4856;29517117000;29319933333;29819933333;1398;1386
4857;29517120000;29319933333;29819933333;1400;1388
4858;29517123000;29319933333;29819933333;1398;1386
4859;29517126000;29319933333;29819933333;1400;1388
4860;29517130000;29319933333;29819933333;1400;1388
4861;29517133000;29319955555;29819955555;982;970
4852;29517235000;29278600000;29778600000;1400;1388
4853;29517241000;29278600000;29778600000;1398;1386
4854;29517432000;29319933333;29819933333;1400;1388
4855;29517639000;29319933333;29819933333;1400;1388
4856;29517644000;29319933333;29819933333;1398;1386
4857;29517850000;29319933333;29819933333;1400;1388
4858;29517856000;29319933333;29819933333;1398;1386
4859;29518049000;29319933333;29819933333;1400;1388
4862;29558705000;29320233333;29820233333;1398;1386
4862;29558746000;29320233333;29820233333;1398;1386
4863;29558756000;29320233333;29820233333;1400;1388
4864;29558760000;29320233333;29820233333;1398;1386
4865;29558763000;29361600000;29861600000;1400;1388
4866;29558767000;29361600000;29861600000;1400;1388
4867;29558770000;29361600000;29861600000;1398;1386
4868;29558773000;29361600000;29861600000;1400;1388
4869;29558776000;29361600000;29861600000;1398;1386
4870;29558779000;29361600000;29861600000;1400;1388
4871;29558783000;29361600000;29861600000;1400;1388
4872;29558786000;29361622222;29861622222;982;970
4863;29558901000;29320233333;29820233333;1400;1388
4864;29558907000;29320233333;29820233333;1398;1386
4865;29559102000;29361600000;29861600000;1400;1388
4866;29559307000;29361600000;29861600000;1400;1388
4867;29559312000;29361600000;29861600000;1398;1386
4868;29559508000;29361600000;29861600000;1400;1388
4869;29559512000;29361600000;29861600000;1398;1386
4870;29559716000;29361600000;29861600000;1400;1388
4871;29559721000;29361600000;29861600000;1400;1388
4872;29559919000;29361622222;29861622222;982;970
4873;29600401000;29361944444;29861944444;1398;1386
4873;29600444000;29361944444;29861944444;1398;1386
4874;29600453000;29361944444;29861944444;1400;1388
4875;29600458000;29361944444;29861944444;1398;1386
4876;29600461000;29403266666;29903266666;1400;1388
4877;29600464000;29403266666;29903266666;1400;1388
4878;29600468000;29403266666;29903266666;1398;1386
4879;29600471000;29403266666;29903266666;1400;1388
4880;29600474000;29403266666;29903266666;1398;1386
4881;29600477000;29403266666;29903266666;1400;1388
4882;29600481000;29403266666;29903266666;1400;1388
4883;29600484000;29403288888;29903288888;982;970
4874;29600583000;29361944444;29861944444;1400;1388
4875;29600589000;29361944444;29861944444;1398;1386
4876;29600787000;29403266666;29903266666;1400;1388
4877;29600983000;29403266666;29903266666;1400;1388
4878;29600988000;29403266666;29903266666;1398;1386
4879;29601192000;29403266666;29903266666;1400;1388
4880;29601196000;29403266666;29903266666;1398;1386
4881;29601399000;29403266666;29903266666;1400;1388
4882;29601404000;29403266666;29903266666;1400;1388
4883;29601603000;29403288888;29903288888;982;970
4884;29642036000;29403588888;29903588888;1398;1386
4884;29642082000;29403588888;29903588888;1398;1386
4885;29642091000;29403588888;29903588888;1400;1388
4886;29642095000;29403588888;29903588888;1398;1386
4887;29642099000;29444933333;29944933333;1400;1388
4888;29642102000;29444933333;29944933333;1400;1388
4889;29642106000;29444933333;29944933333;1398;1386
4890;29642109000;29444933333;29944933333;1400;1388
4891;29642112000;29444933333;29944933333;1398;1386
4892;29642116000;29444933333;29944933333;1400;1388
4893;29642119000;29444933333;29944933333;1400;1388
4894;29642122000;29444944444;29944944444;982;970
4885;29642238000;29403588888;29903588888;1400;1388
4886;29642243000;29403588888;29903588888;1398;1386
4887;29642436000;29444933333;29944933333;1400;1388
4888;29642642000;29444933333;29944933333;1400;1388
4889;29642647000;29444933333;29944933333;1398;1386
4890;29642846000;29444933333;29944933333;1400;1388
4891;29642850000;29444933333;29944933333;1398;1386
4892;29643053000;29444933333;29944933333;1400;1388
4893;29643058000;29444933333;29944933333;1400;1388
4894;29643255000;29444944444;29944944444;982;970
4895;29683718000;29445244444;29945244444;1398;1386
4895;29683759000;29445244444;29945244444;1398;1386
4896;29683769000;29445244444;29945244444;1400;1388
4897;29683773000;29445244444;29945244444;1398;1386
4898;29683776000;29486600000;29986600000;1400;1388
4899;29683780000;29486600000;29986600000;1400;1388
4900;29683783000;29486600000;29986600000;1398;1386
4901;29683786000;29486600000;29986600000;1400;1388
4902;29683790000;29486600000;29986600000;1398;1386
4903;29683793000;29486600000;29986600000;1400;1388
4904;29683796000;29486600000;29986600000;1400;1388
4905;29683799000;29486611111;29986611111;982;970
4896;29683903000;29445244444;29945244444;1400;1388
4897;29683908000;29445244444;29945244444;1398;1386
4898;29684102000;29486600000;29986600000;1400;1388
4899;29684307000;29486600000;29986600000;1400;1388
4900;29684312000;29486600000;29986600000;1398;1386
4901;29684508000;29486600000;29986600000;1400;1388
4902;29684512000;29486600000;29986600000;1398;1386
4903;29684716000;29486600000;29986600000;1400;1388
4904;29684721000;29486600000;29986600000;1400;1388
4905;29684921000;29486611111;29986611111;982;970
4906;29725472000;29486933333;29986933333;1398;1386
4906;29725602000;29486933333;29986933333;1398;1386
4907;29725657000;29486933333;29986933333;1400;1388
4908;29725665000;29486933333;29986933333;1398;1386
4907;29725672000;29486933333;29986933333;1400;1388
4908;29725698000;29486933333;29986933333;1398;1386
4909;29725703000;29528266666;30028266666;1400;1388
4910;29725708000;29528266666;30028266666;1400;1388
4911;29725712000;29528266666;30028266666;1398;1386
4912;29725731000;29528266666;30028266666;1400;1388
4913;29725735000;29528266666;30028266666;1398;1386
4914;29725738000;29528266666;30028266666;1400;1388
4915;29725742000;29528266666;30028266666;1400;1388
4916;29725745000;29528277777;30028277777;982;970
4909;29725844000;29528266666;30028266666;1400;1388
4910;29725854000;29528266666;30028266666;1400;1388
4911;29726014000;29528266666;30028266666;1398;1386
4912;29726220000;29528266666;30028266666;1400;1388
4913;29726229000;29528266666;30028266666;1398;1386
4914;29726424000;29528266666;30028266666;1400;1388
4915;29726432000;29528266666;30028266666;1400;1388
4916;29726627000;29528277777;30028277777;982;970
4917;29767095000;29528577777;30028577777;1398;1386
4917;29767171000;29528577777;30028577777;1398;1386
4918;29767184000;29528577777;30028577777;1400;1388
4919;29767189000;29528577777;30028577777;1398;1386
4920;29767193000;29569933333;30069933333;1400;1388
4921;29767196000;29569933333;30069933333;1400;1388
4922;29767200000;29569933333;30069933333;1398;1386
4923;29767203000;29569933333;30069933333;1400;1388
4924;29767207000;29569933333;30069933333;1398;1386
4925;29767211000;29569933333;30069933333;1400;1388
4926;29767214000;29569933333;30069933333;1400;1388
4927;29767217000;29569944444;30069944444;982;970
4918;29767293000;29528577777;30028577777;1400;1388
4919;29767303000;29528577777;30028577777;1398;1386
4920;29767485000;29569933333;30069933333;1400;1388
4921;29767682000;29569933333;30069933333;1400;1388
4922;29767688000;29569933333;30069933333;1398;1386
4923;29767881000;29569933333;30069933333;1400;1388
4924;29767886000;29569933333;30069933333;1398;1386
4925;29768091000;29569933333;30069933333;1400;1388
4926;29768095000;29569933333;30069933333;1400;1388
4927;29768294000;29569944444;30069944444;982;970
4928;29808754000;29570255555;30070255555;1398;1386
4929;29808782000;29570255555;30070255555;1400;1388
4930;29808791000;29570255555;30070255555;1398;1386
4931;29808795000;29611622222;30111622222;1400;1388
4932;29808799000;29611622222;30111622222;1400;1388
4933;29808803000;29611622222;30111622222;1398;1386
4934;29808806000;29611622222;30111622222;1400;1388
4935;29808809000;29611622222;30111622222;1398;1386
4936;29808812000;29611622222;30111622222;1400;1388
4937;29808816000;29611622222;30111622222;1400;1388
4938;29808819000;29611644444;30111644444;982;970
4929;29808960000;29570255555;30070255555;1400;1388
4930;29808966000;29570255555;30070255555;1398;1386
4931;29809164000;29611622222;30111622222;1400;1388
4932;29809370000;29611622222;30111622222;1400;1388
4933;29809374000;29611622222;30111622222;1398;1386
4934;29809569000;29611622222;30111622222;1400;1388
4935;29809574000;29611622222;30111622222;1398;1386
4936;29809778000;29611622222;30111622222;1400;1388
4937;29809782000;29611622222;30111622222;1400;1388
4938;29809976000;29611644444;30111644444;982;970
4939;29850398000;29611944444;30111944444;1398;1386
4939;29850443000;29611944444;30111944444;1398;1386
4940;29850453000;29611944444;30111944444;1400;1388
4941;29850457000;29611944444;30111944444;1398;1386
4942;29850461000;29653266666;30153266666;1400;1388
4943;29850465000;29653266666;30153266666;1400;1388
4944;29850478000;29653266666;30153266666;1398;1386
4945;29850481000;29653266666;30153266666;1400;1388
4946;29850485000;29653266666;30153266666;1398;1386
4947;29850488000;29653266666;30153266666;1400;1388
4948;29850491000;29653266666;30153266666;1400;1388
4949;29850495000;29653288888;30153288888;982;970
4940;29850592000;29611944444;30111944444;1400;1388
4941;29850597000;29611944444;30111944444;1398;1386
4942;29850791000;29653266666;30153266666;1400;1388
4943;29850991000;29653266666;30153266666;1400;1388
4944;29850996000;29653266666;30153266666;1398;1386
4945;29851199000;29653266666;30153266666;1400;1388
4946;29851204000;29653266666;30153266666;1398;1386
4947;29851408000;29653266666;30153266666;1400;1388
4948;29851413000;29653266666;30153266666;1400;1388
4949;29851611000;29653288888;30153288888;982;970
4950;29892062000;29653577777;30153577777;1398;1386
4951;29892083000;29653577777;30153577777;1400;1388
4952;29892096000;29653577777;30153577777;1398;1386
4950;29892105000;29653577777;30153577777;1398;1386
4953;29892185000;29694933333;30194933333;1400;1388
4954;29892208000;29694933333;30194933333;1400;1388
4955;29892212000;29694933333;30194933333;1398;1386
4956;29892216000;29694933333;30194933333;1400;1388
4957;29892219000;29694933333;30194933333;1398;1386
4958;29892223000;29694933333;30194933333;1400;1388
4959;29892226000;29694933333;30194933333;1400;1388
4960;29892229000;29694955555;30194955555;982;970
4951;29892244000;29653577777;30153577777;1400;1388
4952;29892457000;29653577777;30153577777;1398;1386
4953;29892465000;29694933333;30194933333;1400;1388
4954;29892659000;29694933333;30194933333;1400;1388
4955;29892668000;29694933333;30194933333;1398;1386
4958;29892861000;29694933333;30194933333;1400;1388
4959;29892870000;29694933333;30194933333;1400;1388
4960;29893069000;29694955555;30194955555;982;970
4961;29933754000;29695266666;30195266666;1398;1386
4961;29933771000;29695266666;30195266666;1398;1386
4962;29933789000;29695266666;30195266666;1400;1388
4963;29933793000;29695266666;30195266666;1398;1386
4964;29933797000;29736633333;30236633333;1400;1388
4965;29933800000;29736633333;30236633333;1400;1388
4966;29933804000;29736633333;30236633333;1398;1386
4967;29933807000;29736633333;30236633333;1400;1388
4968;29933810000;29736633333;30236633333;1398;1386
4969;29933813000;29736633333;30236633333;1400;1388
4970;29933817000;29736633333;30236633333;1400;1388
4971;29933820000;29736655555;30236655555;982;970
4962;29933952000;29695266666;30195266666;1400;1388
4963;29933961000;29695266666;30195266666;1398;1386
4964;29934152000;29736633333;30236633333;1400;1388
4965;29934357000;29736633333;30236633333;1400;1388
4966;29934366000;29736633333;30236633333;1398;1386
4967;29934550000;29736633333;30236633333;1400;1388
4968;29934555000;29736633333;30236633333;1398;1386
4969;29934755000;29736633333;30236633333;1400;1388
4970;29934759000;29736633333;30236633333;1400;1388
4971;29934953000;29736655555;30236655555;982;970
4972;29975410000;29736977777;30236977777;1398;1386
4972;29975446000;29736977777;30236977777;1398;1386
4973;29975456000;29736977777;30236977777;1400;1388
4974;29975460000;29736977777;30236977777;1398;1386
4975;29975463000;29778300000;30278300000;1400;1388
4976;29975467000;29778300000;30278300000;1400;1388
4977;29975471000;29778300000;30278300000;1398;1386
4978;29975474000;29778300000;30278300000;1400;1388
4979;29975477000;29778300000;30278300000;1398;1386
4980;29975481000;29778300000;30278300000;1400;1388
4981;29975484000;29778300000;30278300000;1400;1388
4982;29975487000;29778322222;30278322222;982;970
4973;29975615000;29736977777;30236977777;1400;1388
4974;29975621000;29736977777;30236977777;1398;1386
4975;29975811000;29778300000;30278300000;1400;1388
4976;29976010000;29778300000;30278300000;1400;1388
4977;29976015000;29778300000;30278300000;1398;1386
4978;29976219000;29778300000;30278300000;1400;1388
4979;29976223000;29778300000;30278300000;1398;1386
4980;29976426000;29778300000;30278300000;1400;1388
4981;29976431000;29778300000;30278300000;1400;1388
4982;29976634000;29778322222;30278322222;982;970
4983;30017096000;29778611111;30278611111;1398;1386
4983;30017120000;29778611111;30278611111;1398;1386
4984;30017139000;29778611111;30278611111;1400;1388
4985;30017143000;29778611111;30278611111;1398;1386
4986;30017147000;29819977777;30319977777;1400;1388
4987;30017151000;29819977777;30319977777;1400;1388
4988;30017154000;29819977777;30319977777;1398;1386
4989;30017157000;29819977777;30319977777;1400;1388
4990;30017160000;29819977777;30319977777;1398;1386
4991;30017164000;29819977777;30319977777;1400;1388
4992;30017167000;29819977777;30319977777;1400;1388
4993;30017170000;29820000000;30320000000;982;970
4984;30017287000;29778611111;30278611111;1400;1388
4985;30017292000;29778611111;30278611111;1398;1386
4986;30017485000;29819977777;30319977777;1400;1388
4987;30017694000;29819977777;30319977777;1400;1388
4988;30017699000;29819977777;30319977777;1398;1386
4990;30017893000;29819977777;30319977777;1398;1386
4991;30017898000;29819977777;30319977777;1400;1388
4992;30018094000;29819977777;30319977777;1400;1388
4993;30018098000;29820000000;30320000000;982;970
4994;30058746000;29820288888;30320288888;1398;1386
4994;30058773000;29820288888;30320288888;1398;1386
4995;30058793000;29820288888;30320288888;1400;1388
4996;30058797000;29820288888;30320288888;1398;1386
4997;30058800000;29861622222;30361622222;1400;1388
4998;30058804000;29861622222;30361622222;1400;1388
4999;30058807000;29861622222;30361622222;1398;1386
5000;30058811000;29861622222;30361622222;1400;1388
5001;30058814000;29861622222;30361622222;1398;1386
5002;30058817000;29861622222;30361622222;1400;1388
5003;30058820000;29861622222;30361622222;1400;1388
5004;30058823000;29861644444;30361644444;982;970
4995;30058930000;29820288888;30320288888;1400;1388
4996;30058936000;29820288888;30320288888;1398;1386
4997;30059130000;29861622222;30361622222;1400;1388
4998;30059335000;29861622222;30361622222;1400;1388
4999;30059340000;29861622222;30361622222;1398;1386
5000;30059537000;29861622222;30361622222;1400;1388
5001;30059541000;29861622222;30361622222;1398;1386
5002;30059745000;29861622222;30361622222;1400;1388
5003;30059749000;29861622222;30361622222;1400;1388
5004;30059949000;29861644444;30361644444;982;970
5005;30100387000;29861966666;30361966666;1398;1386
5005;30100413000;29861966666;30361966666;1398;1386
5006;30100423000;29861966666;30361966666;1400;1388
5007;30100427000;29861966666;30361966666;1398;1386
5008;30100430000;29903266666;30403266666;1400;1388
5009;30100434000;29903266666;30403266666;1400;1388
5010;30100438000;29903266666;30403266666;1398;1386
5011;30100441000;29903266666;30403266666;1400;1388
5012;30100444000;29903266666;30403266666;1398;1386
5013;30100447000;29903266666;30403266666;1400;1388
5014;30100450000;29903266666;30403266666;1400;1388
5015;30100454000;29903288888;30403288888;982;970
5006;30100580000;29861966666;30361966666;1400;1388
5007;30100586000;29861966666;30361966666;1398;1386
5008;30100781000;29903266666;30403266666;1400;1388
5009;30100980000;29903266666;30403266666;1400;1388
5010;30100985000;29903266666;30403266666;1398;1386
5011;30101188000;29903266666;30403266666;1400;1388
5012;30101192000;29903266666;30403266666;1398;1386
5013;30101395000;29903266666;30403266666;1400;1388
5014;30101399000;29903266666;30403266666;1400;1388
5015;30101599000;29903288888;30403288888;982;970
5016;30142100000;29903577777;30403577777;1398;1386
5016;30142164000;29903577777;30403577777;1398;1386
5017;30142179000;29903577777;30403577777;1400;1388
5018;30142185000;29903577777;30403577777;1398;1386
5019;30142189000;29944933333;30444933333;1400;1388
5020;30142193000;29944933333;30444933333;1400;1388
5021;30142196000;29944933333;30444933333;1398;1386
5022;30142200000;29944933333;30444933333;1400;1388
5023;30142214000;29944933333;30444933333;1398;1386
5024;30142217000;29944933333;30444933333;1400;1388
5025;30142220000;29944933333;30444933333;1400;1388
5026;30142225000;29944955555;30444955555;982;970
5017;30142235000;29903577777;30403577777;1400;1388
5018;30142463000;29903577777;30403577777;1398;1386
5019;30142472000;29944933333;30444933333;1400;1388
5020;30142668000;29944933333;30444933333;1400;1388
5021;30142700000;29944933333;30444933333;1398;1386
5022;30142868000;29944933333;30444933333;1400;1388
5023;30142876000;29944933333;30444933333;1398;1386
5024;30143078000;29944933333;30444933333;1400;1388
5025;30143086000;29944933333;30444933333;1400;1388
5026;30143280000;29944955555;30444955555;982;970
5027;30183723000;29945255555;30445255555;1398;1386
5027;30183755000;29945255555;30445255555;1398;1386
5028;30183766000;29945255555;30445255555;1400;1388
5029;30183770000;29945255555;30445255555;1398;1386
5030;30183774000;29986600000;30486600000;1400;1388
5031;30183778000;29986600000;30486600000;1400;1388
5032;30183782000;29986600000;30486600000;1398;1386
5033;30183785000;29986600000;30486600000;1400;1388
5034;30183788000;29986600000;30486600000;1398;1386
5035;30183792000;29986600000;30486600000;1400;1388
5036;30183795000;29986600000;30486600000;1400;1388
5037;30183799000;29986622222;30486622222;982;970
5028;30183930000;29945255555;30445255555;1400;1388
5029;30183940000;29945255555;30445255555;1398;1386
5030;30184129000;29986600000;30486600000;1400;1388
5031;30184334000;29986600000;30486600000;1400;1388
5032;30184343000;29986600000;30486600000;1398;1386
5033;30184524000;29986600000;30486600000;1400;1388
5034;30184529000;29986600000;30486600000;1398;1386
5035;30184732000;29986600000;30486600000;1400;1388
5036;30184737000;29986600000;30486600000;1400;1388
5037;30184935000;29986622222;30486622222;982;970
5038;30225402000;29986944444;30486944444;1398;1386
5038;30225425000;29986944444;30486944444;1398;1386
5039;30225445000;29986944444;30486944444;1400;1388
5040;30225449000;29986944444;30486944444;1398;1386
5041;30225452000;30028266666;30528266666;1400;1388
5042;30225456000;30028266666;30528266666;1400;1388
5043;30225460000;30028266666;30528266666;1398;1386
5044;30225463000;30028266666;30528266666;1400;1388
5045;30225466000;30028266666;30528266666;1398;1386
5046;30225470000;30028266666;30528266666;1400;1388
5047;30225473000;30028266666;30528266666;1400;1388
5048;30225476000;30028277777;30528277777;982;970
5039;30225584000;29986944444;30486944444;1400;1388
5040;30225590000;29986944444;30486944444;1398;1386
5041;30225784000;30028266666;30528266666;1400;1388
5042;30225982000;30028266666;30528266666;1400;1388
5043;30225988000;30028266666;30528266666;1398;1386
5044;30226190000;30028266666;30528266666;1400;1388
5045;30226195000;30028266666;30528266666;1398;1386
5046;30226398000;30028266666;30528266666;1400;1388
5047;30226403000;30028266666;30528266666;1400;1388
5048;30226602000;30028277777;30528277777;982;970
5049;30267081000;30028544444;30528544444;1398;1386
5050;30267103000;30028544444;30528544444;1400;1388
5051;30267107000;30028544444;30528544444;1398;1386
5052;30267120000;30069933333;30569933333;1400;1388
5049;30267131000;30028544444;30528544444;1398;1386
5053;30267211000;30069933333;30569933333;1400;1388
5054;30267236000;30069933333;30569933333;1398;1386
5055;30267240000;30069933333;30569933333;1400;1388
5056;30267243000;30069933333;30569933333;1398;1386
5057;30267246000;30069933333;30569933333;1400;1388
5058;30267249000;30069933333;30569933333;1400;1388
5050;30267263000;30028544444;30528544444;1400;1388
5051;30267283000;30028544444;30528544444;1398;1386
5059;30267335000;30069944444;30569944444;982;970
5052;30267463000;30069933333;30569933333;1400;1388
5053;30267665000;30069933333;30569933333;1400;1388
5054;30267674000;30069933333;30569933333;1398;1386
5055;30267868000;30069933333;30569933333;1400;1388
5056;30267876000;30069933333;30569933333;1398;1386
5057;30268076000;30069933333;30569933333;1400;1388
5058;30268084000;30069933333;30569933333;1400;1388
5059;30268280000;30069944444;30569944444;982;970
5060;30308717000;30070222222;30570222222;1398;1386
5060;30308733000;30070222222;30570222222;1398;1386
5061;30308752000;30070222222;30570222222;1400;1388
5062;30308757000;30070222222;30570222222;1398;1386
5063;30308760000;30111600000;30611600000;1400;1388
5064;30308764000;30111600000;30611600000;1400;1388
5065;30308767000;30111600000;30611600000;1398;1386
5066;30308770000;30111600000;30611600000;1400;1388
5067;30308784000;30111600000;30611600000;1398;1386
5068;30308788000;30111600000;30611600000;1400;1388
5069;30308791000;30111600000;30611600000;1400;1388
5070;30308795000;30111611111;30611611111;982;970
5061;30308929000;30070222222;30570222222;1400;1388
5062;30308938000;30070222222;30570222222;1398;1386
5063;30309118000;30111600000;30611600000;1400;1388
5064;30309322000;30111600000;30611600000;1400;1388
5065;30309327000;30111600000;30611600000;1398;1386
5066;30309523000;30111600000;30611600000;1400;1388
5067;30309528000;30111600000;30611600000;1398;1386
5068;30309732000;30111600000;30611600000;1400;1388
5069;30309737000;30111600000;30611600000;1400;1388
5070;30309935000;30111611111;30611611111;982;970
5071;30350403000;30111911111;30611911111;1398;1386
5071;30350425000;30111911111;30611911111;1398;1386
5072;30350445000;30111911111;30611911111;1400;1388
5073;30350449000;30111911111;30611911111;1398;1386
5074;30350452000;30153266666;30653266666;1400;1388
5075;30350456000;30153266666;30653266666;1400;1388
5076;30350460000;30153266666;30653266666;1398;1386
5077;30350463000;30153266666;30653266666;1400;1388
5078;30350467000;30153266666;30653266666;1398;1386
5079;30350470000;30153266666;30653266666;1400;1388
5080;30350473000;30153266666;30653266666;1400;1388
5081;30350476000;30153277777;30653277777;982;970
5072;30350588000;30111911111;30611911111;1400;1388
5073;30350594000;30111911111;30611911111;1398;1386
5074;30350786000;30153266666;30653266666;1400;1388
5075;30350986000;30153266666;30653266666;1400;1388
5076;30350991000;30153266666;30653266666;1398;1386
5077;30351193000;30153266666;30653266666;1400;1388
5078;30351198000;30153266666;30653266666;1398;1386
5079;30351400000;30153266666;30653266666;1400;1388
5080;30351405000;30153266666;30653266666;1400;1388
5081;30351605000;30153277777;30653277777;982;970
5082;30392084000;30153555555;30653555555;1398;1386
5082;30392112000;30153555555;30653555555;1398;1386
5083;30392131000;30153555555;30653555555;1400;1388
5084;30392135000;30153555555;30653555555;1398;1386
5085;30392139000;30194933333;30694933333;1400;1388
5086;30392143000;30194933333;30694933333;1400;1388
5087;30392146000;30194933333;30694933333;1398;1386
5088;30392149000;30194933333;30694933333;1400;1388
5089;30392152000;30194933333;30694933333;1398;1386
5090;30392155000;30194933333;30694933333;1400;1388
5091;30392158000;30194933333;30694933333;1400;1388
5092;30392162000;30194944444;30694944444;982;970
5083;30392271000;30153555555;30653555555;1400;1388
5084;30392277000;30153555555;30653555555;1398;1386
5085;30392470000;30194933333;30694933333;1400;1388
5086;30392678000;30194933333;30694933333;1400;1388
5087;30392683000;30194933333;30694933333;1398;1386
5088;30392877000;30194933333;30694933333;1400;1388
5089;30392882000;30194933333;30694933333;1398;1386
5090;30393087000;30194933333;30694933333;1400;1388
5091;30393092000;30194933333;30694933333;1400;1388
5092;30393290000;30194944444;30694944444;982;970
5093;30433745000;30195244444;30695244444;1398;1386
5093;30433773000;30195244444;30695244444;1398;1386
5094;30433793000;30195244444;30695244444;1400;1388
5095;30433797000;30195244444;30695244444;1398;1386
5096;30433801000;30236600000;30736600000;1400;1388
5097;30433804000;30236600000;30736600000;1400;1388
5098;30433808000;30236600000;30736600000;1398;1386
5099;30433811000;30236600000;30736600000;1400;1388
5100;30433814000;30236600000;30736600000;1398;1386
5101;30433817000;30236600000;30736600000;1400;1388
5102;30433820000;30236600000;30736600000;1400;1388
5103;30433824000;30236611111;30736611111;982;970
5094;30433940000;30195244444;30695244444;1400;1388
5095;30433945000;30195244444;30695244444;1398;1386
5096;30434140000;30236600000;30736600000;1400;1388
5097;30434345000;30236600000;30736600000;1400;1388
5098;30434351000;30236600000;30736600000;1398;1386
5099;30434545000;30236600000;30736600000;1400;1388
5100;30434550000;30236600000;30736600000;1398;1386
5101;30434756000;30236600000;30736600000;1400;1388
5102;30434761000;30236600000;30736600000;1400;1388
5104;30475400000;30236911111;30736911111;1398;1386
5104;30475423000;30236911111;30736911111;1398;1386
5105;30475452000;30236911111;30736911111;1400;1388
5106;30475456000;30236911111;30736911111;1398;1386
5107;30475459000;30278266666;30778266666;1400;1388
5108;30475463000;30278266666;30778266666;1400;1388
5109;30475466000;30278266666;30778266666;1398;1386
5110;30475469000;30278266666;30778266666;1400;1388
5111;30475473000;30278266666;30778266666;1398;1386
5112;30475476000;30278266666;30778266666;1400;1388
5113;30475479000;30278266666;30778266666;1400;1388
5114;30475483000;30278277777;30778277777;982;970
5105;30475589000;30236911111;30736911111;1400;1388
5106;30475594000;30236911111;30736911111;1398;1386
5107;30475789000;30278266666;30778266666;1400;1388
5108;30475987000;30278266666;30778266666;1400;1388
5109;30475992000;30278266666;30778266666;1398;1386
5110;30476195000;30278266666;30778266666;1400;1388
5111;30476200000;30278266666;30778266666;1398;1386
5112;30476404000;30278266666;30778266666;1400;1388
5113;30476409000;30278266666;30778266666;1400;1388
5114;30476607000;30278277777;30778277777;982;970
5115;30517066000;30278555555;30778555555;1398;1386
5115;30517094000;30278555555;30778555555;1398;1386
5116;30517114000;30278555555;30778555555;1400;1388
5117;30517118000;30278555555;30778555555;1398;1386
5118;30517121000;30319933333;30819933333;1400;1388
5119;30517125000;30319933333;30819933333;1400;1388
5120;30517128000;30319933333;30819933333;1398;1386
5121;30517131000;30319933333;30819933333;1400;1388
5122;30517135000;30319933333;30819933333;1398;1386
5123;30517138000;30319933333;30819933333;1400;1388
5124;30517141000;30319933333;30819933333;1400;1388
5125;30517144000;30319944444;30819944444;982;970
5116;30517257000;30278555555;30778555555;1400;1388
5117;30517263000;30278555555;30778555555;1398;1386
5118;30517457000;30319933333;30819933333;1400;1388
5119;30517662000;30319933333;30819933333;1400;1388
5120;30517667000;30319933333;30819933333;1398;1386
5121;30517863000;30319933333;30819933333;1400;1388
5122;30517868000;30319933333;30819933333;1398;1386
5123;30518073000;30319933333;30819933333;1400;1388
5124;30518078000;30319933333;30819933333;1400;1388
5125;30518276000;30319944444;30819944444;982;970
5126;30558756000;30320200000;30820200000;1398;1386
5126;30558784000;30320200000;30820200000;1398;1386
5127;30558804000;30320200000;30820200000;1400;1388
5128;30558808000;30320200000;30820200000;1398;1386
5129;30558812000;30361600000;30861600000;1400;1388
5130;30558815000;30361600000;30861600000;1400;1388
5131;30558819000;30361600000;30861600000;1398;1386
5132;30558822000;30361600000;30861600000;1400;1388
5133;30558825000;30361600000;30861600000;1398;1386
5134;30558828000;30361600000;30861600000;1400;1388
5135;30558832000;30361600000;30861600000;1400;1388
5136;30558835000;30361611111;30861611111;982;970
5127;30558941000;30320200000;30820200000;1400;1388
5128;30558946000;30320200000;30820200000;1398;1386
5129;30559140000;30361600000;30861600000;1400;1388
5130;30559345000;30361600000;30861600000;1400;1388
5131;30559350000;30361600000;30861600000;1398;1386
5132;30559548000;30361600000;30861600000;1400;1388
5133;30559552000;30361600000;30861600000;1398;1386
5134;30559755000;30361600000;30861600000;1400;1388
5135;30559759000;30361600000;30861600000;1400;1388
5136;30559957000;30361611111;30861611111;982;970
5137;30600430000;30361900000;30861900000;1398;1386
5137;30600471000;30361900000;30861900000;1398;1386
5138;30600480000;30361900000;30861900000;1400;1388
5139;30600485000;30361900000;30861900000;1398;1386
5140;30600488000;30403266666;30903266666;1400;1388
5141;30600492000;30403266666;30903266666;1400;1388
5142;30600495000;30403266666;30903266666;1398;1386
5143;30600498000;30403266666;30903266666;1400;1388
5144;30600501000;30403266666;30903266666;1398;1386
5145;30600505000;30403266666;30903266666;1400;1388
5146;30600508000;30403266666;30903266666;1400;1388
5147;30600511000;30403277777;30903277777;982;970
5138;30600628000;30361900000;30861900000;1400;1388
5139;30600634000;30361900000;30861900000;1398;1386
5140;30600828000;30403266666;30903266666;1400;1388
5141;30601027000;30403266666;30903266666;1400;1388
5142;30601032000;30403266666;30903266666;1398;1386
5143;30601236000;30403266666;30903266666;1400;1388
5144;30601241000;30403266666;30903266666;1398;1386
5145;30601443000;30403266666;30903266666;1400;1388
5146;30601448000;30403266666;30903266666;1400;1388
5147;30601647000;30403277777;30903277777;982;970
5148;30642098000;30403555555;30903555555;1398;1386
5148;30642129000;30403555555;30903555555;1398;1386
5149;30642148000;30403555555;30903555555;1400;1388
5150;30642152000;30403555555;30903555555;1398;1386
5151;30642155000;30444933333;30944933333;1400;1388
5152;30642159000;30444933333;30944933333;1400;1388
5153;30642162000;30444933333;30944933333;1398;1386
5154;30642165000;30444933333;30944933333;1400;1388
5155;30642169000;30444933333;30944933333;1398;1386
5156;30642172000;30444933333;30944933333;1400;1388
5157;30642175000;30444933333;30944933333;1400;1388
5158;30642178000;30444944444;30944944444;982;970
5149;30642297000;30403555555;30903555555;1400;1388
5150;30642302000;30403555555;30903555555;1398;1386
5151;30642497000;30444933333;30944933333;1400;1388
5152;30642702000;30444933333;30944933333;1400;1388
5153;30642707000;30444933333;30944933333;1398;1386
5154;30642902000;30444933333;30944933333;1400;1388
5155;30642907000;30444933333;30944933333;1398;1386
5156;30643113000;30444933333;30944933333;1400;1388
5157;30643117000;30444933333;30944933333;1400;1388
5158;30643316000;30444944444;30944944444;982;970
5159;30683780000;30445233333;30945233333;1398;1386
5159;30683822000;30445233333;30945233333;1398;1386
5160;30683832000;30445233333;30945233333;1400;1388
5161;30683836000;30445233333;30945233333;1398;1386
5162;30683840000;30486600000;30986600000;1400;1388
5163;30683843000;30486600000;30986600000;1400;1388
5164;30683846000;30486600000;30986600000;1398;1386
5165;30683850000;30486600000;30986600000;1400;1388
5166;30683853000;30486600000;30986600000;1398;1386
5167;30683856000;30486600000;30986600000;1400;1388
5168;30683859000;30486600000;30986600000;1400;1388
5169;30683862000;30486611111;30986611111;982;970
5160;30683962000;30445233333;30945233333;1400;1388
5161;30683968000;30445233333;30945233333;1398;1386
5162;30684164000;30486600000;30986600000;1400;1388
5163;30684369000;30486600000;30986600000;1400;1388
5164;30684374000;30486600000;30986600000;1398;1386
5165;30684571000;30486600000;30986600000;1400;1388
5166;30684575000;30486600000;30986600000;1398;1386
5167;30684778000;30486600000;30986600000;1400;1388
5168;30684783000;30486600000;30986600000;1400;1388
5169;30684976000;30486611111;30986611111;982;970
5170;30725421000;30486922222;30986922222;1398;1386
5170;30725450000;30486922222;30986922222;1398;1386
5171;30725459000;30486922222;30986922222;1400;1388
5172;30725463000;30486922222;30986922222;1398;1386
5173;30725466000;30528266666;31028266666;1400;1388
5174;30725470000;30528266666;31028266666;1400;1388
5175;30725474000;30528266666;31028266666;1398;1386
5176;30725477000;30528266666;31028266666;1400;1388
5177;30725480000;30528266666;31028266666;1398;1386
5178;30725483000;30528266666;31028266666;1400;1388
5179;30725487000;30528266666;31028266666;1400;1388
5180;30725490000;30528277777;31028277777;982;970
5171;30725643000;30486922222;30986922222;1400;1388
5172;30725653000;30486922222;30986922222;1398;1386
5173;30725842000;30528266666;31028266666;1400;1388
5174;30726042000;30528266666;31028266666;1400;1388
5175;30726058000;30528266666;31028266666;1398;1386
5176;30726250000;30528266666;31028266666;1400;1388
5177;30726258000;30528266666;31028266666;1398;1386
5178;30726460000;30528266666;31028266666;1400;1388
5179;30726468000;30528266666;31028266666;1400;1388
5180;30726661000;30528277777;31028277777;982;970
5181;30767101000;30528555555;31028555555;1398;1386
5181;30767117000;30528555555;31028555555;1398;1386
5182;30767137000;30528555555;31028555555;1400;1388
5183;30767141000;30528555555;31028555555;1398;1386
5184;30767144000;30569933333;31069933333;1400;1388
5185;30767148000;30569933333;31069933333;1400;1388
5186;30767152000;30569933333;31069933333;1398;1386
5187;30767155000;30569933333;31069933333;1400;1388
5188;30767158000;30569933333;31069933333;1398;1386
5189;30767169000;30569933333;31069933333;1400;1388
5190;30767173000;30569933333;31069933333;1400;1388
5191;30767176000;30569944444;31069944444;982;970
5182;30767314000;30528555555;31028555555;1400;1388
5183;30767324000;30528555555;31028555555;1398;1386
5184;30767514000;30569933333;31069933333;1400;1388
5185;30767709000;30569933333;31069933333;1400;1388
5186;30767715000;30569933333;31069933333;1398;1386
5187;30767908000;30569933333;31069933333;1400;1388
5188;30767913000;30569933333;31069933333;1398;1386
5189;30768118000;30569933333;31069933333;1400;1388
5190;30768123000;30569933333;31069933333;1400;1388
5191;30768320000;30569944444;31069944444;982;970
5192;30808791000;30570244444;31070244444;1398;1386
5192;30808820000;30570244444;31070244444;1398;1386
5193;30808829000;30570244444;31070244444;1400;1388
5194;30808833000;30570244444;31070244444;1398;1386
5195;30808837000;30611633333;31111633333;1400;1388
5196;30808841000;30611633333;31111633333;1400;1388
5197;30808844000;30611633333;31111633333;1398;1386
5198;30808847000;30611633333;31111633333;1400;1388
5199;30808850000;30611633333;31111633333;1398;1386
5200;30808854000;30611633333;31111633333;1400;1388
5201;30808857000;30611633333;31111633333;1400;1388
5202;30808860000;30611655555;31111655555;982;970
5193;30808992000;30570244444;31070244444;1400;1388
5195;30809201000;30611633333;31111633333;1400;1388
5196;30809206000;30611633333;31111633333;1400;1388
5197;30809405000;30611633333;31111633333;1398;1386
5198;30809410000;30611633333;31111633333;1400;1388
5199;30809610000;30611633333;31111633333;1398;1386
5200;30809615000;30611633333;31111633333;1400;1388
5201;30809807000;30611633333;31111633333;1400;1388
5202;30809811000;30611655555;31111655555;982;970
5203;30850471000;30611944444;31111944444;1398;1386
5204;30850497000;30611944444;31111944444;1400;1388
5205;30850516000;30611944444;31111944444;1398;1386
5206;30850519000;30653300000;31153300000;1400;1388
5207;30850523000;30653300000;31153300000;1400;1388
5208;30850526000;30653300000;31153300000;1398;1386
5209;30850529000;30653300000;31153300000;1400;1388
5210;30850532000;30653300000;31153300000;1398;1386
5211;30850535000;30653300000;31153300000;1400;1388
5212;30850539000;30653300000;31153300000;1400;1388
5213;30850542000;30653322222;31153322222;982;970
5204;30850683000;30611944444;31111944444;1400;1388
5205;30850693000;30611944444;31111944444;1398;1386
5206;30850870000;30653300000;31153300000;1400;1388
5207;30851074000;30653300000;31153300000;1400;1388
5208;30851079000;30653300000;31153300000;1398;1386
5209;30851274000;30653300000;31153300000;1400;1388
5210;30851279000;30653300000;31153300000;1398;1386
5211;30851484000;30653300000;31153300000;1400;1388
5212;30851488000;30653300000;31153300000;1400;1388
5213;30851689000;30653322222;31153322222;982;970
5214;30892166000;30653588888;31153588888;1398;1386
5215;30892189000;30653588888;31153588888;1400;1388
5216;30892209000;30653588888;31153588888;1398;1386
5217;30892213000;30694977777;31194977777;1400;1388
5218;30892216000;30694977777;31194977777;1400;1388
5219;30892219000;30694977777;31194977777;1398;1386
5220;30892222000;30694977777;31194977777;1400;1388
5221;30892226000;30694977777;31194977777;1398;1386
5222;30892229000;30694977777;31194977777;1400;1388
5223;30892232000;30694977777;31194977777;1400;1388
5224;30892235000;30695000000;31195000000;982;970
5215;30892349000;30653588888;31153588888;1400;1388
5216;30892355000;30653588888;31153588888;1398;1386
5217;30892549000;30694977777;31194977777;1400;1388
5218;30892756000;30694977777;31194977777;1400;1388
5219;30892761000;30694977777;31194977777;1398;1386
5220;30892956000;30694977777;31194977777;1400;1388
5221;30892961000;30694977777;31194977777;1398;1386
5223;30893159000;30694977777;31194977777;1400;1388
5224;30893163000;30695000000;31195000000;982;970
5225;30933824000;30695288888;31195288888;1398;1386
5225;30933888000;30695288888;31195288888;1398;1386
5226;30933903000;30695288888;31195288888;1400;1388
5230;30933909000;30736633333;31236633333;1398;1386
5231;30933919000;30736633333;31236633333;1400;1388
5232;30933931000;30736633333;31236633333;1398;1386
5233;30933966000;30736633333;31236633333;1400;1388
5234;30933970000;30736633333;31236633333;1400;1388
5235;30933974000;30736644444;31236644444;982;970
5226;30933984000;30695288888;31195288888;1400;1388
5227;30934211000;30695288888;31195288888;1398;1386
5228;30934237000;30736633333;31236633333;1400;1388
5229;30934415000;30736633333;31236633333;1400;1388
5230;30934439000;30736633333;31236633333;1398;1386
5231;30934617000;30736633333;31236633333;1400;1388
5232;30934625000;30736633333;31236633333;1398;1386
5233;30934825000;30736633333;31236633333;1400;1388
5234;30934833000;30736633333;31236633333;1400;1388
5235;30935022000;30736644444;31236644444;982;970
5236;30975484000;30736966666;31236966666;1398;1386
5236;30975517000;30736966666;31236966666;1398;1386
5237;30975528000;30736966666;31236966666;1400;1388
5238;30975532000;30736966666;31236966666;1398;1386
5239;30975536000;30778300000;31278300000;1400;1388
5240;30975540000;30778300000;31278300000;1400;1388
5241;30975543000;30778300000;31278300000;1398;1386
5242;30975546000;30778300000;31278300000;1400;1388
5243;30975550000;30778300000;31278300000;1398;1386
5244;30975553000;30778300000;31278300000;1400;1388
5245;30975557000;30778300000;31278300000;1400;1388
5246;30975561000;30778322222;31278322222;982;970
5237;30975683000;30736966666;31236966666;1400;1388
5238;30975693000;30736966666;31236966666;1398;1386
5239;30975882000;30778300000;31278300000;1400;1388
5240;30976089000;30778300000;31278300000;1400;1388
5241;30976097000;30778300000;31278300000;1398;1386
5242;30976280000;30778300000;31278300000;1400;1388
5243;30976286000;30778300000;31278300000;1398;1386
5244;30976486000;30778300000;31278300000;1400;1388
5245;30976491000;30778300000;31278300000;1400;1388
5246;30976690000;30778322222;31278322222;982;970
5247;31017146000;30778611111;31278611111;1398;1386
5247;31017184000;30778611111;31278611111;1398;1386
5248;31017193000;30778611111;31278611111;1400;1388
5249;31017197000;30778611111;31278611111;1398;1386
5250;31017201000;30819966666;31319966666;1400;1388
5251;31017204000;30819966666;31319966666;1400;1388
5252;31017208000;30819966666;31319966666;1398;1386
5253;31017212000;30819966666;31319966666;1400;1388
5254;31017215000;30819966666;31319966666;1398;1386
5255;31017218000;30819966666;31319966666;1400;1388
5256;31017221000;30819966666;31319966666;1400;1388
5257;31017225000;30819988888;31319988888;982;970
5248;31017343000;30778611111;31278611111;1400;1388
5249;31017349000;30778611111;31278611111;1398;1386
5250;31017541000;30819966666;31319966666;1400;1388
5251;31017747000;30819966666;31319966666;1400;1388
5252;31017751000;30819966666;31319966666;1398;1386
5253;31017948000;30819966666;31319966666;1400;1388
5255;31017954000;30819966666;31319966666;1400;1388
5256;31018151000;30819966666;31319966666;1400;1388
5257;31018156000;30819988888;31319988888;982;970
5258;31058810000;30820277777;31320277777;1398;1386
5258;31058852000;30820277777;31320277777;1398;1386
5259;31058861000;30820277777;31320277777;1400;1388
5260;31058865000;30820277777;31320277777;1398;1386
5261;31058869000;30861633333;31361633333;1400;1388
5262;31058872000;30861633333;31361633333;1400;1388
5263;31058876000;30861633333;31361633333;1398;1386
5264;31058879000;30861633333;31361633333;1400;1388
5265;31058882000;30861633333;31361633333;1398;1386
5266;31058885000;30861633333;31361633333;1400;1388
5267;31058889000;30861633333;31361633333;1400;1388
5268;31058892000;30861655555;31361655555;982;970
5259;31059001000;30820277777;31320277777;1400;1388
5260;31059007000;30820277777;31320277777;1398;1386
5261;31059209000;30861633333;31361633333;1400;1388
5262;31059414000;30861633333;31361633333;1400;1388
5263;31059419000;30861633333;31361633333;1398;1386
5264;31059614000;30861633333;31361633333;1400;1388
5265;31059618000;30861633333;31361633333;1398;1386
5266;31059823000;30861633333;31361633333;1400;1388
5267;31059828000;30861633333;31361633333;1400;1388
5268;31060021000;30861655555;31361655555;982;970
5269;31100466000;30861966666;31361966666;1398;1386
5269;31100484000;30861966666;31361966666;1398;1386
5270;31100511000;30861966666;31361966666;1400;1388
5271;31100515000;30861966666;31361966666;1398;1386
5272;31100518000;30903300000;31403300000;1400;1388
5273;31100522000;30903300000;31403300000;1400;1388
5274;31100525000;30903300000;31403300000;1398;1386
5277;31100528000;30903300000;31403300000;1400;1388
5278;31100536000;30903300000;31403300000;1400;1388
5279;31100542000;30903322222;31403322222;982;970
5270;31100688000;30861966666;31361966666;1400;1388
5271;31100697000;30861966666;31361966666;1398;1386
5272;31100887000;30903300000;31403300000;1400;1388
5273;31101093000;30903300000;31403300000;1400;1388
5274;31101102000;30903300000;31403300000;1398;1386
5275;31101294000;30903300000;31403300000;1400;1388
5276;31101316000;30903300000;31403300000;1398;1386
5277;31101503000;30903300000;31403300000;1400;1388
5278;31101512000;30903300000;31403300000;1400;1388
5279;31101706000;30903322222;31403322222;982;970
5280;31142157000;30903600000;31403600000;1398;1386
5280;31142175000;30903600000;31403600000;1398;1386
5281;31142193000;30903600000;31403600000;1400;1388
5282;31142198000;30903600000;31403600000;1398;1386
5283;31142201000;30944966666;31444966666;1400;1388
5284;31142204000;30944966666;31444966666;1400;1388
5285;31142208000;30944966666;31444966666;1398;1386
5286;31142211000;30944966666;31444966666;1400;1388
5287;31142214000;30944966666;31444966666;1398;1386
5288;31142218000;30944966666;31444966666;1400;1388
5289;31142221000;30944966666;31444966666;1400;1388
5290;31142224000;30944988888;31444988888;982;970
5281;31142357000;30903600000;31403600000;1400;1388
5282;31142366000;30903600000;31403600000;1398;1386
5283;31142543000;30944966666;31444966666;1400;1388
5284;31142748000;30944966666;31444966666;1400;1388
5285;31142754000;30944966666;31444966666;1398;1386
5286;31142950000;30944966666;31444966666;1400;1388
5287;31142954000;30944966666;31444966666;1398;1386
5288;31143159000;30944966666;31444966666;1400;1388
5289;31143163000;30944966666;31444966666;1400;1388
5290;31143366000;30944988888;31444988888;982;970
5291;31183826000;30945277777;31445277777;1398;1386
5291;31183850000;30945277777;31445277777;1398;1386
5292;31183869000;30945277777;31445277777;1400;1388
5293;31183873000;30945277777;31445277777;1398;1386
5294;31183876000;30986633333;31486633333;1400;1388
5295;31183880000;30986633333;31486633333;1400;1388
5296;31183883000;30986633333;31486633333;1398;1386
5297;31183887000;30986633333;31486633333;1400;1388
5298;31183890000;30986633333;31486633333;1398;1386
5299;31183893000;30986633333;31486633333;1400;1388
5300;31183896000;30986633333;31486633333;1400;1388
5301;31183899000;30986644444;31486644444;982;970
5292;31184003000;30945277777;31445277777;1400;1388
5293;31184009000;30945277777;31445277777;1398;1386
5294;31184210000;30986633333;31486633333;1400;1388
5295;31184414000;30986633333;31486633333;1400;1388
5296;31184419000;30986633333;31486633333;1398;1386
5297;31184615000;30986633333;31486633333;1400;1388
5298;31184619000;30986633333;31486633333;1398;1386
5299;31184825000;30986633333;31486633333;1400;1388
5300;31184829000;30986633333;31486633333;1400;1388
5301;31185022000;30986644444;31486644444;982;970
5302;31225479000;30986955555;31486955555;1398;1386
5302;31225510000;30986955555;31486955555;1398;1386
5303;31225529000;30986955555;31486955555;1400;1388
5304;31225533000;30986955555;31486955555;1398;1386
5305;31225537000;31028300000;31528300000;1400;1388
5306;31225540000;31028300000;31528300000;1400;1388
5307;31225544000;31028300000;31528300000;1398;1386
5308;31225547000;31028300000;31528300000;1400;1388
5310;31225550000;31028300000;31528300000;1400;1388
5311;31225557000;31028300000;31528300000;1400;1388
5312;31225563000;31028311111;31528311111;982;970
5303;31225677000;30986955555;31486955555;1400;1388
5304;31225683000;30986955555;31486955555;1398;1386
5305;31225876000;31028300000;31528300000;1400;1388
5306;31226075000;31028300000;31528300000;1400;1388
5307;31226080000;31028300000;31528300000;1398;1386
5308;31226283000;31028300000;31528300000;1400;1388
5309;31226287000;31028300000;31528300000;1398;1386
5310;31226495000;31028300000;31528300000;1400;1388
5311;31226508000;31028300000;31528300000;1400;1388
5312;31226695000;31028311111;31528311111;982;970
5313;31267140000;31028588888;31528588888;1398;1386
5313;31267182000;31028588888;31528588888;1398;1386
5314;31267191000;31028588888;31528588888;1400;1388
5315;31267195000;31028588888;31528588888;1398;1386
5316;31267199000;31069966666;31569966666;1400;1388
5317;31267202000;31069966666;31569966666;1400;1388
5318;31267206000;31069966666;31569966666;1398;1386
5319;31267209000;31069966666;31569966666;1400;1388
5320;31267212000;31069966666;31569966666;1398;1386
5321;31267215000;31069966666;31569966666;1400;1388
5322;31267218000;31069966666;31569966666;1400;1388
5323;31267222000;31069988888;31569988888;982;970
5314;31267325000;31028588888;31528588888;1400;1388
5315;31267331000;31028588888;31528588888;1398;1386
5316;31267524000;31069966666;31569966666;1400;1388
5317;31267730000;31069966666;31569966666;1400;1388
5318;31267735000;31069966666;31569966666;1398;1386
5319;31267930000;31069966666;31569966666;1400;1388
5320;31267935000;31069966666;31569966666;1398;1386
5321;31268139000;31069966666;31569966666;1400;1388
5324;31308779000;31070277777;31570277777;1398;1386
5324;31308809000;31070277777;31570277777;1398;1386
5325;31308828000;31070277777;31570277777;1400;1388
5326;31308833000;31070277777;31570277777;1398;1386
5327;31308836000;31111633333;31611633333;1400;1388
5328;31308840000;31111633333;31611633333;1400;1388
5329;31308843000;31111633333;31611633333;1398;1386
5330;31308846000;31111633333;31611633333;1400;1388
5331;31308850000;31111633333;31611633333;1398;1386
5332;31308853000;31111633333;31611633333;1400;1388
5334;31308856000;31111655555;31611655555;982;970
5325;31308971000;31070277777;31570277777;1400;1388
5326;31308976000;31070277777;31570277777;1398;1386
5328;31309177000;31111633333;31611633333;1400;1388
5329;31309382000;31111633333;31611633333;1398;1386
5330;31309387000;31111633333;31611633333;1400;1388
5331;31309583000;31111633333;31611633333;1398;1386
5332;31309588000;31111633333;31611633333;1400;1388
5333;31309785000;31111633333;31611633333;1400;1388
5334;31309803000;31111655555;31611655555;982;970
5335;31350497000;31111955555;31611955555;1398;1386
5339;31350582000;31153300000;31653300000;1400;1388
5340;31350615000;31153300000;31653300000;1398;1386
5341;31350621000;31153300000;31653300000;1400;1388
5336;31350628000;31111955555;31611955555;1400;1388
5342;31350713000;31153300000;31653300000;1398;1386
5343;31350727000;31153300000;31653300000;1400;1388
5344;31350741000;31153300000;31653300000;1400;1388
5345;31350745000;31153311111;31653311111;982;970
5337;31350864000;31111955555;31611955555;1398;1386
5338;31350888000;31153300000;31653300000;1400;1388
5339;31351057000;31153300000;31653300000;1400;1388
5340;31351067000;31153300000;31653300000;1398;1386
5341;31351246000;31153300000;31653300000;1400;1388
5342;31351255000;31153300000;31653300000;1398;1386
5343;31351450000;31153300000;31653300000;1400;1388
5344;31351656000;31153300000;31653300000;1400;1388
5345;31351665000;31153311111;31653311111;982;970
5346;31392127000;31153600000;31653600000;1398;1386
5346;31392146000;31153600000;31653600000;1398;1386
5347;31392165000;31153600000;31653600000;1400;1388
5348;31392169000;31153600000;31653600000;1398;1386
5349;31392172000;31194966666;31694966666;1400;1388
5350;31392176000;31194966666;31694966666;1400;1388
5351;31392180000;31194966666;31694966666;1398;1386
5352;31392183000;31194966666;31694966666;1400;1388
5353;31392186000;31194966666;31694966666;1398;1386
5354;31392190000;31194966666;31694966666;1400;1388
5355;31392193000;31194966666;31694966666;1400;1388
5356;31392197000;31194988888;31694988888;982;970
5347;31392325000;31153600000;31653600000;1400;1388
5348;31392334000;31153600000;31653600000;1398;1386
5349;31392525000;31194966666;31694966666;1400;1388
5350;31392730000;31194966666;31694966666;1400;1388
5351;31392739000;31194966666;31694966666;1398;1386
5352;31392933000;31194966666;31694966666;1400;1388
5353;31392942000;31194966666;31694966666;1398;1386
5354;31393142000;31194966666;31694966666;1400;1388
5355;31393150000;31194966666;31694966666;1400;1388
5356;31393343000;31194988888;31694988888;982;970
5357;31433788000;31195288888;31695288888;1398;1386
5357;31433805000;31195288888;31695288888;1398;1386
5358;31433825000;31195288888;31695288888;1400;1388
5359;31433829000;31195288888;31695288888;1398;1386
5360;31433833000;31236644444;31736644444;1400;1388
5361;31433837000;31236644444;31736644444;1400;1388
5363;31433840000;31236644444;31736644444;1400;1388
5364;31433848000;31236644444;31736644444;1398;1386
5365;31433854000;31236644444;31736644444;1400;1388
5366;31433858000;31236644444;31736644444;1400;1388
5367;31433861000;31236666666;31736666666;982;970
5358;31433984000;31195288888;31695288888;1400;1388
5359;31433991000;31195288888;31695288888;1398;1386
5361;31434188000;31236644444;31736644444;1400;1388
5362;31434388000;31236644444;31736644444;1398;1386
5363;31434408000;31236644444;31736644444;1400;1388
5364;31434587000;31236644444;31736644444;1398;1386
5365;31434596000;31236644444;31736644444;1400;1388
5366;31434799000;31236644444;31736644444;1400;1388
5367;31434804000;31236666666;31736666666;982;970
5371;31475457000;31278288888;31778288888;1400;1388
5368;31475485000;31236977777;31736977777;1398;1386
5369;31475523000;31236977777;31736977777;1400;1388
5370;31475534000;31236977777;31736977777;1398;1386
5371;31475545000;31278288888;31778288888;1400;1388
5372;31475550000;31278288888;31778288888;1400;1388
5373;31475555000;31278288888;31778288888;1398;1386
5374;31475567000;31278288888;31778288888;1400;1388
5375;31475571000;31278288888;31778288888;1398;1386
5376;31475574000;31278288888;31778288888;1400;1388
5377;31475577000;31278288888;31778288888;1400;1388
5378;31475580000;31278311111;31778311111;982;970
5372;31475645000;31278288888;31778288888;1400;1388
5373;31475856000;31278288888;31778288888;1398;1386
5374;31475861000;31278288888;31778288888;1400;1388
5375;31476060000;31278288888;31778288888;1398;1386
5376;31476065000;31278288888;31778288888;1400;1388
5377;31476265000;31278288888;31778288888;1400;1388
5378;31476270000;31278311111;31778311111;982;970
5380;31517091000;31278600000;31778600000;1400;1388
5379;31517130000;31278600000;31778600000;1398;1386
5380;31517156000;31278600000;31778600000;1400;1388
5381;31517163000;31278600000;31778600000;1398;1386
5382;31517166000;31319933333;31819933333;1400;1388
5383;31517180000;31319933333;31819933333;1400;1388
5384;31517183000;31319933333;31819933333;1398;1386
5386;31517186000;31319933333;31819933333;1398;1386
5387;31517193000;31319933333;31819933333;1400;1388
5388;31517199000;31319933333;31819933333;1400;1388
5389;31517202000;31319955555;31819955555;982;970
5381;31517291000;31278600000;31778600000;1398;1386
5382;31517296000;31319933333;31819933333;1400;1388
5383;31517486000;31319933333;31819933333;1400;1388
5384;31517692000;31319933333;31819933333;1398;1386
5385;31517696000;31319933333;31819933333;1400;1388
5386;31517894000;31319933333;31819933333;1398;1386
5387;31517899000;31319933333;31819933333;1400;1388
5388;31518095000;31319933333;31819933333;1400;1388
5389;31518100000;31319955555;31819955555;982;970
5390;31558760000;31320222222;31820222222;1398;1386
5390;31558788000;31320222222;31820222222;1398;1386
5391;31558798000;31320222222;31820222222;1400;1388
5392;31558802000;31320222222;31820222222;1398;1386
5393;31558806000;31361622222;31861622222;1400;1388
5394;31558809000;31361622222;31861622222;1400;1388
5395;31558813000;31361622222;31861622222;1398;1386
5396;31558816000;31361622222;31861622222;1400;1388
5397;31558819000;31361622222;31861622222;1398;1386
5398;31558822000;31361622222;31861622222;1400;1388
5399;31558826000;31361622222;31861622222;1400;1388
5400;31558829000;31361644444;31861644444;982;970
5391;31558977000;31320222222;31820222222;1400;1388
5392;31558986000;31320222222;31820222222;1398;1386
5393;31559182000;31361622222;31861622222;1400;1388
5394;31559388000;31361622222;31861622222;1400;1388
5395;31559396000;31361622222;31861622222;1398;1386
5396;31559588000;31361622222;31861622222;1400;1388
5397;31559596000;31361622222;31861622222;1398;1386
5398;31559797000;31361622222;31861622222;1400;1388
5399;31559816000;31361622222;31861622222;1400;1388
5400;31559994000;31361644444;31861644444;982;970
5401;31600434000;31361944444;31861944444;1398;1386
5401;31600451000;31361944444;31861944444;1398;1386
5402;31600470000;31361944444;31861944444;1400;1388
5403;31600474000;31361944444;31861944444;1398;1386
5404;31600477000;31403266666;31903266666;1400;1388
5405;31600481000;31403266666;31903266666;1400;1388
5406;31600484000;31403266666;31903266666;1398;1386
5407;31600487000;31403266666;31903266666;1400;1388
5408;31600490000;31403266666;31903266666;1398;1386
5409;31600494000;31403266666;31903266666;1400;1388
5410;31600497000;31403266666;31903266666;1400;1388
5411;31600500000;31403288888;31903288888;982;970
5402;31600631000;31361944444;31861944444;1400;1388
5403;31600640000;31361944444;31861944444;1398;1386
5404;31600830000;31403266666;31903266666;1400;1388
5405;31601020000;31403266666;31903266666;1400;1388
5406;31601026000;31403266666;31903266666;1398;1386
5407;31601226000;31403266666;31903266666;1400;1388
5408;31601230000;31403266666;31903266666;1398;1386
5409;31601437000;31403266666;31903266666;1400;1388
5410;31601441000;31403266666;31903266666;1400;1388
5411;31601637000;31403288888;31903288888;982;970
5412;31642095000;31403577777;31903577777;1398;1386
5412;31642110000;31403577777;31903577777;1398;1386
5413;31642129000;31403577777;31903577777;1400;1388
5414;31642133000;31403577777;31903577777;1398;1386
5415;31642137000;31444933333;31944933333;1400;1388
5416;31642141000;31444933333;31944933333;1400;1388
5417;31642144000;31444933333;31944933333;1398;1386
5418;31642147000;31444933333;31944933333;1400;1388
5419;31642150000;31444933333;31944933333;1398;1386
5420;31642154000;31444933333;31944933333;1400;1388
5421;31642157000;31444933333;31944933333;1400;1388
5422;31642160000;31444955555;31944955555;982;970
5413;31642289000;31403577777;31903577777;1400;1388
5414;31642294000;31403577777;31903577777;1398;1386
5415;31642490000;31444933333;31944933333;1400;1388
5416;31642692000;31444933333;31944933333;1400;1388
5417;31642697000;31444933333;31944933333;1398;1386
5418;31642892000;31444933333;31944933333;1400;1388
5419;31642897000;31444933333;31944933333;1398;1386
5420;31643102000;31444933333;31944933333;1400;1388
5421;31643107000;31444933333;31944933333;1400;1388
5422;31643306000;31444955555;31944955555;982;970
5423;31683757000;31445255555;31945255555;1398;1386
5423;31683801000;31445255555;31945255555;1398;1386
5424;31683810000;31445255555;31945255555;1400;1388
5425;31683814000;31445255555;31945255555;1398;1386
5426;31683818000;31486600000;31986600000;1400;1388
5427;31683821000;31486600000;31986600000;1400;1388
5428;31683824000;31486600000;31986600000;1398;1386
5429;31683828000;31486600000;31986600000;1400;1388
5430;31683831000;31486600000;31986600000;1398;1386
5431;31683834000;31486600000;31986600000;1400;1388
5432;31683838000;31486600000;31986600000;1400;1388
5433;31683841000;31486622222;31986622222;982;970
5424;31683955000;31445255555;31945255555;1400;1388
5425;31683960000;31445255555;31945255555;1398;1386
5426;31684155000;31486600000;31986600000;1400;1388
5427;31684359000;31486600000;31986600000;1400;1388
5428;31684364000;31486600000;31986600000;1398;1386
5429;31684562000;31486600000;31986600000;1400;1388
5430;31684566000;31486600000;31986600000;1398;1386
5431;31684769000;31486600000;31986600000;1400;1388
5432;31684774000;31486600000;31986600000;1400;1388
5433;31684966000;31486622222;31986622222;982;970
5434;31725462000;31486944444;31986944444;1398;1386
5434;31725493000;31486944444;31986944444;1398;1386
5435;31725512000;31486944444;31986944444;1400;1388
5436;31725516000;31486944444;31986944444;1398;1386
5437;31725520000;31528266666;32028266666;1400;1388
5438;31725523000;31528266666;32028266666;1400;1388
5440;31725526000;31528266666;32028266666;1400;1388
5441;31725533000;31528266666;32028266666;1398;1386
5442;31725540000;31528266666;32028266666;1400;1388
5443;31725544000;31528266666;32028266666;1400;1388
5444;31725547000;31528288888;32028288888;982;970
5435;31725662000;31486944444;31986944444;1400;1388
5436;31725668000;31486944444;31986944444;1398;1386
5437;31725872000;31528266666;32028266666;1400;1388
5438;31726066000;31528266666;32028266666;1400;1388
5439;31726071000;31528266666;32028266666;1398;1386
5440;31726266000;31528266666;32028266666;1400;1388
5441;31726271000;31528266666;32028266666;1398;1386
5442;31726475000;31528266666;32028266666;1400;1388
5443;31726479000;31528266666;32028266666;1400;1388
5445;31767135000;31528588888;32028588888;1398;1386
5445;31767176000;31528588888;32028588888;1398;1386
5446;31767185000;31528588888;32028588888;1400;1388
5447;31767189000;31528588888;32028588888;1398;1386
5448;31767193000;31569933333;32069933333;1400;1388
5449;31767196000;31569933333;32069933333;1400;1388
5450;31767200000;31569933333;32069933333;1398;1386
5451;31767203000;31569933333;32069933333;1400;1388
5452;31767206000;31569933333;32069933333;1398;1386
5453;31767209000;31569933333;32069933333;1400;1388
5454;31767212000;31569933333;32069933333;1400;1388
5455;31767216000;31569944444;32069944444;982;970
5446;31767332000;31528588888;32028588888;1400;1388
5447;31767338000;31528588888;32028588888;1398;1386
5448;31767533000;31569933333;32069933333;1400;1388
5449;31767740000;31569933333;32069933333;1400;1388
5450;31767745000;31569933333;32069933333;1398;1386
5451;31767939000;31569933333;32069933333;1400;1388
5452;31767944000;31569933333;32069933333;1398;1386
5453;31768149000;31569933333;32069933333;1400;1388
5454;31768154000;31569933333;32069933333;1400;1388
5455;31768351000;31569944444;32069944444;982;970
5456;31808788000;31570244444;32070244444;1398;1386
5456;31808818000;31570244444;32070244444;1398;1386
5457;31808827000;31570244444;32070244444;1400;1388
5458;31808831000;31570244444;32070244444;1398;1386
5459;31808835000;31611600000;32111600000;1400;1388
5460;31808839000;31611600000;32111600000;1400;1388
5461;31808842000;31611600000;32111600000;1398;1386
5462;31808845000;31611600000;32111600000;1400;1388
5463;31808848000;31611600000;32111600000;1398;1386
5464;31808852000;31611600000;32111600000;1400;1388
5465;31808855000;31611600000;32111600000;1400;1388
5466;31808858000;31611622222;32111622222;982;970
5457;31808992000;31570244444;32070244444;1400;1388
5458;31808997000;31570244444;32070244444;1398;1386
5459;31809198000;31611600000;32111600000;1400;1388
5460;31809403000;31611600000;32111600000;1400;1388
5461;31809407000;31611600000;32111600000;1398;1386
5462;31809603000;31611600000;32111600000;1400;1388
5463;31809608000;31611600000;32111600000;1398;1386
5465;31809806000;31611600000;32111600000;1400;1388
5466;31809810000;31611622222;32111622222;982;970
5467;31850468000;31611922222;32111922222;1398;1386
5467;31850521000;31611922222;32111922222;1398;1386
5468;31850531000;31611922222;32111922222;1400;1388
5469;31850535000;31611922222;32111922222;1398;1386
5470;31850539000;31653266666;32153266666;1400;1388
5471;31850542000;31653266666;32153266666;1400;1388
5472;31850546000;31653266666;32153266666;1398;1386
5473;31850549000;31653266666;32153266666;1400;1388
5474;31850552000;31653266666;32153266666;1398;1386
5475;31850555000;31653266666;32153266666;1400;1388
5476;31850558000;31653266666;32153266666;1400;1388
5477;31850561000;31653288888;32153288888;982;970
5468;31850674000;31611922222;32111922222;1400;1388
5469;31850683000;31611922222;32111922222;1398;1386
5470;31850863000;31653266666;32153266666;1400;1388
5471;31851069000;31653266666;32153266666;1400;1388
5472;31851075000;31653266666;32153266666;1398;1386
5473;31851269000;31653266666;32153266666;1400;1388
5474;31851274000;31653266666;32153266666;1398;1386
5475;31851477000;31653266666;32153266666;1400;1388
5476;31851481000;31653266666;32153266666;1400;1388
5477;31851681000;31653288888;32153288888;982;970
5478;31892125000;31653566666;32153566666;1398;1386
5478;31892153000;31653566666;32153566666;1398;1386
5479;31892162000;31653566666;32153566666;1400;1388
5480;31892167000;31653566666;32153566666;1398;1386
5481;31892170000;31694933333;32194933333;1400;1388
5482;31892174000;31694933333;32194933333;1400;1388
5483;31892177000;31694933333;32194933333;1398;1386
5484;31892181000;31694933333;32194933333;1400;1388
5485;31892192000;31694933333;32194933333;1398;1386
5486;31892196000;31694933333;32194933333;1400;1388
5487;31892199000;31694933333;32194933333;1400;1388
5488;31892202000;31694955555;32194955555;982;970
5479;31892332000;31653566666;32153566666;1400;1388
5480;31892338000;31653566666;32153566666;1398;1386
5481;31892531000;31694933333;32194933333;1400;1388
5482;31892736000;31694933333;32194933333;1400;1388
5483;31892741000;31694933333;32194933333;1398;1386
5484;31892937000;31694933333;32194933333;1400;1388
5485;31892942000;31694933333;32194933333;1398;1386
5486;31893152000;31694933333;32194933333;1400;1388
5487;31893157000;31694933333;32194933333;1400;1388
5488;31893350000;31694955555;32194955555;982;970
5489;31933833000;31695255555;32195255555;1398;1386
5489;31933860000;31695255555;32195255555;1398;1386
5490;31933879000;31695255555;32195255555;1400;1388
5491;31933883000;31695255555;32195255555;1398;1386
5492;31933886000;31736633333;32236633333;1400;1388
5493;31933890000;31736633333;32236633333;1400;1388
5494;31933893000;31736633333;32236633333;1398;1386
5495;31933897000;31736633333;32236633333;1400;1388
5496;31933900000;31736633333;32236633333;1398;1386
5497;31933903000;31736633333;32236633333;1400;1388
5498;31933906000;31736633333;32236633333;1400;1388
5499;31933909000;31736655555;32236655555;982;970
5490;31934021000;31695255555;32195255555;1400;1388
5491;31934026000;31695255555;32195255555;1398;1386
5492;31934228000;31736633333;32236633333;1400;1388
5493;31934432000;31736633333;32236633333;1400;1388
5494;31934438000;31736633333;32236633333;1398;1386
5495;31934634000;31736633333;32236633333;1400;1388
5496;31934638000;31736633333;32236633333;1398;1386
5498;31934835000;31736633333;32236633333;1400;1388
5499;31934840000;31736655555;32236655555;982;970
