seqnum;now;rtptime;deadline
1;10800344000;10109500000;10609500000
3;10990520000;10140700000;10640700000
11;10990690000;10141055555;10641055555
12;10990694000;10141055555;10641055555
13;10990695000;10141055555;10641055555
14;11057423000;10182344444;10682344444
71;11205763000;10390677777;10890677777
125;11277178000;10599011111;11099011111
126;11277181000;10599011111;11099011111
127;11277185000;10599011111;11099011111
128;11277186000;10599011111;11099011111
129;11277188000;10599011111;11099011111
130;11277189000;10599011111;11099011111
131;11277450000;10599022222;11099022222
132;11277465000;10599388888;11099388888
133;11277466000;10599388888;11099388888
134;11277467000;10599388888;11099388888
135;11366199000;10640666666;11140666666
136;11366202000;10640666666;11140666666
137;11366203000;10640666666;11140666666
138;11366204000;10640666666;11140666666
139;11366206000;10640666666;11140666666
140;11366206000;10640666666;11140666666
141;11366207000;10640666666;11140666666
142;11366407000;10640688888;11140688888
143;11366423000;10641000000;11141000000
144;11366424000;10641000000;11141000000
145;11366425000;10641000000;11141000000
146;11366437000;10682344444;11182344444
147;11366439000;10682344444;11182344444
148;11366450000;10682344444;11182344444
149;11366451000;10682344444;11182344444
150;11366452000;10682344444;11182344444
151;11366453000;10682344444;11182344444
152;11366454000;10682344444;11182344444
153;11366558000;10682355555;11182355555
154;11366573000;10682722222;11182722222
155;11366574000;10682722222;11182722222
156;11366575000;10682722222;11182722222
157;11386751000;10724011111;11224011111
158;11386754000;10724011111;11224011111
159;11386755000;10724011111;11224011111
160;11386756000;10724011111;11224011111
161;11386757000;10724011111;11224011111
162;11386759000;10724011111;11224011111
163;11386760000;10724011111;11224011111
164;11418773000;10724033333;11224033333
179;11418789000;10807333333;11307333333
180;11418790000;10807333333;11307333333
181;11418791000;10807333333;11307333333
182;11418792000;10807333333;11307333333
183;11418793000;10807333333;11307333333
184;11418794000;10807333333;11307333333
185;11418795000;10807333333;11307333333
186;11432427000;10807355555;11307355555
187;11432442000;10807644444;11307644444
188;11432444000;10807644444;11307644444
189;11432445000;10807644444;11307644444
190;11442065000;10849000000;11349000000
191;11442068000;10849000000;11349000000
192;11442069000;10849000000;11349000000
193;11442070000;10849000000;11349000000
194;11442071000;10849000000;11349000000
195;11442072000;10849000000;11349000000
196;11442073000;10849000000;11349000000
197;11442194000;10849011111;11349011111
198;11442209000;10849300000;11349300000
199;11442210000;10849300000;11349300000
200;11442211000;10849300000;11349300000
201;11482690000;10890666666;11390666666
202;11482693000;10890666666;11390666666
203;11482694000;10890666666;11390666666
204;11482695000;10890666666;11390666666
205;11482696000;10890666666;11390666666
206;11482698000;10890666666;11390666666
207;11482699000;10890666666;11390666666
208;11482906000;10890688888;11390688888
209;11482921000;10890966666;11390966666
210;11482922000;10890966666;11390966666
211;11482923000;10890966666;11390966666
212;11529697000;10932344444;11432344444
213;11529701000;10932344444;11432344444
214;11529702000;10932344444;11432344444
215;11529703000;10932344444;11432344444
216;11529704000;10932344444;11432344444
217;11529705000;10932344444;11432344444
218;11529706000;10932344444;11432344444
219;11529905000;10932366666;11432366666
220;11529921000;10932666666;11432666666
221;11529922000;10932666666;11432666666
222;11529923000;10932666666;11432666666
223;11563516000;10974011111;11474011111
224;11563519000;10974011111;11474011111
225;11563521000;10974011111;11474011111
226;11563522000;10974011111;11474011111
227;11563523000;10974011111;11474011111
228;11563524000;10974011111;11474011111
229;11563525000;10974011111;11474011111
230;11563724000;10974033333;11474033333
231;11563740000;10974322222;11474322222
232;11563741000;10974322222;11474322222
233;11563742000;10974322222;11474322222
234;11602700000;11015677777;11515677777
235;11602704000;11015677777;11515677777
236;11602705000;11015677777;11515677777
237;11602706000;11015677777;11515677777
238;11602707000;11015677777;11515677777
239;11602708000;11015677777;11515677777
240;11602709000;11015677777;11515677777
241;11602937000;11015688888;11515688888
242;11602940000;11015977777;11515977777
243;11602941000;11015977777;11515977777
244;11602942000;11015977777;11515977777
245;11635703000;11057333333;11557333333
246;11635706000;11057333333;11557333333
247;11635707000;11057333333;11557333333
248;11635708000;11057333333;11557333333
249;11635709000;11057333333;11557333333
250;11635711000;11057333333;11557333333
251;11635711000;11057333333;11557333333
252;11637315000;11057355555;11557355555
253;11637331000;11057677777;11557677777
254;11637332000;11057677777;11557677777
255;11637333000;11057677777;11557677777
256;11672372000;11099000000;11599000000
257;11672375000;11099000000;11599000000
258;11672376000;11099000000;11599000000
259;11672377000;11099000000;11599000000
260;11672378000;11099000000;11599000000
261;11672379000;11099000000;11599000000
262;11672380000;11099000000;11599000000
263;11677157000;11099022222;11599022222
264;11677172000;11099344444;11599344444
265;11677173000;11099344444;11599344444
266;11677174000;11099344444;11599344444
267;11719182000;11140688888;11640688888
268;11719186000;11140688888;11640688888
269;11719188000;11140688888;11640688888
270;11719190000;11140688888;11640688888
271;11719192000;11140688888;11640688888
272;11719193000;11140688888;11640688888
273;11719195000;11140688888;11640688888
274;11719396000;11140700000;11640700000
275;11719411000;11140966666;11640966666
277;11719543000;11140966666;11640966666
278;11760351000;11182344444;11682344444
279;11760355000;11182344444;11682344444
280;11760356000;11182344444;11682344444
281;11760357000;11182344444;11682344444
282;11760358000;11182344444;11682344444
283;11760359000;11182344444;11682344444
284;11760360000;11182344444;11682344444
285;11760604000;11182366666;11682366666
286;11760619000;11182655555;11682655555
287;11760621000;11182655555;11682655555
288;11760622000;11182655555;11682655555
289;11800377000;11224011111;11724011111
290;11800381000;11224011111;11724011111
291;11800382000;11224011111;11724011111
292;11800383000;11224011111;11724011111
293;11800384000;11224011111;11724011111
294;11800385000;11224011111;11724011111
295;11800386000;11224011111;11724011111
296;11800633000;11224022222;11724022222
297;11800649000;11224311111;11724311111
298;11800652000;11224311111;11724311111
299;11800653000;11224311111;11724311111
300;11838661000;11265666666;11765666666
301;11838664000;11265666666;11765666666
302;11838665000;11265666666;11765666666
303;11838666000;11265666666;11765666666
304;11838667000;11265666666;11765666666
305;11838668000;11265666666;11765666666
306;11838669000;11265666666;11765666666
307;11838869000;11265688888;11765688888
308;11838884000;11265955555;11765955555
309;11838885000;11265955555;11765955555
310;11838886000;11265955555;11765955555
311;11879526000;11307355555;11807355555
312;11879530000;11307355555;11807355555
313;11879531000;11307355555;11807355555
314;11879532000;11307355555;11807355555
315;11879533000;11307355555;11807355555
316;11879534000;11307355555;11807355555
317;11879535000;11307355555;11807355555
318;11879735000;11307366666;11807366666
319;11879750000;11307655555;11807655555
320;11879751000;11307655555;11807655555
321;11879752000;11307655555;11807655555
322;11921275000;11349033333;11849033333
323;11921278000;11349033333;11849033333
324;11921279000;11349033333;11849033333
325;11921280000;11349033333;11849033333
326;11921281000;11349033333;11849033333
327;11921282000;11349033333;11849033333
328;11921283000;11349033333;11849033333
329;11921483000;11349044444;11849044444
330;11921498000;11349322222;11849322222
331;11921500000;11349322222;11849322222
332;11921501000;11349322222;11849322222
333;11962860000;11390677777;11890677777
334;11962864000;11390677777;11890677777
335;11962865000;11390677777;11890677777
336;11962866000;11390677777;11890677777
337;11962867000;11390677777;11890677777
338;11962875000;11390677777;11890677777
339;11962876000;11390677777;11890677777
340;11963112000;11390700000;11890700000
341;11963127000;11390977777;11890977777
342;11963128000;11390977777;11890977777
343;11963129000;11390977777;11890977777
344;12004437000;11432344444;11932344444
345;12004452000;11432344444;11932344444
346;12004454000;11432344444;11932344444
347;12004456000;11432344444;11932344444
348;12004457000;11432344444;11932344444
349;12004458000;11432344444;11932344444
350;12004460000;11432344444;11932344444
351;12004639000;11432366666;11932366666
352;12004654000;11432644444;11932644444
353;12004655000;11432644444;11932644444
354;12004657000;11432644444;11932644444
355;12053808000;11474022222;11974022222
356;12053818000;11474022222;11974022222
357;12053819000;11474022222;11974022222
358;12053822000;11474022222;11974022222
359;12053823000;11474022222;11974022222
360;12053825000;11474022222;11974022222
361;12053826000;11474022222;11974022222
362;12054055000;11474033333;11974033333
363;12054064000;11474322222;11974322222
364;12054067000;11474322222;11974322222
365;12054077000;11474322222;11974322222
366;12090915000;11515688888;12015688888
367;12090928000;11515688888;12015688888
368;12090930000;11515688888;12015688888
369;12090932000;11515688888;12015688888
370;12090935000;11515688888;12015688888
371;12090938000;11515688888;12015688888
372;12090940000;11515688888;12015688888
373;12091152000;11515700000;12015700000
374;12091158000;11515933333;12015933333
375;12091160000;11515933333;12015933333
376;12091163000;11515933333;12015933333
377;12129563000;11557344444;12057344444
378;12129570000;11557344444;12057344444
379;12129571000;11557344444;12057344444
380;12129572000;11557344444;12057344444
381;12129575000;11557344444;12057344444
382;12129577000;11557344444;12057344444
383;12129578000;11557344444;12057344444
384;12129798000;11557366666;12057366666
385;12129814000;11557666666;12057666666
386;12129815000;11557666666;12057666666
387;12129817000;11557666666;12057666666
388;12171260000;11599011111;12099011111
389;12171266000;11599011111;12099011111
390;12171267000;11599011111;12099011111
391;12171269000;11599011111;12099011111
392;12171270000;11599011111;12099011111
393;12171272000;11599011111;12099011111
394;12171274000;11599011111;12099011111
395;12171474000;11599033333;12099033333
396;12171478000;11599355555;12099355555
397;12171479000;11599355555;12099355555
398;12171481000;11599355555;12099355555
399;12212856000;11640677777;12140677777
400;12212864000;11640677777;12140677777
401;12212866000;11640677777;12140677777
402;12212868000;11640677777;12140677777
403;12212869000;11640677777;12140677777
404;12212871000;11640677777;12140677777
405;12212881000;11640677777;12140677777
406;12213016000;11640700000;12140700000
407;12213022000;11640966666;12140966666
408;12213024000;11640966666;12140966666
409;12213025000;11640966666;12140966666
410;12254486000;11682344444;12182344444
411;12254490000;11682344444;12182344444
412;12254492000;11682344444;12182344444
413;12254494000;11682344444;12182344444
415;12254969000;11682344444;12182344444
416;12254971000;11682344444;12182344444
417;12255184000;11682366666;12182366666
418;12255199000;11682655555;12182655555
419;12255201000;11682655555;12182655555
420;12255202000;11682655555;12182655555
421;12296203000;11724011111;12224011111
422;12296207000;11724011111;12224011111
423;12296208000;11724011111;12224011111
424;12296210000;11724011111;12224011111
425;12296212000;11724011111;12224011111
426;12296213000;11724011111;12224011111
427;12296214000;11724011111;12224011111
428;12296423000;11724033333;12224033333
429;12296438000;11724322222;12224322222
430;12296440000;11724322222;12224322222
431;12296442000;11724322222;12224322222
432;12337870000;11765677777;12265677777
433;12337874000;11765677777;12265677777
434;12337876000;11765677777;12265677777
435;12337877000;11765677777;12265677777
436;12337878000;11765677777;12265677777
437;12337880000;11765677777;12265677777
438;12337881000;11765677777;12265677777
439;12338097000;11765700000;12265700000
440;12338113000;11765977777;12265977777
441;12338131000;11765977777;12265977777
442;12338133000;11765977777;12265977777
443;12379528000;11807333333;12307333333
444;12379532000;11807333333;12307333333
445;12379533000;11807333333;12307333333
446;12379534000;11807333333;12307333333
447;12379536000;11807333333;12307333333
448;12379537000;11807333333;12307333333
449;12379539000;11807333333;12307333333
450;12379746000;11807355555;12307355555
451;12379753000;11807633333;12307633333
452;12379754000;11807633333;12307633333
453;12379756000;11807633333;12307633333
454;12421204000;11849011111;12349011111
455;12421208000;11849011111;12349011111
456;12421210000;11849011111;12349011111
457;12421211000;11849011111;12349011111
458;12421212000;11849011111;12349011111
459;12421213000;11849011111;12349011111
460;12421215000;11849011111;12349011111
461;12421415000;11849033333;12349033333
462;12421421000;11849300000;12349300000
463;12421422000;11849300000;12349300000
464;12421423000;11849300000;12349300000
466;12463317000;11890688888;12390688888
467;12463320000;11890688888;12390688888
468;12463322000;11890688888;12390688888
469;12463323000;11890688888;12390688888
470;12463324000;11890688888;12390688888
471;12463326000;11890688888;12390688888
472;12463424000;11890700000;12390700000
473;12463439000;11890977777;12390977777
474;12463441000;11890977777;12390977777
475;12463442000;11890977777;12390977777
476;12504361000;11932344444;12432344444
477;12504365000;11932344444;12432344444
478;12504375000;11932344444;12432344444
479;12504377000;11932344444;12432344444
480;12504378000;11932344444;12432344444
481;12504379000;11932344444;12432344444
482;12504380000;11932344444;12432344444
483;12504551000;11932366666;12432366666
484;12504556000;11932655555;12432655555
485;12504557000;11932655555;12432655555
486;12504559000;11932655555;12432655555
487;12546220000;11974011111;12474011111
488;12546224000;11974011111;12474011111
489;12546225000;11974011111;12474011111
490;12546226000;11974011111;12474011111
491;12546227000;11974011111;12474011111
492;12546229000;11974011111;12474011111
493;12546230000;11974011111;12474011111
494;12546400000;11974033333;12474033333
495;12546405000;11974322222;12474322222
496;12546406000;11974322222;12474322222
497;12546407000;11974322222;12474322222
498;12587818000;12015677777;12515677777
499;12587820000;12015677777;12515677777
500;12587821000;12015677777;12515677777
501;12587822000;12015677777;12515677777
502;12587823000;12015677777;12515677777
503;12587824000;12015677777;12515677777
504;12587826000;12015677777;12515677777
505;12587968000;12015700000;12515700000
506;12587971000;12015955555;12515955555
507;12587972000;12015955555;12515955555
508;12587973000;12015955555;12515955555
509;12629489000;12057344444;12557344444
510;12629492000;12057344444;12557344444
511;12629494000;12057344444;12557344444
512;12629495000;12057344444;12557344444
513;12629496000;12057344444;12557344444
514;12629497000;12057344444;12557344444
515;12629498000;12057344444;12557344444
516;12629697000;12057366666;12557366666
517;12629703000;12057655555;12557655555
519;12630175000;12057655555;12557655555
520;12671200000;12099011111;12599011111
521;12671204000;12099011111;12599011111
522;12671205000;12099011111;12599011111
523;12671206000;12099011111;12599011111
524;12671207000;12099011111;12599011111
525;12671208000;12099011111;12599011111
526;12671209000;12099011111;12599011111
527;12671409000;12099033333;12599033333
528;12671415000;12099366666;12599366666
529;12671417000;12099366666;12599366666
530;12671418000;12099366666;12599366666
531;12712869000;12140688888;12640688888
532;12712872000;12140688888;12640688888
533;12712873000;12140688888;12640688888
534;12712874000;12140688888;12640688888
535;12712875000;12140688888;12640688888
536;12712876000;12140688888;12640688888
537;12712878000;12140688888;12640688888
538;12713084000;12140700000;12640700000
539;12713099000;12140966666;12640966666
540;12713100000;12140966666;12640966666
541;12713101000;12140966666;12640966666
542;12754527000;12182344444;12682344444
543;12754530000;12182344444;12682344444
544;12754531000;12182344444;12682344444
545;12754532000;12182344444;12682344444
546;12754541000;12182344444;12682344444
547;12754543000;12182344444;12682344444
548;12754544000;12182344444;12682344444
549;12754715000;12182366666;12682366666
550;12754719000;12182666666;12682666666
551;12754720000;12182666666;12682666666
552;12754721000;12182666666;12682666666
553;12796173000;12224011111;12724011111
554;12796177000;12224011111;12724011111
555;12796178000;12224011111;12724011111
556;12796179000;12224011111;12724011111
557;12796180000;12224011111;12724011111
558;12796180000;12224011111;12724011111
559;12796182000;12224011111;12724011111
560;12796352000;12224033333;12724033333
561;12796356000;12224322222;12724322222
562;12796357000;12224322222;12724322222
563;12796358000;12224322222;12724322222
564;12837870000;12265677777;12765677777
565;12837874000;12265677777;12765677777
566;12837875000;12265677777;12765677777
567;12837876000;12265677777;12765677777
568;12837877000;12265677777;12765677777
569;12837878000;12265677777;12765677777
570;12837879000;12265677777;12765677777
571;12838101000;12265700000;12765700000
572;12838107000;12265966666;12765966666
573;12838108000;12265966666;12765966666
574;12838109000;12265966666;12765966666
575;12879537000;12307344444;12807344444
576;12879540000;12307344444;12807344444
577;12879541000;12307344444;12807344444
578;12879542000;12307344444;12807344444
579;12879543000;12307344444;12807344444
580;12879544000;12307344444;12807344444
581;12879545000;12307344444;12807344444
582;12879744000;12307366666;12807366666
583;12879750000;12307677777;12807677777
584;12879751000;12307677777;12807677777
585;12879752000;12307677777;12807677777
586;12921212000;12349011111;12849011111
587;12921216000;12349011111;12849011111
588;12921217000;12349011111;12849011111
589;12921218000;12349011111;12849011111
590;12921219000;12349011111;12849011111
591;12921220000;12349011111;12849011111
592;12921221000;12349011111;12849011111
593;12921420000;12349033333;12849033333
594;12921426000;12349322222;12849322222
595;12921427000;12349322222;12849322222
596;12921428000;12349322222;12849322222
597;12962840000;12390677777;12890677777
598;12962844000;12390677777;12890677777
599;12962845000;12390677777;12890677777
600;12962845000;12390677777;12890677777
601;12962847000;12390677777;12890677777
602;12962848000;12390677777;12890677777
603;12962848000;12390677777;12890677777
604;12963066000;12390700000;12890700000
605;12963072000;12390977777;12890977777
606;12963074000;12390977777;12890977777
607;12963075000;12390977777;12890977777
608;13004517000;12432344444;12932344444
609;13004521000;12432344444;12932344444
610;13004522000;12432344444;12932344444
611;13004523000;12432344444;12932344444
612;13004524000;12432344444;12932344444
613;13004525000;12432344444;12932344444
614;13004526000;12432344444;12932344444
615;13004754000;12432366666;12932366666
616;13004760000;12432655555;12932655555
617;13004761000;12432655555;12932655555
618;13004762000;12432655555;12932655555
619;13046220000;12474011111;12974011111
620;13046223000;12474011111;12974011111
621;13046224000;12474011111;12974011111
622;13046225000;12474011111;12974011111
623;13046226000;12474011111;12974011111
624;13046227000;12474011111;12974011111
625;13046228000;12474011111;12974011111
626;13046398000;12474033333;12974033333
627;13046403000;12474311111;12974311111
628;13046404000;12474311111;12974311111
629;13046405000;12474311111;12974311111
630;13087794000;12515677777;13015677777
631;13087797000;12515677777;13015677777
632;13087798000;12515677777;13015677777
633;13087798000;12515677777;13015677777
634;13087799000;12515677777;13015677777
635;13087800000;12515677777;13015677777
636;13087810000;12515677777;13015677777
637;13087944000;12515700000;13015700000
638;13087946000;12515944444;13015944444
639;13087947000;12515944444;13015944444
640;13087948000;12515944444;13015944444
641;13129545000;12557344444;13057344444
642;13129548000;12557344444;13057344444
643;13129550000;12557344444;13057344444
644;13129551000;12557344444;13057344444
645;13129551000;12557344444;13057344444
646;13129552000;12557344444;13057344444
647;13129553000;12557344444;13057344444
648;13129761000;12557366666;13057366666
649;13129767000;12557655555;13057655555
650;13129768000;12557655555;13057655555
651;13129769000;12557655555;13057655555
652;13171196000;12599011111;13099011111
653;13171200000;12599011111;13099011111
654;13171201000;12599011111;13099011111
655;13171202000;12599011111;13099011111
656;13171203000;12599011111;13099011111
657;13171204000;12599011111;13099011111
658;13171205000;12599011111;13099011111
659;13171405000;12599033333;13099033333
660;13171420000;12599344444;13099344444
661;13171422000;12599344444;13099344444
662;13171423000;12599344444;13099344444
663;13212803000;12640677777;13140677777
664;13212807000;12640677777;13140677777
665;13212808000;12640677777;13140677777
666;13212809000;12640677777;13140677777
667;13212810000;12640677777;13140677777
668;13212811000;12640677777;13140677777
669;13212812000;12640677777;13140677777
670;13212967000;12640700000;13140700000
671;13212973000;12640977777;13140977777
672;13212974000;12640977777;13140977777
673;13212975000;12640977777;13140977777
674;13254519000;12682355555;13182355555
675;13254522000;12682355555;13182355555
676;13254523000;12682355555;13182355555
677;13254524000;12682355555;13182355555
678;13254525000;12682355555;13182355555
679;13254526000;12682355555;13182355555
680;13254527000;12682355555;13182355555
681;13254648000;12682366666;13182366666
682;13254652000;12682677777;13182677777
683;13254653000;12682677777;13182677777
684;13254654000;12682677777;13182677777
685;13296075000;12724011111;13224011111
686;13296078000;12724011111;13224011111
687;13296079000;12724011111;13224011111
688;13296080000;12724011111;13224011111
689;13296090000;12724011111;13224011111
690;13296092000;12724011111;13224011111
691;13296093000;12724011111;13224011111
692;13296248000;12724022222;13224022222
693;13296254000;12724355555;13224355555
694;13296256000;12724355555;13224355555
695;13296256000;12724355555;13224355555
696;13337814000;12765677777;13265677777
697;13337818000;12765677777;13265677777
698;13337819000;12765677777;13265677777
699;13337820000;12765677777;13265677777
700;13337820000;12765677777;13265677777
701;13337821000;12765677777;13265677777
702;13337822000;12765677777;13265677777
703;13337978000;12765700000;13265700000
704;13337984000;12765988888;13265988888
705;13337985000;12765988888;13265988888
706;13337986000;12765988888;13265988888
707;13379518000;12807355555;13307355555
708;13379521000;12807355555;13307355555
709;13379523000;12807355555;13307355555
710;13379524000;12807355555;13307355555
711;13379525000;12807355555;13307355555
712;13379525000;12807355555;13307355555
713;13379526000;12807355555;13307355555
714;13379681000;12807366666;13307366666
715;13379688000;12807655555;13307655555
716;13379689000;12807655555;13307655555
717;13379690000;12807655555;13307655555
718;13421212000;12849011111;13349011111
719;13421216000;12849011111;13349011111
720;13421217000;12849011111;13349011111
721;13421218000;12849011111;13349011111
722;13421219000;12849011111;13349011111
723;13421220000;12849011111;13349011111
724;13421221000;12849011111;13349011111
725;13421420000;12849033333;13349033333
726;13421436000;12849311111;13349311111
727;13421437000;12849311111;13349311111
728;13421438000;12849311111;13349311111
729;13462868000;12890677777;13390677777
730;13462871000;12890677777;13390677777
731;13462872000;12890677777;13390677777
732;13462873000;12890677777;13390677777
733;13462875000;12890677777;13390677777
734;13462875000;12890677777;13390677777
735;13462876000;12890677777;13390677777
736;13463066000;12890700000;13390700000
737;13463072000;12891000000;13391000000
738;13463073000;12891000000;13391000000
739;13463085000;12891000000;13391000000
740;13504562000;12932344444;13432344444
741;13504580000;12932344444;13432344444
742;13504582000;12932344444;13432344444
743;13504583000;12932344444;13432344444
744;13504585000;12932344444;13432344444
745;13504587000;12932344444;13432344444
746;13504588000;12932344444;13432344444
747;13504787000;12932366666;13432366666
748;13504794000;12932666666;13432666666
749;13504796000;12932666666;13432666666
750;13504817000;12932666666;13432666666
751;13546222000;12974011111;13474011111
752;13546226000;12974011111;13474011111
753;13546227000;12974011111;13474011111
754;13546229000;12974011111;13474011111
755;13546230000;12974011111;13474011111
756;13546232000;12974011111;13474011111
757;13546233000;12974011111;13474011111
758;13546437000;12974033333;13474033333
759;13546452000;12974322222;13474322222
760;13546454000;12974322222;13474322222
761;13546455000;12974322222;13474322222
762;13587879000;13015677777;13515677777
763;13587883000;13015677777;13515677777
764;13587885000;13015677777;13515677777
765;13587886000;13015677777;13515677777
766;13587887000;13015677777;13515677777
767;13587888000;13015677777;13515677777
768;13587890000;13015677777;13515677777
769;13588099000;13015700000;13515700000
770;13588114000;13015966666;13515966666
771;13588116000;13015966666;13515966666
772;13588117000;13015966666;13515966666
773;13629542000;13057344444;13557344444
774;13629546000;13057344444;13557344444
775;13629547000;13057344444;13557344444
776;13629549000;13057344444;13557344444
777;13629550000;13057344444;13557344444
778;13629552000;13057344444;13557344444
779;13629553000;13057344444;13557344444
780;13629754000;13057355555;13557355555
781;13629770000;13057800000;13557800000
782;13629771000;13057800000;13557800000
783;13629773000;13057800000;13557800000
784;13671236000;13099011111;13599011111
785;13671240000;13099011111;13599011111
786;13671241000;13099011111;13599011111
787;13671243000;13099011111;13599011111
788;13671244000;13099011111;13599011111
789;13671245000;13099011111;13599011111
790;13671246000;13099011111;13599011111
791;13671451000;13099033333;13599033333
792;13671467000;13099388888;13599388888
793;13671468000;13099388888;13599388888
794;13671469000;13099388888;13599388888
795;13712739000;13140677777;13640677777
796;13712742000;13140677777;13640677777
797;13712744000;13140677777;13640677777
798;13712745000;13140677777;13640677777
799;13712746000;13140677777;13640677777
800;13712748000;13140677777;13640677777
801;13712749000;13140677777;13640677777
802;13712948000;13140700000;13640700000
803;13712964000;13140977777;13640977777
804;13712965000;13140977777;13640977777
805;13712966000;13140977777;13640977777
806;13754544000;13182344444;13682344444
807;13754548000;13182344444;13682344444
808;13754549000;13182344444;13682344444
809;13754551000;13182344444;13682344444
810;13754552000;13182344444;13682344444
811;13754554000;13182344444;13682344444
812;13754555000;13182344444;13682344444
813;13754754000;13182366666;13682366666
814;13754770000;13182666666;13682666666
815;13754771000;13182666666;13682666666
816;13754772000;13182666666;13682666666
817;13796211000;13224011111;13724011111
818;13796215000;13224011111;13724011111
820;13796356000;13224011111;13724011111
821;13796360000;13224011111;13724011111
822;13796372000;13224011111;13724011111
823;13796372000;13224011111;13724011111
824;13796573000;13224033333;13724033333
825;13796588000;13224311111;13724311111
826;13796589000;13224311111;13724311111
827;13796590000;13224311111;13724311111
828;13837895000;13265677777;13765677777
829;13837898000;13265677777;13765677777
830;13837899000;13265677777;13765677777
831;13837901000;13265677777;13765677777
832;13837901000;13265677777;13765677777
833;13837902000;13265677777;13765677777
834;13837903000;13265677777;13765677777
835;13838103000;13265700000;13765700000
836;13838119000;13265977777;13765977777
837;13838120000;13265977777;13765977777
838;13838121000;13265977777;13765977777
839;13879544000;13307344444;13807344444
840;13879548000;13307344444;13807344444
841;13879549000;13307344444;13807344444
842;13879550000;13307344444;13807344444
843;13879551000;13307344444;13807344444
844;13879552000;13307344444;13807344444
845;13879553000;13307344444;13807344444
846;13879744000;13307366666;13807366666
847;13879750000;13307666666;13807666666
848;13879752000;13307666666;13807666666
849;13879753000;13307666666;13807666666
850;13921214000;13349011111;13849011111
851;13921218000;13349011111;13849011111
852;13921219000;13349011111;13849011111
853;13921220000;13349011111;13849011111
855;13921567000;13349011111;13849011111
856;13921581000;13349011111;13849011111
857;13921784000;13349033333;13849033333
858;13921799000;13349322222;13849322222
859;13921800000;13349322222;13849322222
860;13921801000;13349322222;13849322222
861;13962875000;13390677777;13890677777
862;13962879000;13390677777;13890677777
863;13962880000;13390677777;13890677777
864;13962881000;13390677777;13890677777
865;13962882000;13390677777;13890677777
866;13962883000;13390677777;13890677777
867;13962885000;13390677777;13890677777
868;13963092000;13390700000;13890700000
869;13963107000;13390988888;13890988888
870;13963108000;13390988888;13890988888
871;13963109000;13390988888;13890988888
872;14004559000;13432344444;13932344444
873;14004563000;13432344444;13932344444
874;14004564000;13432344444;13932344444
875;14004565000;13432344444;13932344444
876;14004567000;13432344444;13932344444
877;14004568000;13432344444;13932344444
878;14004569000;13432344444;13932344444
879;14004768000;13432366666;13932366666
880;14004784000;13432666666;13932666666
881;14004787000;13432666666;13932666666
882;14004789000;13432666666;13932666666
883;14046552000;13474011111;13974011111
884;14046556000;13474011111;13974011111
885;14046557000;13474011111;13974011111
886;14046558000;13474011111;13974011111
887;14046559000;13474011111;13974011111
888;14046560000;13474011111;13974011111
889;14046562000;13474011111;13974011111
891;14047428000;13474344444;13974344444
892;14047432000;13474344444;13974344444
893;14047433000;13474344444;13974344444
894;14088150000;13515677777;14015677777
895;14088155000;13515677777;14015677777
896;14088156000;13515677777;14015677777
897;14088158000;13515677777;14015677777
898;14088160000;13515677777;14015677777
899;14088162000;13515677777;14015677777
900;14088164000;13515677777;14015677777
901;14088247000;13515700000;14015700000
902;14088250000;13515955555;14015955555
903;14088252000;13515955555;14015955555
904;14088254000;13515955555;14015955555
905;14130484000;13557344444;14057344444
906;14130488000;13557344444;14057344444
907;14130499000;13557344444;14057344444
908;14130501000;13557344444;14057344444
909;14130502000;13557344444;14057344444
910;14130504000;13557344444;14057344444
911;14130506000;13557344444;14057344444
912;14130667000;13557366666;14057366666
913;14130670000;13557655555;14057655555
914;14130673000;13557655555;14057655555
915;14130675000;13557655555;14057655555
916;14173661000;13599011111;14099011111
917;14173664000;13599011111;14099011111
918;14173666000;13599011111;14099011111
919;14173678000;13599011111;14099011111
920;14173679000;13599011111;14099011111
921;14173681000;13599011111;14099011111
922;14173682000;13599011111;14099011111
923;14173806000;13599033333;14099033333
924;14173809000;13599366666;14099366666
925;14173811000;13599366666;14099366666
926;14173812000;13599366666;14099366666
927;14214242000;13640677777;14140677777
928;14214245000;13640677777;14140677777
929;14214247000;13640677777;14140677777
930;14214258000;13640677777;14140677777
931;14214259000;13640677777;14140677777
932;14214261000;13640677777;14140677777
933;14214263000;13640677777;14140677777
934;14214396000;13640700000;14140700000
935;14214400000;13640977777;14140977777
936;14214401000;13640977777;14140977777
937;14214403000;13640977777;14140977777
938;14256271000;13682344444;14182344444
939;14256274000;13682344444;14182344444
940;14256275000;13682344444;14182344444
941;14256277000;13682344444;14182344444
942;14256288000;13682344444;14182344444
943;14256289000;13682344444;14182344444
944;14256291000;13682344444;14182344444
945;14256412000;13682366666;14182366666
946;14256416000;13682666666;14182666666
947;14256417000;13682666666;14182666666
948;14256419000;13682666666;14182666666
949;14299650000;13724011111;14224011111
950;14299654000;13724011111;14224011111
951;14299655000;13724011111;14224011111
952;14299657000;13724011111;14224011111
953;14299667000;13724011111;14224011111
954;14299669000;13724011111;14224011111
955;14299670000;13724011111;14224011111
956;14299813000;13724033333;14224033333
957;14299816000;13724333333;14224333333
958;14299828000;13724333333;14224333333
959;14299838000;13724333333;14224333333
960;14340041000;13765677777;14265677777
961;14340061000;13765677777;14265677777
962;14340062000;13765677777;14265677777
963;14340064000;13765677777;14265677777
964;14340065000;13765677777;14265677777
965;14340066000;13765677777;14265677777
966;14340068000;13765677777;14265677777
967;14340212000;13765700000;14265700000
968;14340215000;13766011111;14266011111
969;14340217000;13766011111;14266011111
970;14340219000;13766011111;14266011111
971;14383268000;13807333333;14307333333
972;14383271000;13807333333;14307333333
973;14383273000;13807333333;14307333333
974;14383274000;13807333333;14307333333
975;14383284000;13807333333;14307333333
976;14383286000;13807333333;14307333333
977;14383287000;13807333333;14307333333
978;14383430000;13807355555;14307355555
979;14383433000;13807655555;14307655555
980;14383434000;13807655555;14307655555
981;14383436000;13807655555;14307655555
982;14423928000;13849011111;14349011111
983;14423931000;13849011111;14349011111
984;14423932000;13849011111;14349011111
985;14423933000;13849011111;14349011111
986;14423934000;13849011111;14349011111
987;14423935000;13849011111;14349011111
988;14423936000;13849011111;14349011111
989;14424161000;13849033333;14349033333
990;14424176000;13849333333;14349333333
991;14424178000;13849333333;14349333333
992;14424179000;13849333333;14349333333
993;14465826000;13890688888;14390688888
994;14465830000;13890688888;14390688888
995;14465831000;13890688888;14390688888
996;14465832000;13890688888;14390688888
997;14465833000;13890688888;14390688888
998;14465834000;13890688888;14390688888
999;14465835000;13890688888;14390688888
1000;14466050000;13890700000;14390700000
1001;14466053000;13891000000;14391000000
1002;14466054000;13891000000;14391000000
1003;14466055000;13891000000;14391000000
1004;14507763000;13932344444;14432344444
1005;14507776000;13932344444;14432344444
1006;14507777000;13932344444;14432344444
1007;14507778000;13932344444;14432344444
1008;14507779000;13932344444;14432344444
1009;14507780000;13932344444;14432344444
1010;14507781000;13932344444;14432344444
1011;14507895000;13932366666;14432366666
1012;14507898000;13932677777;14432677777
1013;14507899000;13932677777;14432677777
1014;14507900000;13932677777;14432677777
1015;14549665000;13974011111;14474011111
1016;14549668000;13974011111;14474011111
1017;14549669000;13974011111;14474011111
1018;14549670000;13974011111;14474011111
1019;14549671000;13974011111;14474011111
1020;14549672000;13974011111;14474011111
1021;14549673000;13974011111;14474011111
1022;14549863000;13974033333;14474033333
1023;14549868000;13974377777;14474377777
1024;14549870000;13974377777;14474377777
1025;14549871000;13974377777;14474377777
1026;14591648000;14015677777;14515677777
1027;14591651000;14015677777;14515677777
1028;14591652000;14015677777;14515677777
1029;14591653000;14015677777;14515677777
1030;14591654000;14015677777;14515677777
1031;14591655000;14015677777;14515677777
1032;14591656000;14015677777;14515677777
1033;14591855000;14015700000;14515700000
1034;14591870000;14015966666;14515966666
1035;14591871000;14015966666;14515966666
1036;14591873000;14015966666;14515966666
1037;14633569000;14057344444;14557344444
1038;14633573000;14057344444;14557344444
1039;14633574000;14057344444;14557344444
1040;14633575000;14057344444;14557344444
1041;14633576000;14057344444;14557344444
1042;14633577000;14057344444;14557344444
1043;14633578000;14057344444;14557344444
1044;14633777000;14057366666;14557366666
1045;14633792000;14057677777;14557677777
1046;14633794000;14057677777;14557677777
1047;14633795000;14057677777;14557677777
1048;14675480000;14099011111;14599011111
1049;14675483000;14099011111;14599011111
1050;14675484000;14099011111;14599011111
1051;14675485000;14099011111;14599011111
1052;14675486000;14099011111;14599011111
1053;14675487000;14099011111;14599011111
1054;14675488000;14099011111;14599011111
1055;14675670000;14099033333;14599033333
1056;14675686000;14099344444;14599344444
1057;14675687000;14099344444;14599344444
1058;14675688000;14099344444;14599344444
1059;14717349000;14140677777;14640677777
1060;14717353000;14140677777;14640677777
1061;14717354000;14140677777;14640677777
1062;14717355000;14140677777;14640677777
1063;14717356000;14140677777;14640677777
1064;14717357000;14140677777;14640677777
1065;14717357000;14140677777;14640677777
1066;14717557000;14140700000;14640700000
1067;14717572000;14140966666;14640966666
1068;14717573000;14140966666;14640966666
1069;14717574000;14140966666;14640966666
1070;14759195000;14182344444;14682344444
1071;14759198000;14182344444;14682344444
1072;14759199000;14182344444;14682344444
1073;14759200000;14182344444;14682344444
1074;14759201000;14182344444;14682344444
1075;14759202000;14182344444;14682344444
1076;14759203000;14182344444;14682344444
1077;14759371000;14182366666;14682366666
1078;14759376000;14182655555;14682655555
1079;14759377000;14182655555;14682655555
1080;14759378000;14182655555;14682655555
1081;14800973000;14224011111;14724011111
1082;14800976000;14224011111;14724011111
1083;14800977000;14224011111;14724011111
1084;14800978000;14224011111;14724011111
1085;14800979000;14224011111;14724011111
1086;14800980000;14224011111;14724011111
1087;14800981000;14224011111;14724011111
1088;14801229000;14224022222;14724022222
1089;14801244000;14224300000;14724300000
1090;14801245000;14224300000;14724300000
1091;14801246000;14224300000;14724300000
1092;14842933000;14265688888;14765688888
1093;14842937000;14265688888;14765688888
1094;14842938000;14265688888;14765688888
1095;14842939000;14265688888;14765688888
1096;14842940000;14265688888;14765688888
1097;14842941000;14265688888;14765688888
1098;14842942000;14265688888;14765688888
1099;14843162000;14265700000;14765700000
1100;14843177000;14265977777;14765977777
1101;14843178000;14265977777;14765977777
1102;14843179000;14265977777;14765977777
1103;14884638000;14307344444;14807344444
1104;14884641000;14307344444;14807344444
1105;14884642000;14307344444;14807344444
1106;14884644000;14307344444;14807344444
1107;14884645000;14307344444;14807344444
1108;14884646000;14307344444;14807344444
1109;14884647000;14307344444;14807344444
1110;14885867000;14307366666;14807366666
1111;14885883000;14307655555;14807655555
1112;14885884000;14307655555;14807655555
1113;14885885000;14307655555;14807655555
1114;14926469000;14349011111;14849011111
1115;14926472000;14349011111;14849011111
1116;14926473000;14349011111;14849011111
1117;14926474000;14349011111;14849011111
1118;14926475000;14349011111;14849011111
1119;14926476000;14349011111;14849011111
1120;14926477000;14349011111;14849011111
1121;14928230000;14349022222;14849022222
1122;14928236000;14349322222;14849322222
1123;14928237000;14349322222;14849322222
1124;14928238000;14349322222;14849322222
1125;14968232000;14390677777;14890677777
1126;14968236000;14390677777;14890677777
1127;14968237000;14390677777;14890677777
1128;14968238000;14390677777;14890677777
1129;14968239000;14390677777;14890677777
1130;14968240000;14390677777;14890677777
1131;14968241000;14390677777;14890677777
1132;14968396000;14390700000;14890700000
1133;14968402000;14390977777;14890977777
1134;14968403000;14390977777;14890977777
1135;14968404000;14390977777;14890977777
1136;15010010000;14432344444;14932344444
1137;15010014000;14432344444;14932344444
1138;15010015000;14432344444;14932344444
1139;15010016000;14432344444;14932344444
1140;15010017000;14432344444;14932344444
1141;15010018000;14432344444;14932344444
1142;15010019000;14432344444;14932344444
1143;15010150000;14432366666;14932366666
1144;15010152000;14432655555;14932655555
1145;15010153000;14432655555;14932655555
1146;15010154000;14432655555;14932655555
1147;15051904000;14474011111;14974011111
1148;15051907000;14474011111;14974011111
1149;15051909000;14474011111;14974011111
1150;15051910000;14474011111;14974011111
1151;15051911000;14474011111;14974011111
1152;15051912000;14474011111;14974011111
1153;15051913000;14474011111;14974011111
1154;15054938000;14474033333;14974033333
1155;15054953000;14474333333;14974333333
1156;15054955000;14474333333;14974333333
1157;15054956000;14474333333;14974333333
1158;15094181000;14515677777;15015677777
1159;15094193000;14515677777;15015677777
1160;15094194000;14515677777;15015677777
1161;15094195000;14515677777;15015677777
1162;15094197000;14515677777;15015677777
1163;15094198000;14515677777;15015677777
1164;15094199000;14515677777;15015677777
1165;15094398000;14515700000;15015700000
1166;15094413000;14515944444;15015944444
1167;15094414000;14515944444;15015944444
1168;15094415000;14515944444;15015944444
1169;15136237000;14557344444;15057344444
1170;15136241000;14557344444;15057344444
1171;15136242000;14557344444;15057344444
1172;15136243000;14557344444;15057344444
1173;15136243000;14557344444;15057344444
1174;15136245000;14557344444;15057344444
1175;15136246000;14557344444;15057344444
1176;15136718000;14557366666;15057366666
1177;15136733000;14557644444;15057644444
1178;15136734000;14557644444;15057644444
1179;15136735000;14557644444;15057644444
1180;15178626000;14599011111;15099011111
1181;15178630000;14599011111;15099011111
1182;15178631000;14599011111;15099011111
1183;15178632000;14599011111;15099011111
1184;15178633000;14599011111;15099011111
1185;15178634000;14599011111;15099011111
1186;15178635000;14599011111;15099011111
1187;15179066000;14599033333;15099033333
1188;15179081000;14599333333;15099333333
1189;15179082000;14599333333;15099333333
1190;15179083000;14599333333;15099333333
1191;15220941000;14640677777;15140677777
1192;15220945000;14640677777;15140677777
1193;15220946000;14640677777;15140677777
1194;15220947000;14640677777;15140677777
1195;15220948000;14640677777;15140677777
1196;15220949000;14640677777;15140677777
1197;15220950000;14640677777;15140677777
1198;15221188000;14640700000;15140700000
1199;15221191000;14640988888;15140988888
1200;15221192000;14640988888;15140988888
1201;15221193000;14640988888;15140988888
1202;15262880000;14682344444;15182344444
1203;15262884000;14682344444;15182344444
1204;15262885000;14682344444;15182344444
1205;15262886000;14682344444;15182344444
1206;15262887000;14682344444;15182344444
1207;15262888000;14682344444;15182344444
1208;15262889000;14682344444;15182344444
1209;15263371000;14682366666;15182366666
1210;15263387000;14682666666;15182666666
1211;15263388000;14682666666;15182666666
1212;15263389000;14682666666;15182666666
1213;15305128000;14724011111;15224011111
1214;15305131000;14724011111;15224011111
1215;15305133000;14724011111;15224011111
1216;15305134000;14724011111;15224011111
1217;15305135000;14724011111;15224011111
1218;15305136000;14724011111;15224011111
1219;15305137000;14724011111;15224011111
1220;15305336000;14724022222;15224022222
1221;15305352000;14724355555;15224355555
1222;15305353000;14724355555;15224355555
1223;15305354000;14724355555;15224355555
1224;15347209000;14765666666;15265666666
1225;15347212000;14765666666;15265666666
1226;15347213000;14765666666;15265666666
1227;15347214000;14765666666;15265666666
1228;15347215000;14765666666;15265666666
1229;15347216000;14765666666;15265666666
1230;15347217000;14765666666;15265666666
1231;15347433000;14765688888;15265688888
1232;15347448000;14765977777;15265977777
1233;15347449000;14765977777;15265977777
1234;15347451000;14765977777;15265977777
1235;15389195000;14807333333;15307333333
1236;15389198000;14807333333;15307333333
1237;15389199000;14807333333;15307333333
1238;15389200000;14807333333;15307333333
1239;15389200000;14807333333;15307333333
1240;15389202000;14807333333;15307333333
1241;15389203000;14807333333;15307333333
1242;15389388000;14807355555;15307355555
1243;15389404000;14807644444;15307644444
1244;15389405000;14807644444;15307644444
1245;15389406000;14807644444;15307644444
1246;15431067000;14849011111;15349011111
1247;15431071000;14849011111;15349011111
1248;15431072000;14849011111;15349011111
1249;15431073000;14849011111;15349011111
1250;15431074000;14849011111;15349011111
1251;15431075000;14849011111;15349011111
1252;15431076000;14849011111;15349011111
1253;15431374000;14849033333;15349033333
1254;15431390000;14849300000;15349300000
1255;15431391000;14849300000;15349300000
1256;15431392000;14849300000;15349300000
1257;15473250000;14890666666;15390666666
1258;15473254000;14890666666;15390666666
1259;15473263000;14890666666;15390666666
1260;15473264000;14890666666;15390666666
1261;15473265000;14890666666;15390666666
1262;15473266000;14890666666;15390666666
1263;15473267000;14890666666;15390666666
1264;15473438000;14890688888;15390688888
1265;15473443000;14890966666;15390966666
1266;15473444000;14890966666;15390966666
1267;15473445000;14890966666;15390966666
1268;15515257000;14932344444;15432344444
1269;15515260000;14932344444;15432344444
1270;15515262000;14932344444;15432344444
1271;15515263000;14932344444;15432344444
1272;15515264000;14932344444;15432344444
1273;15515265000;14932344444;15432344444
1274;15515266000;14932344444;15432344444
1275;15515465000;14932366666;15432366666
1276;15515480000;14932666666;15432666666
1277;15515481000;14932666666;15432666666
1278;15515482000;14932666666;15432666666
1279;15557567000;14974011111;15474011111
1280;15557570000;14974011111;15474011111
1281;15557572000;14974011111;15474011111
1282;15557573000;14974011111;15474011111
1283;15557574000;14974011111;15474011111
1284;15557575000;14974011111;15474011111
1285;15557575000;14974011111;15474011111
1286;15557792000;14974033333;15474033333
1287;15557807000;14974344444;15474344444
1288;15557809000;14974344444;15474344444
1289;15557810000;14974344444;15474344444
1290;15599579000;15015677777;15515677777
1291;15599582000;15015677777;15515677777
1292;15599583000;15015677777;15515677777
1293;15599584000;15015677777;15515677777
1294;15599585000;15015677777;15515677777
1295;15599586000;15015677777;15515677777
1296;15599587000;15015677777;15515677777
1297;15599786000;15015700000;15515700000
1298;15599802000;15015955555;15515955555
1299;15599803000;15015955555;15515955555
1300;15599804000;15015955555;15515955555
1301;15641579000;15057344444;15557344444
1302;15641582000;15057344444;15557344444
1303;15641584000;15057344444;15557344444
1304;15641585000;15057344444;15557344444
1305;15641585000;15057344444;15557344444
1306;15641587000;15057344444;15557344444
1307;15641588000;15057344444;15557344444
1308;15641787000;15057366666;15557366666
1309;15641802000;15057666666;15557666666
1310;15641804000;15057666666;15557666666
1311;15641805000;15057666666;15557666666
1312;15683284000;15099011111;15599011111
1313;15683287000;15099011111;15599011111
1314;15683288000;15099011111;15599011111
1315;15683289000;15099011111;15599011111
1316;15683290000;15099011111;15599011111
1317;15683291000;15099011111;15599011111
1318;15683292000;15099011111;15599011111
1319;15683491000;15099022222;15599022222
1320;15683506000;15099355555;15599355555
1321;15683507000;15099355555;15599355555
1322;15683508000;15099355555;15599355555
1323;15725210000;15140666666;15640666666
1324;15725213000;15140666666;15640666666
1325;15725214000;15140666666;15640666666
1326;15725216000;15140666666;15640666666
1327;15725216000;15140666666;15640666666
1328;15725217000;15140666666;15640666666
1329;15725219000;15140666666;15640666666
1330;15725418000;15140688888;15640688888
1331;15725433000;15140966666;15640966666
1332;15725434000;15140966666;15640966666
1333;15725435000;15140966666;15640966666
1334;15767106000;15182333333;15682333333
1335;15767109000;15182333333;15682333333
1336;15767110000;15182333333;15682333333
1337;15767111000;15182333333;15682333333
1338;15767113000;15182333333;15682333333
1339;15767113000;15182333333;15682333333
1340;15767114000;15182333333;15682333333
1341;15767331000;15182355555;15682355555
1342;15767346000;15182677777;15682677777
1343;15767347000;15182677777;15682677777
1344;15767348000;15182677777;15682677777
1345;15808954000;15224011111;15724011111
1346;15808958000;15224011111;15724011111
1347;15808959000;15224011111;15724011111
1348;15808960000;15224011111;15724011111
1349;15808961000;15224011111;15724011111
1350;15808962000;15224011111;15724011111
1351;15808963000;15224011111;15724011111
1352;15809165000;15224033333;15724033333
1353;15809180000;15224322222;15724322222
1354;15809182000;15224322222;15724322222
1355;15809183000;15224322222;15724322222
1356;15850908000;15265677777;15765677777
1357;15850912000;15265677777;15765677777
1358;15850913000;15265677777;15765677777
1359;15850921000;15265677777;15765677777
1360;15850922000;15265677777;15765677777
1361;15850923000;15265677777;15765677777
1362;15850924000;15265677777;15765677777
1363;15851170000;15265700000;15765700000
1364;15851185000;15265966666;15765966666
1365;15851186000;15265966666;15765966666
1366;15851188000;15265966666;15765966666
1367;15892785000;15307344444;15807344444
1368;15892788000;15307344444;15807344444
1369;15892790000;15307344444;15807344444
1370;15892790000;15307344444;15807344444
1371;15892791000;15307344444;15807344444
1372;15892792000;15307344444;15807344444
1373;15892793000;15307344444;15807344444
1374;15896248000;15307377777;15807377777
1375;15896254000;15307688888;15807688888
1376;15896255000;15307688888;15807688888
1377;15896256000;15307688888;15807688888
1378;15934478000;15349000000;15849000000
1379;15934481000;15349000000;15849000000
1380;15934482000;15349000000;15849000000
1381;15934483000;15349000000;15849000000
1382;15934484000;15349000000;15849000000
1383;15934485000;15349000000;15849000000
1384;15934486000;15349000000;15849000000
1385;15938486000;15349022222;15849022222
1386;15938501000;15349322222;15849322222
1387;15938502000;15349322222;15849322222
1388;15938503000;15349322222;15849322222
1389;15976222000;15390677777;15890677777
1390;15976226000;15390677777;15890677777
1391;15976227000;15390677777;15890677777
1392;15976228000;15390677777;15890677777
1393;15976229000;15390677777;15890677777
1394;15976229000;15390677777;15890677777
1395;15976231000;15390677777;15890677777
1396;15976794000;15390700000;15890700000
1397;15976809000;15390977777;15890977777
1398;15976810000;15390977777;15890977777
1399;15976811000;15390977777;15890977777
1400;16018825000;15432344444;15932344444
1401;16018829000;15432344444;15932344444
1402;16018830000;15432344444;15932344444
1403;16018831000;15432344444;15932344444
1404;16018832000;15432344444;15932344444
1405;16018833000;15432344444;15932344444
1406;16018834000;15432344444;15932344444
1407;16019401000;15432366666;15932366666
1408;16019417000;15432666666;15932666666
1409;16019418000;15432666666;15932666666
1410;16019419000;15432666666;15932666666
1411;16065225000;15474011111;15974011111
1412;16065228000;15474011111;15974011111
1413;16065229000;15474011111;15974011111
1414;16065230000;15474011111;15974011111
1415;16065231000;15474011111;15974011111
1416;16065232000;15474011111;15974011111
1417;16065233000;15474011111;15974011111
1418;16065432000;15474022222;15974022222
1419;16065447000;15474355555;15974355555
1420;16065448000;15474355555;15974355555
1421;16065449000;15474355555;15974355555
1422;16104141000;15515677777;16015677777
1423;16104144000;15515677777;16015677777
1424;16104145000;15515677777;16015677777
1425;16104146000;15515677777;16015677777
1426;16104147000;15515677777;16015677777
1427;16104148000;15515677777;16015677777
1428;16104149000;15515677777;16015677777
1429;16104348000;15515700000;16015700000
1430;16104363000;15515944444;16015944444
1431;16104364000;15515944444;16015944444
1432;16104366000;15515944444;16015944444
1433;16146576000;15557333333;16057333333
1434;16146579000;15557333333;16057333333
1435;16146580000;15557333333;16057333333
1436;16146581000;15557333333;16057333333
1437;16146582000;15557333333;16057333333
1438;16146583000;15557333333;16057333333
1439;16146584000;15557333333;16057333333
1440;16147109000;15557355555;16057355555
1441;16147124000;15557644444;16057644444
1442;16147125000;15557644444;16057644444
1443;16147126000;15557644444;16057644444
1444;16191684000;15599000000;16099000000
1445;16191687000;15599000000;16099000000
1446;16191688000;15599000000;16099000000
1447;16191689000;15599000000;16099000000
1448;16191690000;15599000000;16099000000
1449;16191691000;15599000000;16099000000
1450;16191692000;15599000000;16099000000
1451;16191874000;15599022222;16099022222
1452;16191880000;15599333333;16099333333
1453;16191881000;15599333333;16099333333
1454;16191882000;15599333333;16099333333
1455;16233586000;15640677777;16140677777
1456;16233590000;15640677777;16140677777
1457;16233591000;15640677777;16140677777
1458;16233592000;15640677777;16140677777
1459;16233600000;15640677777;16140677777
1460;16233601000;15640677777;16140677777
1461;16233602000;15640677777;16140677777
1462;16233801000;15640700000;16140700000
1463;16233816000;15640977777;16140977777
1464;16233817000;15640977777;16140977777
1465;16233818000;15640977777;16140977777
1466;16273359000;15682333333;16182333333
1467;16273363000;15682333333;16182333333
1468;16273364000;15682333333;16182333333
1469;16273365000;15682333333;16182333333
1470;16273366000;15682333333;16182333333
1471;16273367000;15682333333;16182333333
1472;16273368000;15682333333;16182333333
1473;16273838000;15682355555;16182355555
1474;16273853000;15682666666;16182666666
1475;16273854000;15682666666;16182666666
1476;16273855000;15682666666;16182666666
1477;16315785000;15724011111;16224011111
1478;16315788000;15724011111;16224011111
1479;16315789000;15724011111;16224011111
1480;16315790000;15724011111;16224011111
1481;16315791000;15724011111;16224011111
1482;16315792000;15724011111;16224011111
1483;16315793000;15724011111;16224011111
1484;16315975000;15724033333;16224033333
1485;16315981000;15724344444;16224344444
1486;16315982000;15724344444;16224344444
1487;16315983000;15724344444;16224344444
1488;16357795000;15765677777;16265677777
1489;16357798000;15765677777;16265677777
1490;16357799000;15765677777;16265677777
1491;16357800000;15765677777;16265677777
1492;16357801000;15765677777;16265677777
1493;16357802000;15765677777;16265677777
1494;16357803000;15765677777;16265677777
1495;16358002000;15765700000;16265700000
1496;16358018000;15765988888;16265988888
1497;16358019000;15765988888;16265988888
1498;16358020000;15765988888;16265988888
1500;16400624000;15807344444;16307344444
1501;16400628000;15807344444;16307344444
1502;16400629000;15807344444;16307344444
1503;16400630000;15807344444;16307344444
1505;16400631000;15807344444;16307344444
1506;16400757000;15807366666;16307366666
1507;16400772000;15807688888;16307688888
1508;16400773000;15807688888;16307688888
1509;16400774000;15807688888;16307688888
1510;16442213000;15849011111;16349011111
1511;16442216000;15849011111;16349011111
1512;16442218000;15849011111;16349011111
1513;16442219000;15849011111;16349011111
1514;16442220000;15849011111;16349011111
1515;16442221000;15849011111;16349011111
1516;16442222000;15849011111;16349011111
1517;16442421000;15849033333;16349033333
1518;16442437000;15849322222;16349322222
1519;16442438000;15849322222;16349322222
1520;16442439000;15849322222;16349322222
1521;16484184000;15890677777;16390677777
1522;16484188000;15890677777;16390677777
1524;16484282000;15890677777;16390677777
1525;16484284000;15890677777;16390677777
1526;16484285000;15890677777;16390677777
1527;16484286000;15890677777;16390677777
1528;16484429000;15890700000;16390700000
1529;16484432000;15890977777;16390977777
1530;16484433000;15890977777;16390977777
1531;16484435000;15890977777;16390977777
1532;16526129000;15932344444;16432344444
1533;16526132000;15932344444;16432344444
1534;16526133000;15932344444;16432344444
1535;16526135000;15932344444;16432344444
1536;16526136000;15932344444;16432344444
1537;16526137000;15932344444;16432344444
1538;16526138000;15932344444;16432344444
1539;16526613000;15932366666;16432366666
1540;16526629000;15932677777;16432677777
1541;16526630000;15932677777;16432677777
1542;16526631000;15932677777;16432677777
1543;16568500000;15974011111;16474011111
1544;16568504000;15974011111;16474011111
1545;16568505000;15974011111;16474011111
1546;16568506000;15974011111;16474011111
1547;16568507000;15974011111;16474011111
1548;16568519000;15974011111;16474011111
1549;16568520000;15974011111;16474011111
1550;16569330000;15974033333;16474033333
1551;16569346000;15974355555;16474355555
1552;16569347000;15974355555;16474355555
1553;16569348000;15974355555;16474355555
1554;16611217000;16015677777;16515677777
1555;16611221000;16015677777;16515677777
1556;16611222000;16015677777;16515677777
1557;16611223000;16015677777;16515677777
1558;16611224000;16015677777;16515677777
1559;16611225000;16015677777;16515677777
1560;16611226000;16015677777;16515677777
1561;16611972000;16015700000;16515700000
1562;16611986000;16015966666;16515966666
1563;16611987000;16015966666;16515966666
1564;16611988000;16015966666;16515966666
1565;16656712000;16057344444;16557344444
1566;16656715000;16057344444;16557344444
1567;16656717000;16057344444;16557344444
1568;16656718000;16057344444;16557344444
1569;16656719000;16057344444;16557344444
1570;16656720000;16057344444;16557344444
1571;16656721000;16057344444;16557344444
1572;16656907000;16057366666;16557366666
1573;16656914000;16057677777;16557677777
1574;16656915000;16057677777;16557677777
1575;16656916000;16057677777;16557677777
1576;16696321000;16099000000;16599000000
1577;16696325000;16099000000;16599000000
1578;16696326000;16099000000;16599000000
1579;16696327000;16099000000;16599000000
1580;16696328000;16099000000;16599000000
1581;16696329000;16099000000;16599000000
1582;16696330000;16099000000;16599000000
1583;16696530000;16099022222;16599022222
1584;16696545000;16099344444;16599344444
1585;16696547000;16099344444;16599344444
1586;16696548000;16099344444;16599344444
1587;16738601000;16140666666;16640666666
1588;16738604000;16140666666;16640666666
1589;16738605000;16140666666;16640666666
1590;16738606000;16140666666;16640666666
1591;16738607000;16140666666;16640666666
1592;16738608000;16140666666;16640666666
1593;16738609000;16140666666;16640666666
1594;16738808000;16140688888;16640688888
1595;16738823000;16140977777;16640977777
1596;16738824000;16140977777;16640977777
1597;16738826000;16140977777;16640977777
1598;16780644000;16182344444;16682344444
1599;16780647000;16182344444;16682344444
1600;16780648000;16182344444;16682344444
1601;16780649000;16182344444;16682344444
1602;16780650000;16182344444;16682344444
1603;16780651000;16182344444;16682344444
1604;16780652000;16182344444;16682344444
1605;16781098000;16182366666;16682366666
1606;16781113000;16182677777;16682677777
1607;16781114000;16182677777;16682677777
1608;16781115000;16182677777;16682677777
1609;16822934000;16224011111;16724011111
1610;16822938000;16224011111;16724011111
1611;16822939000;16224011111;16724011111
1612;16822940000;16224011111;16724011111
1613;16822941000;16224011111;16724011111
1614;16822942000;16224011111;16724011111
1615;16822944000;16224011111;16724011111
1616;16823156000;16224033333;16724033333
1617;16823172000;16224322222;16724322222
1618;16823173000;16224322222;16724322222
1619;16823174000;16224322222;16724322222
1620;16865078000;16265688888;16765688888
1621;16865082000;16265688888;16765688888
1622;16865083000;16265688888;16765688888
1623;16865084000;16265688888;16765688888
1624;16865085000;16265688888;16765688888
1625;16865086000;16265688888;16765688888
1626;16865087000;16265688888;16765688888
1627;16865267000;16265700000;16765700000
1628;16865272000;16265988888;16765988888
1629;16865273000;16265988888;16765988888
1630;16865274000;16265988888;16765988888
1631;16907218000;16307344444;16807344444
1632;16907221000;16307344444;16807344444
1633;16907222000;16307344444;16807344444
1634;16907223000;16307344444;16807344444
1635;16907224000;16307344444;16807344444
1636;16907225000;16307344444;16807344444
1637;16907226000;16307344444;16807344444
1638;16907426000;16307366666;16807366666
1639;16907441000;16307677777;16807677777
1640;16907443000;16307677777;16807677777
1641;16907444000;16307677777;16807677777
1642;16949247000;16349000000;16849000000
1643;16949250000;16349000000;16849000000
1644;16949251000;16349000000;16849000000
1645;16949253000;16349000000;16849000000
1646;16949254000;16349000000;16849000000
1647;16949255000;16349000000;16849000000
1648;16949256000;16349000000;16849000000
1649;16949462000;16349022222;16849022222
1650;16949478000;16349333333;16849333333
1651;16949480000;16349333333;16849333333
1652;16949480000;16349333333;16849333333
1653;16991192000;16390666666;16890666666
1654;16991195000;16390666666;16890666666
1655;16991196000;16390666666;16890666666
1656;16991197000;16390666666;16890666666
1657;16991198000;16390666666;16890666666
1658;16991199000;16390666666;16890666666
1659;16991200000;16390666666;16890666666
1660;16991572000;16390688888;16890688888
1661;16991579000;16391000000;16891000000
1662;16991588000;16391000000;16891000000
1663;16991589000;16391000000;16891000000
1664;17033397000;16432344444;16932344444
1665;17033400000;16432344444;16932344444
1666;17033402000;16432344444;16932344444
1667;17033403000;16432344444;16932344444
1668;17033404000;16432344444;16932344444
1669;17033405000;16432344444;16932344444
1670;17033406000;16432344444;16932344444
1671;17033612000;16432366666;16932366666
1672;17033628000;16432688888;16932688888
1673;17033629000;16432688888;16932688888
1674;17033630000;16432688888;16932688888
1675;17075543000;16474000000;16974000000
1676;17075547000;16474000000;16974000000
1677;17075548000;16474000000;16974000000
1678;17075549000;16474000000;16974000000
1679;17075550000;16474000000;16974000000
1680;17075551000;16474000000;16974000000
1681;17075552000;16474000000;16974000000
1682;17075696000;16474022222;16974022222
1683;17075699000;16474344444;16974344444
1684;17075700000;16474344444;16974344444
1685;17075701000;16474344444;16974344444
1686;17117559000;16515677777;17015677777
1687;17117563000;16515677777;17015677777
1688;17117564000;16515677777;17015677777
1689;17117565000;16515677777;17015677777
1690;17117566000;16515677777;17015677777
1691;17117567000;16515677777;17015677777
1692;17117568000;16515677777;17015677777
1693;17119503000;16515700000;17015700000
1694;17119518000;16515955555;17015955555
1695;17119520000;16515955555;17015955555
1696;17119521000;16515955555;17015955555
1697;17159463000;16557344444;17057344444
1698;17159467000;16557344444;17057344444
1699;17159478000;16557344444;17057344444
1700;17159478000;16557344444;17057344444
1702;17159578000;16557344444;17057344444
1703;17159581000;16557344444;17057344444
1704;17159764000;16557366666;17057366666
1705;17159769000;16557733333;17057733333
1706;17159770000;16557733333;17057733333
1707;17159771000;16557733333;17057733333
1708;17201479000;16599022222;17099022222
1709;17201482000;16599022222;17099022222
1710;17201483000;16599022222;17099022222
1711;17201484000;16599022222;17099022222
1712;17201485000;16599022222;17099022222
1713;17201486000;16599022222;17099022222
1714;17201487000;16599022222;17099022222
1715;17201890000;16599044444;17099044444
1716;17201905000;16599377777;17099377777
1717;17201906000;16599377777;17099377777
1718;17201907000;16599377777;17099377777
1719;17243757000;16640666666;17140666666
1720;17243760000;16640666666;17140666666
1721;17243761000;16640666666;17140666666
1722;17243762000;16640666666;17140666666
1723;17243763000;16640666666;17140666666
1724;17243764000;16640666666;17140666666
1725;17243765000;16640666666;17140666666
1726;17243963000;16640688888;17140688888
1727;17243978000;16640988888;17140988888
1728;17243979000;16640988888;17140988888
1729;17243980000;16640988888;17140988888
1730;17285665000;16682355555;17182355555
1731;17285669000;16682355555;17182355555
1732;17285670000;16682355555;17182355555
1733;17285671000;16682355555;17182355555
1734;17285672000;16682355555;17182355555
1735;17285673000;16682355555;17182355555
1736;17285674000;16682355555;17182355555
1737;17285874000;16682366666;17182366666
1738;17285888000;16682700000;17182700000
1739;17285890000;16682700000;17182700000
1740;17285891000;16682700000;17182700000
1741;17327725000;16724011111;17224011111
1742;17327729000;16724011111;17224011111
1743;17327729000;16724011111;17224011111
1744;17327730000;16724011111;17224011111
1745;17327731000;16724011111;17224011111
1746;17327732000;16724011111;17224011111
1747;17327733000;16724011111;17224011111
1748;17328040000;16724022222;17224022222
1749;17328061000;16724366666;17224366666
1750;17328063000;16724366666;17224366666
1751;17328075000;16724366666;17224366666
1752;17370021000;16765677777;17265677777
1753;17370024000;16765677777;17265677777
1754;17370026000;16765677777;17265677777
1755;17370026000;16765677777;17265677777
1756;17370028000;16765677777;17265677777
1757;17370028000;16765677777;17265677777
1758;17370029000;16765677777;17265677777
1759;17370219000;16765700000;17265700000
1760;17370234000;16766000000;17266000000
1761;17370235000;16766000000;17266000000
1762;17370243000;16766000000;17266000000
1763;17411887000;16807344444;17307344444
1764;17411891000;16807344444;17307344444
1765;17411892000;16807344444;17307344444
1766;17411893000;16807344444;17307344444
1767;17411894000;16807344444;17307344444
1768;17411895000;16807344444;17307344444
1769;17411896000;16807344444;17307344444
1770;17412138000;16807366666;17307366666
1771;17412144000;16807666666;17307666666
1772;17412145000;16807666666;17307666666
1773;17412146000;16807666666;17307666666
1774;17454040000;16849011111;17349011111
1775;17454051000;16849011111;17349011111
1776;17454052000;16849011111;17349011111
1777;17454053000;16849011111;17349011111
1778;17454054000;16849011111;17349011111
1779;17454055000;16849011111;17349011111
1780;17454056000;16849011111;17349011111
1781;17454266000;16849033333;17349033333
1782;17454281000;16849355555;17349355555
1783;17454282000;16849355555;17349355555
1784;17454284000;16849355555;17349355555
1785;17496302000;16890677777;17390677777
1786;17496305000;16890677777;17390677777
1787;17496306000;16890677777;17390677777
1788;17496307000;16890677777;17390677777
1789;17496308000;16890677777;17390677777
1790;17496309000;16890677777;17390677777
1791;17496310000;16890677777;17390677777
1792;17496458000;16890700000;17390700000
1793;17496461000;16890988888;17390988888
1794;17496462000;16890988888;17390988888
1795;17496463000;16890988888;17390988888
1798;17539322000;16932355555;17432355555
1799;17539326000;16932355555;17432355555
1800;17539327000;16932355555;17432355555
1801;17539328000;16932355555;17432355555
1802;17539329000;16932355555;17432355555
1803;17539450000;16932366666;17432366666
1804;17539457000;16932688888;17432688888
1805;17539458000;16932688888;17432688888
1806;17539459000;16932688888;17432688888
1807;17580403000;16974000000;17474000000
1808;17580406000;16974000000;17474000000
1809;17580407000;16974000000;17474000000
1810;17580408000;16974000000;17474000000
1811;17580409000;16974000000;17474000000
1812;17580410000;16974000000;17474000000
1813;17580411000;16974000000;17474000000
1814;17580611000;16974022222;17474022222
1815;17580626000;16974366666;17474366666
1816;17580628000;16974366666;17474366666
1817;17580629000;16974366666;17474366666
1818;17622349000;17015677777;17515677777
1819;17622352000;17015677777;17515677777
1820;17622353000;17015677777;17515677777
1821;17622354000;17015677777;17515677777
1822;17622355000;17015677777;17515677777
1823;17622356000;17015677777;17515677777
1824;17622357000;17015677777;17515677777
1825;17622756000;17015700000;17515700000
1826;17622762000;17015977777;17515977777
1827;17622773000;17015977777;17515977777
1828;17622774000;17015977777;17515977777
1829;17664643000;17057344444;17557344444
1830;17664647000;17057344444;17557344444
1831;17664648000;17057344444;17557344444
1832;17664649000;17057344444;17557344444
1833;17664650000;17057344444;17557344444
1834;17664651000;17057344444;17557344444
1835;17664652000;17057344444;17557344444
1836;17664823000;17057366666;17557366666
1837;17664827000;17057688888;17557688888
1838;17664828000;17057688888;17557688888
1839;17664829000;17057688888;17557688888
1840;17707554000;17099011111;17599011111
1841;17707557000;17099011111;17599011111
1842;17707558000;17099011111;17599011111
1843;17707559000;17099011111;17599011111
1844;17707560000;17099011111;17599011111
1845;17707561000;17099011111;17599011111
1846;17707562000;17099011111;17599011111
1847;17707762000;17099022222;17599022222
1848;17707778000;17099344444;17599344444
1849;17707779000;17099344444;17599344444
1850;17707780000;17099344444;17599344444
1851;17748364000;17140677777;17640677777
1852;17748368000;17140677777;17640677777
1853;17748369000;17140677777;17640677777
1854;17748370000;17140677777;17640677777
1855;17748371000;17140677777;17640677777
1856;17748372000;17140677777;17640677777
1857;17748373000;17140677777;17640677777
1858;17748543000;17140700000;17640700000
1859;17748547000;17140977777;17640977777
1860;17748549000;17140977777;17640977777
1861;17748549000;17140977777;17640977777
1862;17791476000;17182333333;17682333333
1863;17791479000;17182333333;17682333333
1864;17791488000;17182333333;17682333333
1865;17791489000;17182333333;17682333333
1866;17791490000;17182333333;17682333333
1867;17791491000;17182333333;17682333333
1868;17791491000;17182333333;17682333333
1869;17791691000;17182355555;17682355555
1870;17791706000;17182655555;17682655555
1871;17791707000;17182655555;17682655555
1872;17791708000;17182655555;17682655555
1873;17832295000;17224000000;17724000000
1874;17832299000;17224000000;17724000000
1875;17832300000;17224000000;17724000000
1876;17832301000;17224000000;17724000000
1877;17832302000;17224000000;17724000000
1878;17832303000;17224000000;17724000000
1879;17832304000;17224000000;17724000000
1880;17833523000;17224022222;17724022222
1881;17833539000;17224300000;17724300000
1882;17833540000;17224300000;17724300000
1883;17833541000;17224300000;17724300000
1884;17874017000;17265666666;17765666666
1885;17874020000;17265666666;17765666666
1886;17874021000;17265666666;17765666666
1887;17874022000;17265666666;17765666666
1888;17874023000;17265666666;17765666666
1889;17874024000;17265666666;17765666666
1890;17874025000;17265666666;17765666666
1891;17874225000;17265688888;17765688888
1892;17874240000;17265944444;17765944444
1893;17874241000;17265944444;17765944444
1894;17874242000;17265944444;17765944444
1895;17916088000;17307344444;17807344444
1896;17916103000;17307344444;17807344444
1897;17916104000;17307344444;17807344444
1898;17916105000;17307344444;17807344444
1899;17916106000;17307344444;17807344444
1900;17916107000;17307344444;17807344444
1901;17916108000;17307344444;17807344444
1902;17916317000;17307366666;17807366666
1903;17916332000;17307644444;17807644444
1904;17916333000;17307644444;17807644444
1905;17916334000;17307644444;17807644444
1906;17958010000;17349000000;17849000000
1907;17958013000;17349000000;17849000000
1908;17958014000;17349000000;17849000000
1909;17958015000;17349000000;17849000000
1910;17958016000;17349000000;17849000000
1911;17958017000;17349000000;17849000000
1912;17958018000;17349000000;17849000000
1913;17958242000;17349022222;17849022222
1914;17958257000;17349311111;17849311111
1915;17958258000;17349311111;17849311111
1916;17958259000;17349311111;17849311111
1917;17999974000;17390711111;17890711111
1918;17999977000;17390711111;17890711111
1919;17999978000;17390711111;17890711111
1920;17999989000;17390711111;17890711111
1921;17999990000;17390711111;17890711111
1922;17999991000;17390711111;17890711111
1923;17999992000;17390711111;17890711111
1924;18000189000;17390722222;17890722222
1925;18000204000;17391000000;17891000000
1926;18000206000;17391000000;17891000000
1927;18000207000;17391000000;17891000000
1928;18041841000;17432333333;17932333333
1929;18041844000;17432333333;17932333333
1930;18041846000;17432333333;17932333333
1931;18041847000;17432333333;17932333333
1932;18041848000;17432333333;17932333333
1933;18041849000;17432333333;17932333333
1934;18041850000;17432333333;17932333333
1935;18042064000;17432355555;17932355555
1936;18042070000;17432644444;17932644444
1937;18042071000;17432644444;17932644444
1938;18042072000;17432644444;17932644444
1939;18083872000;17474011111;17974011111
1940;18083875000;17474011111;17974011111
1942;18084698000;17474011111;17974011111
1943;18084712000;17474011111;17974011111
1944;18084713000;17474011111;17974011111
1945;18084714000;17474011111;17974011111
1946;18084915000;17474022222;17974022222
1947;18084930000;17474322222;17974322222
1948;18084931000;17474322222;17974322222
1949;18084932000;17474322222;17974322222
1950;18125901000;17515688888;18015688888
1951;18125905000;17515688888;18015688888
1952;18125906000;17515688888;18015688888
1953;18125907000;17515688888;18015688888
1954;18125908000;17515688888;18015688888
1955;18125909000;17515688888;18015688888
1956;18125910000;17515688888;18015688888
1957;18126155000;17515700000;18015700000
1958;18126172000;17515944444;18015944444
1959;18126173000;17515944444;18015944444
1960;18126174000;17515944444;18015944444
1961;18167686000;17557333333;18057333333
1962;18167689000;17557333333;18057333333
1963;18167690000;17557333333;18057333333
1964;18167691000;17557333333;18057333333
1965;18167699000;17557333333;18057333333
1966;18167700000;17557333333;18057333333
1967;18167701000;17557333333;18057333333
1968;18167900000;17557355555;18057355555
1969;18167915000;17557633333;18057633333
1970;18167916000;17557633333;18057633333
1971;18167917000;17557633333;18057633333
1972;18211105000;17599011111;18099011111
1973;18211109000;17599011111;18099011111
1974;18211111000;17599011111;18099011111
1975;18211112000;17599011111;18099011111
1976;18211113000;17599011111;18099011111
1977;18211114000;17599011111;18099011111
1978;18211115000;17599011111;18099011111
1979;18211322000;17599022222;18099022222
1980;18211338000;17599333333;18099333333
1981;18211339000;17599333333;18099333333
1982;18211340000;17599333333;18099333333
1983;18253741000;17640666666;18140666666
1984;18253745000;17640666666;18140666666
1985;18253746000;17640666666;18140666666
1986;18253747000;17640666666;18140666666
1987;18253748000;17640666666;18140666666
1988;18253749000;17640666666;18140666666
1989;18253750000;17640666666;18140666666
1990;18253949000;17640688888;18140688888
1991;18253964000;17640955555;18140955555
1992;18253965000;17640955555;18140955555
1993;18253966000;17640955555;18140955555
1994;18293485000;17682344444;18182344444
1995;18293488000;17682344444;18182344444
1996;18293489000;17682344444;18182344444
1997;18293490000;17682344444;18182344444
1998;18293491000;17682344444;18182344444
1999;18293492000;17682344444;18182344444
2000;18293493000;17682344444;18182344444
2001;18293692000;17682366666;18182366666
2002;18293708000;17682655555;18182655555
2003;18293709000;17682655555;18182655555
2004;18293710000;17682655555;18182655555
2005;18335274000;17724011111;18224011111
2006;18335278000;17724011111;18224011111
2007;18335279000;17724011111;18224011111
2008;18335280000;17724011111;18224011111
2009;18335281000;17724011111;18224011111
2010;18335282000;17724011111;18224011111
2011;18335283000;17724011111;18224011111
2012;18335489000;17724022222;18224022222
2013;18335504000;17724333333;18224333333
2014;18335506000;17724333333;18224333333
2015;18335507000;17724333333;18224333333
2016;18377146000;17765666666;18265666666
2017;18377150000;17765666666;18265666666
2018;18377151000;17765666666;18265666666
2019;18377152000;17765666666;18265666666
2020;18377153000;17765666666;18265666666
2021;18377155000;17765666666;18265666666
2022;18377156000;17765666666;18265666666
2023;18377364000;17765688888;18265688888
2024;18377380000;17765966666;18265966666
2025;18377381000;17765966666;18265966666
2026;18377382000;17765966666;18265966666
2027;18419862000;17807344444;18307344444
2028;18419865000;17807344444;18307344444
2029;18419866000;17807344444;18307344444
2030;18419867000;17807344444;18307344444
2031;18419868000;17807344444;18307344444
2032;18419869000;17807344444;18307344444
2033;18419870000;17807344444;18307344444
2034;18420089000;17807366666;18307366666
2035;18420095000;17807633333;18307633333
2036;18420096000;17807633333;18307633333
2037;18420097000;17807633333;18307633333
2038;18462413000;17849000000;18349000000
2039;18462417000;17849000000;18349000000
2040;18462418000;17849000000;18349000000
2041;18462419000;17849000000;18349000000
2042;18462420000;17849000000;18349000000
2043;18462420000;17849000000;18349000000
2044;18462422000;17849000000;18349000000
2045;18462613000;17849022222;18349022222
2046;18462619000;17849311111;18349311111
2047;18462620000;17849311111;18349311111
2048;18462621000;17849311111;18349311111
2049;18504629000;17890677777;18390677777
2050;18504633000;17890677777;18390677777
2051;18504634000;17890677777;18390677777
2052;18504635000;17890677777;18390677777
2053;18504636000;17890677777;18390677777
2054;18504637000;17890677777;18390677777
2055;18504638000;17890677777;18390677777
2056;18505107000;17890688888;18390688888
2057;18505122000;17890977777;18390977777
2058;18505123000;17890977777;18390977777
2059;18505124000;17890977777;18390977777
2060;18547175000;17932344444;18432344444
2061;18547178000;17932344444;18432344444
2062;18547179000;17932344444;18432344444
2063;18547180000;17932344444;18432344444
2064;18547181000;17932344444;18432344444
2065;18547202000;17932344444;18432344444
2066;18547203000;17932344444;18432344444
2067;18547457000;17932366666;18432366666
2068;18547472000;17932666666;18432666666
2069;18547473000;17932666666;18432666666
2070;18547474000;17932666666;18432666666
2071;18589260000;17974000000;18474000000
2073;18590213000;17974000000;18474000000
2074;18590225000;17974000000;18474000000
2075;18590226000;17974000000;18474000000
2076;18590227000;17974000000;18474000000
2077;18590228000;17974000000;18474000000
2078;18590429000;17974022222;18474022222
2079;18590445000;17974311111;18474311111
2080;18590446000;17974311111;18474311111
2081;18590447000;17974311111;18474311111
2082;18631714000;18015677777;18515677777
2083;18631717000;18015677777;18515677777
2084;18631718000;18015677777;18515677777
2085;18631719000;18015677777;18515677777
2086;18631720000;18015677777;18515677777
2087;18631721000;18015677777;18515677777
2088;18631722000;18015677777;18515677777
2089;18631921000;18015700000;18515700000
2090;18631936000;18015955555;18515955555
2091;18631938000;18015955555;18515955555
2092;18631939000;18015955555;18515955555
2093;18674180000;18057344444;18557344444
2094;18674183000;18057344444;18557344444
2095;18674184000;18057344444;18557344444
2096;18674185000;18057344444;18557344444
2097;18674186000;18057344444;18557344444
2098;18674187000;18057344444;18557344444
2099;18674188000;18057344444;18557344444
2100;18674360000;18057366666;18557366666
2101;18674365000;18057655555;18557655555
2102;18674366000;18057655555;18557655555
2103;18674367000;18057655555;18557655555
2104;18718154000;18099000000;18599000000
2105;18718157000;18099000000;18599000000
2106;18718158000;18099000000;18599000000
2107;18718159000;18099000000;18599000000
2108;18718160000;18099000000;18599000000
2109;18718161000;18099000000;18599000000
2110;18718162000;18099000000;18599000000
2111;18718362000;18099022222;18599022222
2112;18718377000;18099355555;18599355555
2113;18718378000;18099355555;18599355555
2114;18718379000;18099355555;18599355555
2115;18758334000;18140666666;18640666666
2116;18758338000;18140666666;18640666666
2117;18758339000;18140666666;18640666666
2118;18758340000;18140666666;18640666666
2119;18758341000;18140666666;18640666666
2120;18758342000;18140666666;18640666666
2121;18758343000;18140666666;18640666666
2122;18760300000;18140688888;18640688888
2123;18760315000;18140988888;18640988888
2124;18760317000;18140988888;18640988888
2125;18760318000;18140988888;18640988888
2126;18800294000;18182344444;18682344444
2127;18800297000;18182344444;18682344444
2128;18800298000;18182344444;18682344444
2129;18800299000;18182344444;18682344444
2130;18800301000;18182344444;18682344444
2131;18800302000;18182344444;18682344444
2132;18800303000;18182344444;18682344444
2133;18800502000;18182366666;18682366666
2134;18800517000;18182688888;18682688888
2135;18800518000;18182688888;18682688888
2136;18800520000;18182688888;18682688888
2137;18842383000;18224011111;18724011111
2138;18842386000;18224011111;18724011111
2139;18842387000;18224011111;18724011111
2140;18842388000;18224011111;18724011111
2141;18842389000;18224011111;18724011111
2142;18842390000;18224011111;18724011111
2143;18842391000;18224011111;18724011111
2144;18842590000;18224044444;18724044444
2145;18842606000;18224366666;18724366666
2146;18842607000;18224366666;18724366666
2147;18842608000;18224366666;18724366666
2148;18884705000;18265666666;18765666666
2149;18884708000;18265666666;18765666666
2150;18884709000;18265666666;18765666666
2151;18884710000;18265666666;18765666666
2152;18884711000;18265666666;18765666666
2153;18884712000;18265666666;18765666666
2154;18884713000;18265666666;18765666666
2155;18884912000;18265688888;18765688888
2156;18884919000;18265988888;18765988888
2157;18884920000;18265988888;18765988888
2158;18884921000;18265988888;18765988888
2159;18926865000;18307333333;18807333333
2160;18926868000;18307333333;18807333333
2161;18926869000;18307333333;18807333333
2162;18926870000;18307333333;18807333333
2163;18926871000;18307333333;18807333333
2164;18926872000;18307333333;18807333333
2165;18926873000;18307333333;18807333333
2166;18927087000;18307355555;18807355555
2167;18927103000;18307677777;18807677777
2168;18927104000;18307677777;18807677777
2169;18927105000;18307677777;18807677777
2170;18969052000;18349011111;18849011111
2171;18969056000;18349011111;18849011111
2172;18969057000;18349011111;18849011111
2173;18969058000;18349011111;18849011111
2174;18969059000;18349011111;18849011111
2175;18969060000;18349011111;18849011111
2176;18969061000;18349011111;18849011111
2177;18969260000;18349033333;18849033333
2178;18969275000;18349366666;18849366666
2179;18969276000;18349366666;18849366666
2180;18969277000;18349366666;18849366666
2181;19011491000;18390688888;18890688888
2182;19011494000;18390688888;18890688888
2183;19011495000;18390688888;18890688888
2184;19011497000;18390688888;18890688888
2185;19011507000;18390688888;18890688888
2186;19011508000;18390688888;18890688888
2187;19011509000;18390688888;18890688888
2188;19011762000;18390700000;18890700000
2189;19011777000;18391011111;18891011111
2190;19011779000;18391011111;18891011111
2191;19011780000;18391011111;18891011111
2192;19053445000;18432333333;18932333333
2193;19053449000;18432333333;18932333333
2194;19053450000;18432333333;18932333333
2195;19053451000;18432333333;18932333333
2196;19053452000;18432333333;18932333333
2197;19053453000;18432333333;18932333333
2198;19053454000;18432333333;18932333333
2199;19053653000;18432355555;18932355555
2200;19053668000;18432677777;18932677777
2201;19053669000;18432677777;18932677777
2202;19053670000;18432677777;18932677777
2203;19095449000;18474011111;18974011111
2205;19096019000;18474011111;18974011111
2206;19096032000;18474011111;18974011111
2207;19096033000;18474011111;18974011111
2208;19096035000;18474011111;18974011111
2209;19096036000;18474011111;18974011111
2210;19096303000;18474033333;18974033333
2211;19096307000;18474366666;18974366666
2212;19096308000;18474366666;18974366666
2213;19096309000;18474366666;18974366666
2214;19137629000;18515666666;19015666666
2215;19137632000;18515666666;19015666666
2216;19137634000;18515666666;19015666666
2217;19137635000;18515666666;19015666666
2218;19137636000;18515666666;19015666666
2219;19137637000;18515666666;19015666666
2220;19137639000;18515666666;19015666666
2221;19137839000;18515688888;19015688888
2222;19137854000;18515955555;19015955555
2223;19137855000;18515955555;19015955555
2224;19137857000;18515955555;19015955555
2225;19180211000;18557344444;19057344444
2226;19180214000;18557344444;19057344444
2227;19180216000;18557344444;19057344444
2228;19180217000;18557344444;19057344444
2229;19180218000;18557344444;19057344444
2230;19180219000;18557344444;19057344444
2231;19180220000;18557344444;19057344444
2232;19180461000;18557366666;19057366666
2233;19180466000;18557677777;19057677777
2234;19180468000;18557677777;19057677777
2235;19180469000;18557677777;19057677777
2236;19223227000;18599000000;19099000000
2237;19223231000;18599000000;19099000000
2238;19223233000;18599000000;19099000000
2239;19223234000;18599000000;19099000000
2240;19223235000;18599000000;19099000000
2241;19223236000;18599000000;19099000000
2242;19223238000;18599000000;19099000000
2243;19223443000;18599022222;19099022222
2244;19223460000;18599355555;19099355555
2245;19223462000;18599355555;19099355555
2246;19223463000;18599355555;19099355555
2247;19266241000;18640666666;19140666666
2248;19266244000;18640666666;19140666666
2249;19266246000;18640666666;19140666666
2250;19266247000;18640666666;19140666666
2251;19266248000;18640666666;19140666666
2252;19266249000;18640666666;19140666666
2253;19266250000;18640666666;19140666666
2254;19272666000;18640688888;19140688888
2256;19272681000;18640988888;19140988888
2257;19272683000;18640988888;19140988888
2259;19309293000;18682344444;19182344444
2260;19309296000;18682344444;19182344444
2261;19309298000;18682344444;19182344444
2262;19309299000;18682344444;19182344444
2263;19309300000;18682344444;19182344444
2264;19309301000;18682344444;19182344444
2265;19309905000;18682355555;19182355555
2266;19309920000;18682711111;19182711111
2267;19309921000;18682711111;19182711111
2268;19309922000;18682711111;19182711111
2269;19351910000;18724011111;19224011111
2270;19351913000;18724011111;19224011111
2271;19351915000;18724011111;19224011111
2272;19351916000;18724011111;19224011111
2273;19351917000;18724011111;19224011111
2274;19351918000;18724011111;19224011111
2275;19351919000;18724011111;19224011111
2276;19353502000;18724022222;19224022222
2277;19353518000;18724388888;19224388888
2278;19353519000;18724388888;19224388888
2279;19353520000;18724388888;19224388888
2280;19395577000;18765666666;19265666666
2281;19395581000;18765666666;19265666666
2282;19395582000;18765666666;19265666666
2283;19395583000;18765666666;19265666666
2284;19395584000;18765666666;19265666666
2285;19395586000;18765666666;19265666666
2286;19395586000;18765666666;19265666666
2287;19400487000;18765677777;19265677777
2288;19400504000;18766011111;19266011111
2289;19400507000;18766011111;19266011111
2290;19400509000;18766011111;19266011111
2291;19438701000;18807333333;19307333333
2292;19438705000;18807333333;19307333333
2293;19438706000;18807333333;19307333333
2294;19438707000;18807333333;19307333333
2295;19438708000;18807333333;19307333333
2296;19438709000;18807333333;19307333333
2297;19438710000;18807333333;19307333333
2298;19438934000;18807355555;19307355555
2299;19438950000;18807666666;19307666666
2300;19438951000;18807666666;19307666666
2301;19438952000;18807666666;19307666666
2302;19486180000;18849011111;19349011111
2303;19486184000;18849011111;19349011111
2304;19486185000;18849011111;19349011111
2305;19486186000;18849011111;19349011111
2306;19486187000;18849011111;19349011111
2307;19486188000;18849011111;19349011111
2308;19486189000;18849011111;19349011111
2309;19486327000;18849022222;19349022222
2310;19486329000;18849344444;19349344444
2311;19486331000;18849344444;19349344444
2312;19486331000;18849344444;19349344444
2313;19523539000;18890666666;19390666666
2314;19523542000;18890666666;19390666666
2315;19523543000;18890666666;19390666666
2316;19523544000;18890666666;19390666666
2317;19523545000;18890666666;19390666666
2318;19523546000;18890666666;19390666666
2319;19523547000;18890666666;19390666666
2320;19524551000;18890700000;19390700000
2321;19524557000;18891011111;19391011111
2322;19524558000;18891011111;19391011111
2323;19524559000;18891011111;19391011111
2324;19566717000;18932333333;19432333333
2325;19566721000;18932333333;19432333333
2326;19566722000;18932333333;19432333333
2327;19566723000;18932333333;19432333333
2328;19566724000;18932333333;19432333333
2329;19566725000;18932333333;19432333333
2330;19566726000;18932333333;19432333333
2331;19567620000;18932355555;19432355555
2332;19567635000;18932688888;19432688888
2333;19567636000;18932688888;19432688888
2334;19567637000;18932688888;19432688888
2335;19609798000;18974000000;19474000000
2336;19609801000;18974000000;19474000000
2337;19609802000;18974000000;19474000000
2338;19609803000;18974000000;19474000000
2339;19609804000;18974000000;19474000000
2340;19609805000;18974000000;19474000000
2341;19609806000;18974000000;19474000000
2342;19610006000;18974022222;19474022222
2343;19610021000;18974366666;19474366666
2344;19610022000;18974366666;19474366666
2345;19610023000;18974366666;19474366666
2346;19652145000;19015666666;19515666666
2347;19652149000;19015666666;19515666666
2348;19652150000;19015666666;19515666666
2349;19652151000;19015666666;19515666666
2350;19652152000;19015666666;19515666666
2351;19652153000;19015666666;19515666666
2352;19652154000;19015666666;19515666666
2353;19652996000;19015688888;19515688888
2354;19653011000;19015977777;19515977777
2355;19653013000;19015977777;19515977777
2356;19653014000;19015977777;19515977777
2357;19695135000;19057333333;19557333333
2358;19695139000;19057333333;19557333333
2359;19695140000;19057333333;19557333333
2360;19695141000;19057333333;19557333333
2361;19695143000;19057333333;19557333333
2362;19695144000;19057333333;19557333333
2363;19695145000;19057333333;19557333333
2364;19695353000;19057355555;19557355555
2365;19695369000;19057688888;19557688888
2366;19695371000;19057688888;19557688888
2367;19695372000;19057688888;19557688888
2368;19737851000;19099011111;19599011111
2369;19737863000;19099011111;19599011111
2370;19737864000;19099011111;19599011111
2371;19737865000;19099011111;19599011111
2372;19737866000;19099011111;19599011111
2373;19737867000;19099011111;19599011111
2374;19737869000;19099011111;19599011111
2375;19738082000;19099022222;19599022222
2376;19738097000;19099377777;19599377777
2377;19738098000;19099377777;19599377777
2378;19738099000;19099377777;19599377777
2379;19780107000;19140666666;19640666666
2380;19780111000;19140666666;19640666666
2381;19780112000;19140666666;19640666666
2382;19780113000;19140666666;19640666666
2383;19780115000;19140666666;19640666666
2385;19781814000;19140666666;19640666666
2386;19783608000;19140688888;19640688888
2387;19783623000;19141000000;19641000000
2388;19783624000;19141000000;19641000000
2389;19783625000;19141000000;19641000000
2390;19825668000;19182344444;19682344444
2391;19825672000;19182344444;19682344444
2392;19825673000;19182344444;19682344444
2393;19825674000;19182344444;19682344444
2394;19825675000;19182344444;19682344444
2395;19825676000;19182344444;19682344444
2396;19825677000;19182344444;19682344444
2397;19825882000;19182366666;19682366666
2398;19825898000;19182700000;19682700000
2399;19825899000;19182700000;19682700000
2400;19825901000;19182700000;19682700000
2401;19864798000;19224000000;19724000000
2402;19864802000;19224000000;19724000000
2403;19864803000;19224000000;19724000000
2404;19864805000;19224000000;19724000000
2405;19864806000;19224000000;19724000000
2406;19864807000;19224000000;19724000000
2407;19864808000;19224000000;19724000000
2408;19864940000;19224022222;19724022222
2409;19864945000;19224311111;19724311111
2410;19864947000;19224311111;19724311111
2411;19864948000;19224311111;19724311111
2412;19906945000;19265666666;19765666666
2413;19906948000;19265666666;19765666666
2414;19906949000;19265666666;19765666666
2415;19906950000;19265666666;19765666666
2416;19906952000;19265666666;19765666666
2417;19906952000;19265666666;19765666666
2418;19906953000;19265666666;19765666666
2419;19907178000;19265688888;19765688888
2420;19907193000;19265966666;19765966666
2421;19907194000;19265966666;19765966666
2422;19907195000;19265966666;19765966666
2423;19949195000;19307333333;19807333333
2424;19949199000;19307333333;19807333333
2425;19949200000;19307333333;19807333333
2426;19949201000;19307333333;19807333333
2427;19949202000;19307333333;19807333333
2428;19949203000;19307333333;19807333333
2429;19949204000;19307333333;19807333333
2430;19949557000;19307355555;19807355555
2431;19949572000;19307677777;19807677777
2432;19949574000;19307677777;19807677777
2433;19949575000;19307677777;19807677777
2434;19995375000;19349011111;19849011111
2435;19995378000;19349011111;19849011111
2436;19995379000;19349011111;19849011111
2437;19995380000;19349011111;19849011111
2438;19995381000;19349011111;19849011111
2439;19995382000;19349011111;19849011111
2440;19995383000;19349011111;19849011111
2441;19995582000;19349033333;19849033333
2442;19995589000;19349355555;19849355555
2443;19995590000;19349355555;19849355555
2444;19995591000;19349355555;19849355555
2445;20034736000;19390677777;19890677777
2446;20034740000;19390677777;19890677777
2447;20034740000;19390677777;19890677777
2448;20034741000;19390677777;19890677777
2449;20034742000;19390677777;19890677777
2450;20034743000;19390677777;19890677777
2451;20034744000;19390677777;19890677777
2452;20034944000;19390700000;19890700000
2453;20034959000;19391000000;19891000000
2454;20034960000;19391000000;19891000000
2455;20034961000;19391000000;19891000000
2456;20076877000;19432333333;19932333333
2457;20076881000;19432333333;19932333333
2458;20076882000;19432333333;19932333333
2459;20076883000;19432333333;19932333333
2460;20076884000;19432333333;19932333333
2461;20076885000;19432333333;19932333333
2462;20076886000;19432333333;19932333333
2463;20077391000;19432355555;19932355555
2464;20077406000;19432688888;19932688888
2465;20077408000;19432688888;19932688888
2466;20077409000;19432688888;19932688888
2467;20119336000;19474000000;19974000000
2468;20119339000;19474000000;19974000000
2469;20119340000;19474000000;19974000000
2470;20119349000;19474000000;19974000000
2471;20119350000;19474000000;19974000000
2472;20119351000;19474000000;19974000000
2473;20119352000;19474000000;19974000000
2474;20119551000;19474022222;19974022222
2475;20119567000;19474322222;19974322222
2476;20119568000;19474322222;19974322222
2477;20119569000;19474322222;19974322222
2478;20161608000;19515666666;20015666666
2479;20161611000;19515666666;20015666666
2480;20161612000;19515666666;20015666666
2481;20161613000;19515666666;20015666666
2482;20161615000;19515666666;20015666666
2483;20161616000;19515666666;20015666666
2484;20161617000;19515666666;20015666666
2485;20161787000;19515688888;20015688888
2486;20161792000;19515955555;20015955555
2487;20161793000;19515955555;20015955555
2488;20161794000;19515955555;20015955555
2489;20204085000;19557333333;20057333333
2490;20204098000;19557333333;20057333333
2491;20204099000;19557333333;20057333333
2492;20204100000;19557333333;20057333333
2493;20204101000;19557333333;20057333333
2494;20204102000;19557333333;20057333333
2495;20204104000;19557333333;20057333333
2496;20204661000;19557355555;20057355555
2497;20204676000;19557666666;20057666666
2498;20204677000;19557666666;20057666666
2499;20204678000;19557666666;20057666666
2500;20246573000;19599000000;20099000000
2501;20246576000;19599000000;20099000000
2502;20246577000;19599000000;20099000000
2503;20246578000;19599000000;20099000000
2504;20246579000;19599000000;20099000000
2505;20246580000;19599000000;20099000000
2506;20246582000;19599000000;20099000000
2507;20246867000;19599011111;20099011111
2508;20246872000;19599355555;20099355555
2509;20246873000;19599355555;20099355555
2510;20246874000;19599355555;20099355555
2511;20288910000;19640666666;20140666666
2512;20288913000;19640666666;20140666666
2513;20288914000;19640666666;20140666666
2514;20288915000;19640666666;20140666666
2515;20288916000;19640666666;20140666666
2516;20288917000;19640666666;20140666666
2517;20288918000;19640666666;20140666666
2518;20289125000;19640688888;20140688888
2519;20289140000;19640977777;20140977777
2520;20289141000;19640977777;20140977777
2521;20289142000;19640977777;20140977777
2522;20331219000;19682333333;20182333333
2523;20331223000;19682333333;20182333333
2524;20331224000;19682333333;20182333333
2525;20331225000;19682333333;20182333333
2526;20331226000;19682333333;20182333333
2528;20331910000;19682333333;20182333333
2529;20332155000;19682355555;20182355555
2530;20332170000;19682677777;20182677777
2531;20332171000;19682677777;20182677777
2532;20332173000;19682677777;20182677777
2533;20373309000;19724011111;20224011111
2534;20373312000;19724011111;20224011111
2535;20373313000;19724011111;20224011111
2536;20373314000;19724011111;20224011111
2537;20373315000;19724011111;20224011111
2538;20373316000;19724011111;20224011111
2539;20373317000;19724011111;20224011111
2540;20373516000;19724033333;20224033333
2541;20373531000;19724333333;20224333333
2542;20373532000;19724333333;20224333333
2543;20373533000;19724333333;20224333333
2544;20415567000;19765666666;20265666666
2545;20415570000;19765666666;20265666666
2546;20415571000;19765666666;20265666666
2547;20415572000;19765666666;20265666666
2548;20415573000;19765666666;20265666666
2549;20415575000;19765666666;20265666666
2550;20415576000;19765666666;20265666666
2551;20417980000;19765688888;20265688888
2552;20417995000;19766000000;20266000000
2553;20417996000;19766000000;20266000000
2554;20417997000;19766000000;20266000000
2555;20457597000;19807344444;20307344444
2556;20457600000;19807344444;20307344444
2557;20457601000;19807344444;20307344444
2558;20457602000;19807344444;20307344444
2559;20457603000;19807344444;20307344444
2560;20457604000;19807344444;20307344444
2561;20457605000;19807344444;20307344444
2562;20460583000;19807366666;20307366666
2563;20460598000;19807655555;20307655555
2564;20460599000;19807655555;20307655555
2565;20460600000;19807655555;20307655555
2566;20499470000;19849011111;20349011111
2567;20499473000;19849011111;20349011111
2568;20499474000;19849011111;20349011111
2569;20499475000;19849011111;20349011111
2570;20499476000;19849011111;20349011111
2571;20499485000;19849011111;20349011111
2572;20499486000;19849011111;20349011111
2573;20499907000;19849022222;20349022222
2574;20499922000;19849333333;20349333333
2575;20499923000;19849333333;20349333333
2576;20499924000;19849333333;20349333333
2577;20545374000;19890688888;20390688888
2578;20545377000;19890688888;20390688888
2579;20545378000;19890688888;20390688888
2580;20545379000;19890688888;20390688888
2581;20545380000;19890688888;20390688888
2582;20545381000;19890688888;20390688888
2583;20545382000;19890688888;20390688888
2584;20545601000;19890700000;20390700000
2585;20545617000;19891000000;20391000000
2586;20545618000;19891000000;20391000000
2587;20545620000;19891000000;20391000000
2588;20584070000;19932333333;20432333333
2589;20584082000;19932333333;20432333333
2590;20584083000;19932333333;20432333333
2591;20584085000;19932333333;20432333333
2592;20584086000;19932333333;20432333333
2593;20584087000;19932333333;20432333333
2594;20584087000;19932333333;20432333333
2595;20584286000;19932355555;20432355555
2596;20584292000;19932688888;20432688888
2597;20584294000;19932688888;20432688888
2598;20584295000;19932688888;20432688888
2599;20626220000;19974000000;20474000000
2600;20626223000;19974000000;20474000000
2601;20626224000;19974000000;20474000000
2602;20626225000;19974000000;20474000000
2603;20626227000;19974000000;20474000000
2604;20626228000;19974000000;20474000000
2605;20626229000;19974000000;20474000000
2606;20626727000;19974022222;20474022222
2607;20626742000;19974333333;20474333333
2608;20626743000;19974333333;20474333333
2609;20626745000;19974333333;20474333333
2610;20668659000;20015677777;20515677777
2611;20668662000;20015677777;20515677777
2612;20668663000;20015677777;20515677777
2613;20668664000;20015677777;20515677777
2614;20668665000;20015677777;20515677777
2615;20668666000;20015677777;20515677777
2616;20668667000;20015677777;20515677777
2617;20669264000;20015688888;20515688888
2618;20669270000;20015966666;20515966666
2619;20669271000;20015966666;20515966666
2620;20669272000;20015966666;20515966666
2621;20711470000;20057344444;20557344444
2622;20711473000;20057344444;20557344444
2623;20711474000;20057344444;20557344444
2624;20711475000;20057344444;20557344444
2625;20711476000;20057344444;20557344444
2626;20711477000;20057344444;20557344444
2627;20711478000;20057344444;20557344444
2628;20711807000;20057366666;20557366666
2629;20711823000;20057677777;20557677777
2630;20711824000;20057677777;20557677777
2631;20711825000;20057677777;20557677777
2632;20754000000;20099011111;20599011111
2633;20754004000;20099011111;20599011111
2634;20754005000;20099011111;20599011111
2635;20754006000;20099011111;20599011111
2636;20754006000;20099011111;20599011111
2637;20754007000;20099011111;20599011111
2638;20754008000;20099011111;20599011111
2639;20754180000;20099022222;20599022222
2640;20754184000;20099344444;20599344444
2641;20754185000;20099344444;20599344444
2642;20754186000;20099344444;20599344444
2643;20795974000;20140666666;20640666666
2644;20795977000;20140666666;20640666666
2645;20795979000;20140666666;20640666666
2646;20795980000;20140666666;20640666666
2647;20795981000;20140666666;20640666666
2648;20795981000;20140666666;20640666666
2649;20795983000;20140666666;20640666666
2650;20796406000;20140688888;20640688888
2651;20796422000;20140955555;20640955555
2652;20796423000;20140955555;20640955555
2653;20796424000;20140955555;20640955555
2654;20838239000;20182333333;20682333333
2655;20838242000;20182333333;20682333333
2656;20838243000;20182333333;20682333333
2657;20838244000;20182333333;20682333333
2658;20838245000;20182333333;20682333333
2659;20838246000;20182333333;20682333333
2660;20838247000;20182333333;20682333333
2661;20838446000;20182355555;20682355555
2662;20838461000;20182655555;20682655555
2663;20838463000;20182655555;20682655555
2664;20838464000;20182655555;20682655555
2665;20880284000;20224000000;20724000000
2666;20880287000;20224000000;20724000000
2667;20880288000;20224000000;20724000000
2668;20880290000;20224000000;20724000000
2669;20880291000;20224000000;20724000000
2670;20880292000;20224000000;20724000000
2671;20880301000;20224000000;20724000000
2672;20880471000;20224022222;20724022222
2673;20880475000;20224300000;20724300000
2674;20880476000;20224300000;20724300000
2675;20880478000;20224300000;20724300000
2676;20922165000;20265666666;20765666666
2677;20922168000;20265666666;20765666666
2678;20922169000;20265666666;20765666666
2679;20922170000;20265666666;20765666666
2680;20922171000;20265666666;20765666666
2681;20922172000;20265666666;20765666666
2682;20922173000;20265666666;20765666666
2683;20922388000;20265677777;20765677777
2684;20922403000;20265944444;20765944444
2685;20922404000;20265944444;20765944444
2686;20922405000;20265944444;20765944444
2687;20964311000;20307355555;20807355555
2688;20964315000;20307355555;20807355555
2689;20964316000;20307355555;20807355555
2690;20964317000;20307355555;20807355555
2691;20964317000;20307355555;20807355555
2692;20964318000;20307355555;20807355555
2693;20964320000;20307355555;20807355555
2694;20965431000;20307366666;20807366666
2695;20965446000;20307666666;20807666666
2696;20965447000;20307666666;20807666666
2697;20965448000;20307666666;20807666666
2698;21006220000;20349000000;20849000000
2699;21006224000;20349000000;20849000000
2700;21006225000;20349000000;20849000000
2701;21006226000;20349000000;20849000000
2702;21006227000;20349000000;20849000000
2703;21006228000;20349000000;20849000000
2704;21006229000;20349000000;20849000000
2705;21007422000;20349022222;20849022222
2706;21007437000;20349333333;20849333333
2707;21007438000;20349333333;20849333333
2708;21007439000;20349333333;20849333333
2709;21048059000;20390666666;20890666666
2710;21048063000;20390666666;20890666666
2711;21048064000;20390666666;20890666666
2712;21048065000;20390666666;20890666666
2713;21048066000;20390666666;20890666666
2714;21048067000;20390666666;20890666666
2715;21048068000;20390666666;20890666666
2716;21048268000;20390688888;20890688888
2717;21048283000;20390977777;20890977777
2718;21048284000;20390977777;20890977777
2719;21048285000;20390977777;20890977777
2720;21089862000;20432344444;20932344444
2721;21089865000;20432344444;20932344444
2722;21089866000;20432344444;20932344444
2723;21089867000;20432344444;20932344444
2724;21089868000;20432344444;20932344444
2725;21089869000;20432344444;20932344444
2726;21089870000;20432344444;20932344444
2727;21090089000;20432366666;20932366666
2728;21090104000;20432655555;20932655555
2729;21090105000;20432655555;20932655555
2730;21090106000;20432655555;20932655555
2731;21131836000;20474011111;20974011111
2732;21131839000;20474011111;20974011111
2733;21131840000;20474011111;20974011111
2734;21131841000;20474011111;20974011111
2735;21131842000;20474011111;20974011111
2736;21131843000;20474011111;20974011111
2737;21131844000;20474011111;20974011111
2738;21132059000;20474033333;20974033333
2739;21132066000;20474322222;20974322222
2740;21132067000;20474322222;20974322222
2741;21132068000;20474322222;20974322222
2742;21173909000;20515666666;21015666666
2743;21173913000;20515666666;21015666666
2744;21173914000;20515666666;21015666666
2745;21173915000;20515666666;21015666666
2746;21173925000;20515666666;21015666666
2747;21173926000;20515666666;21015666666
2748;21173927000;20515666666;21015666666
2749;21174153000;20515688888;21015688888
2750;21174168000;20515933333;21015933333
2751;21174169000;20515933333;21015933333
2752;21174171000;20515933333;21015933333
2753;21215741000;20557344444;21057344444
2754;21215744000;20557344444;21057344444
2755;21215746000;20557344444;21057344444
2756;21215747000;20557344444;21057344444
2757;21215748000;20557344444;21057344444
2758;21215749000;20557344444;21057344444
2759;21215750000;20557344444;21057344444
2760;21215958000;20557366666;21057366666
2761;21215974000;20557644444;21057644444
2762;21215975000;20557644444;21057644444
2763;21215976000;20557644444;21057644444
2764;21257662000;20599000000;21099000000
2765;21257665000;20599000000;21099000000
2766;21257666000;20599000000;21099000000
2767;21257667000;20599000000;21099000000
2768;21257668000;20599000000;21099000000
2769;21257669000;20599000000;21099000000
2770;21257670000;20599000000;21099000000
2771;21257877000;20599022222;21099022222
2772;21257892000;20599322222;21099322222
2773;21257893000;20599322222;21099322222
2774;21257894000;20599322222;21099322222
2775;21300191000;20640666666;21140666666
2776;21300194000;20640666666;21140666666
2777;21300196000;20640666666;21140666666
2778;21300197000;20640666666;21140666666
2779;21300197000;20640666666;21140666666
2780;21300199000;20640666666;21140666666
2781;21300199000;20640666666;21140666666
2782;21300399000;20640688888;21140688888
2783;21300415000;20640955555;21140955555
2784;21300416000;20640955555;21140955555
2785;21300417000;20640955555;21140955555
2786;21341408000;20682344444;21182344444
2787;21341412000;20682344444;21182344444
2788;21341413000;20682344444;21182344444
2789;21341414000;20682344444;21182344444
2790;21341415000;20682344444;21182344444
2791;21341416000;20682344444;21182344444
2792;21341417000;20682344444;21182344444
2793;21341615000;20682366666;21182366666
2794;21341631000;20682655555;21182655555
2795;21341632000;20682655555;21182655555
2796;21341633000;20682655555;21182655555
2797;21383252000;20724022222;21224022222
2798;21383255000;20724022222;21224022222
2799;21383256000;20724022222;21224022222
2800;21383257000;20724022222;21224022222
2801;21383258000;20724022222;21224022222
2802;21383259000;20724022222;21224022222
2803;21383260000;20724022222;21224022222
2804;21383403000;20724033333;21224033333
2805;21383406000;20724377777;21224377777
2806;21383407000;20724377777;21224377777
2807;21383408000;20724377777;21224377777
2808;21425019000;20765666666;21265666666
2809;21425022000;20765666666;21265666666
2810;21425023000;20765666666;21265666666
2811;21425024000;20765666666;21265666666
2812;21425025000;20765666666;21265666666
2813;21425026000;20765666666;21265666666
2814;21425027000;20765666666;21265666666
2815;21425233000;20765688888;21265688888
2816;21425248000;20765977777;21265977777
2817;21425249000;20765977777;21265977777
2818;21425250000;20765977777;21265977777
2819;21467328000;20807333333;21307333333
2821;21467415000;20807333333;21307333333
2822;21467426000;20807333333;21307333333
2823;21467427000;20807333333;21307333333
2824;21467428000;20807333333;21307333333
2825;21467429000;20807333333;21307333333
2826;21467602000;20807355555;21307355555
2827;21467606000;20807633333;21307633333
2828;21467607000;20807633333;21307633333
2829;21467608000;20807633333;21307633333
2830;21508610000;20849011111;21349011111
2831;21508613000;20849011111;21349011111
2832;21508614000;20849011111;21349011111
2833;21508615000;20849011111;21349011111
2834;21508616000;20849011111;21349011111
2835;21508617000;20849011111;21349011111
2836;21508618000;20849011111;21349011111
2837;21508818000;20849033333;21349033333
2838;21508833000;20849322222;21349322222
2839;21508834000;20849322222;21349322222
2840;21508835000;20849322222;21349322222
2841;21550418000;20890666666;21390666666
2842;21550422000;20890666666;21390666666
2843;21550423000;20890666666;21390666666
2844;21550424000;20890666666;21390666666
2845;21550425000;20890666666;21390666666
2846;21550426000;20890666666;21390666666
2847;21550427000;20890666666;21390666666
2848;21550636000;20890688888;21390688888
2849;21550652000;20890955555;21390955555
2850;21550653000;20890955555;21390955555
2851;21550654000;20890955555;21390955555
2852;21592177000;20932344444;21432344444
2853;21592181000;20932344444;21432344444
2854;21592182000;20932344444;21432344444
2855;21592183000;20932344444;21432344444
2856;21592184000;20932344444;21432344444
2857;21592185000;20932344444;21432344444
2858;21592186000;20932344444;21432344444
2859;21592385000;20932366666;21432366666
2860;21592391000;20932655555;21432655555
2861;21592392000;20932655555;21432655555
2862;21592394000;20932655555;21432655555
2863;21633942000;20974055555;21474055555
2864;21633946000;20974055555;21474055555
2865;21633947000;20974055555;21474055555
2866;21633947000;20974055555;21474055555
2867;21633948000;20974055555;21474055555
2868;21633950000;20974055555;21474055555
2869;21633951000;20974055555;21474055555
2870;21634199000;20974066666;21474066666
2871;21634221000;20974366666;21474366666
2872;21634222000;20974366666;21474366666
2873;21634223000;20974366666;21474366666
2874;21675655000;21015666666;21515666666
2875;21675658000;21015666666;21515666666
2876;21675659000;21015666666;21515666666
2878;21676434000;21015666666;21515666666
2879;21676445000;21015666666;21515666666
2880;21676446000;21015666666;21515666666
2881;21676648000;21015688888;21515688888
2882;21676663000;21015955555;21515955555
2883;21676665000;21015955555;21515955555
2884;21676666000;21015955555;21515955555
2885;21717448000;21057344444;21557344444
2886;21717451000;21057344444;21557344444
2887;21717453000;21057344444;21557344444
2888;21717454000;21057344444;21557344444
2889;21717455000;21057344444;21557344444
2890;21717456000;21057344444;21557344444
2891;21717457000;21057344444;21557344444
2892;21717655000;21057355555;21557355555
2893;21717670000;21057655555;21557655555
2894;21717671000;21057655555;21557655555
2895;21717672000;21057655555;21557655555
2896;21759193000;21099011111;21599011111
2897;21759197000;21099011111;21599011111
2898;21759198000;21099011111;21599011111
2900;21759377000;21099011111;21599011111
2901;21759391000;21099011111;21599011111
2902;21759392000;21099011111;21599011111
2903;21759592000;21099033333;21599033333
2904;21759607000;21099333333;21599333333
2905;21759609000;21099333333;21599333333
2906;21759610000;21099333333;21599333333
2907;21800934000;21140677777;21640677777
2908;21800937000;21140677777;21640677777
2909;21800939000;21140677777;21640677777
2910;21800940000;21140677777;21640677777
2911;21800940000;21140677777;21640677777
2912;21800942000;21140677777;21640677777
2913;21800943000;21140677777;21640677777
2914;21801165000;21140700000;21640700000
2915;21801180000;21140955555;21640955555
2916;21801182000;21140955555;21640955555
2917;21801182000;21140955555;21640955555
2918;21842712000;21182344444;21682344444
2919;21842715000;21182344444;21682344444
2920;21842716000;21182344444;21682344444
2921;21842717000;21182344444;21682344444
2922;21842718000;21182344444;21682344444
2923;21842719000;21182344444;21682344444
2924;21842720000;21182344444;21682344444
2925;21842890000;21182366666;21682366666
2926;21842894000;21182644444;21682644444
2927;21842896000;21182644444;21682644444
2928;21842897000;21182644444;21682644444
2929;21884476000;21224011111;21724011111
2930;21884479000;21224011111;21724011111
2931;21884480000;21224011111;21724011111
2932;21884481000;21224011111;21724011111
2933;21884482000;21224011111;21724011111
2934;21884483000;21224011111;21724011111
2935;21884484000;21224011111;21724011111
2936;21884683000;21224033333;21724033333
2937;21884689000;21224288888;21724288888
2938;21884691000;21224288888;21724288888
2939;21884691000;21224288888;21724288888
2940;21926233000;21265677777;21765677777
2941;21926247000;21265677777;21765677777
2942;21926249000;21265677777;21765677777
2943;21926251000;21265677777;21765677777
2944;21926276000;21265677777;21765677777
2945;21926279000;21265677777;21765677777
2946;21926280000;21265677777;21765677777
2947;21926560000;21265700000;21765700000
2948;21926574000;21265944444;21765944444
2949;21926576000;21265944444;21765944444
2950;21926577000;21265944444;21765944444
2951;21968121000;21307344444;21807344444
2952;21968125000;21307344444;21807344444
2953;21968126000;21307344444;21807344444
2954;21968127000;21307344444;21807344444
2955;21968128000;21307344444;21807344444
2956;21968129000;21307344444;21807344444
2957;21968130000;21307344444;21807344444
2958;21968307000;21307366666;21807366666
2959;21968312000;21307644444;21807644444
2960;21968313000;21307644444;21807644444
2961;21968314000;21307644444;21807644444
2962;22009581000;21349000000;21849000000
2963;22009584000;21349000000;21849000000
2964;22009585000;21349000000;21849000000
2965;22009586000;21349000000;21849000000
2966;22009587000;21349000000;21849000000
2967;22009588000;21349000000;21849000000
2968;22009589000;21349000000;21849000000
2969;22009815000;21349022222;21849022222
2970;22009830000;21349300000;21849300000
2971;22009831000;21349300000;21849300000
2972;22009832000;21349300000;21849300000
2973;22051206000;21390666666;21890666666
2974;22051209000;21390666666;21890666666
2975;22051210000;21390666666;21890666666
2976;22051211000;21390666666;21890666666
2977;22051212000;21390666666;21890666666
2978;22051222000;21390666666;21890666666
2979;22051223000;21390666666;21890666666
2980;22051358000;21390688888;21890688888
2981;22051360000;21390966666;21890966666
2982;22051362000;21390966666;21890966666
2983;22051362000;21390966666;21890966666
2984;22093006000;21432333333;21932333333
2985;22093010000;21432333333;21932333333
2986;22093011000;21432333333;21932333333
2987;22093012000;21432333333;21932333333
2988;22093013000;21432333333;21932333333
2989;22093014000;21432333333;21932333333
2990;22093015000;21432333333;21932333333
2991;22093222000;21432355555;21932355555
2992;22093238000;21432633333;21932633333
2993;22093239000;21432633333;21932633333
2994;22093240000;21432633333;21932633333
2995;22134752000;21474022222;21974022222
2996;22134755000;21474022222;21974022222
2997;22134756000;21474022222;21974022222
2998;22134757000;21474022222;21974022222
2999;22134758000;21474022222;21974022222
3000;22134760000;21474022222;21974022222
3001;22134761000;21474022222;21974022222
3002;22134947000;21474033333;21974033333
3003;22134954000;21474344444;21974344444
3004;22134955000;21474344444;21974344444
3005;22134956000;21474344444;21974344444
3006;22176420000;21515677777;22015677777
3007;22176432000;21515677777;22015677777
3008;22176434000;21515677777;22015677777
3009;22176435000;21515677777;22015677777
3010;22176436000;21515677777;22015677777
3011;22176436000;21515677777;22015677777
3012;22176437000;21515677777;22015677777
3013;22176659000;21515700000;22015700000
3014;22176663000;21515933333;22015933333
3015;22176664000;21515933333;22015933333
3017;22218988000;21557344444;22057344444
3018;22218992000;21557344444;22057344444
3019;22218993000;21557344444;22057344444
3020;22218994000;21557344444;22057344444
3021;22218995000;21557344444;22057344444
3022;22218996000;21557344444;22057344444
3023;22218997000;21557344444;22057344444
3024;22219112000;21557355555;22057355555
3025;22219118000;21557633333;22057633333
3026;22219119000;21557633333;22057633333
3027;22219121000;21557633333;22057633333
3028;22259800000;21599011111;22099011111
3029;22259804000;21599011111;22099011111
3030;22259805000;21599011111;22099011111
3031;22259806000;21599011111;22099011111
3032;22259807000;21599011111;22099011111
3033;22259808000;21599011111;22099011111
3034;22259809000;21599011111;22099011111
3035;22259964000;21599033333;22099033333
3036;22259970000;21599333333;22099333333
3037;22259971000;21599333333;22099333333
3038;22259972000;21599333333;22099333333
3039;22301508000;21640677777;22140677777
3040;22301512000;21640677777;22140677777
3041;22301513000;21640677777;22140677777
3042;22301514000;21640677777;22140677777
3043;22301515000;21640677777;22140677777
3044;22301516000;21640677777;22140677777
3045;22301517000;21640677777;22140677777
3046;22301638000;21640700000;22140700000
3047;22301642000;21640955555;22140955555
3048;22301643000;21640955555;22140955555
3049;22301644000;21640955555;22140955555
3050;22343197000;21682344444;22182344444
3051;22343201000;21682344444;22182344444
3052;22343202000;21682344444;22182344444
3053;22343203000;21682344444;22182344444
3054;22343204000;21682344444;22182344444
3055;22343205000;21682344444;22182344444
3056;22343207000;21682344444;22182344444
3057;22343333000;21682355555;22182355555
3058;22343337000;21682644444;22182644444
3059;22343339000;21682644444;22182644444
3060;22343340000;21682644444;22182644444
3061;22384848000;21724011111;22224011111
3062;22384851000;21724011111;22224011111
3063;22384852000;21724011111;22224011111
3064;22384853000;21724011111;22224011111
3065;22384854000;21724011111;22224011111
3066;22384855000;21724011111;22224011111
3067;22384856000;21724011111;22224011111
3068;22384929000;21724022222;22224022222
3069;22384931000;21724311111;22224311111
3070;22384932000;21724311111;22224311111
3072;22427404000;21765666666;22265666666
3073;22427407000;21765666666;22265666666
3074;22427408000;21765666666;22265666666
3075;22427420000;21765666666;22265666666
3076;22427421000;21765666666;22265666666
3077;22427422000;21765666666;22265666666
3078;22427423000;21765666666;22265666666
3079;22427493000;21765688888;22265688888
3080;22427495000;21765955555;22265955555
3081;22427497000;21765955555;22265955555
3082;22427498000;21765955555;22265955555
3083;22468253000;21807355555;22307355555
3084;22468255000;21807355555;22307355555
3085;22468256000;21807355555;22307355555
3086;22468257000;21807355555;22307355555
3087;22468258000;21807355555;22307355555
3088;22468259000;21807355555;22307355555
3089;22468260000;21807355555;22307355555
3090;22468334000;21807366666;22307366666
3091;22468337000;21807633333;22307633333
3092;22468338000;21807633333;22307633333
3093;22468339000;21807633333;22307633333
3094;22510002000;21849000000;22349000000
3095;22510005000;21849000000;22349000000
3096;22510006000;21849000000;22349000000
3097;22510008000;21849000000;22349000000
3098;22510009000;21849000000;22349000000
3099;22510010000;21849000000;22349000000
3100;22510011000;21849000000;22349000000
3101;22510235000;21849022222;22349022222
3102;22510251000;21849288888;22349288888
3103;22510252000;21849288888;22349288888
3104;22510253000;21849288888;22349288888
3105;22551687000;21890666666;22390666666
3106;22551690000;21890666666;22390666666
3107;22551691000;21890666666;22390666666
3108;22551692000;21890666666;22390666666
3109;22551693000;21890666666;22390666666
3110;22551694000;21890666666;22390666666
3111;22551695000;21890666666;22390666666
3112;22551865000;21890688888;22390688888
3113;22551869000;21890955555;22390955555
3114;22551870000;21890955555;22390955555
3115;22551871000;21890955555;22390955555
3116;22593387000;21932333333;22432333333
3117;22593391000;21932333333;22432333333
3118;22593392000;21932333333;22432333333
3119;22593393000;21932333333;22432333333
3120;22593394000;21932333333;22432333333
3121;22593395000;21932333333;22432333333
3122;22593396000;21932333333;22432333333
3123;22593620000;21932355555;22432355555
3124;22593635000;21932655555;22432655555
3125;22593636000;21932655555;22432655555
3126;22593637000;21932655555;22432655555
3127;22635070000;21974000000;22474000000
3128;22635073000;21974000000;22474000000
3129;22635083000;21974000000;22474000000
3130;22635085000;21974000000;22474000000
3131;22635086000;21974000000;22474000000
3132;22635087000;21974000000;22474000000
3133;22635088000;21974000000;22474000000
3134;22635288000;21974011111;22474011111
3135;22635303000;21974300000;22474300000
3136;22635304000;21974300000;22474300000
3137;22635305000;21974300000;22474300000
3138;22676769000;22015666666;22515666666
3139;22676784000;22015666666;22515666666
3140;22676787000;22015666666;22515666666
3141;22676798000;22015666666;22515666666
3142;22676806000;22015666666;22515666666
3143;22676808000;22015666666;22515666666
3144;22676824000;22015666666;22515666666
3145;22677015000;22015688888;22515688888
3146;22677021000;22015944444;22515944444
3147;22677022000;22015944444;22515944444
3148;22677023000;22015944444;22515944444
3149;22718333000;22057333333;22557333333
3150;22718337000;22057333333;22557333333
3151;22718342000;22057333333;22557333333
3152;22718347000;22057333333;22557333333
3153;22718349000;22057333333;22557333333
3154;22718351000;22057333333;22557333333
3155;22718353000;22057333333;22557333333
3156;22718583000;22057355555;22557355555
3157;22718599000;22057644444;22557644444
3158;22718600000;22057644444;22557644444
3159;22718601000;22057644444;22557644444
3160;22760155000;22099011111;22599011111
3161;22760158000;22099011111;22599011111
3162;22760159000;22099011111;22599011111
3163;22760160000;22099011111;22599011111
3164;22760161000;22099011111;22599011111
3165;22760162000;22099011111;22599011111
3166;22760163000;22099011111;22599011111
3167;22760362000;22099033333;22599033333
3168;22760377000;22099344444;22599344444
3169;22760378000;22099344444;22599344444
3170;22760379000;22099344444;22599344444
3171;22801774000;22140666666;22640666666
3172;22801778000;22140666666;22640666666
3173;22801779000;22140666666;22640666666
3174;22801780000;22140666666;22640666666
3175;22801788000;22140666666;22640666666
3176;22801789000;22140666666;22640666666
3177;22801790000;22140666666;22640666666
3178;22801966000;22140688888;22640688888
3179;22801982000;22140955555;22640955555
3180;22801983000;22140955555;22640955555
3181;22801984000;22140955555;22640955555
3182;22843515000;22182333333;22682333333
3183;22843518000;22182333333;22682333333
3184;22843520000;22182333333;22682333333
3185;22843520000;22182333333;22682333333
3186;22843521000;22182333333;22682333333
3187;22843522000;22182333333;22682333333
3188;22843523000;22182333333;22682333333
3189;22843722000;22182355555;22682355555
3190;22843737000;22182655555;22682655555
3191;22843739000;22182655555;22682655555
3192;22843739000;22182655555;22682655555
3193;22885196000;22224011111;22724011111
3194;22885200000;22224011111;22724011111
3195;22885201000;22224011111;22724011111
3196;22885202000;22224011111;22724011111
3197;22885203000;22224011111;22724011111
3198;22885204000;22224011111;22724011111
3199;22885205000;22224011111;22724011111
3200;22885322000;22224033333;22724033333
3201;22885326000;22224344444;22724344444
3202;22885328000;22224344444;22724344444
3203;22885329000;22224344444;22724344444
3204;22926896000;22265666666;22765666666
3205;22926899000;22265666666;22765666666
3206;22926900000;22265666666;22765666666
3207;22926902000;22265666666;22765666666
3208;22926903000;22265666666;22765666666
3209;22926904000;22265666666;22765666666
3210;22926905000;22265666666;22765666666
3211;22927072000;22265688888;22765688888
3212;22927079000;22265955555;22765955555
3213;22927082000;22265955555;22765955555
3214;22927084000;22265955555;22765955555
3215;22968652000;22307355555;22807355555
3216;22968656000;22307355555;22807355555
3217;22968657000;22307355555;22807355555
3218;22968657000;22307355555;22807355555
3219;22968658000;22307355555;22807355555
3220;22968660000;22307355555;22807355555
3221;22968660000;22307355555;22807355555
3222;22968831000;22307366666;22807366666
3223;22968834000;22307666666;22807666666
3224;22968835000;22307666666;22807666666
3225;22968836000;22307666666;22807666666
3226;23010225000;22349000000;22849000000
3227;23010229000;22349000000;22849000000
3228;23010230000;22349000000;22849000000
3229;23010231000;22349000000;22849000000
3230;23010232000;22349000000;22849000000
3231;23010232000;22349000000;22849000000
3232;23010234000;22349000000;22849000000
3233;23010388000;22349022222;22849022222
3234;23010394000;22349311111;22849311111
3235;23010395000;22349311111;22849311111
3236;23010396000;22349311111;22849311111
3237;23051922000;22390666666;22890666666
3238;23051926000;22390666666;22890666666
3239;23051927000;22390666666;22890666666
3240;23051928000;22390666666;22890666666
3241;23051928000;22390666666;22890666666
3242;23051929000;22390666666;22890666666
3243;23051930000;22390666666;22890666666
3244;23052166000;22390688888;22890688888
3245;23052181000;22390966666;22890966666
3246;23052182000;22390966666;22890966666
3247;23052183000;22390966666;22890966666
3248;23093587000;22432333333;22932333333
3249;23093591000;22432333333;22932333333
3250;23093592000;22432333333;22932333333
3251;23093593000;22432333333;22932333333
3252;23093594000;22432333333;22932333333
3253;23093595000;22432333333;22932333333
3254;23093596000;22432333333;22932333333
3255;23093750000;22432355555;22932355555
3256;23093757000;22432644444;22932644444
3257;23093758000;22432644444;22932644444
3258;23093759000;22432644444;22932644444
3259;23135276000;22474000000;22974000000
3260;23135279000;22474000000;22974000000
3261;23135280000;22474000000;22974000000
3262;23135282000;22474000000;22974000000
3263;23135282000;22474000000;22974000000
3264;23135283000;22474000000;22974000000
3265;23135284000;22474000000;22974000000
3266;23135440000;22474022222;22974022222
3267;23135446000;22474311111;22974311111
3268;23135447000;22474311111;22974311111
3269;23135448000;22474311111;22974311111
3270;23177013000;22515666666;23015666666
3271;23177016000;22515666666;23015666666
3272;23177017000;22515666666;23015666666
3273;23177018000;22515666666;23015666666
3274;23177020000;22515666666;23015666666
3275;23177028000;22515666666;23015666666
3276;23177029000;22515666666;23015666666
3277;23177194000;22515688888;23015688888
3278;23177212000;22515933333;23015933333
3279;23177214000;22515933333;23015933333
3280;23177216000;22515933333;23015933333
3281;23218654000;22557344444;23057344444
3282;23218658000;22557344444;23057344444
3283;23218659000;22557344444;23057344444
3284;23218660000;22557344444;23057344444
3285;23218661000;22557344444;23057344444
3286;23218662000;22557344444;23057344444
3287;23218672000;22557344444;23057344444
3288;23218807000;22557355555;23057355555
3289;23218811000;22557655555;23057655555
3290;23218812000;22557655555;23057655555
3291;23218813000;22557655555;23057655555
3292;23260295000;22599000000;23099000000
3293;23260298000;22599000000;23099000000
3294;23260299000;22599000000;23099000000
3295;23260300000;22599000000;23099000000
3296;23260301000;22599000000;23099000000
3297;23260302000;22599000000;23099000000
3298;23260303000;22599000000;23099000000
3299;23260458000;22599022222;23099022222
3300;23260464000;22599333333;23099333333
3301;23260465000;22599333333;23099333333
3302;23260466000;22599333333;23099333333
3303;23301983000;22640677777;23140677777
3304;23301986000;22640677777;23140677777
3305;23301987000;22640677777;23140677777
3306;23301988000;22640677777;23140677777
3307;23301989000;22640677777;23140677777
3308;23301990000;22640677777;23140677777
3309;23301991000;22640677777;23140677777
3310;23302168000;22640700000;23140700000
3311;23302174000;22640966666;23140966666
3312;23302175000;22640966666;23140966666
3313;23302176000;22640966666;23140966666
3314;23343737000;22682355555;23182355555
3315;23343740000;22682355555;23182355555
3316;23343741000;22682355555;23182355555
3317;23343742000;22682355555;23182355555
3318;23343743000;22682355555;23182355555
3319;23343744000;22682355555;23182355555
3322;23344740000;22682677777;23182677777
3323;23344743000;22682677777;23182677777
3324;23344745000;22682677777;23182677777
3325;23385400000;22724011111;23224011111
3326;23385404000;22724011111;23224011111
3327;23385405000;22724011111;23224011111
3328;23385406000;22724011111;23224011111
3329;23385407000;22724011111;23224011111
3330;23385408000;22724011111;23224011111
3331;23385409000;22724011111;23224011111
3332;23385590000;22724022222;23224022222
3333;23385596000;22724344444;23224344444
3334;23385598000;22724344444;23224344444
3335;23385599000;22724344444;23224344444
3336;23427096000;22765677777;23265677777
3337;23427099000;22765677777;23265677777
3338;23427100000;22765677777;23265677777
3339;23427101000;22765677777;23265677777
3340;23427102000;22765677777;23265677777
3341;23427103000;22765677777;23265677777
3342;23427104000;22765677777;23265677777
3343;23427303000;22765688888;23265688888
3344;23427318000;22766000000;23266000000
3345;23427320000;22766000000;23266000000
3346;23427321000;22766000000;23266000000
3347;23468764000;22807344444;23307344444
3348;23468768000;22807344444;23307344444
3349;23468769000;22807344444;23307344444
3350;23468770000;22807344444;23307344444
3351;23468771000;22807344444;23307344444
3352;23468772000;22807344444;23307344444
3353;23468774000;22807344444;23307344444
3354;23468979000;22807366666;23307366666
3355;23468996000;22807644444;23307644444
3356;23468997000;22807644444;23307644444
3357;23468998000;22807644444;23307644444
3358;23510422000;22849000000;23349000000
3359;23510426000;22849000000;23349000000
3360;23510427000;22849000000;23349000000
3361;23510428000;22849000000;23349000000
3362;23510429000;22849000000;23349000000
3363;23510430000;22849000000;23349000000
3364;23510431000;22849000000;23349000000
3365;23510622000;22849022222;23349022222
3366;23510628000;22849300000;23349300000
3367;23510630000;22849300000;23349300000
3368;23510631000;22849300000;23349300000
3369;23552153000;22890666666;23390666666
3370;23552157000;22890666666;23390666666
3371;23552158000;22890666666;23390666666
3372;23552159000;22890666666;23390666666
3373;23552160000;22890666666;23390666666
3374;23552161000;22890666666;23390666666
3375;23552162000;22890666666;23390666666
3376;23552362000;22890688888;23390688888
3377;23552383000;22890955555;23390955555
3378;23552385000;22890955555;23390955555
3379;23552386000;22890955555;23390955555
3380;23593759000;22932333333;23432333333
3381;23593763000;22932333333;23432333333
3382;23593764000;22932333333;23432333333
3383;23593765000;22932333333;23432333333
3384;23593766000;22932333333;23432333333
3385;23593767000;22932333333;23432333333
3386;23593768000;22932333333;23432333333
3387;23593958000;22932355555;23432355555
3388;23593964000;22932666666;23432666666
3389;23593966000;22932666666;23432666666
3390;23593967000;22932666666;23432666666
3391;23635461000;22974000000;23474000000
3392;23635464000;22974000000;23474000000
3393;23635465000;22974000000;23474000000
3394;23635466000;22974000000;23474000000
3395;23635467000;22974000000;23474000000
3396;23635468000;22974000000;23474000000
3397;23635469000;22974000000;23474000000
3398;23635668000;22974022222;23474022222
3399;23635683000;22974311111;23474311111
3400;23635684000;22974311111;23474311111
3401;23635685000;22974311111;23474311111
3402;23677144000;23015666666;23515666666
3403;23677147000;23015666666;23515666666
3404;23677148000;23015666666;23515666666
3405;23677149000;23015666666;23515666666
3406;23677150000;23015666666;23515666666
3407;23677152000;23015666666;23515666666
3408;23677153000;23015666666;23515666666
3409;23677352000;23015688888;23515688888
3410;23677367000;23015977777;23515977777
3411;23677368000;23015977777;23515977777
3412;23677369000;23015977777;23515977777
3413;23718817000;23057333333;23557333333
3414;23718821000;23057333333;23557333333
3415;23718822000;23057333333;23557333333
3416;23718823000;23057333333;23557333333
3417;23718824000;23057333333;23557333333
3418;23718825000;23057333333;23557333333
3419;23718826000;23057333333;23557333333
3420;23719025000;23057355555;23557355555
3421;23719040000;23057655555;23557655555
3422;23719042000;23057655555;23557655555
3423;23719049000;23057655555;23557655555
3424;23760516000;23099000000;23599000000
3425;23760520000;23099000000;23599000000
3426;23760521000;23099000000;23599000000
3427;23760522000;23099000000;23599000000
3428;23760523000;23099000000;23599000000
3429;23760524000;23099000000;23599000000
3430;23760525000;23099000000;23599000000
3431;23760725000;23099022222;23599022222
3432;23760732000;23099366666;23599366666
3433;23760733000;23099366666;23599366666
3434;23760734000;23099366666;23599366666
3435;23802229000;23140666666;23640666666
3436;23802232000;23140666666;23640666666
3437;23802233000;23140666666;23640666666
3438;23802235000;23140666666;23640666666
3439;23802235000;23140666666;23640666666
3440;23802236000;23140666666;23640666666
3441;23802237000;23140666666;23640666666
3442;23802418000;23140688888;23640688888
3443;23802424000;23140977777;23640977777
3444;23802426000;23140977777;23640977777
3445;23802427000;23140977777;23640977777
3446;23843843000;23182333333;23682333333
3447;23843847000;23182333333;23682333333
3448;23843848000;23182333333;23682333333
3449;23843849000;23182333333;23682333333
3450;23843850000;23182333333;23682333333
3451;23843851000;23182333333;23682333333
3452;23843852000;23182333333;23682333333
3453;23844053000;23182355555;23682355555
3454;23844059000;23182666666;23682666666
3455;23844060000;23182666666;23682666666
3456;23844061000;23182666666;23682666666
3457;23885566000;23224044444;23724044444
3458;23885569000;23224044444;23724044444
3459;23885570000;23224044444;23724044444
3460;23885571000;23224044444;23724044444
3461;23885572000;23224044444;23724044444
3462;23885573000;23224044444;23724044444
3463;23885574000;23224044444;23724044444
3464;23885773000;23224055555;23724055555
3465;23885788000;23224355555;23724355555
3466;23885789000;23224355555;23724355555
3467;23885790000;23224355555;23724355555
3468;23927149000;23265677777;23765677777
3469;23927153000;23265677777;23765677777
3470;23927154000;23265677777;23765677777
3471;23927155000;23265677777;23765677777
3472;23927156000;23265677777;23765677777
3473;23927157000;23265677777;23765677777
3474;23927158000;23265677777;23765677777
3475;23927319000;23265700000;23765700000
3476;23927325000;23265966666;23765966666
3477;23927336000;23265966666;23765966666
3478;23927337000;23265966666;23765966666
3479;23968847000;23307333333;23807333333
3480;23968851000;23307333333;23807333333
3481;23968852000;23307333333;23807333333
3482;23968853000;23307333333;23807333333
3483;23968854000;23307333333;23807333333
3484;23968855000;23307333333;23807333333
3485;23968856000;23307333333;23807333333
3486;23969062000;23307355555;23807355555
3487;23969069000;23307666666;23807666666
3488;23969070000;23307666666;23807666666
3489;23969071000;23307666666;23807666666
3490;24010512000;23349000000;23849000000
3491;24010515000;23349000000;23849000000
3492;24010517000;23349000000;23849000000
3493;24010518000;23349000000;23849000000
3494;24010519000;23349000000;23849000000
3495;24010529000;23349000000;23849000000
3496;24010530000;23349000000;23849000000
3497;24010736000;23349022222;23849022222
3498;24010752000;23349333333;23849333333
3499;24010753000;23349333333;23849333333
3500;24010754000;23349333333;23849333333
3501;24052180000;23390666666;23890666666
3502;24052184000;23390666666;23890666666
3503;24052185000;23390666666;23890666666
3504;24052186000;23390666666;23890666666
3505;24052187000;23390666666;23890666666
3506;24052188000;23390666666;23890666666
3507;24052189000;23390666666;23890666666
3508;24052412000;23390688888;23890688888
3509;24052429000;23390977777;23890977777
3510;24052431000;23390977777;23890977777
3511;24052432000;23390977777;23890977777
3512;24093824000;23432333333;23932333333
3513;24093826000;23432333333;23932333333
3515;24094613000;23432333333;23932333333
3516;24094614000;23432333333;23932333333
3517;24094615000;23432333333;23932333333
3518;24094616000;23432333333;23932333333
3519;24094828000;23432355555;23932355555
3520;24094844000;23432655555;23932655555
3521;24094845000;23432655555;23932655555
3522;24094846000;23432655555;23932655555
3523;24135575000;23474011111;23974011111
3524;24135579000;23474011111;23974011111
3525;24135579000;23474011111;23974011111
3526;24135580000;23474011111;23974011111
3527;24135581000;23474011111;23974011111
3528;24135582000;23474011111;23974011111
3529;24135584000;23474011111;23974011111
3530;24135783000;23474022222;23974022222
3531;24135798000;23474322222;23974322222
3532;24135799000;23474322222;23974322222
3533;24135800000;23474322222;23974322222
3534;24177231000;23515666666;24015666666
3535;24177234000;23515666666;24015666666
3536;24177235000;23515666666;24015666666
3537;24177236000;23515666666;24015666666
3538;24177237000;23515666666;24015666666
3539;24177238000;23515666666;24015666666
3540;24177239000;23515666666;24015666666
3541;24177439000;23515688888;24015688888
3542;24177445000;23515955555;24015955555
3543;24177447000;23515955555;24015955555
3544;24177448000;23515955555;24015955555
3545;24218902000;23557333333;24057333333
3546;24218905000;23557333333;24057333333
3547;24218906000;23557333333;24057333333
3548;24218907000;23557333333;24057333333
3549;24218908000;23557333333;24057333333
3550;24218909000;23557333333;24057333333
3551;24218910000;23557333333;24057333333
3552;24219109000;23557355555;24057355555
3553;24219124000;23557655555;24057655555
3554;24219125000;23557655555;24057655555
3555;24219126000;23557655555;24057655555
3556;24260594000;23599000000;24099000000
3557;24260597000;23599000000;24099000000
3558;24260598000;23599000000;24099000000
3559;24260599000;23599000000;24099000000
3560;24260600000;23599000000;24099000000
3561;24260601000;23599000000;24099000000
3562;24260602000;23599000000;24099000000
3563;24260802000;23599022222;24099022222
3564;24260817000;23599333333;24099333333
3565;24260819000;23599333333;24099333333
3566;24260820000;23599333333;24099333333
3567;24302293000;23640666666;24140666666
3568;24302297000;23640666666;24140666666
3569;24302299000;23640666666;24140666666
3570;24302300000;23640666666;24140666666
3571;24302301000;23640666666;24140666666
3572;24302302000;23640666666;24140666666
3573;24302304000;23640666666;24140666666
3574;24302505000;23640688888;24140688888
3575;24302520000;23640966666;24140966666
3576;24302522000;23640966666;24140966666
3577;24302523000;23640966666;24140966666
3578;24343981000;23682344444;24182344444
3579;24343985000;23682344444;24182344444
3580;24343986000;23682344444;24182344444
3581;24343988000;23682344444;24182344444
3582;24343989000;23682344444;24182344444
3583;24343990000;23682344444;24182344444
3584;24343991000;23682344444;24182344444
3585;24344134000;23682366666;24182366666
3586;24344139000;23682666666;24182666666
3587;24344140000;23682666666;24182666666
3588;24344142000;23682666666;24182666666
3589;24385467000;23724000000;24224000000
3590;24385471000;23724000000;24224000000
3591;24385472000;23724000000;24224000000
3592;24385474000;23724000000;24224000000
3593;24385475000;23724000000;24224000000
3594;24385476000;23724000000;24224000000
3595;24385477000;23724000000;24224000000
3596;24385598000;23724022222;24224022222
3597;24385603000;23724322222;24224322222
3598;24385604000;23724322222;24224322222
3599;24385605000;23724322222;24224322222
3600;24427318000;23765677777;24265677777
3601;24427322000;23765677777;24265677777
3602;24427324000;23765677777;24265677777
3603;24427325000;23765677777;24265677777
3604;24427326000;23765677777;24265677777
3605;24427327000;23765677777;24265677777
3606;24427328000;23765677777;24265677777
3607;24428019000;23765700000;24265700000
3608;24428025000;23765988888;24265988888
3609;24428026000;23765988888;24265988888
3610;24428028000;23765988888;24265988888
3611;24470000000;23807333333;24307333333
3612;24470004000;23807333333;24307333333
3613;24470005000;23807333333;24307333333
3614;24470006000;23807333333;24307333333
3615;24470008000;23807333333;24307333333
3616;24470009000;23807333333;24307333333
3617;24470011000;23807333333;24307333333
3618;24470218000;23807355555;24307355555
3619;24470225000;23807644444;24307644444
3620;24470226000;23807644444;24307644444
3621;24470227000;23807644444;24307644444
3622;24510943000;23849000000;24349000000
3623;24510946000;23849000000;24349000000
3624;24510948000;23849000000;24349000000
3625;24510949000;23849000000;24349000000
3626;24510950000;23849000000;24349000000
3627;24510951000;23849000000;24349000000
3628;24510952000;23849000000;24349000000
3629;24511158000;23849022222;24349022222
3630;24511173000;23849322222;24349322222
3631;24511175000;23849322222;24349322222
3632;24511176000;23849322222;24349322222
3633;24553856000;23890677777;24390677777
3634;24553860000;23890677777;24390677777
3635;24553871000;23890677777;24390677777
3636;24553872000;23890677777;24390677777
3637;24553874000;23890677777;24390677777
3638;24553875000;23890677777;24390677777
3639;24553876000;23890677777;24390677777
3640;24554063000;23890688888;24390688888
3641;24554070000;23890988888;24390988888
3642;24554071000;23890988888;24390988888
3643;24554073000;23890988888;24390988888
3644;24595796000;23932355555;24432355555
3645;24595798000;23932355555;24432355555
3646;24595799000;23932355555;24432355555
3647;24595800000;23932355555;24432355555
3648;24595802000;23932355555;24432355555
3649;24595803000;23932355555;24432355555
3650;24595804000;23932355555;24432355555
3651;24595946000;23932377777;24432377777
3652;24595948000;23932688888;24432688888
3653;24595949000;23932688888;24432688888
3654;24595951000;23932688888;24432688888
3655;24636594000;23974000000;24474000000
3656;24636608000;23974000000;24474000000
3657;24636609000;23974000000;24474000000
3658;24636616000;23974000000;24474000000
3659;24636617000;23974000000;24474000000
3660;24636619000;23974000000;24474000000
3661;24636620000;23974000000;24474000000
3663;24637959000;23974333333;24474333333
3664;24637963000;23974333333;24474333333
3665;24637964000;23974333333;24474333333
3666;24678526000;24015677777;24515677777
3667;24678530000;24015677777;24515677777
3668;24678531000;24015677777;24515677777
3669;24678532000;24015677777;24515677777
3670;24678533000;24015677777;24515677777
3671;24678534000;24015677777;24515677777
3672;24678535000;24015677777;24515677777
3673;24678734000;24015688888;24515688888
3674;24678750000;24015955555;24515955555
3675;24678751000;24015955555;24515955555
3676;24678752000;24015955555;24515955555
3677;24720424000;24057422222;24557422222
3678;24720428000;24057422222;24557422222
3679;24720436000;24057422222;24557422222
3680;24720437000;24057422222;24557422222
3681;24720438000;24057422222;24557422222
3682;24720439000;24057422222;24557422222
3683;24720440000;24057422222;24557422222
3684;24720663000;24057533333;24557533333
3685;24720668000;24057933333;24557933333
3686;24720669000;24057933333;24557933333
3687;24720670000;24057933333;24557933333
3688;24762468000;24099000000;24599000000
3689;24762471000;24099000000;24599000000
3690;24762473000;24099000000;24599000000
3691;24762474000;24099000000;24599000000
3692;24762475000;24099000000;24599000000
3693;24762476000;24099000000;24599000000
3695;24763502000;24099022222;24599022222
3696;24763507000;24099322222;24599322222
3697;24763508000;24099322222;24599322222
3698;24763509000;24099322222;24599322222
3699;24804332000;24140666666;24640666666
3700;24804335000;24140666666;24640666666
3701;24804336000;24140666666;24640666666
3702;24804337000;24140666666;24640666666
3703;24804338000;24140666666;24640666666
3704;24804340000;24140666666;24640666666
3705;24804341000;24140666666;24640666666
3706;24804584000;24140688888;24640688888
3707;24804592000;24140955555;24640955555
3708;24804593000;24140955555;24640955555
3709;24804594000;24140955555;24640955555
3710;24845977000;24182333333;24682333333
3711;24845990000;24182333333;24682333333
3712;24845991000;24182333333;24682333333
3713;24845992000;24182333333;24682333333
3714;24845992000;24182333333;24682333333
3715;24845993000;24182333333;24682333333
3716;24845994000;24182333333;24682333333
3717;24846226000;24182355555;24682355555
3718;24846241000;24182655555;24682655555
3719;24846242000;24182655555;24682655555
3720;24846243000;24182655555;24682655555
3721;24887905000;24224000000;24724000000
3722;24887908000;24224000000;24724000000
3723;24887909000;24224000000;24724000000
3724;24887911000;24224000000;24724000000
3725;24887912000;24224000000;24724000000
3726;24887913000;24224000000;24724000000
3727;24887913000;24224000000;24724000000
3728;24888036000;24224022222;24724022222
3729;24888041000;24224300000;24724300000
3730;24888042000;24224300000;24724300000
3731;24888061000;24224300000;24724300000
3732;24930397000;24265666666;24765666666
3733;24930400000;24265666666;24765666666
3734;24930401000;24265666666;24765666666
3735;24930403000;24265666666;24765666666
3736;24930404000;24265666666;24765666666
3737;24930405000;24265666666;24765666666
3738;24930406000;24265666666;24765666666
3739;24930560000;24265688888;24765688888
3740;24930566000;24265944444;24765944444
3741;24930567000;24265944444;24765944444
3742;24930568000;24265944444;24765944444
3743;24971664000;24307333333;24807333333
3744;24971667000;24307333333;24807333333
3745;24971668000;24307333333;24807333333
3746;24971669000;24307333333;24807333333
3747;24971670000;24307333333;24807333333
3748;24971671000;24307333333;24807333333
3749;24971672000;24307333333;24807333333
3750;24971843000;24307355555;24807355555
3751;24971847000;24307644444;24807644444
3752;24971848000;24307644444;24807644444
3753;24971850000;24307644444;24807644444
3754;25013522000;24349011111;24849011111
3755;25013525000;24349011111;24849011111
3756;25013526000;24349011111;24849011111
3757;25013527000;24349011111;24849011111
3758;25013528000;24349011111;24849011111
3759;25013529000;24349011111;24849011111
3760;25013530000;24349011111;24849011111
3761;25013745000;24349033333;24849033333
3762;25013761000;24349322222;24849322222
3763;25013762000;24349322222;24849322222
3764;25013763000;24349322222;24849322222
3765;25055324000;24390677777;24890677777
3766;25055327000;24390677777;24890677777
3767;25055328000;24390677777;24890677777
3768;25055329000;24390677777;24890677777
3769;25055330000;24390677777;24890677777
3770;25055331000;24390677777;24890677777
3771;25055332000;24390677777;24890677777
3772;25055491000;24390688888;24890688888
3773;25055495000;24390988888;24890988888
3774;25055497000;24390988888;24890988888
3775;25055507000;24390988888;24890988888
3776;25096882000;24432333333;24932333333
3777;25096895000;24432333333;24932333333
3778;25096897000;24432333333;24932333333
3779;25096899000;24432333333;24932333333
3780;25096908000;24432333333;24932333333
3781;25096910000;24432333333;24932333333
3782;25096911000;24432333333;24932333333
3783;25097169000;24432355555;24932355555
3784;25097173000;24432644444;24932644444
3785;25097175000;24432644444;24932644444
3786;25097176000;24432644444;24932644444
3787;25139444000;24474000000;24974000000
3788;25139447000;24474000000;24974000000
3789;25139449000;24474000000;24974000000
3790;25139450000;24474000000;24974000000
3791;25139450000;24474000000;24974000000
3792;25139451000;24474000000;24974000000
3793;25139452000;24474000000;24974000000
3794;25139651000;24474022222;24974022222
3795;25139667000;24474300000;24974300000
3796;25139668000;24474300000;24974300000
3797;25139669000;24474300000;24974300000
3798;25180638000;24515666666;25015666666
3799;25180642000;24515666666;25015666666
3800;25180643000;24515666666;25015666666
3801;25180644000;24515666666;25015666666
3802;25180645000;24515666666;25015666666
3803;25180646000;24515666666;25015666666
3804;25180647000;24515666666;25015666666
3805;25180817000;24515688888;25015688888
3806;25180821000;24515933333;25015933333
3807;25180823000;24515933333;25015933333
3808;25180823000;24515933333;25015933333
3809;25222617000;24557333333;25057333333
3810;25222620000;24557333333;25057333333
3811;25222621000;24557333333;25057333333
3812;25222622000;24557333333;25057333333
3813;25222623000;24557333333;25057333333
3814;25222624000;24557333333;25057333333
3815;25222625000;24557333333;25057333333
3816;25222825000;24557355555;25057355555
3817;25222841000;24557633333;25057633333
3818;25222842000;24557633333;25057633333
3819;25222843000;24557633333;25057633333
3820;25264434000;24599022222;25099022222
3821;25264438000;24599022222;25099022222
3822;25264439000;24599022222;25099022222
3823;25264440000;24599022222;25099022222
3824;25264441000;24599022222;25099022222
3825;25264442000;24599022222;25099022222
3826;25264443000;24599022222;25099022222
3827;25264643000;24599044444;25099044444
3828;25264658000;24599344444;25099344444
3829;25264659000;24599344444;25099344444
3830;25264660000;24599344444;25099344444
3831;25306166000;24640666666;25140666666
3832;25306170000;24640666666;25140666666
3833;25306171000;24640666666;25140666666
3834;25306172000;24640666666;25140666666
3835;25306173000;24640666666;25140666666
3836;25306174000;24640666666;25140666666
3837;25306175000;24640666666;25140666666
3838;25306781000;24640688888;25140688888
3839;25306796000;24640955555;25140955555
3840;25306797000;24640955555;25140955555
3841;25306798000;24640955555;25140955555
3842;25348026000;24682344444;25182344444
3843;25348029000;24682344444;25182344444
3844;25348030000;24682344444;25182344444
3845;25348032000;24682344444;25182344444
3846;25348033000;24682344444;25182344444
3847;25348034000;24682344444;25182344444
3848;25348035000;24682344444;25182344444
3849;25348267000;24682366666;25182366666
3851;25348979000;24682677777;25182677777
3852;25348980000;24682677777;25182677777
3853;25389652000;24724011111;25224011111
3854;25389655000;24724011111;25224011111
3855;25389656000;24724011111;25224011111
3856;25389658000;24724011111;25224011111
3857;25389659000;24724011111;25224011111
3858;25389660000;24724011111;25224011111
3859;25389661000;24724011111;25224011111
3860;25389868000;24724022222;25224022222
3861;25389883000;24724355555;25224355555
3862;25389884000;24724355555;25224355555
3863;25389885000;24724355555;25224355555
3864;25431504000;24765666666;25265666666
3865;25431507000;24765666666;25265666666
3866;25431508000;24765666666;25265666666
3867;25431519000;24765666666;25265666666
3868;25431520000;24765666666;25265666666
3869;25431521000;24765666666;25265666666
3870;25431522000;24765666666;25265666666
3871;25432141000;24765688888;25265688888
3872;25432144000;24765966666;25265966666
3873;25432145000;24765966666;25265966666
3874;25432146000;24765966666;25265966666
3875;25473245000;24807333333;25307333333
3876;25473249000;24807333333;25307333333
3877;25473250000;24807333333;25307333333
3878;25473251000;24807333333;25307333333
3879;25473252000;24807333333;25307333333
3880;25473260000;24807333333;25307333333
3881;25473261000;24807333333;25307333333
3882;25473461000;24807355555;25307355555
3883;25473476000;24807633333;25307633333
3884;25473477000;24807633333;25307633333
3885;25473478000;24807633333;25307633333
3886;25515243000;24849000000;25349000000
3887;25515246000;24849000000;25349000000
3888;25515247000;24849000000;25349000000
3889;25515248000;24849000000;25349000000
3890;25515249000;24849000000;25349000000
3891;25515250000;24849000000;25349000000
3892;25515251000;24849000000;25349000000
3893;25515450000;24849022222;25349022222
3894;25515465000;24849311111;25349311111
3895;25515466000;24849311111;25349311111
3896;25515467000;24849311111;25349311111
3897;25557497000;24890666666;25390666666
3898;25557500000;24890666666;25390666666
3899;25557511000;24890666666;25390666666
3900;25557512000;24890666666;25390666666
3901;25557514000;24890666666;25390666666
3902;25557515000;24890666666;25390666666
3903;25557517000;24890666666;25390666666
3904;25557663000;24890688888;25390688888
3905;25557666000;24890955555;25390955555
3906;25557668000;24890955555;25390955555
3907;25557669000;24890955555;25390955555
3908;25598514000;24932333333;25432333333
3909;25598517000;24932333333;25432333333
3910;25598518000;24932333333;25432333333
3911;25598519000;24932333333;25432333333
3912;25598520000;24932333333;25432333333
3913;25598531000;24932333333;25432333333
3914;25598532000;24932333333;25432333333
3915;25598698000;24932355555;25432355555
3916;25598701000;24932677777;25432677777
3917;25598702000;24932677777;25432677777
3918;25598703000;24932677777;25432677777
3919;25640321000;24974000000;25474000000
3920;25640323000;24974000000;25474000000
3921;25640324000;24974000000;25474000000
3922;25640325000;24974000000;25474000000
3923;25640326000;24974000000;25474000000
3924;25640327000;24974000000;25474000000
3925;25640328000;24974000000;25474000000
3926;25640470000;24974022222;25474022222
3927;25640473000;24974311111;25474311111
3928;25640474000;24974311111;25474311111
3929;25640475000;24974311111;25474311111
3930;25682288000;25015677777;25515677777
3931;25682291000;25015677777;25515677777
3932;25682292000;25015677777;25515677777
3933;25682293000;25015677777;25515677777
3934;25682294000;25015677777;25515677777
3935;25682295000;25015677777;25515677777
3936;25682296000;25015677777;25515677777
3937;25682509000;25015700000;25515700000
3938;25682512000;25015955555;25515955555
3939;25682513000;25015955555;25515955555
3940;25682514000;25015955555;25515955555
3941;25723999000;25057333333;25557333333
3942;25724003000;25057333333;25557333333
3943;25724004000;25057333333;25557333333
3944;25724014000;25057333333;25557333333
3945;25724015000;25057333333;25557333333
3946;25724016000;25057333333;25557333333
3947;25724017000;25057333333;25557333333
3948;25724225000;25057355555;25557355555
3949;25724230000;25057655555;25557655555
3950;25724231000;25057655555;25557655555
3951;25724232000;25057655555;25557655555
3952;25766070000;25099033333;25599033333
3953;25766074000;25099033333;25599033333
3954;25766075000;25099033333;25599033333
3955;25766076000;25099033333;25599033333
3956;25766077000;25099033333;25599033333
3957;25766078000;25099033333;25599033333
3958;25766079000;25099033333;25599033333
3959;25766279000;25099044444;25599044444
3960;25766294000;25099366666;25599366666
3961;25766295000;25099366666;25599366666
3962;25766296000;25099366666;25599366666
3963;25808241000;25140677777;25640677777
3964;25808244000;25140677777;25640677777
3965;25808245000;25140677777;25640677777
3966;25808246000;25140677777;25640677777
3967;25808247000;25140677777;25640677777
3968;25808248000;25140677777;25640677777
3969;25808249000;25140677777;25640677777
3970;25808466000;25140700000;25640700000
3971;25808480000;25140966666;25640966666
3972;25808482000;25140966666;25640966666
3973;25808482000;25140966666;25640966666
3974;25849549000;25182333333;25682333333
3975;25849553000;25182333333;25682333333
3976;25849554000;25182333333;25682333333
3977;25849555000;25182333333;25682333333
3978;25849556000;25182333333;25682333333
3979;25849557000;25182333333;25682333333
3980;25849565000;25182333333;25682333333
3981;25849765000;25182355555;25682355555
3982;25849781000;25182655555;25682655555
3983;25849782000;25182655555;25682655555
3984;25849783000;25182655555;25682655555
3985;25891193000;25224011111;25724011111
3986;25891196000;25224011111;25724011111
3987;25891197000;25224011111;25724011111
3988;25891199000;25224011111;25724011111
3989;25891200000;25224011111;25724011111
3990;25891200000;25224011111;25724011111
3991;25891201000;25224011111;25724011111
3992;25891796000;25224033333;25724033333
3993;25891799000;25224333333;25724333333
3994;25891801000;25224333333;25724333333
3995;25891801000;25224333333;25724333333
3996;25933006000;25265677777;25765677777
3997;25933010000;25265677777;25765677777
3998;25933011000;25265677777;25765677777
4001;25933825000;25265677777;25765677777
4002;25933837000;25265677777;25765677777
4003;25934005000;25265688888;25765688888
4004;25934008000;25265977777;25765977777
4005;25934009000;25265977777;25765977777
4006;25934010000;25265977777;25765977777
4007;25974788000;25307333333;25807333333
4008;25974792000;25307333333;25807333333
4009;25974793000;25307333333;25807333333
4010;25974794000;25307333333;25807333333
4012;25974795000;25307333333;25807333333
4013;25974796000;25307333333;25807333333
4014;25974970000;25307355555;25807355555
4015;25974973000;25307655555;25807655555
4016;25974974000;25307655555;25807655555
4017;25974975000;25307655555;25807655555
4018;26016582000;25349011111;25849011111
4019;26016585000;25349011111;25849011111
4020;26016586000;25349011111;25849011111
4021;26016587000;25349011111;25849011111
4022;26016588000;25349011111;25849011111
4023;26016589000;25349011111;25849011111
4024;26016590000;25349011111;25849011111
4025;26016789000;25349022222;25849022222
4026;26016805000;25349355555;25849355555
4027;26016806000;25349355555;25849355555
4028;26016807000;25349355555;25849355555
4029;26058172000;25390677777;25890677777
4030;26058176000;25390677777;25890677777
4031;26058186000;25390677777;25890677777
4032;26058187000;25390677777;25890677777
4033;26058188000;25390677777;25890677777
4034;26058189000;25390677777;25890677777
4035;26058190000;25390677777;25890677777
4036;26058418000;25390688888;25890688888
4037;26058434000;25390988888;25890988888
4038;26058435000;25390988888;25890988888
4039;26058436000;25390988888;25890988888
4040;26100242000;25432333333;25932333333
4041;26100246000;25432333333;25932333333
4042;26100247000;25432333333;25932333333
4043;26100248000;25432333333;25932333333
4044;26100249000;25432333333;25932333333
4045;26100250000;25432333333;25932333333
4046;26100251000;25432333333;25932333333
4047;26100450000;25432355555;25932355555
4048;26100465000;25432644444;25932644444
4049;26100466000;25432644444;25932644444
4050;26100468000;25432644444;25932644444
4051;26141775000;25474011111;25974011111
4052;26141778000;25474011111;25974011111
4053;26141779000;25474011111;25974011111
4054;26141780000;25474011111;25974011111
4055;26141781000;25474011111;25974011111
4056;26141782000;25474011111;25974011111
4057;26141783000;25474011111;25974011111
4058;26141983000;25474033333;25974033333
4059;26141998000;25474311111;25974311111
4060;26141999000;25474311111;25974311111
4061;26142000000;25474311111;25974311111
4062;26183677000;25515666666;26015666666
4063;26183681000;25515666666;26015666666
4064;26183691000;25515666666;26015666666
4065;26183692000;25515666666;26015666666
4066;26183693000;25515666666;26015666666
4067;26183694000;25515666666;26015666666
4068;26183695000;25515666666;26015666666
4069;26183914000;25515688888;26015688888
4070;26183930000;25515933333;26015933333
4071;26183931000;25515933333;26015933333
4072;26183932000;25515933333;26015933333
4073;26225494000;25557333333;26057333333
4074;26225497000;25557333333;26057333333
4075;26225498000;25557333333;26057333333
4076;26225499000;25557333333;26057333333
4077;26225500000;25557333333;26057333333
4078;26225501000;25557333333;26057333333
4079;26225502000;25557333333;26057333333
4080;26225702000;25557355555;26057355555
4081;26225717000;25557644444;26057644444
4082;26225718000;25557644444;26057644444
4083;26225727000;25557644444;26057644444
4084;26267208000;25599011111;26099011111
4085;26267212000;25599011111;26099011111
4086;26267213000;25599011111;26099011111
4087;26267214000;25599011111;26099011111
4088;26267215000;25599011111;26099011111
4089;26267216000;25599011111;26099011111
4090;26267217000;25599011111;26099011111
4091;26267430000;25599022222;26099022222
4092;26267445000;25599377777;26099377777
4093;26267447000;25599377777;26099377777
4094;26267448000;25599377777;26099377777
4095;26308904000;25640666666;26140666666
4096;26308907000;25640666666;26140666666
4097;26308908000;25640666666;26140666666
4098;26308909000;25640666666;26140666666
4099;26308911000;25640666666;26140666666
4100;26308912000;25640666666;26140666666
4101;26308913000;25640666666;26140666666
4102;26309133000;25640688888;26140688888
4103;26309146000;25640966666;26140966666
4104;26309148000;25640966666;26140966666
4105;26309149000;25640966666;26140966666
4106;26350622000;25682333333;26182333333
4107;26350626000;25682333333;26182333333
4109;26351376000;25682333333;26182333333
4110;26351387000;25682333333;26182333333
4111;26351388000;25682333333;26182333333
4112;26351389000;25682333333;26182333333
4113;26351591000;25682355555;26182355555
4114;26351606000;25682677777;26182677777
4115;26351608000;25682677777;26182677777
4116;26351609000;25682677777;26182677777
4117;26392213000;25724000000;26224000000
4118;26392217000;25724000000;26224000000
4119;26392218000;25724000000;26224000000
4120;26392219000;25724000000;26224000000
4121;26392219000;25724000000;26224000000
4122;26392220000;25724000000;26224000000
4123;26392221000;25724000000;26224000000
4124;26392421000;25724022222;26224022222
4125;26392436000;25724322222;26224322222
4126;26392437000;25724322222;26224322222
4127;26392438000;25724322222;26224322222
4128;26433801000;25765688888;26265688888
4129;26433805000;25765688888;26265688888
4130;26433806000;25765688888;26265688888
4131;26433807000;25765688888;26265688888
4132;26433809000;25765688888;26265688888
4133;26433810000;25765688888;26265688888
4134;26433811000;25765688888;26265688888
4135;26434010000;25765700000;26265700000
4136;26434025000;25765988888;26265988888
4137;26434026000;25765988888;26265988888
4138;26434027000;25765988888;26265988888
4139;26475433000;25807344444;26307344444
4140;26475436000;25807344444;26307344444
4141;26475437000;25807344444;26307344444
4142;26475438000;25807344444;26307344444
4143;26475439000;25807344444;26307344444
4144;26475440000;25807344444;26307344444
4145;26475441000;25807344444;26307344444
4146;26475640000;25807355555;26307355555
4147;26475655000;25807655555;26307655555
4148;26475656000;25807655555;26307655555
4149;26475657000;25807655555;26307655555
4150;26516895000;25849011111;26349011111
4151;26516899000;25849011111;26349011111
4152;26516900000;25849011111;26349011111
4153;26516901000;25849011111;26349011111
4154;26516902000;25849011111;26349011111
4155;26516903000;25849011111;26349011111
4156;26516904000;25849011111;26349011111
4157;26517121000;25849088888;26349088888
4158;26517136000;25849411111;26349411111
4159;26517137000;25849411111;26349411111
4160;26517138000;25849411111;26349411111
4161;26558681000;25890688888;26390688888
4162;26558684000;25890688888;26390688888
4163;26558685000;25890688888;26390688888
4164;26558686000;25890688888;26390688888
4165;26558687000;25890688888;26390688888
4166;26558688000;25890688888;26390688888
4167;26558689000;25890688888;26390688888
4168;26558921000;25890700000;26390700000
4169;26558924000;25890988888;26390988888
4170;26558925000;25890988888;26390988888
4171;26558926000;25890988888;26390988888
4172;26600155000;25932366666;26432366666
4173;26600158000;25932366666;26432366666
4174;26600160000;25932366666;26432366666
4175;26600161000;25932366666;26432366666
4176;26600162000;25932366666;26432366666
4177;26600163000;25932366666;26432366666
4178;26600165000;25932366666;26432366666
4179;26600423000;25932377777;26432377777
4180;26600439000;25932722222;26432722222
4181;26600440000;25932722222;26432722222
4182;26600441000;25932722222;26432722222
4183;26641741000;25974011111;26474011111
4184;26641752000;25974011111;26474011111
4185;26641753000;25974011111;26474011111
4186;26641754000;25974011111;26474011111
4187;26641755000;25974011111;26474011111
4188;26641756000;25974011111;26474011111
4189;26641756000;25974011111;26474011111
4190;26641956000;25974033333;26474033333
4191;26641971000;25974322222;26474322222
4192;26641973000;25974322222;26474322222
4193;26641974000;25974322222;26474322222
4194;26683333000;26015677777;26515677777
4195;26683336000;26015677777;26515677777
4196;26683337000;26015677777;26515677777
4197;26683338000;26015677777;26515677777
4198;26683340000;26015677777;26515677777
4199;26683341000;26015677777;26515677777
4200;26683342000;26015677777;26515677777
4201;26683541000;26015700000;26515700000
4202;26683557000;26015955555;26515955555
4203;26683558000;26015955555;26515955555
4204;26683559000;26015955555;26515955555
4205;26725139000;26057366666;26557366666
4206;26725143000;26057366666;26557366666
4207;26725144000;26057366666;26557366666
4208;26725145000;26057366666;26557366666
4209;26725146000;26057366666;26557366666
4210;26725147000;26057366666;26557366666
4211;26725148000;26057366666;26557366666
4212;26725346000;26057388888;26557388888
4213;26725362000;26057677777;26557677777
4214;26725363000;26057677777;26557677777
4215;26725364000;26057677777;26557677777
4216;26766773000;26099011111;26599011111
4217;26766777000;26099011111;26599011111
4218;26766778000;26099011111;26599011111
4219;26766779000;26099011111;26599011111
4220;26766780000;26099011111;26599011111
4221;26766781000;26099011111;26599011111
4222;26766782000;26099011111;26599011111
4223;26766980000;26099022222;26599022222
4224;26766995000;26099377777;26599377777
4225;26766996000;26099377777;26599377777
4226;26766998000;26099377777;26599377777
4227;26808243000;26140677777;26640677777
4228;26808247000;26140677777;26640677777
4229;26808248000;26140677777;26640677777
4230;26808249000;26140677777;26640677777
4231;26808250000;26140677777;26640677777
4232;26808251000;26140677777;26640677777
4233;26808252000;26140677777;26640677777
4234;26808450000;26140700000;26640700000
4235;26808465000;26140977777;26640977777
4236;26808467000;26140977777;26640977777
4237;26808467000;26140977777;26640977777
4238;26849890000;26182344444;26682344444
4239;26849894000;26182344444;26682344444
4240;26849895000;26182344444;26682344444
4241;26849896000;26182344444;26682344444
4242;26849896000;26182344444;26682344444
4243;26849897000;26182344444;26682344444
4244;26849898000;26182344444;26682344444
4245;26850105000;26182366666;26682366666
4246;26850120000;26182666666;26682666666
4247;26850122000;26182666666;26682666666
4248;26850123000;26182666666;26682666666
4249;26891449000;26224011111;26724011111
4250;26891452000;26224011111;26724011111
4251;26891453000;26224011111;26724011111
4252;26891454000;26224011111;26724011111
4253;26891455000;26224011111;26724011111
4254;26891456000;26224011111;26724011111
4255;26891457000;26224011111;26724011111
4256;26891657000;26224022222;26724022222
4257;26891672000;26224333333;26724333333
4258;26891673000;26224333333;26724333333
4259;26891674000;26224333333;26724333333
4260;26932905000;26265677777;26765677777
4261;26932909000;26265677777;26765677777
4262;26932910000;26265677777;26765677777
4263;26932911000;26265677777;26765677777
4264;26932912000;26265677777;26765677777
4265;26932913000;26265677777;26765677777
4266;26932914000;26265677777;26765677777
4267;26933089000;26265700000;26765700000
4268;26933104000;26265966666;26765966666
4269;26933105000;26265966666;26765966666
4270;26933106000;26265966666;26765966666
4271;26974483000;26307355555;26807355555
4272;26974487000;26307355555;26807355555
4273;26974488000;26307355555;26807355555
4274;26974489000;26307355555;26807355555
4275;26974490000;26307355555;26807355555
4276;26974491000;26307355555;26807355555
4277;26974492000;26307355555;26807355555
4278;26974706000;26307366666;26807366666
4279;26974721000;26307677777;26807677777
4280;26974723000;26307677777;26807677777
4281;26974724000;26307677777;26807677777
4282;27015849000;26349000000;26849000000
4283;27015853000;26349000000;26849000000
4284;27015861000;26349000000;26849000000
4285;27015862000;26349000000;26849000000
4286;27015863000;26349000000;26849000000
4287;27015864000;26349000000;26849000000
4288;27015865000;26349000000;26849000000
4289;27016053000;26349022222;26849022222
4290;27016068000;26349366666;26849366666
4291;27016070000;26349366666;26849366666
4292;27016071000;26349366666;26849366666
4294;27057820000;26390677777;26890677777
4295;27057823000;26390677777;26890677777
4296;27057824000;26390677777;26890677777
4297;27057825000;26390677777;26890677777
4298;27057826000;26390677777;26890677777
4299;27057827000;26390677777;26890677777
4300;27057948000;26390700000;26890700000
4301;27057963000;26391000000;26891000000
4302;27057964000;26391000000;26891000000
4304;27097906000;26432344444;26932344444
4305;27097909000;26432344444;26932344444
4306;27097910000;26432344444;26932344444
4307;27097911000;26432344444;26932344444
4308;27097912000;26432344444;26932344444
4309;27097913000;26432344444;26932344444
4310;27097914000;26432344444;26932344444
4311;27097981000;26432366666;26932366666
4312;27097984000;26432655555;26932655555
4313;27097985000;26432655555;26932655555
4314;27097986000;26432655555;26932655555
4315;27139318000;26474011111;26974011111
4316;27139331000;26474011111;26974011111
4317;27139332000;26474011111;26974011111
4318;27139333000;26474011111;26974011111
4319;27139334000;26474011111;26974011111
4320;27139335000;26474011111;26974011111
4321;27139336000;26474011111;26974011111
4322;27139597000;26474033333;26974033333
4323;27139612000;26474311111;26974311111
4324;27139614000;26474311111;26974311111
4325;27139615000;26474311111;26974311111
4326;27180703000;26515677777;27015677777
4327;27180706000;26515677777;27015677777
4328;27180707000;26515677777;27015677777
4329;27180708000;26515677777;27015677777
4330;27180709000;26515677777;27015677777
4331;27180710000;26515677777;27015677777
4332;27180711000;26515677777;27015677777
4333;27180926000;26515700000;27015700000
4334;27180929000;26515955555;27015955555
4335;27180930000;26515955555;27015955555
4336;27180931000;26515955555;27015955555
4337;27221854000;26557344444;27057344444
4338;27221857000;26557344444;27057344444
4339;27221858000;26557344444;27057344444
4340;27221860000;26557344444;27057344444
4341;27221860000;26557344444;27057344444
4342;27221862000;26557344444;27057344444
4343;27221863000;26557344444;27057344444
4344;27222035000;26557366666;27057366666
4345;27222038000;26557655555;27057655555
4346;27222039000;26557655555;27057655555
4347;27222040000;26557655555;27057655555
4348;27263200000;26599011111;27099011111
4349;27263203000;26599011111;27099011111
4350;27263204000;26599011111;27099011111
4352;27263713000;26599011111;27099011111
4353;27263724000;26599011111;27099011111
4354;27263725000;26599011111;27099011111
4355;27263902000;26599022222;27099022222
4356;27263905000;26599333333;27099333333
4357;27263907000;26599333333;27099333333
4358;27263908000;26599333333;27099333333
4359;27303927000;26640688888;27140688888
4360;27303930000;26640688888;27140688888
4361;27303931000;26640688888;27140688888
4362;27303933000;26640688888;27140688888
4363;27303933000;26640688888;27140688888
4364;27303934000;26640688888;27140688888
4365;27303935000;26640688888;27140688888
4366;27304071000;26640700000;27140700000
4367;27304074000;26640977777;27140977777
4368;27304075000;26640977777;27140977777
4369;27304077000;26640977777;27140977777
4370;27345518000;26682344444;27182344444
4371;27345521000;26682344444;27182344444
4372;27345522000;26682344444;27182344444
4373;27345524000;26682344444;27182344444
4374;27345525000;26682344444;27182344444
4375;27345526000;26682344444;27182344444
4376;27345526000;26682344444;27182344444
4377;27345741000;26682366666;27182366666
4378;27345744000;26682666666;27182666666
4379;27345746000;26682666666;27182666666
4380;27345746000;26682666666;27182666666
4381;27386760000;26724011111;27224011111
4382;27386763000;26724011111;27224011111
4383;27386765000;26724011111;27224011111
4384;27386766000;26724011111;27224011111
4385;27386767000;26724011111;27224011111
4386;27386768000;26724011111;27224011111
4387;27386776000;26724011111;27224011111
4388;27386904000;26724022222;27224022222
4389;27386908000;26724377777;27224377777
4390;27386910000;26724377777;27224377777
4391;27386911000;26724377777;27224377777
4392;27427874000;26765677777;27265677777
4393;27427878000;26765677777;27265677777
4394;27427879000;26765677777;27265677777
4395;27427880000;26765677777;27265677777
4396;27427881000;26765677777;27265677777
4397;27427882000;26765677777;27265677777
4398;27427883000;26765677777;27265677777
4399;27428088000;26765700000;27265700000
4400;27428104000;26765977777;27265977777
4401;27428105000;26765977777;27265977777
4402;27428106000;26765977777;27265977777
4403;27468738000;26807344444;27307344444
4404;27468742000;26807344444;27307344444
4405;27468743000;26807344444;27307344444
4406;27468744000;26807344444;27307344444
4407;27468745000;26807344444;27307344444
4408;27468746000;26807344444;27307344444
4409;27468747000;26807344444;27307344444
4410;27468920000;26807366666;27307366666
4411;27468922000;26807655555;27307655555
4412;27468923000;26807655555;27307655555
4413;27468924000;26807655555;27307655555
4414;27509666000;26849011111;27349011111
4415;27509670000;26849011111;27349011111
4416;27509671000;26849011111;27349011111
4417;27509672000;26849011111;27349011111
4418;27509673000;26849011111;27349011111
4419;27509674000;26849011111;27349011111
4420;27509675000;26849011111;27349011111
4421;27509881000;26849033333;27349033333
4422;27509884000;26849344444;27349344444
4423;27509885000;26849344444;27349344444
4424;27509886000;26849344444;27349344444
4425;27550707000;26890677777;27390677777
4426;27550711000;26890677777;27390677777
4427;27550712000;26890677777;27390677777
4428;27550713000;26890677777;27390677777
4429;27550714000;26890677777;27390677777
4430;27550715000;26890677777;27390677777
4431;27550716000;26890677777;27390677777
4432;27550907000;26890700000;27390700000
4433;27550913000;26890977777;27390977777
4434;27550914000;26890977777;27390977777
4435;27550915000;26890977777;27390977777
4436;27592065000;26932344444;27432344444
4437;27592078000;26932344444;27432344444
4438;27592078000;26932344444;27432344444
4439;27592080000;26932344444;27432344444
4440;27592081000;26932344444;27432344444
4441;27592082000;26932344444;27432344444
4442;27592083000;26932344444;27432344444
4443;27592281000;26932366666;27432366666
4444;27592296000;26932677777;27432677777
4445;27592298000;26932677777;27432677777
4446;27592298000;26932677777;27432677777
4447;27633259000;26974011111;27474011111
4448;27633263000;26974011111;27474011111
4449;27633264000;26974011111;27474011111
4450;27633265000;26974011111;27474011111
4451;27633266000;26974011111;27474011111
4452;27633267000;26974011111;27474011111
4453;27633268000;26974011111;27474011111
4454;27633466000;26974022222;27474022222
4455;27633481000;26974344444;27474344444
4456;27633483000;26974344444;27474344444
4457;27633484000;26974344444;27474344444
4458;27674342000;27015722222;27515722222
4459;27674345000;27015722222;27515722222
4460;27674346000;27015722222;27515722222
4461;27674347000;27015722222;27515722222
4462;27674348000;27015722222;27515722222
4463;27674349000;27015722222;27515722222
4464;27674350000;27015722222;27515722222
4465;27674549000;27015744444;27515744444
4466;27674564000;27016011111;27516011111
4467;27674566000;27016011111;27516011111
4468;27674567000;27016011111;27516011111
4469;27715019000;27057344444;27557344444
4470;27715022000;27057344444;27557344444
4471;27715023000;27057344444;27557344444
4472;27715024000;27057344444;27557344444
4473;27715025000;27057344444;27557344444
4474;27715026000;27057344444;27557344444
4475;27715027000;27057344444;27557344444
4476;27715254000;27057366666;27557366666
4477;27715269000;27057666666;27557666666
4478;27715271000;27057666666;27557666666
4479;27715272000;27057666666;27557666666
4480;27756166000;27099011111;27599011111
4481;27756170000;27099011111;27599011111
4482;27756171000;27099011111;27599011111
4483;27756172000;27099011111;27599011111
4484;27756173000;27099011111;27599011111
4485;27756174000;27099011111;27599011111
4486;27756175000;27099011111;27599011111
4487;27756392000;27099033333;27599033333
4488;27756397000;27099333333;27599333333
4489;27756398000;27099333333;27599333333
4490;27756399000;27099333333;27599333333
4491;27796771000;27140677777;27640677777
4492;27796775000;27140677777;27640677777
4493;27796776000;27140677777;27640677777
4494;27796777000;27140677777;27640677777
4495;27796778000;27140677777;27640677777
4496;27796779000;27140677777;27640677777
4497;27796780000;27140677777;27640677777
4498;27796980000;27140700000;27640700000
4499;27796996000;27140955555;27640955555
4500;27796997000;27140955555;27640955555
4501;27796998000;27140955555;27640955555
4502;27837950000;27182344444;27682344444
4503;27837954000;27182344444;27682344444
4504;27837955000;27182344444;27682344444
4505;27837956000;27182344444;27682344444
4506;27837957000;27182344444;27682344444
4507;27837958000;27182344444;27682344444
4508;27837959000;27182344444;27682344444
4509;27838166000;27182366666;27682366666
4510;27838182000;27182644444;27682644444
4511;27838183000;27182644444;27682644444
4512;27838184000;27182644444;27682644444
4513;27878691000;27224011111;27724011111
4514;27878695000;27224011111;27724011111
4515;27878696000;27224011111;27724011111
4516;27878697000;27224011111;27724011111
4517;27878698000;27224011111;27724011111
4518;27878699000;27224011111;27724011111
4519;27878700000;27224011111;27724011111
4520;27878900000;27224033333;27724033333
4521;27878916000;27224288888;27724288888
4522;27878917000;27224288888;27724288888
4523;27878918000;27224288888;27724288888
4524;27918814000;27265677777;27765677777
4525;27918817000;27265677777;27765677777
4526;27918818000;27265677777;27765677777
4527;27918819000;27265677777;27765677777
4528;27918830000;27265677777;27765677777
4529;27918831000;27265677777;27765677777
4530;27918832000;27265677777;27765677777
4531;27919015000;27265688888;27765688888
4532;27919021000;27265944444;27765944444
4533;27919023000;27265944444;27765944444
4534;27919024000;27265944444;27765944444
4535;27959401000;27307377777;27807377777
4537;27960135000;27307377777;27807377777
4538;27960138000;27307377777;27807377777
4539;27960139000;27307377777;27807377777
4540;27960140000;27307377777;27807377777
4541;27960140000;27307377777;27807377777
4542;27960342000;27307400000;27807400000
4543;27960357000;27307677777;27807677777
4544;27960358000;27307677777;27807677777
4545;27960359000;27307677777;27807677777
4546;27999866000;27349011111;27849011111
4547;27999869000;27349011111;27849011111
4548;27999870000;27349011111;27849011111
4549;27999871000;27349011111;27849011111
4550;27999872000;27349011111;27849011111
4551;27999873000;27349011111;27849011111
4552;27999874000;27349011111;27849011111
4553;28000105000;27349033333;27849033333
4554;28000120000;27349322222;27849322222
4555;28000121000;27349322222;27849322222
4556;28000122000;27349322222;27849322222
4557;28036784000;27390677777;27890677777
4558;28036788000;27390677777;27890677777
4559;28036789000;27390677777;27890677777
4560;28036790000;27390677777;27890677777
4561;28036791000;27390677777;27890677777
4562;28036792000;27390677777;27890677777
4563;28036793000;27390677777;27890677777
4564;28040630000;27390700000;27890700000
4565;28040645000;27390966666;27890966666
4566;28040647000;27390966666;27890966666
4567;28040648000;27390966666;27890966666
4568;28081788000;27432344444;27932344444
4569;28081792000;27432344444;27932344444
4570;28081793000;27432344444;27932344444
4571;28081794000;27432344444;27932344444
4572;28081795000;27432344444;27932344444
4573;28081796000;27432344444;27932344444
4574;28081797000;27432344444;27932344444
4575;28081997000;27432366666;27932366666
4576;28082012000;27432644444;27932644444
4577;28082013000;27432644444;27932644444
4578;28082015000;27432644444;27932644444
4579;28122907000;27474011111;27974011111
4580;28122910000;27474011111;27974011111
4581;28122911000;27474011111;27974011111
4582;28122912000;27474011111;27974011111
4583;28122913000;27474011111;27974011111
4584;28122915000;27474011111;27974011111
4585;28122916000;27474011111;27974011111
4586;28123093000;27474033333;27974033333
4587;28123108000;27474322222;27974322222
4588;28123117000;27474322222;27974322222
4589;28123118000;27474322222;27974322222
4590;28163759000;27515777777;28015777777
4591;28163762000;27515777777;28015777777
4592;28163763000;27515777777;28015777777
4594;28163974000;27515777777;28015777777
4595;28163976000;27515777777;28015777777
4596;28163977000;27515777777;28015777777
4597;28164187000;27515788888;28015788888
4598;28164202000;27516077777;28016077777
4599;28164204000;27516077777;28016077777
4600;28164205000;27516077777;28016077777
4601;28204117000;27557344444;28057344444
4602;28204121000;27557344444;28057344444
4603;28204122000;27557344444;28057344444
4604;28204123000;27557344444;28057344444
4605;28204124000;27557344444;28057344444
4606;28204125000;27557344444;28057344444
4607;28204126000;27557344444;28057344444
4608;28204326000;27557366666;28057366666
4609;28204342000;27557633333;28057633333
4610;28204343000;27557633333;28057633333
4611;28204344000;27557633333;28057633333
4612;28245327000;27599011111;28099011111
4613;28245330000;27599011111;28099011111
4614;28245341000;27599011111;28099011111
4615;28245342000;27599011111;28099011111
4616;28245343000;27599011111;28099011111
4617;28245344000;27599011111;28099011111
4618;28245345000;27599011111;28099011111
4619;28245581000;27599033333;28099033333
4620;28245596000;27599333333;28099333333
4621;28245598000;27599333333;28099333333
4622;28245599000;27599333333;28099333333
4623;28286009000;27640677777;28140677777
4624;28286012000;27640677777;28140677777
4625;28286013000;27640677777;28140677777
4626;28286014000;27640677777;28140677777
4627;28286015000;27640677777;28140677777
4629;28286322000;27640677777;28140677777
4630;28286595000;27640700000;28140700000
4631;28286610000;27640955555;28140955555
4632;28286611000;27640955555;28140955555
4633;28286612000;27640955555;28140955555
4634;28327068000;27682344444;28182344444
4635;28327071000;27682344444;28182344444
4636;28327072000;27682344444;28182344444
4637;28327073000;27682344444;28182344444
4638;28327074000;27682344444;28182344444
4639;28327075000;27682344444;28182344444
4640;28327076000;27682344444;28182344444
4641;28327357000;27682366666;28182366666
4642;28327373000;27682644444;28182644444
4643;28327374000;27682644444;28182644444
4644;28327375000;27682644444;28182644444
4645;28368269000;27724011111;28224011111
4646;28368273000;27724011111;28224011111
4647;28368274000;27724011111;28224011111
4648;28368275000;27724011111;28224011111
4649;28368276000;27724011111;28224011111
4650;28368277000;27724011111;28224011111
4651;28368278000;27724011111;28224011111
4652;28368479000;27724022222;28224022222
4653;28368494000;27724344444;28224344444
4654;28368495000;27724344444;28224344444
4655;28368496000;27724344444;28224344444
4656;28409355000;27765677777;28265677777
4657;28409359000;27765677777;28265677777
4658;28409360000;27765677777;28265677777
4659;28409361000;27765677777;28265677777
4660;28409362000;27765677777;28265677777
4661;28409362000;27765677777;28265677777
4662;28409363000;27765677777;28265677777
4663;28409580000;27765700000;28265700000
4664;28409595000;27765966666;28265966666
4665;28409596000;27765966666;28265966666
4666;28409597000;27765966666;28265966666
4667;28450227000;27807344444;28307344444
4668;28450231000;27807344444;28307344444
4669;28450232000;27807344444;28307344444
4671;28450862000;27807344444;28307344444
4672;28450865000;27807344444;28307344444
4673;28450865000;27807344444;28307344444
4674;28451077000;27807366666;28307366666
4675;28451084000;27807622222;28307622222
4676;28451085000;27807622222;28307622222
4677;28451086000;27807622222;28307622222
4678;28491330000;27849011111;28349011111
4679;28491333000;27849011111;28349011111
4680;28491334000;27849011111;28349011111
4681;28491335000;27849011111;28349011111
4682;28491336000;27849011111;28349011111
4683;28491337000;27849011111;28349011111
4684;28491338000;27849011111;28349011111
4685;28491538000;27849022222;28349022222
4686;28491553000;27849322222;28349322222
4687;28491554000;27849322222;28349322222
4688;28491555000;27849322222;28349322222
4689;28532340000;27890677777;28390677777
4690;28532344000;27890677777;28390677777
4691;28532353000;27890677777;28390677777
4692;28532354000;27890677777;28390677777
4693;28532355000;27890677777;28390677777
4694;28532356000;27890677777;28390677777
4695;28532357000;27890677777;28390677777
4696;28532580000;27890700000;28390700000
4697;28532595000;27890955555;28390955555
4698;28532597000;27890955555;28390955555
4700;28574072000;27932344444;28432344444
4701;28574075000;27932344444;28432344444
4702;28574077000;27932344444;28432344444
4703;28574078000;27932344444;28432344444
4704;28574079000;27932344444;28432344444
4705;28574080000;27932344444;28432344444
4706;28574081000;27932344444;28432344444
4707;28574200000;27932366666;28432366666
4708;28574215000;27932655555;28432655555
4709;28574217000;27932655555;28432655555
4710;28574217000;27932655555;28432655555
4711;28614478000;27974011111;28474011111
4712;28614482000;27974011111;28474011111
4713;28614483000;27974011111;28474011111
4714;28614484000;27974011111;28474011111
4715;28614485000;27974011111;28474011111
4716;28614486000;27974011111;28474011111
4717;28614487000;27974011111;28474011111
4718;28614686000;27974033333;28474033333
4719;28614702000;27974311111;28474311111
4720;28614703000;27974311111;28474311111
4721;28614704000;27974311111;28474311111
4722;28653004000;28015677777;28515677777
4723;28653007000;28015677777;28515677777
4724;28653008000;28015677777;28515677777
4725;28653009000;28015677777;28515677777
4726;28653010000;28015677777;28515677777
4727;28653011000;28015677777;28515677777
4728;28653012000;28015677777;28515677777
4729;28655604000;28015700000;28515700000
4730;28655619000;28015944444;28515944444
4731;28655620000;28015944444;28515944444
4732;28655621000;28015944444;28515944444
4733;28696891000;28057344444;28557344444
4734;28696895000;28057344444;28557344444
4735;28696896000;28057344444;28557344444
4736;28696897000;28057344444;28557344444
4737;28696898000;28057344444;28557344444
4738;28696899000;28057344444;28557344444
4739;28696900000;28057344444;28557344444
4740;28697101000;28057366666;28557366666
4741;28697116000;28057644444;28557644444
4742;28697117000;28057644444;28557644444
4743;28697118000;28057644444;28557644444
4744;28737799000;28099011111;28599011111
4745;28737802000;28099011111;28599011111
4746;28737803000;28099011111;28599011111
4747;28737804000;28099011111;28599011111
4748;28737805000;28099011111;28599011111
4749;28737806000;28099011111;28599011111
4750;28737807000;28099011111;28599011111
4751;28738007000;28099022222;28599022222
4752;28738023000;28099355555;28599355555
4753;28738024000;28099355555;28599355555
4754;28738025000;28099355555;28599355555
4755;28778846000;28140677777;28640677777
4756;28778850000;28140677777;28640677777
4757;28778851000;28140677777;28640677777
4758;28778852000;28140677777;28640677777
4759;28778853000;28140677777;28640677777
4760;28778854000;28140677777;28640677777
4761;28778855000;28140677777;28640677777
4762;28779061000;28140700000;28640700000
4763;28779067000;28140977777;28640977777
4764;28779069000;28140977777;28640977777
4765;28779070000;28140977777;28640977777
4766;28820144000;28182377777;28682377777
4767;28820148000;28182377777;28682377777
4768;28820149000;28182377777;28682377777
4769;28820150000;28182377777;28682377777
4770;28820151000;28182377777;28682377777
4771;28820152000;28182377777;28682377777
4772;28820153000;28182377777;28682377777
4773;28820333000;28182388888;28682388888
4774;28820339000;28182711111;28682711111
4775;28820341000;28182711111;28682711111
4776;28820342000;28182711111;28682711111
4777;28861168000;28224011111;28724011111
4778;28861171000;28224011111;28724011111
4779;28861172000;28224011111;28724011111
4780;28861173000;28224011111;28724011111
4781;28861174000;28224011111;28724011111
4782;28861176000;28224011111;28724011111
4783;28861177000;28224011111;28724011111
4784;28861329000;28224022222;28724022222
4785;28861332000;28224333333;28724333333
4786;28861333000;28224333333;28724333333
4787;28861334000;28224333333;28724333333
4788;28902660000;28265677777;28765677777
4789;28902663000;28265677777;28765677777
4790;28902664000;28265677777;28765677777
4791;28902665000;28265677777;28765677777
4792;28902673000;28265677777;28765677777
4793;28902674000;28265677777;28765677777
4794;28902675000;28265677777;28765677777
4795;28902875000;28265700000;28765700000
4796;28902890000;28265966666;28765966666
4797;28902891000;28265966666;28765966666
4798;28902892000;28265966666;28765966666
4799;28943674000;28307344444;28807344444
4800;28943677000;28307344444;28807344444
4801;28943678000;28307344444;28807344444
4802;28943679000;28307344444;28807344444
4803;28943680000;28307344444;28807344444
4804;28943681000;28307344444;28807344444
4805;28943682000;28307344444;28807344444
4806;28943852000;28307366666;28807366666
4807;28943856000;28307688888;28807688888
4808;28943858000;28307688888;28807688888
4809;28943859000;28307688888;28807688888
4810;28984959000;28349011111;28849011111
4811;28984962000;28349011111;28849011111
4812;28984963000;28349011111;28849011111
4813;28984964000;28349011111;28849011111
4814;28984965000;28349011111;28849011111
4815;28984966000;28349011111;28849011111
4816;28984967000;28349011111;28849011111
4817;28985166000;28349033333;28849033333
4818;28985182000;28349344444;28849344444
4819;28985183000;28349344444;28849344444
4820;28985184000;28349344444;28849344444
4821;29026419000;28390677777;28890677777
4822;29026422000;28390677777;28890677777
4823;29026423000;28390677777;28890677777
4824;29026424000;28390677777;28890677777
4825;29026425000;28390677777;28890677777
4826;29026426000;28390677777;28890677777
4827;29026427000;28390677777;28890677777
4828;29026626000;28390700000;28890700000
4829;29026642000;28391022222;28891022222
4830;29026643000;28391022222;28891022222
4831;29026644000;28391022222;28891022222
4832;29067727000;28432344444;28932344444
4833;29067730000;28432344444;28932344444
4834;29067732000;28432344444;28932344444
4835;29067733000;28432344444;28932344444
4836;29067734000;28432344444;28932344444
4837;29067735000;28432344444;28932344444
4838;29067736000;28432344444;28932344444
4839;29067892000;28432366666;28932366666
4840;29067897000;28432677777;28932677777
4841;29067898000;28432677777;28932677777
4842;29067899000;28432677777;28932677777
4843;29109008000;28474011111;28974011111
4844;29109011000;28474011111;28974011111
4845;29109012000;28474011111;28974011111
4846;29109014000;28474011111;28974011111
4847;29109015000;28474011111;28974011111
4848;29109015000;28474011111;28974011111
4849;29109016000;28474011111;28974011111
4850;29109215000;28474033333;28974033333
4851;29109231000;28474322222;28974322222
4852;29109232000;28474322222;28974322222
4853;29109233000;28474322222;28974322222
4854;29150359000;28515677777;29015677777
4855;29150363000;28515677777;29015677777
4856;29150364000;28515677777;29015677777
4857;29150365000;28515677777;29015677777
4858;29150366000;28515677777;29015677777
4859;29150367000;28515677777;29015677777
4860;29150368000;28515677777;29015677777
4861;29150568000;28515700000;29015700000
4862;29150574000;28515955555;29015955555
4863;29150575000;28515955555;29015955555
4864;29150577000;28515955555;29015955555
4865;29191695000;28557344444;29057344444
4866;29191697000;28557344444;29057344444
4867;29191698000;28557344444;29057344444
4868;29191699000;28557344444;29057344444
4869;29191700000;28557344444;29057344444
4870;29191701000;28557344444;29057344444
4871;29191702000;28557344444;29057344444
4872;29191764000;28557366666;29057366666
4873;29191766000;28557666666;29057666666
4874;29191767000;28557666666;29057666666
4875;29191768000;28557666666;29057666666
4876;29233041000;28599022222;29099022222
4877;29233051000;28599022222;29099022222
4878;29233052000;28599022222;29099022222
4879;29233053000;28599022222;29099022222
4880;29233054000;28599022222;29099022222
4881;29233056000;28599022222;29099022222
4882;29233057000;28599022222;29099022222
4883;29233257000;28599100000;29099100000
4884;29233272000;28599422222;29099422222
4885;29233273000;28599422222;29099422222
4886;29233274000;28599422222;29099422222
4887;29274453000;28640677777;29140677777
4888;29274457000;28640677777;29140677777
4889;29274458000;28640677777;29140677777
4890;29274459000;28640677777;29140677777
4891;29274468000;28640677777;29140677777
4892;29274469000;28640677777;29140677777
4893;29274470000;28640677777;29140677777
4894;29274670000;28640700000;29140700000
4895;29274686000;28640977777;29140977777
4896;29274687000;28640977777;29140977777
4897;29274688000;28640977777;29140977777
4898;29315905000;28682344444;29182344444
4899;29315908000;28682344444;29182344444
4900;29315909000;28682344444;29182344444
4901;29315910000;28682344444;29182344444
4902;29315911000;28682344444;29182344444
4903;29315912000;28682344444;29182344444
4904;29315913000;28682344444;29182344444
4905;29316141000;28682366666;29182366666
4906;29316156000;28682688888;29182688888
4907;29316158000;28682688888;29182688888
4908;29316159000;28682688888;29182688888
4909;29357518000;28724011111;29224011111
4910;29357521000;28724011111;29224011111
4911;29357522000;28724011111;29224011111
4912;29357523000;28724011111;29224011111
4913;29357524000;28724011111;29224011111
4914;29357525000;28724011111;29224011111
4915;29357526000;28724011111;29224011111
4916;29357727000;28724022222;29224022222
4917;29357743000;28724366666;29224366666
4918;29357744000;28724366666;29224366666
4919;29357745000;28724366666;29224366666
4920;29399020000;28765677777;29265677777
4921;29399024000;28765677777;29265677777
4922;29399035000;28765677777;29265677777
4923;29399036000;28765677777;29265677777
4924;29399037000;28765677777;29265677777
4925;29399038000;28765677777;29265677777
4926;29399039000;28765677777;29265677777
4927;29399298000;28765700000;29265700000
4928;29399313000;28766000000;29266000000
4929;29399314000;28766000000;29266000000
4930;29399315000;28766000000;29266000000
4931;29440210000;28807333333;29307333333
4932;29440213000;28807333333;29307333333
4933;29440214000;28807333333;29307333333
4934;29440215000;28807333333;29307333333
4935;29440216000;28807333333;29307333333
4936;29440217000;28807333333;29307333333
4937;29440218000;28807333333;29307333333
4938;29440441000;28807355555;29307355555
4939;29440445000;28807666666;29307666666
4940;29440447000;28807666666;29307666666
4941;29440447000;28807666666;29307666666
4942;29481783000;28849011111;29349011111
4943;29481786000;28849011111;29349011111
4944;29481787000;28849011111;29349011111
4945;29481788000;28849011111;29349011111
4946;29481789000;28849011111;29349011111
4947;29481790000;28849011111;29349011111
4948;29481791000;28849011111;29349011111
4949;29481991000;28849033333;29349033333
4950;29482006000;28849377777;29349377777
4951;29482008000;28849377777;29349377777
4952;29482009000;28849377777;29349377777
4954;29524116000;28890677777;29390677777
4955;29524120000;28890677777;29390677777
4956;29524121000;28890677777;29390677777
4957;29524122000;28890677777;29390677777
4958;29524123000;28890677777;29390677777
4959;29524124000;28890677777;29390677777
4960;29524245000;28890688888;29390688888
4961;29524261000;28891000000;29391000000
4962;29524262000;28891000000;29391000000
4963;29524263000;28891000000;29391000000
4964;29564686000;28932344444;29432344444
4965;29564689000;28932344444;29432344444
4966;29564691000;28932344444;29432344444
4967;29564692000;28932344444;29432344444
4968;29564693000;28932344444;29432344444
4969;29564694000;28932344444;29432344444
4970;29564695000;28932344444;29432344444
4971;29564877000;28932366666;29432366666
4972;29564883000;28932677777;29432677777
4973;29564885000;28932677777;29432677777
4974;29564886000;28932677777;29432677777
4975;29606095000;28974011111;29474011111
4976;29606098000;28974011111;29474011111
4977;29606099000;28974011111;29474011111
4978;29606100000;28974011111;29474011111
4979;29606102000;28974011111;29474011111
4980;29606103000;28974011111;29474011111
4981;29606104000;28974011111;29474011111
4982;29606304000;28974033333;29474033333
4983;29606320000;28974322222;29474322222
4984;29606321000;28974322222;29474322222
4985;29606323000;28974322222;29474322222
4986;29647456000;29015677777;29515677777
4987;29647459000;29015677777;29515677777
4988;29647460000;29015677777;29515677777
4989;29647461000;29015677777;29515677777
4990;29647462000;29015677777;29515677777
4991;29647464000;29015677777;29515677777
4992;29647483000;29015677777;29515677777
4993;29647617000;29015700000;29515700000
4994;29647620000;29015966666;29515966666
4995;29647621000;29015966666;29515966666
4996;29647622000;29015966666;29515966666
4998;29689495000;29057344444;29557344444
4999;29689499000;29057344444;29557344444
5000;29689500000;29057344444;29557344444
5001;29689501000;29057344444;29557344444
5002;29689502000;29057344444;29557344444
5003;29689503000;29057344444;29557344444
5004;29689624000;29057366666;29557366666
5005;29689639000;29057677777;29557677777
5006;29689641000;29057677777;29557677777
5007;29689642000;29057677777;29557677777
5008;29730203000;29099011111;29599011111
5009;29730206000;29099011111;29599011111
5010;29730208000;29099011111;29599011111
5011;29730209000;29099011111;29599011111
5012;29730210000;29099011111;29599011111
5013;29730211000;29099011111;29599011111
5014;29730213000;29099011111;29599011111
5015;29730412000;29099022222;29599022222
5016;29730427000;29099366666;29599366666
5017;29730429000;29099366666;29599366666
5018;29730430000;29099366666;29599366666
5019;29771747000;29140666666;29640666666
5020;29771750000;29140666666;29640666666
5021;29771751000;29140666666;29640666666
5022;29771753000;29140666666;29640666666
5023;29771754000;29140666666;29640666666
5024;29771755000;29140666666;29640666666
5025;29771756000;29140666666;29640666666
5026;29771956000;29140688888;29640688888
5027;29771972000;29140966666;29640966666
5028;29771974000;29140966666;29640966666
5029;29771975000;29140966666;29640966666
5030;29812468000;29182344444;29682344444
5031;29812471000;29182344444;29682344444
5032;29812473000;29182344444;29682344444
5033;29812474000;29182344444;29682344444
5034;29812475000;29182344444;29682344444
5035;29812476000;29182344444;29682344444
5036;29812478000;29182344444;29682344444
5037;29812595000;29182366666;29682366666
5038;29812600000;29182666666;29682666666
5039;29812601000;29182666666;29682666666
5040;29812603000;29182666666;29682666666
5041;29854728000;29224000000;29724000000
5042;29854731000;29224000000;29724000000
5043;29854732000;29224000000;29724000000
5044;29854733000;29224000000;29724000000
5045;29854734000;29224000000;29724000000
5046;29854736000;29224000000;29724000000
5047;29854737000;29224000000;29724000000
5048;29854804000;29224022222;29724022222
5049;29854807000;29224322222;29724322222
5050;29854808000;29224322222;29724322222
5051;29854809000;29224322222;29724322222
5052;29896326000;29265677777;29765677777
5053;29896328000;29265677777;29765677777
5054;29896329000;29265677777;29765677777
5055;29896330000;29265677777;29765677777
5056;29896331000;29265677777;29765677777
5057;29896332000;29265677777;29765677777
5058;29896333000;29265677777;29765677777
5059;29896455000;29265700000;29765700000
5060;29896457000;29265966666;29765966666
5061;29896458000;29265966666;29765966666
5062;29896459000;29265966666;29765966666
5063;29937936000;29307344444;29807344444
5064;29937939000;29307344444;29807344444
5065;29937949000;29307344444;29807344444
5066;29937950000;29307344444;29807344444
5067;29937951000;29307344444;29807344444
5068;29937952000;29307344444;29807344444
5069;29937953000;29307344444;29807344444
5070;29938178000;29307366666;29807366666
5071;29938181000;29307666666;29807666666
5072;29938182000;29307666666;29807666666
5073;29938183000;29307666666;29807666666
5074;29979265000;29349011111;29849011111
5075;29979267000;29349011111;29849011111
5076;29979268000;29349011111;29849011111
5077;29979269000;29349011111;29849011111
5078;29979270000;29349011111;29849011111
5079;29979271000;29349011111;29849011111
5080;29979272000;29349011111;29849011111
5081;29979412000;29349022222;29849022222
5082;29979415000;29349322222;29849322222
5083;29979415000;29349322222;29849322222
5084;29979417000;29349322222;29849322222
5085;30020767000;29390677777;29890677777
5086;30020769000;29390677777;29890677777
5087;30020770000;29390677777;29890677777
5088;30020781000;29390677777;29890677777
5089;30020782000;29390677777;29890677777
5090;30020783000;29390677777;29890677777
5092;30021480000;29390700000;29890700000
5093;30021483000;29390977777;29890977777
5094;30021501000;29390977777;29890977777
5095;30021502000;29390977777;29890977777
5096;30062290000;29432344444;29932344444
5097;30062293000;29432344444;29932344444
5098;30062294000;29432344444;29932344444
5099;30062295000;29432344444;29932344444
5100;30062296000;29432344444;29932344444
5101;30062298000;29432344444;29932344444
5102;30062298000;29432344444;29932344444
5103;30062498000;29432366666;29932366666
5104;30062513000;29432666666;29932666666
5105;30062515000;29432666666;29932666666
5106;30062515000;29432666666;29932666666
5107;30103862000;29474011111;29974011111
5108;30103866000;29474011111;29974011111
5109;30103867000;29474011111;29974011111
5110;30103868000;29474011111;29974011111
5112;30103981000;29474011111;29974011111
5113;30103983000;29474011111;29974011111
5114;30104218000;29474033333;29974033333
5115;30104224000;29474355555;29974355555
5116;30104225000;29474355555;29974355555
5117;30104226000;29474355555;29974355555
5118;30145416000;29515677777;30015677777
5119;30145420000;29515677777;30015677777
5120;30145421000;29515677777;30015677777
5121;30145422000;29515677777;30015677777
5122;30145423000;29515677777;30015677777
5123;30145424000;29515677777;30015677777
5124;30145425000;29515677777;30015677777
5125;30145625000;29515688888;30015688888
5126;30145640000;29515955555;30015955555
5127;30145641000;29515955555;30015955555
5128;30145642000;29515955555;30015955555
5129;30186797000;29557344444;30057344444
5130;30186800000;29557344444;30057344444
5131;30186801000;29557344444;30057344444
5132;30186803000;29557344444;30057344444
5133;30186803000;29557344444;30057344444
5134;30186805000;29557344444;30057344444
5135;30186806000;29557344444;30057344444
5136;30187005000;29557366666;30057366666
5137;30187021000;29557655555;30057655555
5138;30187022000;29557655555;30057655555
5139;30187023000;29557655555;30057655555
5140;30228307000;29599011111;30099011111
5141;30228310000;29599011111;30099011111
5142;30228311000;29599011111;30099011111
5143;30228312000;29599011111;30099011111
5144;30228313000;29599011111;30099011111
5145;30228314000;29599011111;30099011111
5146;30228315000;29599011111;30099011111
5147;30228509000;29599033333;30099033333
5148;30228512000;29599344444;30099344444
5149;30228513000;29599344444;30099344444
5150;30228514000;29599344444;30099344444
5151;30270168000;29640677777;30140677777
5152;30270172000;29640677777;30140677777
5153;30270173000;29640677777;30140677777
5154;30270174000;29640677777;30140677777
5155;30270175000;29640677777;30140677777
5156;30270176000;29640677777;30140677777
5157;30270178000;29640677777;30140677777
5158;30270390000;29640700000;30140700000
5159;30270393000;29640966666;30140966666
5160;30270395000;29640966666;30140966666
5161;30270396000;29640966666;30140966666
5162;30312240000;29682344444;30182344444
5163;30312244000;29682344444;30182344444
5164;30312245000;29682344444;30182344444
5165;30312246000;29682344444;30182344444
5166;30312247000;29682344444;30182344444
5167;30312248000;29682344444;30182344444
5168;30312249000;29682344444;30182344444
5169;30312462000;29682366666;30182366666
5170;30312465000;29682666666;30182666666
5171;30312466000;29682666666;30182666666
5172;30312467000;29682666666;30182666666
5173;30353812000;29724011111;30224011111
5174;30353816000;29724011111;30224011111
5175;30353817000;29724011111;30224011111
5176;30353818000;29724011111;30224011111
5177;30353819000;29724011111;30224011111
5178;30353820000;29724011111;30224011111
5179;30353821000;29724011111;30224011111
5180;30354551000;29724022222;30224022222
5181;30354559000;29724355555;30224355555
5182;30354561000;29724355555;30224355555
5183;30354562000;29724355555;30224355555
5184;30395621000;29765677777;30265677777
5185;30395625000;29765677777;30265677777
5186;30395626000;29765677777;30265677777
5187;30395627000;29765677777;30265677777
5188;30395628000;29765677777;30265677777
5189;30395629000;29765677777;30265677777
5190;30395630000;29765677777;30265677777
5191;30395825000;29765700000;30265700000
5192;30395832000;29766000000;30266000000
5193;30395833000;29766000000;30266000000
5194;30395834000;29766000000;30266000000
5195;30437469000;29807344444;30307344444
5196;30437473000;29807344444;30307344444
5197;30437474000;29807344444;30307344444
5198;30437475000;29807344444;30307344444
5199;30437476000;29807344444;30307344444
5200;30437477000;29807344444;30307344444
5201;30437478000;29807344444;30307344444
5202;30437677000;29807366666;30307366666
5203;30437692000;29807655555;30307655555
5204;30437693000;29807655555;30307655555
5205;30437694000;29807655555;30307655555
5206;30480017000;29849011111;30349011111
5207;30480021000;29849011111;30349011111
5208;30480022000;29849011111;30349011111
5209;30480023000;29849011111;30349011111
5210;30480024000;29849011111;30349011111
5211;30480025000;29849011111;30349011111
5212;30480026000;29849011111;30349011111
5213;30480233000;29849022222;30349022222
5214;30480248000;29849333333;30349333333
5215;30480250000;29849333333;30349333333
5216;30480251000;29849333333;30349333333
5217;30521132000;29890677777;30390677777
5218;30521136000;29890677777;30390677777
5219;30521137000;29890677777;30390677777
5220;30521138000;29890677777;30390677777
5221;30521139000;29890677777;30390677777
5222;30521140000;29890677777;30390677777
5223;30521141000;29890677777;30390677777
5224;30521340000;29890688888;30390688888
5225;30521355000;29891000000;30391000000
5226;30521357000;29891000000;30391000000
5227;30521357000;29891000000;30391000000
5228;30563019000;29932344444;30432344444
5229;30563023000;29932344444;30432344444
5230;30563024000;29932344444;30432344444
5231;30563025000;29932344444;30432344444
5232;30563026000;29932344444;30432344444
5233;30563027000;29932344444;30432344444
5234;30563028000;29932344444;30432344444
5235;30563238000;29932366666;30432366666
5236;30563253000;29932677777;30432677777
5237;30563255000;29932677777;30432677777
5238;30563256000;29932677777;30432677777
5239;30604763000;29974000000;30474000000
5240;30604767000;29974000000;30474000000
5241;30604767000;29974000000;30474000000
5242;30604768000;29974000000;30474000000
5243;30604769000;29974000000;30474000000
5244;30604770000;29974000000;30474000000
5245;30604771000;29974000000;30474000000
5246;30604963000;29974022222;30474022222
5247;30604969000;29974322222;30474322222
5248;30604970000;29974322222;30474322222
5249;30604971000;29974322222;30474322222
5250;30646502000;30015677777;30515677777
5251;30646505000;30015677777;30515677777
5252;30646506000;30015677777;30515677777
5253;30646507000;30015677777;30515677777
5254;30646508000;30015677777;30515677777
5255;30646509000;30015677777;30515677777
5256;30646510000;30015677777;30515677777
5257;30646710000;30015700000;30515700000
5258;30646725000;30015955555;30515955555
5259;30646726000;30015955555;30515955555
5260;30646727000;30015955555;30515955555
5261;30688314000;30057344444;30557344444
5262;30688317000;30057344444;30557344444
5263;30688319000;30057344444;30557344444
5264;30688320000;30057344444;30557344444
5265;30688321000;30057344444;30557344444
5266;30688322000;30057344444;30557344444
5267;30688323000;30057344444;30557344444
5268;30688536000;30057355555;30557355555
5269;30688539000;30057688888;30557688888
5270;30688541000;30057688888;30557688888
5271;30688542000;30057688888;30557688888
5272;30730242000;30099000000;30599000000
5273;30730245000;30099000000;30599000000
5274;30730246000;30099000000;30599000000
5275;30730247000;30099000000;30599000000
5276;30730248000;30099000000;30599000000
5277;30730249000;30099000000;30599000000
5278;30730250000;30099000000;30599000000
5279;30730466000;30099022222;30599022222
5280;30730469000;30099333333;30599333333
5281;30730470000;30099333333;30599333333
5282;30730471000;30099333333;30599333333
5283;30772158000;30140677777;30640677777
5284;30772161000;30140677777;30640677777
5285;30772162000;30140677777;30640677777
5286;30772164000;30140677777;30640677777
5287;30772164000;30140677777;30640677777
5288;30772166000;30140677777;30640677777
5289;30772167000;30140677777;30640677777
5290;30772367000;30140700000;30640700000
5291;30772372000;30140966666;30640966666
5292;30772373000;30140966666;30640966666
5293;30772374000;30140966666;30640966666
5294;30813912000;30182333333;30682333333
5295;30813923000;30182333333;30682333333
5296;30813924000;30182333333;30682333333
5297;30813925000;30182333333;30682333333
5298;30813926000;30182333333;30682333333
5299;30813927000;30182333333;30682333333
5300;30813928000;30182333333;30682333333
5301;30814150000;30182355555;30682355555
5302;30814165000;30182666666;30682666666
5303;30814166000;30182666666;30682666666
5304;30814167000;30182666666;30682666666
5305;30856287000;30224011111;30724011111
5306;30856290000;30224011111;30724011111
5308;30856292000;30224011111;30724011111
5309;30856293000;30224011111;30724011111
5310;30856294000;30224011111;30724011111
5311;30856294000;30224011111;30724011111
5312;30856494000;30224033333;30724033333
5313;30856509000;30224333333;30724333333
5314;30856510000;30224333333;30724333333
5315;30856511000;30224333333;30724333333
5316;30897296000;30265666666;30765666666
5317;30897299000;30265666666;30765666666
5318;30897300000;30265666666;30765666666
5319;30897302000;30265666666;30765666666
5320;30897302000;30265666666;30765666666
5321;30897303000;30265666666;30765666666
5322;30897304000;30265666666;30765666666
5323;30897503000;30265688888;30765688888
5324;30897518000;30265966666;30765966666
5325;30897520000;30265966666;30765966666
5326;30897521000;30265966666;30765966666
5327;30939012000;30307344444;30807344444
5328;30939016000;30307344444;30807344444
5329;30939017000;30307344444;30807344444
5330;30939018000;30307344444;30807344444
5331;30939019000;30307344444;30807344444
5332;30939020000;30307344444;30807344444
5333;30939021000;30307344444;30807344444
5334;30939228000;30307366666;30807366666
5335;30939243000;30307655555;30807655555
5336;30939245000;30307655555;30807655555
5337;30939246000;30307655555;30807655555
5338;30980831000;30349011111;30849011111
5339;30980835000;30349011111;30849011111
5340;30980836000;30349011111;30849011111
5341;30980837000;30349011111;30849011111
5342;30980838000;30349011111;30849011111
5343;30980839000;30349011111;30849011111
5344;30980840000;30349011111;30849011111
5345;30981038000;30349033333;30849033333
5346;30981060000;30349311111;30849311111
5347;30981061000;30349311111;30849311111
5348;30981062000;30349311111;30849311111
5349;31022554000;30390677777;30890677777
5350;31022557000;30390677777;30890677777
5351;31022558000;30390677777;30890677777
5352;31022559000;30390677777;30890677777
5353;31022560000;30390677777;30890677777
5354;31022561000;30390677777;30890677777
5355;31022562000;30390677777;30890677777
5356;31023257000;30390700000;30890700000
5357;31023272000;30390977777;30890977777
5358;31023274000;30390977777;30890977777
5359;31023274000;30390977777;30890977777
5360;31065243000;30432344444;30932344444
5361;31065247000;30432344444;30932344444
5362;31065248000;30432344444;30932344444
5363;31065249000;30432344444;30932344444
5364;31065250000;30432344444;30932344444
5365;31065251000;30432344444;30932344444
5366;31065252000;30432344444;30932344444
5367;31065451000;30432366666;30932366666
5368;31065466000;30432666666;30932666666
5369;31065467000;30432666666;30932666666
5370;31065468000;30432666666;30932666666
5371;31107239000;30474011111;30974011111
5372;31107243000;30474011111;30974011111
5373;31107244000;30474011111;30974011111
5374;31107245000;30474011111;30974011111
5375;31107246000;30474011111;30974011111
5376;31107247000;30474011111;30974011111
5377;31107248000;30474011111;30974011111
5378;31107445000;30474022222;30974022222
5379;31107461000;30474355555;30974355555
5380;31107462000;30474355555;30974355555
5381;31107463000;30474355555;30974355555
5382;31149469000;30515677777;31015677777
5383;31149473000;30515677777;31015677777
5384;31149474000;30515677777;31015677777
5385;31149475000;30515677777;31015677777
5386;31149476000;30515677777;31015677777
5387;31149477000;30515677777;31015677777
5388;31149478000;30515677777;31015677777
5389;31149677000;30515700000;31015700000
5390;31149692000;30515944444;31015944444
5391;31149693000;30515944444;31015944444
5392;31149694000;30515944444;31015944444
5393;31191666000;30557333333;31057333333
5394;31191669000;30557333333;31057333333
5395;31191670000;30