seqnum;now;rtptime;deadline
1;10047173000;9305233333;9805233333
8;10128126000;9336611111;9836611111
54;10288991000;9503277777;10003277777
55;10289007000;9503588888;10003588888
56;10289009000;9503588888;10003588888
57;10289010000;9503588888;10003588888
58;10324093000;9544933333;10044933333
59;10324099000;9544933333;10044933333
60;10324100000;9544933333;10044933333
61;10324101000;9544933333;10044933333
62;10324103000;9544933333;10044933333
64;10324104000;9544933333;10044933333
65;10324303000;9544944444;10044944444
66;10324319000;9545255555;10045255555
67;10324321000;9545255555;10045255555
68;10324322000;9545255555;10045255555
69;10344880000;9586611111;10086611111
70;10344884000;9586611111;10086611111
71;10344885000;9586611111;10086611111
72;10344886000;9586611111;10086611111
73;10344887000;9586611111;10086611111
77;10344997000;9587011111;10087011111
78;10345001000;9587011111;10087011111
79;10345002000;9587011111;10087011111
80;10375545000;9628266666;10128266666
135;10593688000;9836600000;10336600000
137;10593691000;9836600000;10336600000
138;10593692000;9836600000;10336600000
139;10593693000;9836600000;10336600000
140;10593694000;9836600000;10336600000
141;10593695000;9836600000;10336600000
142;10593766000;9836611111;10336611111
144;10599586000;9836911111;10336911111
145;10599588000;9836911111;10336911111
146;10621735000;9878266666;10378266666
147;10621737000;9878266666;10378266666
148;10621738000;9878266666;10378266666
150;10621739000;9878266666;10378266666
151;10621740000;9878266666;10378266666
152;10621741000;9878266666;10378266666
153;10621807000;9878277777;10378277777
154;10621809000;9878588888;10378588888
155;10621810000;9878588888;10378588888
156;10621811000;9878588888;10378588888
157;10649066000;9919933333;10419933333
164;10649355000;9919944444;10419944444
168;10649362000;9961600000;10461600000
169;10649363000;9961600000;10461600000
170;10649364000;9961600000;10461600000
171;10649366000;9961600000;10461600000
172;10649366000;9961600000;10461600000
173;10649377000;9961600000;10461600000
174;10649378000;9961600000;10461600000
175;10739870000;9961611111;10461611111
214;10739886000;10128266666;10628266666
215;10739887000;10128266666;10628266666
216;10739888000;10128266666;10628266666
217;10739889000;10128266666;10628266666
219;10887671000;10128277777;10628277777
220;10887686000;10128600000;10628600000
221;10887688000;10128600000;10628600000
222;10887688000;10128600000;10628600000
223;10920466000;10169933333;10669933333
224;10920476000;10169933333;10669933333
225;10920477000;10169933333;10669933333
227;10920479000;10169933333;10669933333
228;10920479000;10169933333;10669933333
229;10920480000;10169933333;10669933333
230;10920679000;10169944444;10669944444
231;10920695000;10170233333;10670233333
232;10920696000;10170233333;10670233333
233;10920697000;10170233333;10670233333
234;10947851000;10211600000;10711600000
235;10947855000;10211600000;10711600000
236;10947856000;10211600000;10711600000
237;10947890000;10211600000;10711600000
240;10949185000;10211600000;10711600000
241;10998617000;10211611111;10711611111
291;10998632000;10419944444;10919944444
292;10998634000;10419944444;10919944444
293;10998635000;10419944444;10919944444
294;10998636000;10419944444;10919944444
295;10998636000;10419944444;10919944444
296;11194590000;10419955555;10919955555
297;11194601000;10420222222;10920222222
298;11194603000;10420222222;10920222222
299;11194604000;10420222222;10920222222
300;11205182000;10461611111;10961611111
301;11205186000;10461611111;10961611111
302;11205188000;10461611111;10961611111
303;11205189000;10461611111;10961611111
304;11205190000;10461611111;10961611111
305;11205192000;10461611111;10961611111
306;11205193000;10461611111;10961611111
307;11222248000;10461622222;10961622222
308;11222254000;10461900000;10961900000
310;11222362000;10461900000;10961900000
311;11250374000;10503255555;11003255555
321;11299114000;10503566666;11003566666
371;11493776000;10711611111;11211611111
372;11493794000;10711611111;11211611111
373;11494012000;10711622222;11211622222
374;11494028000;10711877777;11211877777
375;11494030000;10711877777;11211877777
376;11494052000;10711877777;11211877777
377;11526980000;10753277777;11253277777
379;11526984000;10753277777;11253277777
380;11526985000;10753277777;11253277777
381;11526987000;10753277777;11253277777
382;11526988000;10753277777;11253277777
383;11526989000;10753277777;11253277777
384;11527190000;10753300000;11253300000
385;11527206000;10753600000;11253600000
386;11527207000;10753600000;11253600000
388;11542739000;10794922222;11294922222
389;11542743000;10794922222;11294922222
390;11542744000;10794922222;11294922222
391;11542746000;10794922222;11294922222
393;11549108000;10794922222;11294922222
394;11549400000;10794922222;11294922222
395;11599896000;10794933333;11294933333
450;11787037000;11003300000;11503300000
451;11787043000;11003577777;11503577777
452;11787044000;11003577777;11503577777
453;11787045000;11003577777;11503577777
454;11830551000;11044933333;11544933333
455;11830554000;11044933333;11544933333
456;11830555000;11044933333;11544933333
457;11830556000;11044933333;11544933333
458;11830557000;11044933333;11544933333
460;11830558000;11044933333;11544933333
461;11830757000;11044944444;11544944444
462;11830772000;11045211111;11545211111
463;11830773000;11045211111;11545211111
464;11830774000;11045211111;11545211111
465;11845082000;11086600000;11586600000
466;11845085000;11086600000;11586600000
467;11845086000;11086600000;11586600000
468;11845087000;11086600000;11586600000
469;11845088000;11086600000;11586600000
470;11845089000;11086600000;11586600000
471;11845090000;11086600000;11586600000
477;11942071000;11128277777;11628277777
526;12096507000;11294933333;11794933333
528;12096638000;11295222222;11795222222
529;12096642000;11295222222;11795222222
531;12130364000;11336600000;11836600000
532;12130367000;11336600000;11836600000
533;12130368000;11336600000;11836600000
534;12130369000;11336600000;11836600000
535;12130370000;11336600000;11836600000
536;12130371000;11336600000;11836600000
537;12130372000;11336600000;11836600000
538;12130495000;11336611111;11836611111
539;12130501000;11336900000;11836900000
541;12130502000;11336900000;11836900000
544;12157308000;11378266666;11878266666
606;12199842000;11586900000;12086900000
607;12199860000;11586900000;12086900000
608;12221590000;11628266666;12128266666
609;12221594000;11628266666;12128266666
610;12221595000;11628266666;12128266666
611;12221597000;11628266666;12128266666
612;12221598000;11628266666;12128266666
613;12221599000;11628266666;12128266666
614;12221600000;11628266666;12128266666
615;12221801000;11628277777;12128277777
616;12221816000;11628577777;12128577777
617;12221818000;11628577777;12128577777
618;12221819000;11628577777;12128577777
619;12232502000;11669933333;12169933333
620;12232506000;11669933333;12169933333
621;12232507000;11669933333;12169933333
622;12232508000;11669933333;12169933333
623;12232509000;11669933333;12169933333
624;12232510000;11669933333;12169933333
625;12232511000;11669933333;12169933333
626;12232710000;11669944444;12169944444
627;12232726000;11670233333;12170233333
629;12264043000;11670233333;12170233333
630;12501541000;11711600000;12211600000
684;12662878000;11878555555;12378555555
686;12699967000;11919922222;12419922222
687;12699971000;11919922222;12419922222
688;12699972000;11919922222;12419922222
689;12699973000;11919922222;12419922222
690;12699974000;11919922222;12419922222
691;12699975000;11919922222;12419922222
692;12700180000;11919933333;12419933333
693;12700195000;11920233333;12420233333
694;12700197000;11920233333;12420233333
695;12700198000;11920233333;12420233333
696;12726198000;11961600000;12461600000
697;12726202000;11961600000;12461600000
698;12726203000;11961600000;12461600000
699;12726204000;11961600000;12461600000
701;12726292000;11961600000;12461600000
702;12726294000;11961600000;12461600000
703;12726479000;11961611111;12461611111
704;12726483000;11961922222;12461922222
705;12726484000;11961922222;12461922222
706;12726486000;11961922222;12461922222
707;12757258000;12003322222;12503322222
759;12959872000;12170211111;12670211111
763;13052800000;12211588888;12711588888
765;13052803000;12211588888;12711588888
766;13052804000;12211588888;12711588888
767;13052814000;12211588888;12711588888
768;13052815000;12211588888;12711588888
769;13052973000;12211600000;12711600000
771;13052990000;12211877777;12711877777
772;13052991000;12211877777;12711877777
773;13053001000;12253255555;12753255555
774;13053013000;12253255555;12753255555
777;13053014000;12253255555;12753255555
778;13053015000;12253255555;12753255555
779;13053016000;12253255555;12753255555
780;13053112000;12253266666;12753266666
781;13053117000;12253588888;12753588888
782;13053118000;12253588888;12753588888
783;13053119000;12253588888;12753588888
784;13053136000;12294922222;12794922222
785;13053138000;12294922222;12794922222
786;13053149000;12294922222;12794922222
787;13053151000;12294922222;12794922222
788;13053153000;12294922222;12794922222
791;13103186000;12294944444;12794944444
842;13103190000;12503266666;13003266666
843;13103191000;12503266666;13003266666
844;13103192000;12503266666;13003266666
845;13103193000;12503266666;13003266666
846;13295044000;12503277777;13003277777
848;13353424000;12503577777;13003577777
849;13353427000;12503577777;13003577777
850;13353558000;12544933333;13044933333
851;13353572000;12544933333;13044933333
852;13353573000;12544933333;13044933333
853;13353574000;12544933333;13044933333
854;13353575000;12544933333;13044933333
855;13353576000;12544933333;13044933333
856;13353577000;12544933333;13044933333
857;13353678000;12544944444;13044944444
860;13353683000;12545233333;13045233333
861;13355632000;12586600000;13086600000
870;13355779000;12586922222;13086922222
873;13445647000;12628266666;13128266666
920;13599833000;12794922222;13294922222
924;13654392000;12795233333;13295233333
926;13654405000;12795233333;13295233333
927;13654421000;12836600000;13336600000
928;13654422000;12836600000;13336600000
929;13654424000;12836600000;13336600000
930;13654425000;12836600000;13336600000
931;13654427000;12836600000;13336600000
932;13654428000;12836600000;13336600000
933;13654430000;12836600000;13336600000
934;13654588000;12836611111;13336611111
939;13655302000;12878266666;13378266666
942;13655310000;12878266666;13378266666
943;13655312000;12878266666;13378266666
944;13655314000;12878266666;13378266666
945;13656952000;12878277777;13378277777
963;13656967000;12961600000;13461600000
964;13656968000;12961600000;13461600000
965;13656969000;12961600000;13461600000
971;13828404000;13003266666;13503266666
1002;13901065000;13086877777;13586877777
1004;13954697000;13128222222;13628222222
1005;13954701000;13128222222;13628222222
1006;13954702000;13128222222;13628222222
1007;13954703000;13128222222;13628222222
1008;13954704000;13128222222;13628222222
1009;13954705000;13128222222;13628222222
1010;13954706000;13128222222;13628222222
1011;13954832000;13128244444;13628244444
1013;13954847000;13128555555;13628555555
1014;13954848000;13128555555;13628555555
1015;13954859000;13169933333;13669933333
1016;13954860000;13169933333;13669933333
1017;13954871000;13169933333;13669933333
1018;13954872000;13169933333;13669933333
1019;13954873000;13169933333;13669933333
1020;13954874000;13169933333;13669933333
1021;13954875000;13169933333;13669933333
1022;13955003000;13169944444;13669944444
1023;13955010000;13170255555;13670255555
1025;13955021000;13170255555;13670255555
1026;13971506000;13211600000;13711600000
1077;14130970000;13378244444;13878244444
1079;14255414000;13378544444;13878544444
1080;14255417000;13378544444;13878544444
1081;14255601000;13419933333;13919933333
1083;14255605000;13419933333;13919933333
1084;14255607000;13419933333;13919933333
1085;14255609000;13419933333;13919933333
1086;14255610000;13419933333;13919933333
1087;14255612000;13419933333;13919933333
1088;14255765000;13419944444;13919944444
1091;14255782000;13420211111;13920211111
1092;14255805000;13461600000;13961600000
1093;14255808000;13461600000;13961600000
1095;14255810000;13461600000;13961600000
1096;14255821000;13461600000;13961600000
1097;14255823000;13461600000;13961600000
1098;14255824000;13461600000;13961600000
1100;14255836000;13461888888;13961888888
1101;14255838000;13461888888;13961888888
1102;14255839000;13461888888;13961888888
1103;14255864000;13503355555;14003355555
1104;14255875000;13503355555;14003355555
1105;14255876000;13503355555;14003355555
1107;14255877000;13503355555;14003355555
1108;14255878000;13503355555;14003355555
1109;14255879000;13503355555;14003355555
1110;14306083000;13503366666;14003366666
1160;14306098000;13711588888;14211588888
1161;14306100000;13711588888;14211588888
1162;14306100000;13711588888;14211588888
1163;14306101000;13711588888;14211588888
1164;14306102000;13711588888;14211588888
1165;14484308000;13711600000;14211600000
1167;14556051000;13711855555;14211855555
1168;14556054000;13711855555;14211855555
1169;14556186000;13753266666;14253266666
1170;14556189000;13753266666;14253266666
1171;14556190000;13753266666;14253266666
1172;14556191000;13753266666;14253266666
1173;14556192000;13753266666;14253266666
1174;14556193000;13753266666;14253266666
1175;14556194000;13753266666;14253266666
1176;14556299000;13753277777;14253277777
1179;14556303000;13753566666;14253566666
1180;14556324000;13794933333;14294933333
1181;14556335000;13794933333;14294933333
1182;14556336000;13794933333;14294933333
1183;14556336000;13794933333;14294933333
1185;14556338000;13794933333;14294933333
1186;14556338000;13794933333;14294933333
1187;14606381000;13794944444;14294944444
1239;14606397000;14003266666;14503266666
1240;14606398000;14003266666;14503266666
1241;14606399000;14003266666;14503266666
1242;14797269000;14003277777;14503277777
1244;14797285000;14003555555;14503555555
1245;14797286000;14003555555;14503555555
1246;14831138000;14044933333;14544933333
1247;14831142000;14044933333;14544933333
1248;14831143000;14044933333;14544933333
1249;14831144000;14044933333;14544933333
1250;14831145000;14044933333;14544933333
1251;14831145000;14044933333;14544933333
1252;14831146000;14044933333;14544933333
1253;14831344000;14044944444;14544944444
1256;14856942000;14045211111;14545211111
1257;14861383000;14086600000;14586600000
1300;15026645000;14211877777;14711877777
1318;15157435000;14294933333;14794933333
1320;15157452000;14295222222;14795222222
1322;15157464000;14295222222;14795222222
1324;15157491000;14336600000;14836600000
1327;15157494000;14336600000;14836600000
1328;15157497000;14336600000;14836600000
1329;15157500000;14336600000;14836600000
1330;15157627000;14336611111;14836611111
1331;15157646000;14336900000;14836900000
1333;15157648000;14336900000;14836900000
1334;15161521000;14378266666;14878266666
1369;15331158000;14503266666;15003266666
1397;15457980000;14586877777;15086877777
1398;15457984000;14586877777;15086877777
1399;15457991000;14586877777;15086877777
1401;15458015000;14628266666;15128266666
1403;15458018000;14628266666;15128266666
1404;15458029000;14628266666;15128266666
1405;15458030000;14628266666;15128266666
1406;15458032000;14628266666;15128266666
1407;15458162000;14628288888;15128288888
1408;15458178000;14628600000;15128600000
1411;15467191000;14669900000;15169900000
1477;15726484000;14919944444;15419944444
1479;15758585000;14919944444;15419944444
1480;15758597000;14919944444;15419944444
1481;15758598000;14919944444;15419944444
1482;15758598000;14919944444;15419944444
1483;15758599000;14919944444;15419944444
1484;15758737000;14919966666;15419966666
1485;15758739000;14920288888;15420288888
1486;15758740000;14920288888;15420288888
1487;15758741000;14920288888;15420288888
1488;15758749000;14961600000;15461600000
1490;15758750000;14961600000;15461600000
1491;15758751000;14961600000;15461600000
1492;15758762000;14961600000;15461600000
1493;15758763000;14961600000;15461600000
1494;15758764000;14961600000;15461600000
1496;15758769000;14961922222;15461922222
1497;15758770000;14961922222;15461922222
1498;15758780000;14961922222;15461922222
1499;15760388000;15003266666;15503266666
1503;15760391000;15003266666;15503266666
1504;15760392000;15003266666;15503266666
1505;15760403000;15003266666;15503266666
1507;15760476000;15003566666;15503566666
1508;15760493000;15003566666;15503566666
1509;15760494000;15003566666;15503566666
1510;15851254000;15044933333;15544933333
1555;16005212000;15211566666;15711566666
1557;16005215000;15211566666;15711566666
1558;16005227000;15211566666;15711566666
1559;16005228000;15211566666;15711566666
1560;16005229000;15211566666;15711566666
1561;16005427000;15211577777;15711577777
1562;16005442000;15211944444;15711944444
1563;16005443000;15211944444;15711944444
1564;16005444000;15211944444;15711944444
1565;16035490000;15253233333;15753233333
1566;16035503000;15253233333;15753233333
1567;16035504000;15253233333;15753233333
1568;16035505000;15253233333;15753233333
1569;16035506000;15253233333;15753233333
1570;16035507000;15253233333;15753233333
1571;16035508000;15253233333;15753233333
1572;16035677000;15253244444;15753244444
1573;16035681000;15253644444;15753644444
1574;16035683000;15253644444;15753644444
1575;16035683000;15253644444;15753644444
1576;16059756000;15294922222;15794922222
1577;16059767000;15294922222;15794922222
1578;16059776000;15294922222;15794922222
1579;16059784000;15294922222;15794922222
1580;16059793000;15294922222;15794922222
1581;16059797000;15294922222;15794922222
1582;16059800000;15294922222;15794922222
1583;16060106000;15294944444;15794944444
1584;16060113000;15295344444;15795344444
1585;16060114000;15295344444;15795344444
1586;16060115000;15295344444;15795344444
1587;16151331000;15336600000;15836600000
1633;16302919000;15503266666;16003266666
1635;16359696000;15503266666;16003266666
1636;16359699000;15503266666;16003266666
1637;16359701000;15503266666;16003266666
1638;16359968000;15503277777;16003277777
1641;16359984000;15503577777;16003577777
1642;16359997000;15544933333;16044933333
1643;16360008000;15544933333;16044933333
1644;16360009000;15544933333;16044933333
1645;16360010000;15544933333;16044933333
1646;16360011000;15544933333;16044933333
1647;16360012000;15544933333;16044933333
1648;16360013000;15544933333;16044933333
1649;16360131000;15544944444;16044944444
1650;16360148000;15545233333;16045233333
1651;16360165000;15545233333;16045233333
1652;16360168000;15545233333;16045233333
1653;16360181000;15586600000;16086600000
1654;16360192000;15586600000;16086600000
1655;16360193000;15586600000;16086600000
1658;16360194000;15586600000;16086600000
1659;16360195000;15586600000;16086600000
1660;16410140000;15586622222;16086622222
1712;16410155000;15794922222;16294922222
1713;16410156000;15794922222;16294922222
1714;16410157000;15794922222;16294922222
1715;16604406000;15794944444;16294944444
1717;16604413000;15795233333;16295233333
1718;16604414000;15795233333;16295233333
1719;16636349000;15836600000;16336600000
1720;16636352000;15836600000;16336600000
1721;16636353000;15836600000;16336600000
1723;16641758000;15836600000;16336600000
1724;16641761000;15836600000;16336600000
1725;16641762000;15836600000;16336600000
1726;16641968000;15836611111;16336611111
1727;16641984000;15836900000;16336900000
1728;16641985000;15836900000;16336900000
1729;16641986000;15836900000;16336900000
1730;16666631000;15878255555;16378255555
1786;16713128000;16086577777;16586577777
1789;16713131000;16086577777;16586577777
1790;16713132000;16086577777;16586577777
1791;16713133000;16086577777;16586577777
1794;16713242000;16086900000;16586900000
1795;16713246000;16086900000;16586900000
1796;16738665000;16128266666;16628266666
1797;16738669000;16128266666;16628266666
1798;16738670000;16128266666;16628266666
1799;16738670000;16128266666;16628266666
1800;16738671000;16128266666;16628266666
1801;16738672000;16128266666;16628266666
1802;16738673000;16128266666;16628266666
1803;16738871000;16128277777;16628277777
1804;16738886000;16128588888;16628588888
1805;16738887000;16128588888;16628588888
1806;16738888000;16128588888;16628588888
1807;16746640000;16169922222;16669922222
1808;16746654000;16169922222;16669922222
1809;16746655000;16169922222;16669922222
1810;16746656000;16169922222;16669922222
1812;16746667000;16169922222;16669922222
1813;16746668000;16169922222;16669922222
1814;16822015000;16169944444;16669944444
1815;16822031000;16170233333;16670233333
1817;16961140000;16170233333;16670233333
1818;17011695000;16211577777;16711577777
1869;17206515000;16378266666;16878266666
1871;17206530000;16378577777;16878577777
1872;17206531000;16378577777;16878577777
1873;17240217000;16419922222;16919922222
1874;17240221000;16419922222;16919922222
1875;17240222000;16419922222;16919922222
1876;17240223000;16419922222;16919922222
1877;17240224000;16419922222;16919922222
1878;17240225000;16419922222;16919922222
1879;17240226000;16419922222;16919922222
1880;17240423000;16419944444;16919944444
1881;17240438000;16420200000;16920200000
1882;17240439000;16420200000;16920200000
1883;17240440000;16420200000;16920200000
1884;17257210000;16461600000;16961600000
1885;17257213000;16461600000;16961600000
1887;17257438000;16461600000;16961600000
1888;17257440000;16461600000;16961600000
1889;17257441000;16461600000;16961600000
1890;17257442000;16461600000;16961600000
1891;17257684000;16461611111;16961611111
1892;17257699000;16461877777;16961877777
1893;17257701000;16461877777;16961877777
1896;17283691000;16503288888;17003288888
1950;17514104000;16711600000;17211600000
1951;17514108000;16711600000;17211600000
1952;17514118000;16711600000;17211600000
1953;17514119000;16711600000;17211600000
1954;17514120000;16711600000;17211600000
1955;17514121000;16711600000;17211600000
1956;17514122000;16711600000;17211600000
1957;17514320000;16711611111;17211611111
1958;17514335000;16711877777;17211877777
1959;17514337000;16711877777;17211877777
1960;17514337000;16711877777;17211877777
1961;17526661000;16753255555;17253255555
1962;17526664000;16753255555;17253255555
1963;17526665000;16753255555;17253255555
1964;17526666000;16753255555;17253255555
1965;17526667000;16753255555;17253255555
1966;17526668000;16753255555;17253255555
1967;17526669000;16753255555;17253255555
1968;17526867000;16753266666;17253266666
1969;17526882000;16753555555;17253555555
1970;17526883000;16753555555;17253555555
1971;17526884000;16753555555;17253555555
1974;17612480000;16794955555;17294955555
2028;17811734000;17003266666;17503266666
2030;17863284000;17003266666;17503266666
2031;17863307000;17003266666;17503266666
2033;17863311000;17003266666;17503266666
2035;17863448000;17003555555;17503555555
2036;17863452000;17003555555;17503555555
2037;17863453000;17003555555;17503555555
2038;17863464000;17044933333;17544933333
2039;17863465000;17044933333;17544933333
2040;17863467000;17044933333;17544933333
2041;17863468000;17044933333;17544933333
2042;17863469000;17044933333;17544933333
2043;17863478000;17044933333;17544933333
2044;17863480000;17044933333;17544933333
2045;17863629000;17044944444;17544944444
2046;17863645000;17045200000;17545200000
2047;17863646000;17045200000;17545200000
2048;17863647000;17045200000;17545200000
2049;17867573000;17086600000;17586600000
2082;18036933000;17211600000;17711600000
2108;18109725000;17294933333;17794933333
2109;18109729000;17294933333;17794933333
2110;18109730000;17294933333;17794933333
2111;18109928000;17294955555;17794955555
2112;18109943000;17295255555;17795255555
2113;18109944000;17295255555;17795255555
2114;18109945000;17295255555;17795255555
2115;18140372000;17336588888;17836588888
2116;18140376000;17336588888;17836588888
2117;18140377000;17336588888;17836588888
2118;18140378000;17336588888;17836588888
2119;18140379000;17336588888;17836588888
2120;18140379000;17336588888;17836588888
2121;18140380000;17336588888;17836588888
2122;18140585000;17336600000;17836600000
2123;18140600000;17336933333;17836933333
2124;18140601000;17336933333;17836933333
2125;18140602000;17336933333;17836933333
2126;18170604000;17378255555;17878255555
2183;18233543000;17586588888;18086588888
2189;18233654000;17586933333;18086933333
2190;18233657000;17586933333;18086933333
2191;18233658000;17586933333;18086933333
2192;18245610000;17628255555;18128255555
2193;18245614000;17628255555;18128255555
2194;18245615000;17628255555;18128255555
2195;18245616000;17628255555;18128255555
2196;18245617000;17628255555;18128255555
2197;18245617000;17628255555;18128255555
2198;18245618000;17628255555;18128255555
2199;18245821000;17628266666;18128266666
2200;18245839000;17628588888;18128588888
2201;18245840000;17628588888;18128588888
2202;18245840000;17628588888;18128588888
2203;18266873000;17669922222;18169922222
2204;18266876000;17669922222;18169922222
2205;18266886000;17669922222;18169922222
2206;18266887000;17669922222;18169922222
2207;18266888000;17669922222;18169922222
2208;18266889000;17669922222;18169922222
2209;18266889000;17669922222;18169922222
2210;18267088000;17669933333;18169933333
2211;18463980000;17670244444;18170244444
2212;18464210000;17670244444;18170244444
2215;18555899000;17711588888;18211588888
2269;18747946000;17919922222;18419922222
2270;18747949000;17919922222;18419922222
2271;18747950000;17919922222;18419922222
2272;18747951000;17919922222;18419922222
2273;18747952000;17919922222;18419922222
2274;18747953000;17919922222;18419922222
2276;18748072000;17919933333;18419933333
2277;18748087000;17920244444;18420244444
2279;18748089000;17920244444;18420244444
2280;18772624000;17961600000;18461600000
2346;18860501000;18211588888;18711588888
2347;18860505000;18211588888;18711588888
2348;18860505000;18211588888;18711588888
2349;18860506000;18211588888;18711588888
2350;18860507000;18211588888;18711588888
2351;18860508000;18211588888;18711588888
2352;18860509000;18211588888;18711588888
2353;18860707000;18211600000;18711600000
2354;18860722000;18211900000;18711900000
2355;18860723000;18211900000;18711900000
2356;18860724000;18211900000;18711900000
2357;18872819000;18253266666;18753266666
2358;18872823000;18253266666;18753266666
2359;18872824000;18253266666;18753266666
2360;18872824000;18253266666;18753266666
2362;18872826000;18253266666;18753266666
2363;18872826000;18253266666;18753266666
2364;18873021000;18253277777;18753277777
2365;18873026000;18253600000;18753600000
2366;18873027000;18253600000;18753600000
2367;18873028000;18253600000;18753600000
2368;18892941000;18294955555;18794955555
2369;19065294000;18294955555;18794955555
2370;19065537000;18294955555;18794955555
2371;19065554000;18294955555;18794955555
2373;19065809000;18294955555;18794955555
2376;19116995000;18295266666;18795266666
2424;19314230000;18503255555;19003255555
2425;19314234000;18503255555;19003255555
2426;19314235000;18503255555;19003255555
2427;19314236000;18503255555;19003255555
2428;19314237000;18503255555;19003255555
2429;19314238000;18503255555;19003255555
2432;19314346000;18503577777;19003577777
2433;19314350000;18503577777;19003577777
2434;19344267000;18544933333;19044933333
2435;19344270000;18544933333;19044933333
2436;19344271000;18544933333;19044933333
2437;19344272000;18544933333;19044933333
2438;19344273000;18544933333;19044933333
2439;19344274000;18544933333;19044933333
2440;19344275000;18544933333;19044933333
2442;19344384000;18545233333;19045233333
2443;19344387000;18545233333;19045233333
2444;19344388000;18545233333;19045233333
2445;19377553000;18586600000;19086600000
2504;19611970000;18794944444;19294944444
2506;19611974000;18794944444;19294944444
2507;19614801000;18794955555;19294955555
2508;19614816000;18795277777;19295277777
2509;19614817000;18795277777;19295277777
2511;19643958000;18836588888;19336588888
2512;19643962000;18836588888;19336588888
2513;19643963000;18836588888;19336588888
2514;19643964000;18836588888;19336588888
2515;19643965000;18836588888;19336588888
2516;19643965000;18836588888;19336588888
2517;19643966000;18836588888;19336588888
2518;19644086000;18836600000;19336600000
2519;19644101000;18836900000;19336900000
2520;19644103000;18836900000;19336900000
2521;19644104000;18836900000;19336900000
2522;19674014000;18878255555;19378255555
2579;19916583000;19086588888;19586588888
2586;19968950000;19086900000;19586900000
2588;19968972000;19128255555;19628255555
2589;19968984000;19128255555;19628255555
2590;19968985000;19128255555;19628255555
2592;19968986000;19128255555;19628255555
2593;19968987000;19128255555;19628255555
2594;19968988000;19128255555;19628255555
2596;19968994000;19128588888;19628588888
2597;19968996000;19128588888;19628588888
2598;19968998000;19128588888;19628588888
2599;19969144000;19169922222;19669922222
2600;19969147000;19169922222;19669922222
2601;19969148000;19169922222;19669922222
2602;19969149000;19169922222;19669922222
2603;19969150000;19169922222;19669922222
2604;19969151000;19169922222;19669922222
2605;19969152000;19169922222;19669922222
2606;19969330000;19169933333;19669933333
2607;19969345000;19170255555;19670255555
2608;19969347000;19170255555;19670255555
2609;19969348000;19170255555;19670255555
2610;19995418000;19211588888;19711588888
2661;20014520000;19378266666;19878266666
2663;20268464000;19378566666;19878566666
2664;20268466000;19378566666;19878566666
2666;20268641000;19419922222;19919922222
2667;20268645000;19419922222;19919922222
2668;20268652000;19419922222;19919922222
2670;20268654000;19419922222;19919922222
2672;20268781000;19419933333;19919933333
2675;20268786000;19420200000;19920200000
2676;20268805000;19461588888;19961588888
2677;20268807000;19461588888;19961588888
2678;20268817000;19461588888;19961588888
2679;20268818000;19461588888;19961588888
2680;20268819000;19461588888;19961588888
2681;20268820000;19461588888;19961588888
2682;20268821000;19461588888;19961588888
2683;20268949000;19461600000;19961600000
2684;20268964000;19461877777;19961877777
2685;20268965000;19461877777;19961877777
2686;20268966000;19461877777;19961877777
2687;20318810000;19503266666;20003266666
2739;20482043000;19670233333;20170233333
2740;20482047000;19670233333;20170233333
2741;20482048000;19670233333;20170233333
2742;20517833000;19711588888;20211588888
2743;20517836000;19711588888;20211588888
2744;20517837000;19711588888;20211588888
2745;20517838000;19711588888;20211588888
2746;20517839000;19711588888;20211588888
2747;20517840000;19711588888;20211588888
2748;20517841000;19711588888;20211588888
2749;20518045000;19711600000;20211600000
2750;20518061000;19711844444;20211844444
2752;20518062000;19711844444;20211844444
2753;20550409000;19753255555;20253255555
2754;20550412000;19753255555;20253255555
2755;20550413000;19753255555;20253255555
2756;20550414000;19753255555;20253255555
2758;20550415000;19753255555;20253255555
2759;20550416000;19753255555;20253255555
2761;20550537000;19753555555;20253555555
2762;20550541000;19753555555;20253555555
2763;20550542000;19753555555;20253555555
2764;20584403000;19794955555;20294955555
2818;20773049000;19961900000;20461900000
2820;20815182000;20003255555;20503255555
2821;20815186000;20003255555;20503255555
2822;20815187000;20003255555;20503255555
2823;20815187000;20003255555;20503255555
2824;20815188000;20003255555;20503255555
2825;20815189000;20003255555;20503255555
2826;20815387000;20003266666;20503266666
2827;20815403000;20003555555;20503555555
2829;20815404000;20003555555;20503555555
2831;20841871000;20044922222;20544922222
2832;20841874000;20044922222;20544922222
2833;20841875000;20044922222;20544922222
2834;20841876000;20044922222;20544922222
2835;20841877000;20044922222;20544922222
2837;20842075000;20044933333;20544933333
2838;20842091000;20045200000;20545200000
2839;20842092000;20045200000;20545200000
2840;20842093000;20045200000;20545200000
2841;20872388000;20086588888;20586588888
2843;20872392000;20086588888;20586588888
2847;20872393000;20086588888;20586588888
2848;20920200000;20086600000;20586600000
2896;21116834000;20294933333;20794933333
2897;21116846000;20294933333;20794933333
2898;21116847000;20294933333;20794933333
2899;21116848000;20294933333;20794933333
2900;21116849000;20294933333;20794933333
2901;21116850000;20294933333;20794933333
2902;21116851000;20294933333;20794933333
2905;21116962000;20295244444;20795244444
2908;21151364000;20336600000;20836600000
2909;21151367000;20336600000;20836600000
2910;21151368000;20336600000;20836600000
2913;21151369000;20336600000;20836600000
2914;21151488000;20336611111;20836611111
2915;21151495000;20336877777;20836877777
2917;21151496000;20336877777;20836877777
2918;21176270000;20378266666;20878266666
2966;21346136000;20544933333;21044933333
2976;21381906000;20586600000;21086600000
2977;21381910000;20586600000;21086600000
2978;21381911000;20586600000;21086600000
2979;21381912000;20586600000;21086600000
2980;21383890000;20586611111;21086611111
2981;21383905000;20586888888;21086888888
2982;21383906000;20586888888;21086888888
2983;21383907000;20586888888;21086888888
2984;21411684000;20628266666;21128266666
2985;21411688000;20628266666;21128266666
2987;21418748000;20628266666;21128266666
2988;21418770000;20628266666;21128266666
2989;21418771000;20628266666;21128266666
2990;21418771000;20628266666;21128266666
2991;21419015000;20628277777;21128277777
2992;21419030000;20628555555;21128555555
2993;21419032000;20628555555;21128555555
2994;21419033000;20628555555;21128555555
2996;21444684000;20669933333;21169933333
2997;21444687000;20669933333;21169933333
2998;21444688000;20669933333;21169933333
3000;21444689000;20669933333;21169933333
3001;21444690000;20669933333;21169933333
3002;21490159000;20669944444;21169944444
3055;21490175000;20878255555;21378255555
3057;21690437000;20878266666;21378266666
3060;21690453000;20878555555;21378555555
3061;21724153000;20919922222;21419922222
3062;21724156000;20919922222;21419922222
3063;21724157000;20919922222;21419922222
3064;21724158000;20919922222;21419922222
3065;21724159000;20919922222;21419922222
3066;21724160000;20919922222;21419922222
3067;21724161000;20919922222;21419922222
3068;21724359000;20919933333;21419933333
3069;21724374000;20920211111;21420211111
3070;21724376000;20920211111;21420211111
3072;21752860000;20961600000;21461600000
3073;21752864000;20961600000;21461600000
3074;21752865000;20961600000;21461600000
3075;21752866000;20961600000;21461600000
3076;21752867000;20961600000;21461600000
3077;21752868000;20961600000;21461600000
3078;21752868000;20961600000;21461600000
3079;21752987000;20961611111;21461611111
3080;21753002000;20961888888;21461888888
3082;21753004000;20961888888;21461888888
3083;21776057000;21003266666;21503266666
3101;21865448000;21044944444;21544944444
3137;21865453000;21170244444;21670244444
3138;22018126000;21211588888;21711588888
3139;22018130000;21211588888;21711588888
3140;22018131000;21211588888;21711588888
3141;22018132000;21211588888;21711588888
3142;22018133000;21211588888;21711588888
3143;22018134000;21211588888;21711588888
3144;22018134000;21211588888;21711588888
3145;22018332000;21211600000;21711600000
3146;22018347000;21211855555;21711855555
3147;22018348000;21211855555;21711855555
3148;22018349000;21211855555;21711855555
3150;22052357000;21253266666;21753266666
3151;22052360000;21253266666;21753266666
3152;22052361000;21253266666;21753266666
3153;22052362000;21253266666;21753266666
3154;22052363000;21253266666;21753266666
3155;22052364000;21253266666;21753266666
3157;22052374000;21253566666;21753566666
3158;22052375000;21253566666;21753566666
3159;22052386000;21253566666;21753566666
3160;22086291000;21294966666;21794966666
3216;22321683000;21503255555;22003255555
3218;22372875000;21503255555;22003255555
3219;22372878000;21503255555;22003255555
3220;22372880000;21503255555;22003255555
3221;22372881000;21503255555;22003255555
3222;22373110000;21503266666;22003266666
3223;22373144000;21503555555;22003555555
3225;22373146000;21503555555;22003555555
3226;22373160000;21544933333;22044933333
3227;22373171000;21544933333;22044933333
3228;22373172000;21544933333;22044933333
3229;22373173000;21544933333;22044933333
3230;22373174000;21544933333;22044933333
3231;22373175000;21544933333;22044933333
3232;22373176000;21544933333;22044933333
3233;22373282000;21544944444;22044944444
3234;22373297000;21545222222;22045222222
3235;22373298000;21545222222;22045222222
3236;22373299000;21545222222;22045222222
3237;22379953000;21586600000;22086600000
3287;22549325000;21753266666;22253266666
3295;22588882000;21794933333;22294933333
3297;22588886000;21794933333;22294933333
3298;22588887000;21794933333;22294933333
3299;22589068000;21794955555;22294955555
3300;22589083000;21795222222;22295222222
3302;22589085000;21795222222;22295222222
3303;22626499000;21836600000;22336600000
3304;22626502000;21836600000;22336600000
3305;22626503000;21836600000;22336600000
3306;22626504000;21836600000;22336600000
3307;22626505000;21836600000;22336600000
3308;22626506000;21836600000;22336600000
3309;22626507000;21836600000;22336600000
3310;22626726000;21836611111;22336611111
3311;22626742000;21836888888;22336888888
3312;22626743000;21836888888;22336888888
3313;22626744000;21836888888;22336888888
3314;22658949000;21878266666;22378266666
3315;22658960000;21878266666;22378266666
3316;22658961000;21878266666;22378266666
3317;22658962000;21878266666;22378266666
3318;22658963000;21878266666;22378266666
3319;22658964000;21878266666;22378266666
3320;22673926000;21878266666;22378266666
3321;22724417000;21878277777;22378277777
3371;22724422000;22086588888;22586588888
3372;22724423000;22086588888;22586588888
3373;22724424000;22086588888;22586588888
3374;22724425000;22086588888;22586588888
3377;22914341000;22086888888;22586888888
3378;22914345000;22086888888;22586888888
3379;22914346000;22086888888;22586888888
3380;22950883000;22128266666;22628266666
3382;22975498000;22128266666;22628266666
3383;22975510000;22128266666;22628266666
3384;22975515000;22128266666;22628266666
3387;22975741000;22128277777;22628277777
3389;22975757000;22128577777;22628577777
3390;22975758000;22128577777;22628577777
3391;22975769000;22169933333;22669933333
3392;22975780000;22169933333;22669933333
3394;22975781000;22169933333;22669933333
3395;22975782000;22169933333;22669933333
3397;22975783000;22169933333;22669933333
3398;22975887000;22169944444;22669944444
3399;22975903000;22170222222;22670222222
3400;22975904000;22170222222;22670222222
3401;22975905000;22170222222;22670222222
3402;22999468000;22211600000;22711600000
3454;23034559000;22378611111;22878611111
3455;23034563000;22378611111;22878611111
3456;23034564000;22378611111;22878611111
3457;23058633000;22419933333;22919933333
3458;23058637000;22419933333;22919933333
3459;23058638000;22419933333;22919933333
3460;23058639000;22419933333;22919933333
3461;23058640000;22419933333;22919933333
3462;23058641000;22419933333;22919933333
3463;23058641000;22419933333;22919933333
3464;23058839000;22419944444;22919944444
3465;23058854000;22420222222;22920222222
3466;23058855000;22420222222;22920222222
3467;23058856000;22420222222;22920222222
3468;23083861000;22461588888;22961588888
3469;23083864000;22461588888;22961588888
3470;23083865000;22461588888;22961588888
3471;23083866000;22461588888;22961588888
3472;23083867000;22461588888;22961588888
3473;23083868000;22461588888;22961588888
3474;23083869000;22461588888;22961588888
3475;23084037000;22461600000;22961600000
3476;23169533000;22461888888;22961888888
3477;23172362000;22461888888;22961888888
3478;23244090000;22461888888;22961888888
3481;23326086000;22503255555;23003255555
3534;23522631000;22711588888;23211588888
3535;23522635000;22711588888;23211588888
3536;23522636000;22711588888;23211588888
3537;23522637000;22711588888;23211588888
3539;23522638000;22711588888;23211588888
3541;23522846000;22711600000;23211600000
3542;23522861000;22711855555;23211855555
3543;23522863000;22711855555;23211855555
3544;23522863000;22711855555;23211855555
3545;23555230000;22753266666;23253266666
3547;23577562000;22753266666;23253266666
3548;23577566000;22753266666;23253266666
3549;23577567000;22753266666;23253266666
3550;23577574000;22753266666;23253266666
3551;23577576000;22753266666;23253266666
3552;23577845000;22753277777;23253277777
3553;23577861000;22753566666;23253566666
3555;23577864000;22753566666;23253566666
3556;23583146000;22794966666;23294966666
3603;23789935000;22961600000;23461600000
3611;23877503000;23003255555;23503255555
3612;23877507000;23003255555;23503255555
3613;23877508000;23003255555;23503255555
3614;23877524000;23003255555;23503255555
3615;23877525000;23003255555;23503255555
3616;23877526000;23003255555;23503255555
3617;23877527000;23003255555;23503255555
3618;23877681000;23003266666;23503266666
3620;23877697000;23003566666;23503566666
3621;23877699000;23003566666;23503566666
3623;23877709000;23044933333;23544933333
3624;23877711000;23044933333;23544933333
3625;23877711000;23044933333;23544933333
3626;23877723000;23044933333;23544933333
3627;23877724000;23044933333;23544933333
3628;23877725000;23044933333;23544933333
3629;23877859000;23044944444;23544944444
3630;23877866000;23045211111;23545211111
3631;23877869000;23045211111;23545211111
3632;23877870000;23045211111;23545211111
3633;23879555000;23086600000;23586600000
3638;23879567000;23086600000;23586600000
3639;23879568000;23086600000;23586600000
3642;23879726000;23086900000;23586900000
3645;23912180000;23128266666;23628266666
3685;23932494000;23253577777;23753577777
3686;23932496000;23253577777;23753577777
3687;23932497000;23253577777;23753577777
3688;23978927000;23294922222;23794922222
3689;23978929000;23294922222;23794922222
3690;23978930000;23294922222;23794922222
3691;23978940000;23294922222;23794922222
3693;23978941000;23294922222;23794922222
3694;23978942000;23294922222;23794922222
3695;23979148000;23294944444;23794944444
3696;23979151000;23295222222;23795222222
3697;23979152000;23295222222;23795222222
3698;23979153000;23295222222;23795222222
3699;23981688000;23336588888;23836588888
3702;23981700000;23336588888;23836588888
3703;23981700000;23336588888;23836588888
3704;23981701000;23336588888;23836588888
3705;23981702000;23336588888;23836588888
3706;23981916000;23336600000;23836600000
3707;23981919000;23336877777;23836877777
3708;23981920000;23336877777;23836877777
3709;23981921000;23336877777;23836877777
3711;24005365000;23378255555;23878255555
3712;24071782000;23378255555;23878255555
3713;24072385000;23378255555;23878255555
3714;24074869000;23378255555;23878255555
3715;24146401000;23378255555;23878255555
3716;24146591000;23378255555;23878255555
3719;24228455000;23378566666;23878566666
3765;24424608000;23586588888;24086588888
3767;24447247000;23586588888;24086588888
3768;24447250000;23586588888;24086588888
3769;24447253000;23586588888;24086588888
3771;24447254000;23586588888;24086588888
3772;24447453000;23586600000;24086600000
3773;24447469000;23586911111;24086911111
3774;24447487000;23586911111;24086911111
3776;24452799000;23628266666;24128266666
3777;24452802000;23628266666;24128266666
3778;24452803000;23628266666;24128266666
3780;24452804000;23628266666;24128266666
3781;24452805000;23628266666;24128266666
3782;24452806000;23628266666;24128266666
3783;24452942000;23628277777;24128277777
3784;24452945000;23628566666;24128566666
3785;24452946000;23628566666;24128566666
3786;24452947000;23628566666;24128566666
3787;24471441000;23669933333;24169933333
3788;24471443000;23669933333;24169933333
3791;24471444000;23669933333;24169933333
3792;24471445000;23669933333;24169933333
3793;24471446000;23669933333;24169933333
3794;24471585000;23669944444;24169944444
3795;24471588000;23670211111;24170211111
3796;24471589000;23670211111;24170211111
3797;24478542000;23670211111;24170211111
3798;24498154000;23711600000;24211600000
3848;24692451000;23878300000;24378300000
3850;24779403000;23878633333;24378633333
3852;24779419000;23878633333;24378633333
3853;24779431000;23919922222;24419922222
3854;24779432000;23919922222;24419922222
3855;24779433000;23919922222;24419922222
3856;24779435000;23919922222;24419922222
3857;24779437000;23919922222;24419922222
3858;24779438000;23919922222;24419922222
3859;24779440000;23919922222;24419922222
3860;24779589000;23919933333;24419933333
3862;24779607000;23920222222;24420222222
3863;24779609000;23920222222;24420222222
3864;24779623000;23961600000;24461600000
3865;24779625000;23961600000;24461600000
3866;24779631000;23961600000;24461600000
3867;24779634000;23961600000;24461600000
3869;24779636000;23961600000;24461600000
3870;24779638000;23961600000;24461600000
3871;24779757000;23961611111;24461611111
3872;24779772000;23961911111;24461911111
3873;24779774000;23961911111;24461911111
3874;24779774000;23961911111;24461911111
3875;24788186000;24003266666;24503266666
3927;24991038000;24170244444;24670244444
3931;25029848000;24211588888;24711588888
3932;25029851000;24211588888;24711588888
3933;25029852000;24211588888;24711588888
3934;25029853000;24211588888;24711588888
3936;25029854000;24211588888;24711588888
3937;25030053000;24211600000;24711600000
3938;25030068000;24211888888;24711888888
3939;25030069000;24211888888;24711888888
3940;25030070000;24211888888;24711888888
3941;25060485000;24253266666;24753266666
3943;25060489000;24253266666;24753266666
3944;25060490000;24253266666;24753266666
3946;25060491000;24253266666;24753266666
3947;25060491000;24253266666;24753266666
3948;25060690000;24253277777;24753277777
3949;25060705000;24253566666;24753566666
3950;25060714000;24253566666;24753566666
3951;25060715000;24253566666;24753566666
3952;25080164000;24294944444;24794944444
3953;25080166000;24294944444;24794944444
3954;25080167000;24294944444;24794944444
3956;25080169000;24294944444;24794944444
3957;25080170000;24294944444;24794944444
3958;25080180000;24294944444;24794944444
3959;25130395000;24294966666;24794966666
4006;25130399000;24461877777;24961877777
4009;25326204000;24503255555;25003255555
4011;25326207000;24503255555;25003255555
4012;25326209000;24503255555;25003255555
4013;25326209000;24503255555;25003255555
4014;25326622000;24503266666;25003266666
4015;25326637000;24503588888;25003588888
4016;25326638000;24503588888;25003588888
4017;25326639000;24503588888;25003588888
4018;25360730000;24544933333;25044933333
4019;25360733000;24544933333;25044933333
4020;25360734000;24544933333;25044933333
4021;25360735000;24544933333;25044933333
4022;25360736000;24544933333;25044933333
4023;25360737000;24544933333;25044933333
4024;25360738000;24544933333;25044933333
4025;25360936000;24544944444;25044944444
4026;25360952000;24545222222;25045222222
4027;25360953000;24545222222;25045222222
4028;25360954000;24545222222;25045222222
4029;25374613000;24586600000;25086600000
4030;25374617000;24586600000;25086600000
4031;25374618000;24586600000;25086600000
4032;25374618000;24586600000;25086600000
4033;25374619000;24586600000;25086600000
4034;25380548000;24586600000;25086600000
4037;25431253000;24586922222;25086922222
4080;25591117000;24753277777;25253277777
4082;25681179000;24753566666;25253566666
4083;25681182000;24753566666;25253566666
4084;25681292000;24794944444;25294944444
4085;25681296000;24794944444;25294944444
4087;25681307000;24794944444;25294944444
4088;25681308000;24794944444;25294944444
4089;25681309000;24794944444;25294944444
4093;25681320000;24795266666;25295266666
4094;25681321000;24795266666;25295266666
4095;25681326000;24836588888;25336588888
4096;25681328000;24836588888;25336588888
4097;25681330000;24836588888;25336588888
4099;25681331000;24836588888;25336588888
4100;25681333000;24836588888;25336588888
4101;25681334000;24836588888;25336588888
4102;25681458000;24836600000;25336600000
4103;25681484000;24836888888;25336888888
4104;25681485000;24836888888;25336888888
4105;25681486000;24836888888;25336888888
4106;25692238000;24878255555;25378255555
4163;25928181000;25086600000;25586600000
4165;25981707000;25086600000;25586600000
4166;25981720000;25086600000;25586600000
4167;25981722000;25086600000;25586600000
4168;25981960000;25086611111;25586611111
4169;25981977000;25086900000;25586900000
4170;25981979000;25086900000;25586900000
4171;25981981000;25086900000;25586900000
4172;25982006000;25128266666;25628266666
4173;25982009000;25128266666;25628266666
4174;25982010000;25128266666;25628266666
4175;25982011000;25128266666;25628266666
4176;25982012000;25128266666;25628266666
4178;25982013000;25128266666;25628266666
4179;25982126000;25128277777;25628277777
4180;25982142000;25128577777;25628577777
4181;25982143000;25128577777;25628577777
4182;25982144000;25128577777;25628577777
4183;25982155000;25169933333;25669933333
4184;25982156000;25169933333;25669933333
4185;25982166000;25169933333;25669933333
4187;25982167000;25169933333;25669933333
4188;25982168000;25169933333;25669933333
4189;25982169000;25169933333;25669933333
4190;25982299000;25169944444;25669944444
4191;25982316000;25170222222;25670222222
4193;25982317000;25170222222;25670222222
4194;26003561000;25211622222;25711622222
4241;26118851000;25378277777;25878277777
4242;26118854000;25378277777;25878277777
4244;26118855000;25378277777;25878277777
4245;26118974000;25378288888;25878288888
4247;26159341000;25378600000;25878600000
4248;26159354000;25378600000;25878600000
4249;26159463000;25419922222;25919922222
4250;26159467000;25419922222;25919922222
4251;26159468000;25419922222;25919922222
4252;26159469000;25419922222;25919922222
4253;26159469000;25419922222;25919922222
4254;26159478000;25419922222;25919922222
4255;26159479000;25419922222;25919922222
4256;26159554000;25419933333;25919933333
4257;26159557000;25420233333;25920233333
4259;26159566000;25420233333;25920233333
4260;26198583000;25461600000;25961600000
4261;26198587000;25461600000;25961600000
4262;26198588000;25461600000;25961600000
4263;26198589000;25461600000;25961600000
4264;26198590000;25461600000;25961600000
4265;26198591000;25461600000;25961600000
4266;26198592000;25461600000;25961600000
4267;26198789000;25461611111;25961611111
4268;26198805000;25461888888;25961888888
4269;26252762000;25461888888;25961888888
4270;26253106000;25461888888;25961888888
4271;26332575000;25503266666;26003266666
4318;26494572000;25669933333;26169933333
4320;26583883000;25669933333;26169933333
4321;26583885000;25669933333;26169933333
4322;26584147000;25669944444;26169944444
4324;26584154000;25670222222;26170222222
4325;26584155000;25670222222;26170222222
4327;26584166000;25711600000;26211600000
4328;26584167000;25711600000;26211600000
4329;26584178000;25711600000;26211600000
4330;26584179000;25711600000;26211600000
4331;26584180000;25711600000;26211600000
4332;26584181000;25711600000;26211600000
4334;26584203000;25711866666;26211866666
4335;26584204000;25711866666;26211866666
4337;26584212000;25753266666;26253266666
4338;26584213000;25753266666;26253266666
4339;26584214000;25753266666;26253266666
4341;26584215000;25753266666;26253266666
4344;26584319000;25753277777;26253277777
4345;26584335000;25753566666;26253566666
4346;26584336000;25753566666;26253566666
4347;26584337000;25753566666;26253566666
4348;26593367000;25794933333;26294933333
4392;26661867000;25961600000;26461600000
4393;26661871000;25961600000;26461600000
4395;26661872000;25961600000;26461600000
4396;26661873000;25961600000;26461600000
4397;26661874000;25961600000;26461600000
4399;26662088000;25961611111;26461611111
4400;26662103000;25961900000;26461900000
4402;26662104000;25961900000;26461900000
4403;26677270000;26003255555;26503255555
4404;26677273000;26003255555;26503255555
4405;26677274000;26003255555;26503255555
4406;26677275000;26003255555;26503255555
4407;26677276000;26003255555;26503255555
4408;26677277000;26003255555;26503255555
4409;26677278000;26003255555;26503255555
4410;26677491000;26003277777;26503277777
4411;26677497000;26003611111;26503611111
4413;26677499000;26003611111;26503611111
4416;26694248000;26044955555;26544955555
4418;26694251000;26044955555;26544955555
4419;26694253000;26044955555;26544955555
4420;26694254000;26044955555;26544955555
4422;26829836000;26045244444;26545244444
4423;26829840000;26045244444;26545244444
4424;26829841000;26045244444;26545244444
4425;26871063000;26086600000;26586600000
4426;26871066000;26086600000;26586600000
4427;26871067000;26086600000;26586600000
4428;26871068000;26086600000;26586600000
4429;26871069000;26086600000;26586600000
4433;26934937000;26086900000;26586900000
4474;27096744000;26253266666;26753266666
4480;27134279000;26294922222;26794922222
4482;27134283000;26294922222;26794922222
4483;27134284000;26294922222;26794922222
4484;27134285000;26294922222;26794922222
4487;27134483000;26294944444;26794944444
4488;27134489000;26295211111;26795211111
4489;27134490000;26295211111;26795211111
4490;27134491000;26295211111;26795211111
4492;27168751000;26336600000;26836600000
4493;27168754000;26336600000;26836600000
4494;27168755000;26336600000;26836600000
4495;27168756000;26336600000;26836600000
4496;27168757000;26336600000;26836600000
4497;27168758000;26336600000;26836600000
4498;27168877000;26336611111;26836611111
4499;27168892000;26336877777;26836877777
4500;27168893000;26336877777;26836877777
4501;27168894000;26336877777;26836877777
4502;27193134000;26378266666;26878266666
4554;27396353000;26545211111;27045211111
4557;27431015000;26586600000;27086600000
4558;27431019000;26586600000;27086600000
4559;27431020000;26586600000;27086600000
4560;27431021000;26586600000;27086600000
4561;27431022000;26586600000;27086600000
4562;27431023000;26586600000;27086600000
4563;27431023000;26586600000;27086600000
4565;27431657000;26586911111;27086911111
4566;27431660000;26586911111;27086911111
4567;27431661000;26586911111;27086911111
4568;27467431000;26628255555;27128255555
4569;27467435000;26628255555;27128255555
4570;27467443000;26628255555;27128255555
4571;27467444000;26628255555;27128255555
4572;27467445000;26628255555;27128255555
4573;27467446000;26628255555;27128255555
4574;27467447000;26628255555;27128255555
4576;27467558000;26628555555;27128555555
4577;27467561000;26628555555;27128555555
4578;27467562000;26628555555;27128555555
4579;27496120000;26669933333;27169933333
4634;27600007000;26878266666;27378266666
4636;27600011000;26878266666;27378266666
4637;27600012000;26878266666;27378266666
4638;27600013000;26878266666;27378266666
4639;27600014000;26878266666;27378266666
4640;27600015000;26878266666;27378266666
4641;27600098000;26878277777;27378277777
4642;27600104000;26878566666;27378566666
4643;27600106000;26878566666;27378566666
4645;27600387000;26919922222;27419922222
4646;27600391000;26919922222;27419922222
4647;27600392000;26919922222;27419922222
4648;27600393000;26919922222;27419922222
4649;27600394000;26919922222;27419922222
4650;27600395000;26919922222;27419922222
4651;27600396000;26919922222;27419922222
4652;27600486000;26919933333;27419933333
4653;27600492000;26920211111;27420211111
4654;27600493000;26920211111;27420211111
4655;27600494000;26920211111;27420211111
4656;27624942000;26961600000;27461600000
4658;27681542000;26961600000;27461600000
4659;27681713000;26961600000;27461600000
4660;27681716000;26961600000;27461600000
4661;27682180000;26961600000;27461600000
4662;27682566000;26961600000;27461600000
4663;27732855000;26961611111;27461611111
4664;27756159000;26961888888;27461888888
4665;27756406000;26961888888;27461888888
4668;27847911000;27003266666;27503266666
4714;28008136000;27169933333;27669933333
4717;28008140000;27169933333;27669933333
4718;28008339000;27169944444;27669944444
4719;28008354000;27170211111;27670211111
4720;28008356000;27170211111;27670211111
4721;28008356000;27170211111;27670211111
4722;28040903000;27211588888;27711588888
4723;28040907000;27211588888;27711588888
4724;28040908000;27211588888;27711588888
4725;28040909000;27211588888;27711588888
4726;28040909000;27211588888;27711588888
4727;28040910000;27211588888;27711588888
4728;28040911000;27211588888;27711588888
4729;28041111000;27211600000;27711600000
4730;28041126000;27211877777;27711877777
4731;28041127000;27211877777;27711877777
4732;28041128000;27211877777;27711877777
4733;28069460000;27253255555;27753255555
4734;28069463000;27253255555;27753255555
4735;28069464000;27253255555;27753255555
4736;28069465000;27253255555;27753255555
4737;28069466000;27253255555;27753255555
4738;28069483000;27253255555;27753255555
4739;28069484000;27253255555;27753255555
4740;28069639000;27253266666;27753266666
4741;28069642000;27253566666;27753566666
4743;28069643000;27253566666;27753566666
4744;28089501000;27294922222;27794922222
4755;28124751000;27336644444;27836644444
4791;28300414000;27461600000;27961600000
4797;28300532000;27461900000;27961900000
4798;28300536000;27461900000;27961900000
4799;28335389000;27503255555;28003255555
4800;28335393000;27503255555;28003255555
4801;28335394000;27503255555;28003255555
4802;28335395000;27503255555;28003255555
4803;28335396000;27503255555;28003255555
4805;28335397000;27503255555;28003255555
4806;28335595000;27503266666;28003266666
4807;28335611000;27503577777;28003577777
4808;28335612000;27503577777;28003577777
4809;28335613000;27503577777;28003577777
4810;28368004000;27544933333;28044933333
4812;28368008000;27544933333;28044933333
4813;28368009000;27544933333;28044933333
4815;28368010000;27544933333;28044933333
4816;28368010000;27544933333;28044933333
4817;28368209000;27544944444;28044944444
4818;28368224000;27545233333;28045233333
4819;28368225000;27545233333;28045233333
4820;28368226000;27545233333;28045233333
4821;28393676000;27586600000;28086600000
4865;28602442000;27753266666;28253266666
4875;28602553000;27753577777;28253577777
4876;28637962000;27794922222;28294922222
4877;28637965000;27794922222;28294922222
4878;28637966000;27794922222;28294922222
4879;28637967000;27794922222;28294922222
4880;28637968000;27794922222;28294922222
4881;28637969000;27794922222;28294922222
4882;28637970000;27794922222;28294922222
4883;28638176000;27794944444;28294944444
4886;28638192000;27795244444;28295244444
4887;28664405000;27836600000;28336600000
4888;28664409000;27836600000;28336600000
4889;28664410000;27836600000;28336600000
4891;28664411000;27836600000;28336600000
4892;28664412000;27836600000;28336600000
4893;28664413000;27836600000;28336600000
4894;28664608000;27836611111;28336611111
4895;28664623000;27836955555;28336955555
4898;28695440000;27878266666;28378266666
4949;28897268000;28044944444;28544944444
4958;28935204000;28086622222;28586622222
4959;28935217000;28086622222;28586622222
4960;28935415000;28086633333;28586633333
4961;28935430000;28086966666;28586966666
4962;28935431000;28086966666;28586966666
4963;28935432000;28086966666;28586966666
4964;28969573000;28128255555;28628255555
4965;28969577000;28128255555;28628255555
4966;28969578000;28128255555;28628255555
4967;28969579000;28128255555;28628255555
4968;28969579000;28128255555;28628255555
4969;28969580000;28128255555;28628255555
4970;28969581000;28128255555;28628255555
4971;28969779000;28128266666;28628266666
4972;28969795000;28128588888;28628588888
4973;28969796000;28128588888;28628588888
4974;28969797000;28128588888;28628588888
4975;28992205000;28169933333;28669933333
4992;29081001000;28211600000;28711600000
5030;29237791000;28378266666;28878266666
5035;29237795000;28378266666;28878266666
5036;29237796000;28378266666;28878266666
5037;29237950000;28378277777;28878277777
5038;29237956000;28378588888;28878588888
5039;29237957000;28378588888;28878588888
5040;29237958000;28378588888;28878588888
5041;29262131000;28419922222;28919922222
5042;29262134000;28419922222;28919922222
5043;29262135000;28419922222;28919922222
5044;29262136000;28419922222;28919922222
5045;29262137000;28419922222;28919922222
5046;29262138000;28419922222;28919922222
5047;29262139000;28419922222;28919922222
5048;29262352000;28419933333;28919933333
5049;29262355000;28420211111;28920211111
5050;29262356000;28420211111;28920211111
5052;29285885000;28461600000;28961600000
5053;29285889000;28461600000;28961600000
5054;29285890000;28461600000;28961600000
5055;29285890000;28461600000;28961600000
5056;29285891000;28461600000;28961600000
5057;29285892000;28461600000;28961600000
5058;29285893000;28461600000;28961600000
5059;29285998000;28461611111;28961611111
5060;29286004000;28461888888;28961888888
5061;29286005000;28461888888;28961888888
5062;29286006000;28461888888;28961888888
5063;29314546000;28503266666;29003266666
5106;29343415000;28628566666;29128566666
5107;29389452000;28669933333;29169933333
5108;29389456000;28669933333;29169933333
5109;29389457000;28669933333;29169933333
5110;29389458000;28669933333;29169933333
5111;29389459000;28669933333;29169933333
5112;29389460000;28669933333;29169933333
5113;29389461000;28669933333;29169933333
5114;29389673000;28669944444;29169944444
5115;29389689000;28670222222;29170222222
5116;29389690000;28670222222;29170222222
5117;29389691000;28670222222;29170222222
5118;29394768000;28711588888;29211588888
5119;29394771000;28711588888;29211588888
5120;29394772000;28711588888;29211588888
5121;29394773000;28711588888;29211588888
5122;29394774000;28711588888;29211588888
5123;29394775000;28711588888;29211588888
5124;29394776000;28711588888;29211588888
5125;29394950000;28711600000;29211600000
5126;29394955000;28711855555;29211855555
5127;29394956000;28711855555;29211855555
5128;29394957000;28711855555;29211855555
5130;29535049000;28753266666;29253266666
5131;29535052000;28753266666;29253266666
5132;29535053000;28753266666;29253266666
5133;29535054000;28753266666;29253266666
5135;29535055000;28753266666;29253266666
5136;29535174000;28753277777;29253277777
5137;29535189000;28753566666;29253566666
5138;29535191000;28753566666;29253566666
5139;29535192000;28753566666;29253566666
5140;29576504000;28794955555;29294955555
5141;29576517000;28794955555;29294955555
5142;29576518000;28794955555;29294955555
5143;29589763000;28794955555;29294955555
5144;29590098000;28794955555;29294955555
5145;29590389000;28794955555;29294955555
5148;29641270000;28795255555;29295255555
5182;29765168000;28920233333;29420233333
5183;29765179000;28920233333;29420233333
5184;29802450000;28961600000;29461600000
5196;29838152000;29003255555;29503255555
5197;29838155000;29003255555;29503255555
5198;29838156000;29003255555;29503255555
5200;29838157000;29003255555;29503255555
5201;29838158000;29003255555;29503255555
5202;29838371000;29003266666;29503266666
5203;29838386000;29003566666;29503566666
5204;29838388000;29003566666;29503566666
5205;29838389000;29003566666;29503566666
5206;29862377000;29044933333;29544933333
5207;29862380000;29044933333;29544933333
5208;29862381000;29044933333;29544933333
5209;29862382000;29044933333;29544933333
5210;29862383000;29044933333;29544933333
5211;29862384000;29044933333;29544933333
5212;29862385000;29044933333;29544933333
5213;29862610000;29044944444;29544944444
5214;29862626000;29045222222;29545222222
5215;29862627000;29045222222;29545222222
5216;29862628000;29045222222;29545222222
5217;29893767000;29086600000;29586600000
5229;29922489000;29128266666;29628266666
5264;29982445000;29253266666;29753266666
5265;29982449000;29253266666;29753266666
5266;29982450000;29253266666;29753266666
5267;29982451000;29253266666;29753266666
5268;29982648000;29253277777;29753277777
5269;29982663000;29253577777;29753577777
5270;29982665000;29253577777;29753577777
5271;29982665000;29253577777;29753577777
5272;29982677000;29294955555;29794955555
5273;29982678000;29294955555;29794955555
5274;29982689000;29294955555;29794955555
5275;29982690000;29294955555;29794955555
5276;29982691000;29294955555;29794955555
5278;29982692000;29294955555;29794955555
5279;29982766000;29294977777;29794977777
5280;29982768000;29295288888;29795288888
5281;29982769000;29295288888;29795288888
5282;29982770000;29295288888;29795288888
5283;30002778000;29336666666;29836666666
5284;30002781000;29336666666;29836666666
5285;30085558000;29336666666;29836666666
5286;30085907000;29336666666;29836666666
5287;30086182000;29336666666;29836666666
5288;30086184000;29336666666;29836666666
5289;30086486000;29336666666;29836666666
5290;30136012000;29336677777;29836677777
5291;30136028000;29336988888;29836988888
5292;30136029000;29336988888;29836988888
5293;30136030000;29336988888;29836988888
5294;30177430000;29378255555;29878255555
5295;30177434000;29378255555;29878255555
5296;30177434000;29378255555;29878255555
5297;30177436000;29378255555;29878255555
5298;30177437000;29378255555;29878255555
5299;30177437000;29378255555;29878255555
5300;30192301000;29378255555;29878255555
5301;30242262000;29378266666;29878266666
5339;30242277000;29544933333;30044933333
5342;30386338000;29544933333;30044933333
5343;30386341000;29544933333;30044933333
5344;30386342000;29544933333;30044933333
5345;30400495000;29544944444;30044944444
5353;30400501000;29586600000;30086600000
5354;30400502000;29586600000;30086600000
5355;30400503000;29586600000;30086600000
5356;30435456000;29586611111;30086611111
5357;30435478000;29586911111;30086911111
5358;30435479000;29586911111;30086911111
5359;30435480000;29586911111;30086911111
5361;30470225000;29628255555;30128255555
5362;30470228000;29628255555;30128255555
5364;30470229000;29628255555;30128255555
5365;30470230000;29628255555;30128255555
5366;30470231000;29628255555;30128255555
5367;30470349000;29628266666;30128266666
5368;30470364000;29628566666;30128566666
5369;30470366000;29628566666;30128566666
5370;30470367000;29628566666;30128566666
5371;30500972000;29669933333;30169933333
5415;30706250000;29836600000;30336600000
5428;30742097000;29878266666;30378266666
5430;30742101000;29878266666;30378266666
5431;30742102000;29878266666;30378266666
5432;30742103000;29878266666;30378266666
5433;30742306000;29878277777;30378277777
5434;30742324000;29878577777;30378577777
5435;30742325000;29878577777;30378577777
5436;30742326000;29878577777;30378577777
5437;30778409000;29919922222;30419922222
5438;30778412000;29919922222;30419922222
5439;30778413000;29919922222;30419922222
5440;30778414000;29919922222;30419922222
5441;30778415000;29919922222;30419922222
5442;30778416000;29919922222;30419922222
5443;30778417000;29919922222;30419922222
5445;30778532000;29920233333;30420233333
5446;30778544000;29920233333;30420233333
5447;30778544000;29920233333;30420233333
5448;30806891000;29961600000;30461600000
5480;30833768000;30045411111;30545411111
5481;30863919000;30086600000;30586600000
5482;30863922000;30086600000;30586600000
5483;30863923000;30086600000;30586600000
5484;30863924000;30086600000;30586600000
5485;30863925000;30086600000;30586600000
5486;30863926000;30086600000;30586600000
5487;30863927000;30086600000;30586600000
5488;30864138000;30086611111;30586611111
5489;30864141000;30086922222;30586922222
5490;30864142000;30086922222;30586922222
5491;30864143000;30086922222;30586922222
5492;30875767000;30128255555;30628255555
5493;30875771000;30128255555;30628255555
5494;30875771000;30128255555;30628255555
5495;30875773000;30128255555;30628255555
5496;30875773000;30128255555;30628255555
5497;30875774000;30128255555;30628255555
5498;30875775000;30128255555;30628255555
5499;30875973000;30128266666;30628266666
