seqnum;now;rtptime;deadline
2;11500717000;10492722222;10992722222
3;11581738000;10523577777;11023577777
6;11581756000;10523577777;11023577777
7;11581758000;10523577777;11023577777
8;11581760000;10523577777;11023577777
9;11581761000;10523577777;11023577777
10;11582010000;10523588888;11023588888
11;11582026000;10523944444;11023944444
12;11582027000;10523944444;11023944444
13;11582029000;10523944444;11023944444
14;11623063000;10565233333;11065233333
16;11623169000;10565233333;11065233333
17;11623172000;10565233333;11065233333
22;11623293000;10565633333;11065633333
23;11623297000;10565633333;11065633333
25;11664449000;10606900000;11106900000
26;11664453000;10606900000;11106900000
27;11664454000;10606900000;11106900000
28;11900757000;10606900000;11106900000
33;11951466000;10607255555;11107255555
49;12034454000;10690233333;11190233333
50;12034458000;10690233333;11190233333
52;12034459000;10690233333;11190233333
53;12034460000;10690233333;11190233333
54;12034666000;10690255555;11190255555
55;12034681000;10690566666;11190566666
56;12034682000;10690566666;11190566666
57;12034683000;10690566666;11190566666
58;12075168000;10731900000;11231900000
59;12075171000;10731900000;11231900000
60;12075172000;10731900000;11231900000
61;12075173000;10731900000;11231900000
62;12075174000;10731900000;11231900000
63;12075175000;10731900000;11231900000
64;12075176000;10731900000;11231900000
65;12075381000;10731911111;11231911111
66;12075396000;10732211111;11232211111
67;12075397000;10732211111;11232211111
68;12075398000;10732211111;11232211111
69;12114864000;10773566666;11273566666
70;12114868000;10773566666;11273566666
71;12114869000;10773566666;11273566666
72;12301229000;10773566666;11273566666
73;12301247000;10773566666;11273566666
74;12301248000;10773566666;11273566666
75;12301253000;10773566666;11273566666
76;12351718000;10773588888;11273588888
94;12351734000;10856900000;11356900000
95;12351735000;10856900000;11356900000
96;12351736000;10856900000;11356900000
97;12351737000;10856900000;11356900000
98;12435025000;10856922222;11356922222
99;12435041000;10857222222;11357222222
100;12435053000;10857222222;11357222222
102;12475729000;10898566666;11398566666
103;12475732000;10898566666;11398566666
104;12475733000;10898566666;11398566666
105;12475735000;10898566666;11398566666
106;12475736000;10898566666;11398566666
107;12475737000;10898566666;11398566666
108;12475737000;10898566666;11398566666
109;12475865000;10898588888;11398588888
112;12475880000;10898833333;11398833333
113;12515399000;10940233333;11440233333
114;12515403000;10940233333;11440233333
115;12515404000;10940233333;11440233333
116;12515405000;10940233333;11440233333
117;12701828000;10940233333;11440233333
118;12701830000;10940233333;11440233333
119;12701832000;10940233333;11440233333
120;12759808000;10940255555;11440255555
142;12837496000;11023588888;11523588888
143;12837515000;11023866666;11523866666
144;12837517000;11023866666;11523866666
145;12837519000;11023866666;11523866666
146;12876304000;11065233333;11565233333
147;12876315000;11065233333;11565233333
148;12876316000;11065233333;11565233333
149;12876318000;11065233333;11565233333
150;12876320000;11065233333;11565233333
151;12876321000;11065233333;11565233333
152;12876323000;11065233333;11565233333
153;12876555000;11065255555;11565255555
154;12876572000;11065566666;11565566666
155;12876574000;11065566666;11565566666
156;12876575000;11065566666;11565566666
157;12915994000;11106900000;11606900000
159;12916082000;11106900000;11606900000
160;12916083000;11106900000;11606900000
161;12916085000;11106900000;11606900000
162;12916096000;11106900000;11606900000
163;12916097000;11106900000;11606900000
166;12916182000;11107233333;11607233333
167;13102337000;11107233333;11607233333
168;13152728000;11148566666;11648566666
200;13236118000;11232233333;11732233333
201;13276780000;11273566666;11773566666
202;13276783000;11273566666;11773566666
203;13276784000;11273566666;11773566666
204;13276786000;11273566666;11773566666
205;13276786000;11273566666;11773566666
206;13276788000;11273566666;11773566666
207;13276789000;11273566666;11773566666
208;13276988000;11273588888;11773588888
209;13277015000;11273877777;11773877777
210;13277017000;11273877777;11773877777
211;13277018000;11273877777;11773877777
212;13316435000;11315233333;11815233333
213;13316449000;11315233333;11815233333
214;13316450000;11315233333;11815233333
215;13316452000;11315233333;11815233333
216;13316453000;11315233333;11815233333
217;13316455000;11315233333;11815233333
218;13316456000;11315233333;11815233333
219;13316603000;11315244444;11815244444
220;13316607000;11315577777;11815577777
223;13355111000;11356900000;11856900000
224;13355114000;11356900000;11856900000
225;13502906000;11356900000;11856900000
226;13502911000;11356900000;11856900000
227;13502913000;11356900000;11856900000
228;13502915000;11356900000;11856900000
229;13502917000;11356900000;11856900000
230;13553434000;11356911111;11856911111
265;13553450000;11482277777;11982277777
266;13553451000;11482277777;11982277777
267;13718077000;11523566666;12023566666
268;13718091000;11523566666;12023566666
269;13718092000;11523566666;12023566666
270;13718094000;11523566666;12023566666
271;13718095000;11523566666;12023566666
272;13718096000;11523566666;12023566666
273;13718098000;11523566666;12023566666
274;13718247000;11523577777;12023577777
275;13718250000;11523855555;12023855555
276;13718252000;11523855555;12023855555
277;13718253000;11523855555;12023855555
278;13754959000;11565233333;12065233333
279;13754962000;11565233333;12065233333
280;13754963000;11565233333;12065233333
281;13754965000;11565233333;12065233333
282;13754966000;11565233333;12065233333
283;13754977000;11565233333;12065233333
284;13754978000;11565233333;12065233333
285;13755130000;11565244444;12065244444
286;13755133000;11565555555;12065555555
287;13903321000;11565555555;12065555555
288;13903331000;11565555555;12065555555
289;13953702000;11606900000;12106900000
324;14078178000;11731900000;12231900000
325;14078182000;11731900000;12231900000
326;14078183000;11731900000;12231900000
327;14078184000;11731900000;12231900000
328;14078185000;11731900000;12231900000
329;14078391000;11731911111;12231911111
330;14078406000;11732222222;12232222222
331;14078408000;11732222222;12232222222
332;14078409000;11732222222;12232222222
333;14117447000;11773566666;12273566666
334;14117461000;11773566666;12273566666
336;14117463000;11773566666;12273566666
337;14117464000;11773566666;12273566666
340;14117619000;11773577777;12273577777
341;14117623000;11773877777;12273877777
342;14117625000;11773877777;12273877777
343;14117627000;11773877777;12273877777
344;14154960000;11815233333;12315233333
345;14154963000;11815233333;12315233333
346;14154964000;11815233333;12315233333
347;14154966000;11815233333;12315233333
348;14154968000;11815233333;12315233333
349;14303806000;11815233333;12315233333
350;14303813000;11815233333;12315233333
351;14354276000;11815244444;12315244444
392;14354291000;11981888888;12481888888
393;14354293000;11981888888;12481888888
394;14354294000;11981888888;12481888888
395;14519014000;11981900000;12481900000
396;14519019000;11982211111;12482211111
397;14519020000;11982211111;12482211111
398;14519021000;11982211111;12482211111
399;14555867000;12023577777;12523577777
400;14555869000;12023577777;12523577777
401;14555870000;12023577777;12523577777
402;14555871000;12023577777;12523577777
403;14555873000;12023577777;12523577777
404;14555874000;12023577777;12523577777
405;14555875000;12023577777;12523577777
406;14556024000;12023588888;12523588888
407;14556027000;12023877777;12523877777
408;14556028000;12023877777;12523877777
409;14556029000;12023877777;12523877777
410;14590052000;12065233333;12565233333
411;14590055000;12065233333;12565233333
412;14590056000;12065233333;12565233333
414;14590205000;12065233333;12565233333
415;14704227000;12065233333;12565233333
416;14704230000;12065233333;12565233333
417;14754704000;12065244444;12565244444
459;14754720000;12231900000;12731900000
460;14754721000;12231900000;12731900000
461;14919009000;12231922222;12731922222
462;14919014000;12232188888;12732188888
463;14919015000;12232188888;12732188888
464;14919016000;12232188888;12732188888
465;14955885000;12273566666;12773566666
466;14955905000;12273566666;12773566666
467;14955906000;12273566666;12773566666
468;14955907000;12273566666;12773566666
469;14955908000;12273566666;12773566666
471;14955909000;12273566666;12773566666
472;14956047000;12273588888;12773588888
473;14956050000;12273855555;12773855555
474;14956051000;12273855555;12773855555
475;14956052000;12273855555;12773855555
476;14990082000;12315222222;12815222222
477;14990084000;12315222222;12815222222
478;14990085000;12315222222;12815222222
479;14990086000;12315222222;12815222222
480;14990087000;12315222222;12815222222
481;14990088000;12315222222;12815222222
482;14990089000;12315222222;12815222222
483;15155350000;12315233333;12815233333
540;15155371000;12523866666;13023866666
541;15155372000;12523866666;13023866666
542;15391716000;12565233333;13065233333
543;15391721000;12565233333;13065233333
544;15391722000;12565233333;13065233333
545;15391723000;12565233333;13065233333
546;15391725000;12565233333;13065233333
547;15391726000;12565233333;13065233333
548;15391727000;12565233333;13065233333
549;15391944000;12565255555;13065255555
550;15391960000;12565577777;13065577777
551;15391962000;12565577777;13065577777
552;15391963000;12565577777;13065577777
553;15420349000;12606900000;13106900000
554;15420354000;12606900000;13106900000
555;15420355000;12606900000;13106900000
556;15420356000;12606900000;13106900000
557;15420358000;12606900000;13106900000
558;15420359000;12606900000;13106900000
559;15420360000;12606900000;13106900000
560;15420577000;12606922222;13106922222
561;15420594000;12607200000;13107200000
562;15505313000;12607200000;13107200000
563;15505319000;12607200000;13107200000
564;15555683000;12648566666;13148566666
620;15758078000;12856900000;13356900000
621;15758082000;12856900000;13356900000
622;15758083000;12856900000;13356900000
623;15758084000;12856900000;13356900000
624;15758085000;12856900000;13356900000
625;15758086000;12856900000;13356900000
626;15758203000;12856911111;13356911111
627;15758219000;12857211111;13357211111
628;15758220000;12857211111;13357211111
629;15758221000;12857211111;13357211111
630;15792245000;12898577777;13398577777
631;15792249000;12898577777;13398577777
632;15792250000;12898577777;13398577777
633;15792251000;12898577777;13398577777
634;15792252000;12898577777;13398577777
635;15792253000;12898577777;13398577777
636;15792254000;12898577777;13398577777
637;15792470000;12898588888;13398588888
638;15792486000;12898833333;13398833333
639;15792488000;12898833333;13398833333
640;15792489000;12898833333;13398833333
641;15956193000;12940233333;13440233333
697;16158327000;13148555555;13648555555
698;16158331000;13148555555;13648555555
699;16158332000;13148555555;13648555555
700;16158334000;13148555555;13648555555
701;16158335000;13148555555;13648555555
702;16158335000;13148555555;13648555555
703;16158552000;13148577777;13648577777
704;16158568000;13148877777;13648877777
705;16158569000;13148877777;13648877777
706;16158570000;13148877777;13648877777
707;16191731000;13190233333;13690233333
708;16191735000;13190233333;13690233333
709;16191736000;13190233333;13690233333
710;16191738000;13190233333;13690233333
711;16191739000;13190233333;13690233333
712;16191740000;13190233333;13690233333
713;16191741000;13190233333;13690233333
714;16191958000;13190244444;13690244444
715;16191974000;13190566666;13690566666
716;16191976000;13190566666;13690566666
717;16191977000;13190566666;13690566666
718;16221376000;13231900000;13731900000
719;16221379000;13231900000;13731900000
720;16306311000;13231900000;13731900000
721;16306313000;13231900000;13731900000
722;16306318000;13231900000;13731900000
724;16306371000;13231900000;13731900000
725;16356812000;13231922222;13731922222
775;16356828000;13440233333;13940233333
776;16356829000;13440233333;13940233333
777;16356830000;13440233333;13940233333
782;16558066000;13440555555;13940555555
783;16558070000;13440555555;13940555555
784;16594198000;13481900000;13981900000
785;16594202000;13481900000;13981900000
786;16594203000;13481900000;13981900000
787;16594204000;13481900000;13981900000
788;16594205000;13481900000;13981900000
789;16594215000;13481900000;13981900000
790;16594216000;13481900000;13981900000
791;16594421000;13481911111;13981911111
792;16594436000;13482222222;13982222222
793;16594437000;13482222222;13982222222
794;16594438000;13482222222;13982222222
795;16623747000;13523555555;14023555555
796;16623750000;13523555555;14023555555
797;16623751000;13523555555;14023555555
798;16623752000;13523555555;14023555555
799;16706770000;13523555555;14023555555
800;16706773000;13523555555;14023555555
801;16706774000;13523555555;14023555555
802;16757244000;13523577777;14023577777
854;16757260000;13731900000;14231900000
855;16757261000;13731900000;14231900000
856;16757262000;13731900000;14231900000
857;16959379000;13731922222;14231922222
858;16959395000;13732211111;14232211111
859;16959396000;13732211111;14232211111
860;16959397000;13732211111;14232211111
861;16992674000;13773566666;14273566666
862;16992678000;13773566666;14273566666
863;16992679000;13773566666;14273566666
864;16992680000;13773566666;14273566666
865;16992681000;13773566666;14273566666
866;16992682000;13773566666;14273566666
867;16992683000;13773566666;14273566666
868;16992900000;13773588888;14273588888
869;16992916000;13773877777;14273877777
870;16992918000;13773877777;14273877777
871;16992919000;13773877777;14273877777
873;17022884000;13815233333;14315233333
874;17022887000;13815233333;14315233333
875;17022888000;13815233333;14315233333
876;17022889000;13815233333;14315233333
877;17022890000;13815233333;14315233333
881;17157901000;13815544444;14315544444
933;17360153000;14023555555;14523555555
934;17360373000;14023566666;14523566666
935;17360389000;14023900000;14523900000
936;17360390000;14023900000;14523900000
937;17360391000;14023900000;14523900000
938;17393529000;14065222222;14565222222
939;17393533000;14065222222;14565222222
941;17393619000;14065222222;14565222222
942;17393621000;14065222222;14565222222
943;17393622000;14065222222;14565222222
944;17393623000;14065222222;14565222222
945;17393813000;14065233333;14565233333
946;17393818000;14065577777;14565577777
947;17393820000;14065577777;14565577777
948;17393821000;14065577777;14565577777
949;17423175000;14106911111;14606911111
950;17423178000;14106911111;14606911111
951;17423180000;14106911111;14606911111
953;17423181000;14106911111;14606911111
954;17423182000;14106911111;14606911111
955;17423183000;14106911111;14606911111
956;17423370000;14106922222;14606922222
957;17507747000;14107222222;14607222222
958;17507752000;14107222222;14607222222
959;17507757000;14107222222;14607222222
960;17599622000;14148566666;14648566666
1011;17759800000;14315244444;14815244444
1012;17759816000;14315577777;14815577777
1013;17759817000;14315577777;14815577777
1014;17759819000;14315577777;14815577777
1015;17793315000;14356888888;14856888888
1016;17793319000;14356888888;14856888888
1017;17793320000;14356888888;14856888888
1018;17793321000;14356888888;14856888888
1019;17793321000;14356888888;14856888888
1021;17793398000;14356888888;14856888888
1022;17793617000;14356900000;14856900000
1023;17793633000;14357233333;14857233333
1024;17793635000;14357233333;14857233333
1025;17793636000;14357233333;14857233333
1026;17822967000;14398555555;14898555555
1027;17822970000;14398555555;14898555555
1028;17822971000;14398555555;14898555555
1029;17822972000;14398555555;14898555555
1030;17822973000;14398555555;14898555555
1031;17822974000;14398555555;14898555555
1032;17822976000;14398555555;14898555555
1033;17823171000;14398577777;14898577777
1034;17823176000;14398866666;14898866666
1036;17908207000;14398866666;14898866666
1037;17958593000;14440244444;14940244444
1297;18655460000;15398588888;15898588888
1378;18655483000;15731900000;16231900000
1379;18655485000;15731900000;16231900000
1380;18655486000;15731900000;16231900000
1381;18655487000;15731900000;16231900000
1382;18655488000;15731900000;16231900000
1383;18655489000;15731900000;16231900000
1384;18655490000;15731900000;16231900000
1385;18655706000;15731911111;16231911111
1386;18655722000;15732211111;16232211111
1387;18655723000;15732211111;16232211111
1388;18655724000;15732211111;16232211111
1389;18655739000;15773566666;16273566666
1390;18655754000;15773566666;16273566666
1391;18655756000;15773566666;16273566666
1392;18655758000;15773566666;16273566666
1393;18655759000;15773566666;16273566666
1394;18655760000;15773566666;16273566666
1395;18655761000;15773566666;16273566666
1396;18655897000;15773588888;16273588888
1397;18655904000;15773877777;16273877777
1398;18655905000;15773877777;16273877777
1399;18655907000;15773877777;16273877777
1400;18655920000;15815233333;16315233333
1401;18708886000;15815233333;16315233333
1402;18708889000;15815233333;16315233333
1403;18708891000;15815233333;16315233333
1404;18708892000;15815233333;16315233333
1405;18708898000;15815233333;16315233333
1406;18708904000;15815233333;16315233333
1407;18759374000;15815255555;16315255555
1456;18759390000;16023577777;16523577777
1457;18759391000;16023577777;16523577777
1458;18759392000;16023577777;16523577777
1459;18759393000;16023577777;16523577777
1460;18759394000;16023577777;16523577777
1461;18759395000;16023577777;16523577777
1462;18961944000;16023588888;16523588888
1464;18961961000;16023877777;16523877777
1465;18961962000;16023877777;16523877777
1466;18995219000;16065233333;16565233333
1467;18995223000;16065233333;16565233333
1469;18995224000;16065233333;16565233333
1470;18995225000;16065233333;16565233333
1471;18995226000;16065233333;16565233333
1472;18995227000;16065233333;16565233333
1473;18995445000;16065255555;16565255555
1474;18995461000;16065555555;16565555555
1475;18995462000;16065555555;16565555555
1476;18995463000;16065555555;16565555555
1477;19024857000;16106911111;16606911111
1478;19024861000;16106911111;16606911111
1479;19024862000;16106911111;16606911111
1480;19109138000;16106911111;16606911111
1481;19109140000;16106911111;16606911111
1482;19109141000;16106911111;16606911111
1483;19109196000;16106911111;16606911111
1484;19159624000;16106922222;16606922222
1534;19159640000;16315222222;16815222222
1535;19159641000;16315222222;16815222222
1536;19159642000;16315222222;16815222222
1537;19159643000;16315222222;16815222222
1538;19159644000;16315222222;16815222222
1539;19361746000;16315244444;16815244444
1540;19361762000;16315577777;16815577777
1542;19361763000;16315577777;16815577777
1543;19395053000;16356888888;16856888888
1544;19395057000;16356888888;16856888888
1545;19395058000;16356888888;16856888888
1546;19395059000;16356888888;16856888888
1548;19395060000;16356888888;16856888888
1549;19395061000;16356888888;16856888888
1550;19395279000;16356900000;16856900000
1551;19395295000;16357211111;16857211111
1552;19395296000;16357211111;16857211111
1553;19395297000;16357211111;16857211111
1554;19424692000;16398555555;16898555555
1555;19424695000;16398555555;16898555555
1556;19424696000;16398555555;16898555555
1557;19424697000;16398555555;16898555555
1558;19424699000;16398555555;16898555555
1559;19509377000;16398555555;16898555555
1560;19509382000;16398555555;16898555555
1561;19559845000;16398577777;16898577777
1614;19761396000;16606900000;17106900000
1615;19761398000;16606900000;17106900000
1616;19761616000;16606922222;17106922222
1617;19761632000;16607211111;17107211111
1618;19761633000;16607211111;17107211111
1619;19761634000;16607211111;17107211111
1620;19795701000;16648566666;17148566666
1622;19795705000;16648566666;17148566666
1623;19795706000;16648566666;17148566666
1625;19795707000;16648566666;17148566666
1626;19795709000;16648566666;17148566666
1627;19795926000;16648588888;17148588888
1628;19795942000;16648866666;17148866666
1629;19795943000;16648866666;17148866666
1630;19795944000;16648866666;17148866666
1631;19825314000;16690222222;17190222222
1632;19825318000;16690222222;17190222222
1633;19825319000;16690222222;17190222222
1634;19825320000;16690222222;17190222222
1635;19825321000;16690222222;17190222222
1636;19825322000;16690222222;17190222222
1637;19825323000;16690222222;17190222222
1638;19960097000;16690244444;17190244444
1693;20162153000;16898588888;17398588888
1694;20162160000;16898855555;17398855555
1695;20162161000;16898855555;17398855555
1696;20162162000;16898855555;17398855555
1697;20195535000;16940233333;17440233333
1698;20195539000;16940233333;17440233333
1699;20195549000;16940233333;17440233333
1700;20195550000;16940233333;17440233333
1701;20195551000;16940233333;17440233333
1702;20195552000;16940233333;17440233333
1704;20195769000;16940255555;17440255555
1705;20195785000;16940566666;17440566666
1706;20195786000;16940566666;17440566666
1707;20195787000;16940566666;17440566666
1708;20225178000;16981900000;17481900000
1709;20225181000;16981900000;17481900000
1710;20225182000;16981900000;17481900000
1711;20225183000;16981900000;17481900000
1712;20225184000;16981900000;17481900000
1713;20225185000;16981900000;17481900000
1714;20225186000;16981900000;17481900000
1715;20225403000;16981911111;17481911111
1716;20225419000;16982222222;17482222222
1717;20309856000;16982222222;17482222222
1718;20309912000;16982222222;17482222222
1719;20360267000;17023566666;17523566666
1772;20524707000;17190544444;17690544444
1773;20524711000;17190544444;17690544444
1774;20561612000;17231911111;17731911111
1775;20561616000;17231911111;17731911111
1776;20561617000;17231911111;17731911111
1777;20561618000;17231911111;17731911111
1778;20561619000;17231911111;17731911111
1779;20561620000;17231911111;17731911111
1780;20561621000;17231911111;17731911111
1781;20561838000;17231922222;17731922222
1782;20561853000;17232222222;17732222222
1783;20561855000;17232222222;17732222222
1784;20561856000;17232222222;17732222222
1785;20595822000;17273566666;17773566666
1786;20595826000;17273566666;17773566666
1788;20596109000;17273566666;17773566666
1789;20596111000;17273566666;17773566666
1790;20596112000;17273566666;17773566666
1791;20596113000;17273566666;17773566666
1792;20596302000;17273588888;17773588888
1793;20596307000;17273877777;17773877777
1794;20596308000;17273877777;17773877777
1795;20596309000;17273877777;17773877777
1796;20760464000;17315244444;17815244444
1852;20962594000;17523555555;18023555555
1853;20962598000;17523555555;18023555555
1854;20962599000;17523555555;18023555555
1855;20962600000;17523555555;18023555555
1856;20962601000;17523555555;18023555555
1857;20962602000;17523555555;18023555555
1858;20962818000;17523577777;18023577777
1859;20962834000;17523844444;18023844444
1860;20962835000;17523844444;18023844444
1861;20962836000;17523844444;18023844444
1862;20995994000;17565222222;18065222222
1863;20995998000;17565222222;18065222222
1864;20995999000;17565222222;18065222222
1865;20996000000;17565222222;18065222222
1866;20996001000;17565222222;18065222222
1867;20996002000;17565222222;18065222222
1868;20996003000;17565222222;18065222222
1869;20996228000;17565244444;18065244444
1870;20996244000;17565577777;18065577777
1872;20996246000;17565577777;18065577777
1873;21025646000;17606888888;18106888888
1874;21025650000;17606888888;18106888888
1875;21110605000;17606888888;18106888888
1876;21110607000;17606888888;18106888888
1877;21110608000;17606888888;18106888888
1879;21110663000;17606888888;18106888888
1880;21161097000;17606900000;18106900000
2142;21511113000;18606900000;19106900000
2144;21875877000;18606922222;19106922222
2215;21877408000;18898577777;19398577777
2216;21877410000;18898577777;19398577777
2217;21877411000;18898577777;19398577777
2218;21877412000;18898577777;19398577777
2219;21877413000;18898577777;19398577777
2220;21877414000;18898577777;19398577777
2221;21877549000;18898588888;19398588888
2223;21877555000;18898855555;19398855555
2224;21877556000;18898855555;19398855555
2225;21877577000;18940233333;19440233333
2226;21877578000;18940233333;19440233333
2227;21877589000;18940233333;19440233333
2228;21877590000;18940233333;19440233333
2229;21877591000;18940233333;19440233333
2231;21877592000;18940233333;19440233333
2232;21877652000;18940255555;19440255555
2233;21877657000;18940555555;19440555555
2234;21877658000;18940555555;19440555555
2236;21877666000;18981900000;19481900000
2237;21877667000;18981900000;19481900000
2238;21877668000;18981900000;19481900000
2239;21911370000;18981900000;19481900000
2240;21911374000;18981900000;19481900000
2241;21911382000;18981900000;19481900000
2242;21911397000;18981900000;19481900000
2243;21961759000;18981911111;19481911111
2288;21961765000;19148888888;19648888888
2289;21961775000;19148888888;19648888888
2290;21961776000;19148888888;19648888888
2292;22163170000;19190222222;19690222222
2293;22163173000;19190222222;19690222222
2294;22163174000;19190222222;19690222222
2295;22163175000;19190222222;19690222222
2296;22163176000;19190222222;19690222222
2299;22163186000;19190544444;19690544444
2300;22163187000;19190544444;19690544444
2302;22199385000;19231911111;19731911111
2304;22199389000;19231911111;19731911111
2305;22199390000;19231911111;19731911111
2306;22199391000;19231911111;19731911111
2307;22199392000;19231911111;19731911111
2308;22199393000;19231911111;19731911111
2309;22199472000;19231922222;19731922222
2310;22199477000;19232244444;19732244444
2311;22199478000;19232244444;19732244444
2312;22199479000;19232244444;19732244444
2314;22228919000;19273566666;19773566666
2315;22228923000;19273566666;19773566666
2316;22311617000;19273566666;19773566666
2317;22311619000;19273566666;19773566666
2318;22311674000;19273566666;19773566666
2319;22311676000;19273566666;19773566666
2320;22362012000;19273588888;19773588888
2369;22362019000;19481900000;19981900000
2370;22362020000;19481900000;19981900000
2371;22362021000;19481900000;19981900000
2372;22362022000;19481900000;19981900000
2373;22362023000;19481900000;19981900000
2374;22362024000;19481900000;19981900000
2378;22563237000;19482211111;19982211111
2379;22599463000;19523555555;20023555555
2380;22599466000;19523555555;20023555555
2381;22599468000;19523555555;20023555555
2382;22599469000;19523555555;20023555555
2384;22599470000;19523555555;20023555555
2385;22599471000;19523555555;20023555555
2386;22599570000;19523577777;20023577777
2387;22599576000;19523866666;20023866666
2388;22599577000;19523866666;20023866666
2389;22599578000;19523866666;20023866666
2390;22629013000;19565222222;20065222222
2391;22629017000;19565222222;20065222222
2392;22629018000;19565222222;20065222222
2393;22629019000;19565222222;20065222222
2394;22629020000;19565222222;20065222222
2395;22711902000;19565222222;20065222222
2396;22711905000;19565222222;20065222222
2397;22762281000;19565244444;20065244444
2448;22762287000;19773566666;20273566666
2449;22762289000;19773566666;20273566666
2451;22964029000;19773566666;20273566666
2452;22964176000;19773577777;20273577777
2453;22964181000;19773877777;20273877777
2454;22964183000;19773877777;20273877777
2455;22964184000;19773877777;20273877777
2456;22997892000;19815233333;20315233333
2457;22997896000;19815233333;20315233333
2458;22997897000;19815233333;20315233333
2459;22997898000;19815233333;20315233333
2460;22997899000;19815233333;20315233333
2461;22997900000;19815233333;20315233333
2462;22997901000;19815233333;20315233333
2463;22998025000;19815255555;20315255555
2464;22998031000;19815555555;20315555555
2465;22998032000;19815555555;20315555555
2468;23027745000;19856900000;20356900000
2469;23027747000;19856900000;20356900000
2470;23027748000;19856900000;20356900000
2472;23027750000;19856900000;20356900000
2473;23027751000;19856900000;20356900000
2474;23027831000;19856911111;20356911111
2475;23112174000;19857233333;20357233333
2476;23112189000;19857233333;20357233333
2477;23112190000;19857233333;20357233333
2478;23204012000;19898555555;20398555555
2529;23364151000;20065255555;20565255555
2530;23364157000;20065577777;20565577777
2531;23364159000;20065577777;20565577777
2532;23364160000;20065577777;20565577777
2533;23397763000;20106911111;20606911111
2534;23397767000;20106911111;20606911111
2535;23397768000;20106911111;20606911111
2536;23397769000;20106911111;20606911111
2537;23397770000;20106911111;20606911111
2538;23397771000;20106911111;20606911111
2539;23397772000;20106911111;20606911111
2540;23397871000;20106922222;20606922222
2541;23397877000;20107233333;20607233333
2542;23397878000;20107233333;20607233333
2543;23397879000;20107233333;20607233333
2544;23427388000;20148566666;20648566666
2545;23427391000;20148566666;20648566666
2546;23427392000;20148566666;20648566666
2547;23427393000;20148566666;20648566666
2548;23427394000;20148566666;20648566666
2549;23427395000;20148566666;20648566666
2550;23427396000;20148566666;20648566666
2551;23427497000;20148588888;20648588888
2559;23512692000;20190233333;20690233333
2560;23512695000;20190233333;20690233333
2561;23512696000;20190233333;20690233333
2562;23562823000;20190255555;20690255555
2607;23562829000;20357222222;20857222222
2608;23562831000;20357222222;20857222222
2609;23562832000;20357222222;20857222222
2611;23764228000;20398566666;20898566666
2612;23764231000;20398566666;20898566666
2613;23764233000;20398566666;20898566666
2614;23764234000;20398566666;20898566666
2615;23764235000;20398566666;20898566666
2616;23764236000;20398566666;20898566666
2617;23764312000;20398588888;20898588888
2618;23764317000;20398855555;20898855555
2619;23764318000;20398855555;20898855555
2620;23764319000;20398855555;20898855555
2622;23798467000;20440244444;20940244444
2623;23798471000;20440244444;20940244444
2625;23798472000;20440244444;20940244444
2626;23798473000;20440244444;20940244444
2627;23798474000;20440244444;20940244444
2628;23798550000;20440255555;20940255555
2629;23798555000;20440566666;20940566666
2630;23798556000;20440566666;20940566666
2631;23798557000;20440566666;20940566666
2632;23962939000;20481911111;20981911111
2686;24127326000;20648844444;21148844444
2687;24164257000;20690233333;21190233333
2688;24164261000;20690233333;21190233333
2689;24164263000;20690233333;21190233333
2690;24164264000;20690233333;21190233333
2691;24164265000;20690233333;21190233333
2692;24164266000;20690233333;21190233333
2693;24164267000;20690233333;21190233333
2694;24164366000;20690255555;21190255555
2695;24164372000;20690555555;21190555555
2696;24164373000;20690555555;21190555555
2698;24198933000;20731877777;21231877777
2700;24198937000;20731877777;21231877777
2701;24198938000;20731877777;21231877777
2702;24198939000;20731877777;21231877777
2703;24198940000;20731877777;21231877777
2704;24198941000;20731877777;21231877777
2705;24199017000;20731888888;21231888888
2706;24199022000;20732177777;21232177777
2707;24199024000;20732177777;21232177777
2708;24199025000;20732177777;21232177777
2709;24228141000;20773566666;21273566666
2710;24228145000;20773566666;21273566666
2711;24313120000;20773566666;21273566666
2712;24313123000;20773566666;21273566666
2713;24313177000;20773566666;21273566666
2714;24313180000;20773566666;21273566666
2715;24313181000;20773566666;21273566666
2716;24363564000;20773588888;21273588888
2987;24363570000;21815233333;22315233333
2988;24363572000;21815233333;22315233333
2989;24363573000;21815233333;22315233333
2990;24363574000;21815233333;22315233333
2991;25098093000;21815255555;22315255555
3064;25098106000;22106911111;22606911111
3065;25098107000;22106911111;22606911111
3066;25098108000;22106911111;22606911111
3067;25098109000;22106911111;22606911111
3068;25098205000;22106922222;22606922222
3069;25098211000;22107211111;22607211111
3070;25098212000;22107211111;22607211111
3071;25098213000;22107211111;22607211111
3072;25098223000;22148566666;22648566666
3073;25098224000;22148566666;22648566666
3074;25098225000;22148566666;22648566666
3075;25098236000;22148566666;22648566666
3076;25098237000;22148566666;22648566666
3078;25098239000;22148566666;22648566666
3079;25098296000;22148588888;22648588888
3080;25098301000;22148877777;22648877777
3081;25098302000;22148877777;22648877777
3082;25098304000;22148877777;22648877777
3084;25098312000;22190233333;22690233333
3085;25098313000;22190233333;22690233333
3086;25098314000;22190233333;22690233333
3087;25098326000;22190233333;22690233333
3089;25113638000;22190233333;22690233333
3090;25163979000;22190255555;22690255555
3141;25163984000;22398555555;22898555555
3142;25163985000;22398555555;22898555555
3143;25163986000;22398555555;22898555555
3144;25163987000;22398555555;22898555555
3145;25366065000;22398577777;22898577777
3146;25366071000;22398833333;22898833333
3147;25366072000;22398833333;22898833333
3148;25366073000;22398833333;22898833333
3149;25399414000;22440222222;22940222222
3150;25399417000;22440222222;22940222222
3151;25399418000;22440222222;22940222222
3152;25399419000;22440222222;22940222222
3153;25399420000;22440222222;22940222222
3154;25399421000;22440222222;22940222222
3155;25399430000;22440222222;22940222222
3156;25399526000;22440244444;22940244444
3157;25399531000;22440533333;22940533333
3158;25399532000;22440533333;22940533333
3159;25399533000;22440533333;22940533333
3160;25429076000;22481888888;22981888888
3161;25429078000;22481888888;22981888888
3163;25429818000;22481888888;22981888888
3165;25429819000;22481888888;22981888888
3168;25564457000;22482200000;22982200000
3222;25766342000;22690255555;23190255555
3223;25766348000;22690533333;23190533333
3224;25766350000;22690533333;23190533333
3225;25766351000;22690533333;23190533333
3226;25799687000;22731888888;23231888888
3227;25799691000;22731888888;23231888888
3228;25799693000;22731888888;23231888888
3229;25799694000;22731888888;23231888888
3230;25799695000;22731888888;23231888888
3231;25799696000;22731888888;23231888888
3232;25799697000;22731888888;23231888888
3233;25799797000;22731900000;23231900000
3234;25799802000;22732200000;23232200000
3235;25799803000;22732200000;23232200000
3236;25799804000;22732200000;23232200000
3237;25829333000;22773555555;23273555555
3238;25829337000;22773555555;23273555555
3240;25829489000;22773555555;23273555555
3241;25829491000;22773555555;23273555555
3242;25829492000;22773555555;23273555555
3243;25829493000;22773555555;23273555555
3244;25829605000;22773577777;23273577777
3245;25914148000;22773855555;23273855555
3246;25914158000;22773855555;23273855555
3247;25914162000;22773855555;23273855555
3248;26006012000;22815233333;23315233333
3300;26165760000;22982222222;23482222222
3301;26165763000;22982222222;23482222222
3302;26165764000;22982222222;23482222222
3303;26201673000;23023566666;23523566666
3304;26201677000;23023566666;23523566666
3305;26201678000;23023566666;23523566666
3306;26201679000;23023566666;23523566666
3307;26201679000;23023566666;23523566666
3308;26201680000;23023566666;23523566666
3309;26201681000;23023566666;23523566666
3310;26201796000;23023577777;23523577777
3311;26201801000;23023855555;23523855555
3312;26201803000;23023855555;23523855555
3315;26231451000;23065233333;23565233333
3316;26231454000;23065233333;23565233333
3317;26231455000;23065233333;23565233333
3318;26231456000;23065233333;23565233333
3319;26231457000;23065233333;23565233333
3320;26231458000;23065233333;23565233333
3321;26231540000;23065244444;23565244444
3322;26231545000;23065544444;23565544444
3324;26314424000;23065544444;23565544444
3325;26364720000;23106888888;23606888888
3376;26529170000;23273588888;23773588888
3377;26529176000;23273855555;23773855555
3378;26529178000;23273855555;23773855555
3379;26529179000;23273855555;23773855555
3380;26566067000;23315244444;23815244444
3381;26566071000;23315244444;23815244444
3383;26566248000;23315244444;23815244444
3384;26566250000;23315244444;23815244444
3386;26566251000;23315244444;23815244444
3387;26566363000;23315255555;23815255555
3388;26566368000;23315555555;23815555555
3389;26566370000;23315555555;23815555555
3390;26566371000;23315555555;23815555555
3391;26600291000;23356900000;23856900000
3392;26600295000;23356900000;23856900000
3393;26600296000;23356900000;23856900000
3395;26600297000;23356900000;23856900000
3396;26600298000;23356900000;23856900000
3397;26600299000;23356900000;23856900000
3398;26600400000;23356911111;23856911111
3399;26600405000;23357211111;23857211111
3401;26600407000;23357211111;23857211111
3402;26764944000;23398577777;23898577777
3458;26967065000;23606888888;24106888888
3459;26967070000;23606888888;24106888888
3460;26967071000;23606888888;24106888888
3461;26967072000;23606888888;24106888888
3462;26967073000;23606888888;24106888888
3463;26967074000;23606888888;24106888888
3464;26967175000;23606900000;24106900000
3465;26967181000;23607200000;24107200000
3466;26967182000;23607200000;24107200000
3467;26967183000;23607200000;24107200000
3468;27000459000;23648555555;24148555555
3469;27000463000;23648555555;24148555555
3470;27000464000;23648555555;24148555555
3471;27000465000;23648555555;24148555555
3472;27000466000;23648555555;24148555555
3473;27000468000;23648555555;24148555555
3474;27000469000;23648555555;24148555555
3475;27000579000;23648577777;24148577777
3476;27000584000;23648844444;24148844444
3477;27000585000;23648844444;24148844444
3478;27000586000;23648844444;24148844444
3479;27030078000;23690222222;24190222222
3480;27030080000;23690222222;24190222222
3481;27114909000;23690222222;24190222222
3482;27114911000;23690222222;24190222222
3483;27114917000;23690222222;24190222222
3484;27114931000;23690222222;24190222222
3485;27114932000;23690222222;24190222222
3486;27165306000;23690244444;24190244444
3539;27366560000;23898555555;24398555555
3540;27366562000;23898555555;24398555555
3541;27366667000;23898577777;24398577777
3542;27366672000;23898833333;24398833333
3543;27366673000;23898833333;24398833333
3544;27366674000;23898833333;24398833333
3545;27400787000;23940222222;24440222222
3546;27400791000;23940222222;24440222222
3547;27400792000;23940222222;24440222222
3548;27400793000;23940222222;24440222222
3549;27400794000;23940222222;24440222222
3550;27400794000;23940222222;24440222222
3551;27400796000;23940222222;24440222222
3552;27400890000;23940244444;24440244444
3553;27400895000;23940533333;24440533333
3554;27400896000;23940533333;24440533333
3555;27400897000;23940533333;24440533333
3556;27430431000;23981888888;24481888888
3557;27430435000;23981888888;24481888888
3558;27430436000;23981888888;24481888888
3559;27430437000;23981888888;24481888888
3560;27430438000;23981888888;24481888888
3561;27515169000;23981888888;24481888888
3562;27515187000;23981888888;24481888888
3563;27565546000;23981911111;24481911111
3828;27915466000;24982200000;25482200000
3829;27915469000;24982200000;25482200000
3830;27915469000;24982200000;25482200000
3831;28280409000;25023566666;25523566666
3902;28280466000;25273566666;25773566666
3903;28280469000;25273566666;25773566666
3904;28280540000;25273588888;25773588888
3905;28280545000;25273855555;25773855555
3907;28280759000;25273855555;25773855555
3908;28280781000;25315244444;25815244444
3909;28280792000;25315244444;25815244444
3910;28280793000;25315244444;25815244444
3911;28280794000;25315244444;25815244444
3912;28280795000;25315244444;25815244444
3913;28280796000;25315244444;25815244444
3914;28280797000;25315244444;25815244444
3915;28280887000;25315255555;25815255555
3916;28280890000;25315555555;25815555555
3917;28280890000;25315555555;25815555555
3918;28280891000;25315555555;25815555555
3919;28280898000;25356900000;25856900000
3920;28280899000;25356900000;25856900000
3921;28280900000;25356900000;25856900000
3923;28280911000;25356900000;25856900000
3924;28280912000;25356900000;25856900000
3925;28280913000;25356900000;25856900000
3926;28280993000;25356922222;25856922222
3929;28315924000;25357200000;25857200000
3930;28407555000;25398566666;25898566666
3977;28567632000;25565222222;26065222222
3978;28567635000;25565222222;26065222222
3979;28567636000;25565222222;26065222222
3980;28567637000;25565222222;26065222222
3981;28567788000;25565244444;26065244444
3982;28567791000;25565544444;26065544444
3983;28567792000;25565544444;26065544444
3984;28567793000;25565544444;26065544444
3985;28601261000;25606900000;26106900000
3986;28601263000;25606900000;26106900000
3989;28601427000;25606900000;26106900000
3990;28601428000;25606900000;26106900000
3994;28601507000;25607188888;26107188888
3995;28601509000;25607188888;26107188888
3996;28634216000;25648577777;26148577777
3997;28634218000;25648577777;26148577777
3998;28634219000;25648577777;26148577777
3999;28634220000;25648577777;26148577777
4002;28634222000;25648577777;26148577777
4003;28634370000;25648588888;26148588888
4004;28634373000;25648855555;26148855555
4005;28634374000;25648855555;26148855555
4006;28715940000;25648855555;26148855555
4007;28766261000;25690233333;26190233333
4059;28930649000;25857200000;26357200000
4060;28930651000;25857200000;26357200000
4061;28930652000;25857200000;26357200000
4062;28967569000;25898555555;26398555555
4063;28967571000;25898555555;26398555555
4064;28967572000;25898555555;26398555555
4065;28967573000;25898555555;26398555555
4066;28967574000;25898555555;26398555555
4067;28967575000;25898555555;26398555555
4068;28967576000;25898555555;26398555555
4069;28967758000;25898577777;26398577777
4070;28967761000;25898844444;26398844444
4072;28967943000;25898844444;26398844444
4073;29001798000;25940222222;26440222222
4074;29001800000;25940222222;26440222222
4075;29001801000;25940222222;26440222222
4076;29001802000;25940222222;26440222222
4077;29001803000;25940222222;26440222222
4078;29001804000;25940222222;26440222222
4080;29001951000;25940244444;26440244444
4081;29001953000;25940533333;26440533333
4082;29001955000;25940533333;26440533333
4083;29001955000;25940533333;26440533333
4084;29166518000;25981888888;26481888888
4139;29369706000;26190233333;26690233333
4140;29369709000;26190233333;26690233333
4141;29369710000;26190233333;26690233333
4142;29369711000;26190233333;26690233333
4143;29369712000;26190233333;26690233333
4144;29369713000;26190233333;26690233333
4145;29369714000;26190233333;26690233333
4146;29369864000;26190255555;26690255555
4147;29369867000;26190533333;26690533333
4148;29369868000;26190533333;26690533333
4149;29369869000;26190533333;26690533333
4150;29403080000;26231900000;26731900000
4151;29403082000;26231900000;26731900000
4152;29403083000;26231900000;26731900000
4153;29403084000;26231900000;26731900000
4154;29403085000;26231900000;26731900000
4155;29403086000;26231900000;26731900000
4156;29403087000;26231900000;26731900000
4157;29403237000;26231922222;26731922222
4158;29403240000;26232188888;26732188888
4159;29403241000;26232188888;26732188888
4162;29433083000;26273566666;26773566666
4163;29516493000;26273566666;26773566666
4164;29516496000;26273566666;26773566666
4166;29516512000;26273566666;26773566666
4169;29567161000;26273855555;26773855555
4215;29731229000;26440555555;26940555555
4216;29769163000;26481900000;26981900000
4217;29769166000;26481900000;26981900000
4218;29769168000;26481900000;26981900000
4219;29769169000;26481900000;26981900000
4220;29769171000;26481900000;26981900000
4221;29769181000;26481900000;26981900000
4222;29769183000;26481900000;26981900000
4223;29769332000;26481911111;26981911111
4224;29769335000;26482233333;26982233333
4225;29769337000;26482233333;26982233333
4226;29769339000;26482233333;26982233333
4227;29803364000;26523577777;27023577777
4229;29803494000;26523577777;27023577777
4230;29803496000;26523577777;27023577777
4231;29803497000;26523577777;27023577777
4235;29803573000;26523866666;27023866666
4236;29803575000;26523866666;27023866666
4237;29803577000;26523866666;27023866666
4238;29836244000;26565233333;27065233333
4239;29836247000;26565233333;27065233333
4240;29836248000;26565233333;27065233333
4241;29836249000;26565233333;27065233333
4242;29916688000;26565233333;27065233333
4243;29916698000;26565233333;27065233333
4244;29916710000;26565233333;27065233333
4245;29967199000;26565244444;27065244444
4297;30168277000;26773555555;27273555555
4298;30168279000;26773555555;27273555555
4299;30168280000;26773555555;27273555555
4300;30168427000;26773577777;27273577777
4301;30168430000;26773866666;27273866666
4302;30168431000;26773866666;27273866666
4303;30168433000;26773866666;27273866666
4304;30202566000;26815233333;27315233333
4305;30202569000;26815233333;27315233333
4306;30202570000;26815233333;27315233333
4307;30202571000;26815233333;27315233333
4308;30202572000;26815233333;27315233333
4309;30202573000;26815233333;27315233333
4310;30202584000;26815233333;27315233333
4311;30202724000;26815255555;27315255555
4312;30202727000;26815544444;27315544444
4313;30202728000;26815544444;27315544444
4314;30202729000;26815544444;27315544444
4316;30232386000;26856900000;27356900000
4317;30232388000;26856900000;27356900000
4318;30232389000;26856900000;27356900000
4319;30232390000;26856900000;27356900000
4320;30232391000;26856900000;27356900000
4321;30316982000;26856900000;27356900000
4322;30367461000;26856922222;27356922222
4376;30367476000;27065233333;27565233333
4377;30569509000;27065244444;27565244444
4378;30569514000;27065555555;27565555555
4379;30569516000;27065555555;27565555555
4380;30569517000;27065555555;27565555555
4381;30602806000;27106888888;27606888888
4382;30602809000;27106888888;27606888888
4383;30602811000;27106888888;27606888888
4384;30602831000;27106888888;27606888888
4385;30602833000;27106888888;27606888888
4387;30603551000;27106888888;27606888888
4388;30603703000;27106900000;27606900000
4389;30603707000;27107211111;27607211111
4390;30603708000;27107211111;27607211111
4391;30603710000;27107211111;27607211111
4392;30632445000;27148555555;27648555555
4393;30632447000;27148555555;27648555555
4394;30632448000;27148555555;27648555555
4395;30632450000;27148555555;27648555555
4396;30632450000;27148555555;27648555555
4397;30632451000;27148555555;27648555555
4398;30632452000;27148555555;27648555555
4399;30632601000;27148566666;27648566666
4400;30717302000;27148866666;27648866666
4401;30717308000;27148866666;27648866666
4402;30717310000;27148866666;27648866666
4403;30809206000;27190222222;27690222222
4665;31500925000;28148855555;28648855555
4743;31501014000;28440533333;28940533333
4745;31501035000;28481888888;28981888888
4746;31501037000;28481888888;28981888888
4747;31501038000;28481888888;28981888888
4748;31501039000;28481888888;28981888888
4749;31501039000;28481888888;28981888888
4750;31501040000;28481888888;28981888888
4751;31501135000;28481911111;28981911111
4752;31501138000;28482211111;28982211111
4753;31501139000;28482211111;28982211111
4754;31501140000;28482211111;28982211111
4755;31501147000;28523577777;29023577777
4756;31501148000;28523577777;29023577777
4757;31501149000;28523577777;29023577777
4758;31501160000;28523577777;29023577777
4759;31501161000;28523577777;29023577777
4761;31501163000;28523577777;29023577777
4762;31501251000;28523588888;29023588888
4763;31501253000;28523877777;29023877777
4764;31501255000;28523877777;29023877777
4765;31501256000;28523877777;29023877777
4766;31501262000;28565233333;29065233333
4767;31517872000;28565233333;29065233333
4768;31517875000;28565233333;29065233333
4769;31517893000;28565233333;29065233333
4770;31517908000;28565233333;29065233333
4771;31517917000;28565233333;29065233333
4772;31517928000;28565233333;29065233333
4773;31568314000;28565255555;29065255555
4821;31568318000;28773566666;29273566666
4822;31568319000;28773566666;29273566666
4823;31568320000;28773566666;29273566666
4824;31568321000;28773566666;29273566666
4825;31568322000;28773566666;29273566666
4826;31568323000;28773566666;29273566666
4827;31568324000;28773566666;29273566666
4828;31770451000;28773588888;29273588888
4829;31770456000;28773877777;29273877777
4830;31770458000;28773877777;29273877777
4831;31770460000;28773877777;29273877777
4832;31803767000;28815233333;29315233333
4833;31803771000;28815233333;29315233333
4834;31803772000;28815233333;29315233333
4835;31803774000;28815233333;29315233333
4836;31803784000;28815233333;29315233333
4837;31803786000;28815233333;29315233333
4838;31803787000;28815233333;29315233333
4840;31803968000;28815577777;29315577777
4841;31803970000;28815577777;29315577777
4842;31803971000;28815577777;29315577777
4843;31836694000;28856900000;29356900000
4845;31836697000;28856900000;29356900000
4849;31918224000;28856900000;29356900000
4850;31968688000;28856922222;29356922222
4896;31968704000;29023888888;29523888888
4897;31968705000;29023888888;29523888888
4898;32171689000;29065233333;29565233333
4899;32171693000;29065233333;29565233333
4900;32171703000;29065233333;29565233333
4901;32171704000;29065233333;29565233333
4902;32171705000;29065233333;29565233333
4903;32171706000;29065233333;29565233333
4904;32171707000;29065233333;29565233333
4905;32171849000;29065244444;29565244444
4906;32171852000;29065555555;29565555555
4909;32205237000;29106888888;29606888888
4910;32205240000;29106888888;29606888888
4911;32205241000;29106888888;29606888888
4912;32205242000;29106888888;29606888888
4913;32205243000;29106888888;29606888888
4914;32205244000;29106888888;29606888888
4918;32205261000;29107222222;29607222222
4919;32205262000;29107222222;29607222222
4920;32237924000;29148555555;29648555555
4921;32237927000;29148555555;29648555555
4922;32237928000;29148555555;29648555555
4925;32318482000;29148555555;29648555555
4926;32318493000;29148555555;29648555555
4929;32368870000;29148877777;29648877777
4977;32571683000;29356900000;29856900000
4978;32571705000;29356900000;29856900000
4979;32571706000;29356900000;29856900000
4980;32571707000;29356900000;29856900000
4982;32571851000;29356911111;29856911111
4983;32571854000;29357222222;29857222222
4985;32571855000;29357222222;29857222222
4986;32605041000;29398566666;29898566666
4987;32605049000;29398566666;29898566666
4988;32605051000;29398566666;29898566666
4989;32605051000;29398566666;29898566666
4990;32605061000;29398566666;29898566666
4991;32605062000;29398566666;29898566666
4992;32605063000;29398566666;29898566666
4994;32605131000;29398855555;29898855555
4995;32605133000;29398855555;29898855555
4996;32605134000;29398855555;29898855555
4997;32637946000;29440233333;29940233333
4998;32637948000;29440233333;29940233333
4999;32637950000;29440233333;29940233333
5000;32637951000;29440233333;29940233333
5001;32637952000;29440233333;29940233333
5002;32718763000;29440233333;29940233333
5003;32718783000;29440233333;29940233333
5004;32769245000;29440255555;29940255555
5058;32769262000;29648555555;30148555555
5059;32972332000;29648566666;30148566666
5060;32972338000;29648844444;30148844444
5061;32972339000;29648844444;30148844444
5063;33005623000;29690222222;30190222222
5064;33005626000;29690222222;30190222222
5065;33005628000;29690222222;30190222222
5066;33005629000;29690222222;30190222222
5067;33005631000;29690222222;30190222222
5068;33005641000;29690222222;30190222222
5069;33005643000;29690222222;30190222222
5070;33005739000;29690244444;30190244444
5071;33005743000;29690544444;30190544444
5072;33005745000;29690544444;30190544444
5073;33005746000;29690544444;30190544444
5075;33035237000;29731911111;30231911111
5076;33035240000;29731911111;30231911111
5077;33035241000;29731911111;30231911111
5078;33035243000;29731911111;30231911111
5079;33035244000;29731911111;30231911111
5080;33035255000;29731911111;30231911111
5081;33169482000;29731922222;30231922222
5138;33169498000;29940544444;30440544444
5139;33169499000;29940544444;30440544444
5140;33405981000;29981900000;30481900000
5141;33405995000;29981900000;30481900000
5142;33405997000;29981900000;30481900000
5143;33405998000;29981900000;30481900000
5144;33405999000;29981900000;30481900000
5145;33406001000;29981900000;30481900000
5146;33406002000;29981900000;30481900000
5147;33406158000;29981911111;30481911111
5148;33406162000;29982211111;30482211111
5149;33406163000;29982211111;30482211111
5150;33406165000;29982211111;30482211111
5151;33434594000;30023566666;30523566666
5152;33434597000;30023566666;30523566666
5153;33434598000;30023566666;30523566666
5154;33434599000;30023566666;30523566666
5155;33434600000;30023566666;30523566666
5156;33434601000;30023566666;30523566666
5157;33434602000;30023566666;30523566666
5158;33434754000;30023588888;30523588888
5159;33434757000;30023877777;30523877777
5160;33519290000;30023877777;30523877777
5161;33519293000;30023877777;30523877777
5162;33569690000;30065233333;30565233333
5211;33734018000;30231900000;30731900000
5212;33734022000;30231900000;30731900000
5214;33734082000;30232222222;30732222222
5215;33734085000;30232222222;30732222222
5216;33734086000;30232222222;30732222222
5217;33771959000;30273566666;30773566666
5218;33771962000;30273566666;30773566666
5221;33771963000;30273566666;30773566666
5222;33771965000;30273566666;30773566666
5223;33771966000;30273566666;30773566666
5224;33772117000;30273588888;30773588888
5225;33772120000;30273866666;30773866666
5226;33772122000;30273866666;30773866666
5227;33772123000;30273866666;30773866666
5229;33806148000;30315222222;30815222222
5230;33806150000;30315222222;30815222222
5232;33806151000;30315222222;30815222222
5233;33806152000;30315222222;30815222222
5234;33806153000;30315222222;30815222222
5235;33806254000;30315244444;30815244444
5236;33806257000;30315555555;30815555555
5237;33806258000;30315555555;30815555555
5238;33806259000;30315555555;30815555555
5239;33969931000;30356888888;30856888888
5257;34011629000;30398577777;30898577777
5258;34011634000;30398844444;30898844444
5259;34011635000;30398844444;30898844444
5260;34011636000;30398844444;30898844444
5261;34053066000;30440244444;30940244444
5262;34053078000;30440244444;30940244444
5263;34053079000;30440244444;30940244444
5264;34053080000;30440244444;30940244444
5265;34053081000;30440244444;30940244444
5266;34053082000;30440244444;30940244444
5267;34053083000;30440244444;30940244444
5268;34053289000;30440255555;30940255555
5269;34053305000;30440577777;30940577777
5270;34053306000;30440577777;30940577777
5272;34094430000;30481900000;30981900000
5273;34094434000;30481900000;30981900000
5274;34094435000;30481900000;30981900000
5275;34094436000;30481900000;30981900000
5276;34094436000;30481900000;30981900000
5277;34094438000;30481900000;30981900000
5278;34094439000;30481900000;30981900000
5279;34094563000;30481922222;30981922222
