seqnum;now;rtptime;deadline
2;9276604000;8686355555;9186355555
22;9400013000;8759600000;9259600000
36;9474941000;8842544444;9342544444
37;9474950000;8842544444;9342544444
38;9474952000;8842544444;9342544444
39;9474954000;8842544444;9342544444
40;9474955000;8842544444;9342544444
41;9474959000;8842544444;9342544444
42;9474961000;8842544444;9342544444
43;9475141000;8842566666;9342566666
44;9475148000;8842911111;9342911111
45;9475149000;8842911111;9342911111
46;9475151000;8842911111;9342911111
47;9513013000;8884233333;9384233333
48;9513017000;8884233333;9384233333
49;9513019000;8884233333;9384233333
50;9513020000;8884233333;9384233333
51;9513021000;8884233333;9384233333
52;9513023000;8884233333;9384233333
53;9513024000;8884233333;9384233333
55;9513443000;8884600000;9384600000
62;9550926000;8925888888;9425888888
112;9733854000;9092833333;9592833333
113;9771569000;9134233333;9634233333
179;9992775000;9384211111;9884211111
180;9992778000;9384211111;9884211111
181;9992779000;9384211111;9884211111
182;9992780000;9384211111;9884211111
183;9992781000;9384211111;9884211111
184;9992782000;9384211111;9884211111
185;9992783000;9384211111;9884211111
186;10008012000;9384233333;9884233333
256;10008018000;9675888888;10175888888
257;10008019000;9675888888;10175888888
258;10008021000;9675888888;10175888888
259;10008022000;9675888888;10175888888
260;10008023000;9675888888;10175888888
261;10008023000;9675888888;10175888888
262;10008024000;9675888888;10175888888
263;10283963000;9675900000;10175900000
333;10283979000;9967544444;10467544444
334;10283980000;9967544444;10467544444
335;10283981000;9967544444;10467544444
336;10283982000;9967544444;10467544444
337;10283983000;9967544444;10467544444
338;10283984000;9967544444;10467544444
339;10283985000;9967544444;10467544444
340;10466531000;9967555555;10467555555
341;10466537000;9967833333;10467833333
342;10466538000;9967833333;10467833333
343;10466539000;9967833333;10467833333
344;10528956000;10009188888;10509188888
411;10733018000;10259188888;10759188888
482;10935543000;10509188888;11009188888
489;10973226000;10550855555;11050855555
541;11068393000;10717822222;11217822222
545;11102246000;10759188888;11259188888
546;11102250000;10759188888;11259188888
547;11102251000;10759188888;11259188888
548;11102252000;10759188888;11259188888
549;11102407000;10759200000;11259200000
550;11102413000;10759500000;11259500000
551;11102414000;10759500000;11259500000
552;11102415000;10759500000;11259500000
553;11103985000;10800844444;11300844444
554;11103989000;10800844444;11300844444
555;11103990000;10800844444;11300844444
556;11103991000;10800844444;11300844444
557;11103992000;10800844444;11300844444
558;11103993000;10800844444;11300844444
559;11103994000;10800844444;11300844444
560;11104116000;10800855555;11300855555
561;11104120000;10801111111;11301111111
562;11104122000;10801111111;11301111111
563;11104123000;10801111111;11301111111
564;11125715000;10842566666;11342566666
565;11125717000;10842566666;11342566666
566;11125718000;10842566666;11342566666
567;11125720000;10842566666;11342566666
572;11292437000;10842866666;11342866666
601;11364825000;10967522222;11467522222
602;11364829000;10967522222;11467522222
603;11364830000;10967522222;11467522222
604;11364985000;10967544444;11467544444
605;11364991000;10967911111;11467911111
606;11364992000;10967911111;11467911111
607;11364993000;10967911111;11467911111
608;11372901000;11009188888;11509188888
609;11372904000;11009188888;11509188888
610;11372905000;11009188888;11509188888
611;11372906000;11009188888;11509188888
612;11372907000;11009188888;11509188888
613;11372908000;11009188888;11509188888
614;11372910000;11009188888;11509188888
615;11373066000;11009200000;11509200000
616;11373072000;11009588888;11509588888
617;11373073000;11009588888;11509588888
618;11373074000;11009588888;11509588888
619;11394841000;11050855555;11550855555
620;11394843000;11050855555;11550855555
621;11394844000;11050855555;11550855555
622;11394845000;11050855555;11550855555
623;11394846000;11050855555;11550855555
625;11439389000;11050855555;11550855555
637;11531439000;11092566666;11592566666
657;11679703000;11175877777;11675877777
659;11679877000;11175900000;11675900000
673;11679882000;11217900000;11717900000
675;11691170000;11259188888;11759188888
708;11854879000;11384211111;11884211111
715;11854995000;11384511111;11884511111
716;11854999000;11384511111;11884511111
717;11855000000;11384511111;11884511111
718;11892989000;11425877777;11925877777
719;11892992000;11425877777;11925877777
720;11892993000;11425877777;11925877777
721;11892995000;11425877777;11925877777
722;11892996000;11425877777;11925877777
723;11892997000;11425877777;11925877777
724;11892998000;11425877777;11925877777
725;11893209000;11425900000;11925900000
726;11893225000;11426177777;11926177777
727;11893226000;11426177777;11926177777
728;11893227000;11426177777;11926177777
729;11930463000;11467522222;11967522222
765;12079815000;11592555555;12092555555
773;12098410000;11634211111;12134211111
774;12098413000;11634211111;12134211111
775;12098414000;11634211111;12134211111
776;12098416000;11634211111;12134211111
777;12098417000;11634211111;12134211111
778;12098418000;11634211111;12134211111
779;12098419000;11634211111;12134211111
780;12098624000;11634233333;12134233333
781;12098640000;11634533333;12134533333
782;12098641000;11634533333;12134533333
783;12098642000;11634533333;12134533333
784;12124228000;11675888888;12175888888
785;12124232000;11675888888;12175888888
786;12124233000;11675888888;12175888888
787;12124234000;11675888888;12175888888
788;12124235000;11675888888;12175888888
789;12124236000;11675888888;12175888888
790;12124237000;11675888888;12175888888
791;12124414000;11675900000;12175900000
792;12124419000;11676200000;12176200000
793;12124420000;11676200000;12176200000
794;12124422000;11676200000;12176200000
795;12210546000;11717522222;12217522222
825;12293951000;11801188888;12301188888
829;12334616000;11842544444;12342544444
830;12334619000;11842544444;12342544444
831;12334620000;11842544444;12342544444
832;12334621000;11842544444;12342544444
833;12334622000;11842544444;12342544444
834;12334623000;11842544444;12342544444
835;12334778000;11842566666;12342566666
836;12334784000;11842855555;12342855555
837;12334785000;11842855555;12342855555
838;12334786000;11842855555;12342855555
839;12373720000;11884211111;12384211111
840;12373723000;11884211111;12384211111
841;12373724000;11884211111;12384211111
844;12373726000;11884211111;12384211111
845;12373727000;11884211111;12384211111
846;12373883000;11884233333;12384233333
847;12373889000;11884533333;12384533333
848;12373890000;11884533333;12384533333
849;12373891000;11884533333;12384533333
850;12411601000;11925855555;12425855555
876;12480693000;12009188888;12509188888
886;12576094000;12050888888;12550888888
887;12576097000;12050888888;12550888888
888;12576098000;12050888888;12550888888
889;12576099000;12050888888;12550888888
890;12576299000;12050900000;12550900000
891;12576314000;12051211111;12551211111
892;12576316000;12051211111;12551211111
893;12576316000;12051211111;12551211111
894;12615034000;12092544444;12592544444
895;12615037000;12092544444;12592544444
896;12615038000;12092544444;12592544444
897;12615039000;12092544444;12592544444
898;12615040000;12092544444;12592544444
899;12615041000;12092544444;12592544444
900;12615049000;12092544444;12592544444
901;12615250000;12092566666;12592566666
902;12615265000;12092844444;12592844444
903;12615266000;12092844444;12592844444
904;12615267000;12092844444;12592844444
905;12652853000;12134211111;12634211111
932;12721797000;12217522222;12717522222
940;12816204000;12259188888;12759188888
941;12816208000;12259188888;12759188888
942;12816209000;12259188888;12759188888
943;12816210000;12259188888;12759188888
944;12816211000;12259188888;12759188888
945;12816366000;12259200000;12759200000
946;12816372000;12259600000;12759600000
947;12816373000;12259600000;12759600000
948;12816374000;12259600000;12759600000
949;12855239000;12300888888;12800888888
950;12855242000;12300888888;12800888888
951;12855243000;12300888888;12800888888
952;12855244000;12300888888;12800888888
953;12855245000;12300888888;12800888888
954;12855246000;12300888888;12800888888
955;12855247000;12300888888;12800888888
956;12855428000;12300900000;12800900000
957;12855432000;12301200000;12801200000
958;12855433000;12301200000;12801200000
959;12855435000;12301200000;12801200000
960;12893102000;12342544444;12842544444
988;13015161000;12425855555;12925855555
997;13055701000;12467522222;12967522222
998;13055705000;12467522222;12967522222
999;13055706000;12467522222;12967522222
1000;13055861000;12467533333;12967533333
1001;13055868000;12467888888;12967888888
1002;13055869000;12467888888;12967888888
1003;13055870000;12467888888;12967888888
1004;13094967000;12509222222;13009222222
1005;13094970000;12509222222;13009222222
1006;13094971000;12509222222;13009222222
1007;13094972000;12509222222;13009222222
1008;13094974000;12509222222;13009222222
1009;13094975000;12509222222;13009222222
1010;13094976000;12509222222;13009222222
1011;13095106000;12509233333;13009233333
1012;13095110000;12509555555;13009555555
1013;13095111000;12509555555;13009555555
1014;13095112000;12509555555;13009555555
1015;13132834000;12550888888;13050888888
1043;13255536000;12634211111;13134211111
1054;13295625000;12675877777;13175877777
1055;13295783000;12675900000;13175900000
1056;13295789000;12676177777;13176177777
1057;13295790000;12676177777;13176177777
1058;13295791000;12676177777;13176177777
1059;13335334000;12717544444;13217544444
1060;13335337000;12717544444;13217544444
1061;13335338000;12717544444;13217544444
1062;13335339000;12717544444;13217544444
1063;13335340000;12717544444;13217544444
1065;13335473000;12717544444;13217544444
1066;13335632000;12717566666;13217566666
1067;13335638000;12717822222;13217822222
1068;13335640000;12717822222;13217822222
1069;13335641000;12717822222;13217822222
1070;13373187000;12759211111;13259211111
1098;13495498000;12842544444;13342544444
1109;13536027000;12884200000;13384200000
1110;13536193000;12884211111;13384211111
1111;13536199000;12884633333;13384633333
1112;13536200000;12884633333;13384633333
1113;13536201000;12884633333;13384633333
1114;13575213000;12925855555;13425855555
1115;13575216000;12925855555;13425855555
1116;13575217000;12925855555;13425855555
1117;13575218000;12925855555;13425855555
1118;13575219000;12925855555;13425855555
1119;13575221000;12925855555;13425855555
1120;13575222000;12925855555;13425855555
1123;13575948000;12926244444;13426244444
1124;13575952000;12926244444;13426244444
1125;13614178000;12967544444;13467544444
1153;13683762000;13050877777;13550877777
1168;13705022000;13092833333;13592833333
1171;13734487000;13134188888;13634188888
1172;13734491000;13134188888;13634188888
1173;13734492000;13134188888;13634188888
1174;13734493000;13134188888;13634188888
1175;13734494000;13134188888;13634188888
1176;13734577000;13134211111;13634211111
1177;13734584000;13134588888;13634588888
1178;13734585000;13134588888;13634588888
1179;13734586000;13134588888;13634588888
1180;13764220000;13175855555;13675855555
1181;13764224000;13175855555;13675855555
1182;13764225000;13175855555;13675855555
1183;13764226000;13175855555;13675855555
1184;13764227000;13175855555;13675855555
1185;13764228000;13175855555;13675855555
1186;13764229000;13175855555;13675855555
1187;13764385000;13175866666;13675866666
1188;13764391000;13176233333;13676233333
1189;13764392000;13176233333;13676233333
1190;13764393000;13176233333;13676233333
1191;13892548000;13217522222;13717522222
1221;13975915000;13301188888;13801188888
1227;14016019000;13342544444;13842544444
1228;14016022000;13342544444;13842544444
1229;14016023000;13342544444;13842544444
1230;14016024000;13342544444;13842544444
1231;14016143000;13342566666;13842566666
1232;14016149000;13342855555;13842855555
1233;14016150000;13342855555;13842855555
1234;14016152000;13342855555;13842855555
1235;14055958000;13384188888;13884188888
1236;14055962000;13384188888;13884188888
1237;14055963000;13384188888;13884188888
1238;14055964000;13384188888;13884188888
1239;14055965000;13384188888;13884188888
1240;14055966000;13384188888;13884188888
1241;14055967000;13384188888;13884188888
1242;14056095000;13384211111;13884211111
1243;14056100000;13384588888;13884588888
1244;14056101000;13384588888;13884588888
1245;14056121000;13384588888;13884588888
1246;14091963000;13425877777;13925877777
1269;14165762000;13509222222;14009222222
1284;14257983000;13550877777;14050877777
1285;14257987000;13550877777;14050877777
1286;14258142000;13550900000;14050900000
1287;14258148000;13551188888;14051188888
1288;14258149000;13551188888;14051188888
1289;14258150000;13551188888;14051188888
1290;14297493000;13592555555;14092555555
1291;14297497000;13592555555;14092555555
1292;14297498000;13592555555;14092555555
1293;14297499000;13592555555;14092555555
1294;14297500000;13592555555;14092555555
1295;14297501000;13592555555;14092555555
1296;14297502000;13592555555;14092555555
1297;14297623000;13592566666;14092566666
1298;14297627000;13592844444;14092844444
1299;14297628000;13592844444;14092844444
1300;14297629000;13592844444;14092844444
1301;14335409000;13634188888;14134188888
1329;14408680000;13717544444;14217544444
1341;14498556000;13759233333;14259233333
1342;14498572000;13759544444;14259544444
1343;14498573000;13759544444;14259544444
1344;14498574000;13759544444;14259544444
1345;14537349000;13800888888;14300888888
1346;14537353000;13800888888;14300888888
1347;14537354000;13800888888;14300888888
1348;14537355000;13800888888;14300888888
1349;14537356000;13800888888;14300888888
1350;14537357000;13800888888;14300888888
1351;14537358000;13800888888;14300888888
1352;14537570000;13800900000;14300900000
1353;14537573000;13801177777;14301177777
1354;14537574000;13801177777;14301177777
1355;14537575000;13801177777;14301177777
1356;14575162000;13842522222;14342522222
1389;14677279000;13967555555;14467555555
1404;14690754000;14009222222;14509222222
1405;14690758000;14009222222;14509222222
1406;14690759000;14009222222;14509222222
1407;14690975000;14009233333;14509233333
1408;14690978000;14009533333;14509533333
1409;14690979000;14009533333;14509533333
1410;14690980000;14009533333;14509533333
1411;14721100000;14050877777;14550877777
1412;14721104000;14050877777;14550877777
1413;14721105000;14050877777;14550877777
1415;14721106000;14050877777;14550877777
1416;14721107000;14050877777;14550877777
1417;14721108000;14050877777;14550877777
1418;14721242000;14050900000;14550900000
1419;14721254000;14051177777;14551177777
1420;14721255000;14051177777;14551177777
1422;14750194000;14092555555;14592555555
1423;14750196000;14092555555;14592555555
1424;14750197000;14092555555;14592555555
1425;14750198000;14092555555;14592555555
1426;14750199000;14092555555;14592555555
1427;14803536000;14092555555;14592555555
1430;14854203000;14092844444;14592844444
1455;14978492000;14217555555;14717555555
1465;14978582000;14217822222;14717822222
1466;15017638000;14259200000;14759200000
1467;15017642000;14259200000;14759200000
1468;15017643000;14259200000;14759200000
1469;15017644000;14259200000;14759200000
1470;15017645000;14259200000;14759200000
1471;15017646000;14259200000;14759200000
1472;15017647000;14259200000;14759200000
1473;15017803000;14259211111;14759211111
1474;15017809000;14259533333;14759533333
1475;15017810000;14259533333;14759533333
1476;15017811000;14259533333;14759533333
1477;15055558000;14300888888;14800888888
1510;15160594000;14425877777;14925877777
1523;15175255000;14467555555;14967555555
1524;15175258000;14467555555;14967555555
1525;15175260000;14467555555;14967555555
1526;15175261000;14467555555;14967555555
1527;15175262000;14467555555;14967555555
1528;15175418000;14467566666;14967566666
1529;15175424000;14467855555;14967855555
1530;15175425000;14467855555;14967855555
1531;15175426000;14467855555;14967855555
1532;15205300000;14509211111;15009211111
1533;15205304000;14509211111;15009211111
1534;15205305000;14509211111;15009211111
1535;15205306000;14509211111;15009211111
1536;15205307000;14509211111;15009211111
1537;15205308000;14509211111;15009211111
1538;15205309000;14509211111;15009211111
1539;15205431000;14509233333;15009233333
1540;15205435000;14509544444;15009544444
1541;15205436000;14509544444;15009544444
1542;15205437000;14509544444;15009544444
1543;15230503000;14550877777;15050877777
1544;15230505000;14550877777;15050877777
1545;15230506000;14550877777;15050877777
1546;15230515000;14550877777;15050877777
1547;15284166000;14550877777;15050877777
1549;15284238000;14550877777;15050877777
1550;15334684000;14550900000;15050900000
1575;15334699000;14634611111;15134611111
1576;15459183000;14675855555;15175855555
1585;15459269000;14676288888;15176288888
1586;15459273000;14676288888;15176288888
1587;15498384000;14717555555;15217555555
1588;15498388000;14717555555;15217555555
1589;15498389000;14717555555;15217555555
1590;15498390000;14717555555;15217555555
1591;15498391000;14717555555;15217555555
1592;15498392000;14717555555;15217555555
1593;15498393000;14717555555;15217555555
1594;15498549000;14717566666;15217566666
1595;15498555000;14717833333;15217833333
1596;15498556000;14717833333;15217833333
1597;15498557000;14717833333;15217833333
1598;15536360000;14759222222;15259222222
1629;15658367000;14842977777;15342977777
1642;15738221000;14925888888;15425888888
1643;15738224000;14925888888;15425888888
1644;15738225000;14925888888;15425888888
1645;15738226000;14925888888;15425888888
1646;15738227000;14925888888;15425888888
1647;15738228000;14925888888;15425888888
1648;15738229000;14925888888;15425888888
1649;15738441000;14925900000;15425900000
1650;15738448000;14926200000;15426200000
1651;15738449000;14926200000;15426200000
1652;15738459000;14926200000;15426200000
1653;15774544000;14967544444;15467544444
1687;15876175000;15092522222;15592522222
1708;15914769000;15175888888;15675888888
1709;15914772000;15175888888;15675888888
1710;15914774000;15175888888;15675888888
1711;15914775000;15175888888;15675888888
1712;15914776000;15175888888;15675888888
1713;15914777000;15175888888;15675888888
1714;15914778000;15175888888;15675888888
1715;15914933000;15175900000;15675900000
1716;15914939000;15176222222;15676222222
1717;15914941000;15176222222;15676222222
1718;15914942000;15176222222;15676222222
1719;15941485000;15217544444;15717544444
1720;15941488000;15217544444;15717544444
1721;15941489000;15217544444;15717544444
1722;15941490000;15217544444;15717544444
1723;15941491000;15217544444;15717544444
1724;15941492000;15217544444;15717544444
1725;15941493000;15217544444;15717544444
1726;15941614000;15217566666;15717566666
1727;15941618000;15217833333;15717833333
1728;15941620000;15217833333;15717833333
1729;15941621000;15217833333;15717833333
1733;16055395000;15259211111;15759211111
1759;16138560000;15342533333;15842533333
1770;16178162000;15384200000;15884200000
1772;16178539000;15384600000;15884600000
1773;16178541000;15384600000;15884600000
1774;16218177000;15425888888;15925888888
1775;16218180000;15425888888;15925888888
1776;16218182000;15425888888;15925888888
1777;16218183000;15425888888;15925888888
1778;16218184000;15425888888;15925888888
1779;16218184000;15425888888;15925888888
1780;16218185000;15425888888;15925888888
1781;16218341000;15425900000;15925900000
1782;16218348000;15426188888;15926188888
1783;16218349000;15426188888;15926188888
1784;16218350000;15426188888;15926188888
1785;16256638000;15467555555;15967555555
1810;16300502000;15550855555;16050855555
1831;16377627000;15634188888;16134188888
1833;16377631000;15634188888;16134188888
1834;16377632000;15634188888;16134188888
1835;16377633000;15634188888;16134188888
1836;16377799000;15634200000;16134200000
1837;16377809000;15634622222;16134622222
1838;16377811000;15634622222;16134622222
1839;16377813000;15634622222;16134622222
1840;16408546000;15675888888;16175888888
1841;16408549000;15675888888;16175888888
1842;16408550000;15675888888;16175888888
1843;16408551000;15675888888;16175888888
1844;16408552000;15675888888;16175888888
1845;16408553000;15675888888;16175888888
1846;16408554000;15675888888;16175888888
1847;16408710000;15675900000;16175900000
1848;16408716000;15676166666;16176166666
1849;16408717000;15676166666;16176166666
1850;16408718000;15676166666;16176166666
1851;16434955000;15717577777;16217577777
1852;16434958000;15717577777;16217577777
1853;16434959000;15717577777;16217577777
1854;16434960000;15717577777;16217577777
1856;16485577000;15717577777;16217577777
1857;16485580000;15717577777;16217577777
1858;16536016000;15717588888;16217588888
1884;16536038000;15842544444;16342544444
1885;16536039000;15842544444;16342544444
1886;16536040000;15842544444;16342544444
1887;16536041000;15842544444;16342544444
1888;16536042000;15842544444;16342544444
1889;16536052000;15842544444;16342544444
1890;16536064000;15842544444;16342544444
1891;16659254000;15842566666;16342566666
1896;16659261000;15884211111;16384211111
1897;16659262000;15884211111;16384211111
1898;16659263000;15884211111;16384211111
1899;16659264000;15884211111;16384211111
1900;16659265000;15884211111;16384211111
1901;16659266000;15884211111;16384211111
1902;16698690000;15884233333;16384233333
1903;16698705000;15884522222;16384522222
1904;16698706000;15884522222;16384522222
1905;16698707000;15884522222;16384522222
1906;16736650000;15925900000;16425900000
1939;16836740000;16050855555;16550855555
1962;16873997000;16134211111;16634211111
1963;16874000000;16134211111;16634211111
1964;16874001000;16134211111;16634211111
1965;16874003000;16134211111;16634211111
1966;16874004000;16134211111;16634211111
1967;16874004000;16134211111;16634211111
1968;16874211000;16134222222;16634222222
1969;16874227000;16134522222;16634522222
1970;16874228000;16134522222;16634522222
1971;16874229000;16134522222;16634522222
1972;16901057000;16175888888;16675888888
1973;16901060000;16175888888;16675888888
1974;16901061000;16175888888;16675888888
1975;16901062000;16175888888;16675888888
1976;16901063000;16175888888;16675888888
1977;16901065000;16175888888;16675888888
1978;16901065000;16175888888;16675888888
1979;16901186000;16175900000;16675900000
1980;16901191000;16176177777;16676177777
1981;16901192000;16176177777;16676177777
1982;16901193000;16176177777;16676177777
1983;16919209000;16217544444;16717544444
1984;16919211000;16217544444;16717544444
1985;16966097000;16217544444;16717544444
1988;16966171000;16217544444;16717544444
1989;16966176000;16217544444;16717544444
1990;17016625000;16217566666;16717566666
2013;17016641000;16301244444;16801244444
2014;17016642000;16301244444;16801244444
2015;17016643000;16301244444;16801244444
2016;17141232000;16342533333;16842533333
2028;17179968000;16384222222;16884222222
2029;17179971000;16384222222;16884222222
2030;17179973000;16384222222;16884222222
2031;17179974000;16384222222;16884222222
2032;17179975000;16384222222;16884222222
2033;17179976000;16384222222;16884222222
2034;17180141000;16384233333;16884233333
2035;17180147000;16384500000;16884500000
2036;17180148000;16384500000;16884500000
2037;17180149000;16384500000;16884500000
2038;17215284000;16425888888;16925888888
2071;17314320000;16550855555;17050855555
2094;17351617000;16634222222;17134222222
2095;17351620000;16634222222;17134222222
2096;17351622000;16634222222;17134222222
2097;17351622000;16634222222;17134222222
2098;17351623000;16634222222;17134222222
2099;17351624000;16634222222;17134222222
2100;17351831000;16634233333;17134233333
2101;17351847000;16634522222;17134522222
2102;17351848000;16634522222;17134522222
2103;17351849000;16634522222;17134522222
2104;17379088000;16675888888;17175888888
2105;17379093000;16675888888;17175888888
2106;17379094000;16675888888;17175888888
2108;17379095000;16675888888;17175888888
2109;17379097000;16675888888;17175888888
2110;17379098000;16675888888;17175888888
2111;17379271000;16675900000;17175900000
2112;17379277000;16676200000;17176200000
2113;17379278000;16676200000;17176200000
2114;17379279000;16676200000;17176200000
2115;17393762000;16717544444;17217544444
2116;17393765000;16717544444;17217544444
2118;17446723000;16717544444;17217544444
2120;17446726000;16717544444;17217544444
2121;17446744000;16717544444;17217544444
2125;17497124000;16717844444;17217844444
2142;17579427000;16800855555;17300855555
2164;17660932000;16884244444;17384244444
2165;17660936000;16884244444;17384244444
2166;17661018000;16884255555;17384255555
2167;17661024000;16884555555;17384555555
2168;17661025000;16884555555;17384555555
2169;17661026000;16884555555;17384555555
2170;17698907000;16925888888;17425888888
2203;17759951000;17050855555;17550855555
2228;17831374000;17134244444;17634244444
2229;17831378000;17134244444;17634244444
2232;17831650000;17134255555;17634255555
2233;17831656000;17134555555;17634555555
2234;17831657000;17134555555;17634555555
2235;17831658000;17134555555;17634555555
2236;17858696000;17175877777;17675877777
2237;17858699000;17175877777;17675877777
2238;17858700000;17175877777;17675877777
2239;17858701000;17175877777;17675877777
2240;17858702000;17175877777;17675877777
2241;17858703000;17175877777;17675877777
2242;17858704000;17175877777;17675877777
2243;17858845000;17175900000;17675900000
2244;17858851000;17176200000;17676200000
2245;17858852000;17176200000;17676200000
2246;17858853000;17176200000;17676200000
2247;17876885000;17217522222;17717522222
2248;17876889000;17217522222;17717522222
2249;17876890000;17217522222;17717522222
2250;17876891000;17217522222;17717522222
2251;17876892000;17217522222;17717522222
2252;17927236000;17217522222;17717522222
2260;18019099000;17259188888;17759188888
2294;18140689000;17384211111;17884211111
2295;18140693000;17384211111;17884211111
2296;18140694000;17384211111;17884211111
2297;18140695000;17384211111;17884211111
2298;18140850000;17384222222;17884222222
2299;18140856000;17384522222;17884522222
2300;18140857000;17384522222;17884522222
2301;18140858000;17384522222;17884522222
2302;18178748000;17425877777;17925877777
2336;18274604000;17550855555;18050855555
2363;18383286000;17634222222;18134222222
2364;18383444000;17634233333;18134233333
2365;18383450000;17634544444;18134544444
2366;18383451000;17634544444;18134544444
2367;18383452000;17634544444;18134544444
2368;18420875000;17675877777;18175877777
2407;18541737000;17800855555;18300855555
2429;18623180000;17884222222;18384222222
2430;18623382000;17884233333;18384233333
2431;18623397000;17884533333;18384533333
2432;18623398000;17884533333;18384533333
2433;18623399000;17884533333;18384533333
2434;18660843000;17925877777;18425877777
2474;18753507000;18050900000;18550900000
2498;18753522000;18134522222;18634522222
2499;18753523000;18134522222;18634522222
2500;18810399000;18175855555;18675855555
2501;18810403000;18175855555;18675855555
2502;18810404000;18175855555;18675855555
2503;18810405000;18175855555;18675855555
2504;18810406000;18175855555;18675855555
2505;18810407000;18175855555;18675855555
2506;18810408000;18175855555;18675855555
2507;18810621000;18175877777;18675877777
2508;18810637000;18176288888;18676288888
2509;18810638000;18176288888;18676288888
2510;18810639000;18176288888;18676288888
2511;18837734000;18217522222;18717522222
2512;18837738000;18217522222;18717522222
2513;18837739000;18217522222;18717522222
2514;18837740000;18217522222;18717522222
2515;18837741000;18217522222;18717522222
2516;18837742000;18217522222;18717522222
2517;18837743000;18217522222;18717522222
2518;18837816000;18217533333;18717533333
2519;18837819000;18217888888;18717888888
2520;18837820000;18217888888;18717888888
2521;18888394000;18217888888;18717888888
2522;18938744000;18259211111;18759211111
2551;19021209000;18342566666;18842566666
2567;19021216000;18425855555;18925855555
2568;19021217000;18425855555;18925855555
2569;19021218000;18425855555;18925855555
2570;19021219000;18425855555;18925855555
2571;19021220000;18425855555;18925855555
2572;19021221000;18425855555;18925855555
2573;19102504000;18425877777;18925877777
2574;19102519000;18426255555;18926255555
2575;19102520000;18426255555;18926255555
2576;19102521000;18426255555;18926255555
2577;19138161000;18467522222;18967522222
2617;19262955000;18592566666;19092566666
2637;19262961000;18675855555;19175855555
2638;19262963000;18675855555;19175855555
2639;19344398000;18675877777;19175877777
2640;19344404000;18676244444;19176244444
2641;19344405000;18676244444;19176244444
2642;19344406000;18676244444;19176244444
2643;19382042000;18717511111;19217511111
2683;19468598000;18842566666;19342566666
2709;19468613000;18967522222;19467522222
2710;19468615000;18967522222;19467522222
2711;19468616000;18967522222;19467522222
2712;19468617000;18967522222;19467522222
2713;19468618000;18967522222;19467522222
2714;19468619000;18967522222;19467522222
2715;19468619000;18967522222;19467522222
2716;19533742000;18967533333;19467533333
2717;19533765000;18967888888;19467888888
2718;19533767000;18967888888;19467888888
2719;19533768000;18967888888;19467888888
2720;19560686000;19009233333;19509233333
2721;19560689000;19009233333;19509233333
2722;19560690000;19009233333;19509233333
2723;19560691000;19009233333;19509233333
2724;19560693000;19009233333;19509233333
2725;19560694000;19009233333;19509233333
2726;19560695000;19009233333;19509233333
2727;19560866000;19009244444;19509244444
2728;19560870000;19009577777;19509577777
2729;19560871000;19009577777;19509577777
2730;19560872000;19009577777;19509577777
2731;19568682000;19050888888;19550888888
2732;19609221000;19050888888;19550888888
2733;19609223000;19050888888;19550888888
2734;19609239000;19050888888;19550888888
2735;19609240000;19050888888;19550888888
2736;19609303000;19050888888;19550888888
2737;19609490000;19050888888;19550888888
2738;19659663000;19050900000;19550900000
2761;19659668000;19134588888;19634588888
2762;19659669000;19134588888;19634588888
2763;19659670000;19134588888;19634588888
2764;19784194000;19175855555;19675855555
2779;19822775000;19217533333;19717533333
2781;19822779000;19217533333;19717533333
2782;19822934000;19217555555;19717555555
2784;19822940000;19217888888;19717888888
2785;19822941000;19217888888;19717888888
2786;19861147000;19259211111;19759211111
2825;19901624000;19384188888;19884188888
2842;20001920000;19467544444;19967544444
2849;20002006000;19467888888;19967888888
2850;20002010000;19467888888;19967888888
2851;20002011000;19467888888;19967888888
2852;20004024000;19509222222;20009222222
2855;20004344000;19509222222;20009222222
2856;20004346000;19509222222;20009222222
2857;20004347000;19509222222;20009222222
2858;20004348000;19509222222;20009222222
2859;20004506000;19509233333;20009233333
2860;20004512000;19509533333;20009533333
2861;20004514000;19509533333;20009533333
2862;20004515000;19509533333;20009533333
2863;20032443000;19550888888;20050888888
2864;20032447000;19550888888;20050888888
2865;20032448000;19550888888;20050888888
2866;20032449000;19550888888;20050888888
2867;20032450000;19550888888;20050888888
2868;20032451000;19550888888;20050888888
2869;20032452000;19550888888;20050888888
2870;20032607000;19550900000;20050900000
2871;20032614000;19551188888;20051188888
2872;20032615000;19551188888;20051188888
2873;20089812000;19551188888;20051188888
2874;20140175000;19592544444;20092544444
2903;20221508000;19675866666;20175866666
2920;20221514000;19759222222;20259222222
2921;20221516000;19759222222;20259222222
2924;20303111000;19759222222;20259222222
2925;20303270000;19759233333;20259233333
2926;20303276000;19759511111;20259511111
2927;20303277000;19759511111;20259511111
2928;20303278000;19759511111;20259511111
2929;20341034000;19800888888;20300888888
2966;20438405000;19925855555;20425855555
2993;20464858000;20009511111;20509511111
2994;20464861000;20009511111;20509511111
2995;20493835000;20050911111;20550911111
2996;20493838000;20050911111;20550911111
2997;20493839000;20050911111;20550911111
2998;20493840000;20050911111;20550911111
2999;20493842000;20050911111;20550911111
3000;20493843000;20050911111;20550911111
3001;20493844000;20050911111;20550911111
3002;20494020000;20050922222;20550922222
3003;20494026000;20051188888;20551188888
3004;20494027000;20051188888;20551188888
3005;20494028000;20051188888;20551188888
3006;20512066000;20092533333;20592533333
3007;20512069000;20092533333;20592533333
3008;20512070000;20092533333;20592533333
3009;20512071000;20092533333;20592533333
3010;20512072000;20092533333;20592533333
3011;20512073000;20092533333;20592533333
3012;20512074000;20092533333;20592533333
3013;20512195000;20092544444;20592544444
3014;20512199000;20092888888;20592888888
3015;20512201000;20092888888;20592888888
3016;20570313000;20092888888;20592888888
3017;20620706000;20134188888;20634188888
3049;20701723000;20217811111;20717811111
3064;20783088000;20300877777;20800877777
3065;20783091000;20300877777;20800877777
3066;20783092000;20300877777;20800877777
3067;20783093000;20300877777;20800877777
3068;20783250000;20300900000;20800900000
3069;20783256000;20301177777;20801177777
3070;20783265000;20301177777;20801177777
3071;20783266000;20301177777;20801177777
3072;20821283000;20342522222;20842522222
3112;20911398000;20467566666;20967566666
3136;20911414000;20551177777;21051177777
3137;20911415000;20551177777;21051177777
3138;20971372000;20592522222;21092522222
3139;20971376000;20592522222;21092522222
3140;20971377000;20592522222;21092522222
3141;20971378000;20592522222;21092522222
3142;20971379000;20592522222;21092522222
3143;20971380000;20592522222;21092522222
3144;20971381000;20592522222;21092522222
3145;20971536000;20592544444;21092544444
3146;20971542000;20592900000;21092900000
3147;20971543000;20592900000;21092900000
3148;20971544000;20592900000;21092900000
3149;20998708000;20634188888;21134188888
3150;20998711000;20634188888;21134188888
3151;20998712000;20634188888;21134188888
3152;20998713000;20634188888;21134188888
3153;20998714000;20634188888;21134188888
3154;20998715000;20634188888;21134188888
3155;20998716000;20634188888;21134188888
3156;20998855000;20634200000;21134200000
3157;20998857000;20634577777;21134577777
3158;20998858000;20634577777;21134577777
3159;20998859000;20634577777;21134577777
3160;21200971000;20675855555;21175855555
3208;21254660000;20842522222;21342522222
3209;21254664000;20842522222;21342522222
3210;21254665000;20842522222;21342522222
3211;21254820000;20842544444;21342544444
3212;21254826000;20842911111;21342911111
3213;21254828000;20842911111;21342911111
3214;21254828000;20842911111;21342911111
3215;21275739000;20884188888;21384188888
3216;21275742000;20884188888;21384188888
3217;21275743000;20884188888;21384188888
3218;21275744000;20884188888;21384188888
3219;21275745000;20884188888;21384188888
3220;21275746000;20884188888;21384188888
3221;21275747000;20884188888;21384188888
3222;21275920000;20884200000;21384200000
3223;21275924000;20884500000;21384500000
3224;21275925000;20884500000;21384500000
3225;21275926000;20884500000;21384500000
3226;21291674000;20925855555;21425855555
3247;21341710000;20967833333;21467833333
3260;21425186000;21050866666;21550866666
3277;21669327000;21092566666;21592566666
3344;21669334000;21342944444;21842944444
3345;21669335000;21342944444;21842944444
3346;21669336000;21342944444;21842944444
3347;21910926000;21384188888;21884188888
3411;21947454000;21592900000;22092900000
3412;21947457000;21592900000;22092900000
3413;21962190000;21634188888;22134188888
3414;21962194000;21634188888;22134188888
3415;21962196000;21634188888;22134188888
3416;21962197000;21634188888;22134188888
3417;21962198000;21634188888;22134188888
3418;21962199000;21634188888;22134188888
3419;21962200000;21634188888;22134188888
3420;21962355000;21634200000;22134200000
3421;21962361000;21634588888;22134588888
3422;21962363000;21634588888;22134588888
3423;21962364000;21634588888;22134588888
3424;22149709000;21675888888;22175888888
3468;22301474000;21842555555;22342555555
3511;22378412000;21967844444;22467844444
3523;22579900000;22050855555;22550855555
3576;22643484000;22217822222;22717822222
3577;22643487000;22217822222;22717822222
3578;22656999000;22259188888;22759188888
3579;22657003000;22259188888;22759188888
3581;22657469000;22259188888;22759188888
3582;22657471000;22259188888;22759188888
3583;22657472000;22259188888;22759188888
3584;22657473000;22259188888;22759188888
3585;22657652000;22259211111;22759211111
3586;22657658000;22259611111;22759611111
3587;22657660000;22259611111;22759611111
3588;22657661000;22259611111;22759611111
3589;22668624000;22300855555;22800855555
3590;22668627000;22300855555;22800855555
3591;22668628000;22300855555;22800855555
3592;22668629000;22300855555;22800855555
3593;22668630000;22300855555;22800855555
3594;22668631000;22300855555;22800855555
3595;22668632000;22300855555;22800855555
3596;22668832000;22300866666;22800866666
3597;22668848000;22301255555;22801255555
3598;22668849000;22301255555;22801255555
3599;22668850000;22301255555;22801255555
3600;22682144000;22342522222;22842522222
3601;22682148000;22342522222;22842522222
3603;22733071000;22342522222;22842522222
3604;22733086000;22342522222;22842522222
3608;22783435000;22342922222;22842922222
3623;22866861000;22425888888;22925888888
3638;22907749000;22467544444;22967544444
3639;22907752000;22467544444;22967544444
3640;22907834000;22467566666;22967566666
3641;22907841000;22467833333;22967833333
3642;22907842000;22467833333;22967833333
3643;22907843000;22467833333;22967833333
3644;22947573000;22509200000;23009200000
3645;22947576000;22509200000;23009200000
3646;22947577000;22509200000;23009200000
3647;22947578000;22509200000;23009200000
3648;22947579000;22509200000;23009200000
3649;22947581000;22509200000;23009200000
3650;22947581000;22509200000;23009200000
3651;22947736000;22509211111;23009211111
3652;22947742000;22509622222;23009622222
3653;22947743000;22509622222;23009622222
3654;22947744000;22509622222;23009622222
3655;22986243000;22550855555;23050855555
3665;23023862000;22551255555;23051255555
3686;23107067000;22634533333;23134533333
3696;23147869000;22676166666;23176166666
3697;23147873000;22676166666;23176166666
3698;23147874000;22676166666;23176166666
3699;23188123000;22717555555;23217555555
3700;23188126000;22717555555;23217555555
3701;23188127000;22717555555;23217555555
3702;23188128000;22717555555;23217555555
3703;23188129000;22717555555;23217555555
3704;23188130000;22717555555;23217555555
3705;23188131000;22717555555;23217555555
3706;23188287000;22717566666;23217566666
3707;23188293000;22717811111;23217811111
3709;23188294000;22717811111;23217811111
3710;23225372000;22759188888;23259188888
3723;23262426000;22800855555;23300855555
3740;23294819000;22842888888;23342888888
3756;23355206000;22925888888;23425888888
3757;23355210000;22925888888;23425888888
3758;23355211000;22925888888;23425888888
3759;23355212000;22925888888;23425888888
3760;23355213000;22925888888;23425888888
3761;23355370000;22925900000;23425900000
3762;23355376000;22926200000;23426200000
3763;23355377000;22926200000;23426200000
3764;23355378000;22926200000;23426200000
3765;23386742000;22967544444;23467544444
3766;23386746000;22967544444;23467544444
3767;23386748000;22967544444;23467544444
3768;23386749000;22967544444;23467544444
3769;23386750000;22967544444;23467544444
3770;23386751000;22967544444;23467544444
3771;23386752000;22967544444;23467544444
3772;23386907000;22967566666;23467566666
3773;23386913000;22967833333;23467833333
3774;23386914000;22967833333;23467833333
3775;23386915000;22967833333;23467833333
3776;23417067000;23009188888;23509188888
3777;23417070000;23009188888;23509188888
3778;23417071000;23009188888;23509188888
3779;23453835000;23009188888;23509188888
3781;23453877000;23009188888;23509188888
3786;23504625000;23009577777;23509577777
3803;23587496000;23092522222;23592522222
3815;23627993000;23134222222;23634222222
3816;23628151000;23134233333;23634233333
3817;23628157000;23134522222;23634522222
3818;23628158000;23134522222;23634522222
3819;23628159000;23134522222;23634522222
3820;23668292000;23175877777;23675877777
3821;23668295000;23175877777;23675877777
3822;23668296000;23175877777;23675877777
3823;23668298000;23175877777;23675877777
3824;23668299000;23175877777;23675877777
3825;23668300000;23175877777;23675877777
3826;23668301000;23175877777;23675877777
3827;23668422000;23175900000;23675900000
3828;23668426000;23176166666;23676166666
3829;23668428000;23176166666;23676166666
3830;23668429000;23176166666;23676166666
3831;23706939000;23217522222;23717522222
3842;23732304000;23259188888;23759188888
3845;23732307000;23259188888;23759188888
3846;23732308000;23259188888;23759188888
3847;23732309000;23259188888;23759188888
3848;23732310000;23259188888;23759188888
3849;23744065000;23259200000;23759200000
3861;23744081000;23301188888;23801188888
3862;23744083000;23301188888;23801188888
3863;23744084000;23301188888;23801188888
3864;23808220000;23342555555;23842555555
3876;23832096000;23384222222;23884222222
3877;23832099000;23384222222;23884222222
3878;23832100000;23384222222;23884222222
3879;23832101000;23384222222;23884222222
3880;23832102000;23384222222;23884222222
3881;23832104000;23384222222;23884222222
3882;23832259000;23384244444;23884244444
3883;23832265000;23384555555;23884555555
3884;23832273000;23384555555;23884555555
3885;23832274000;23384555555;23884555555
3886;23864141000;23425877777;23925877777
3887;23864144000;23425877777;23925877777
3888;23864145000;23425877777;23925877777
3889;23864146000;23425877777;23925877777
3890;23864147000;23425877777;23925877777
3891;23864148000;23425877777;23925877777
3892;23864149000;23425877777;23925877777
3893;23864270000;23425900000;23925900000
3894;23864275000;23426166666;23926166666
3895;23864276000;23426166666;23926166666
3896;23864277000;23426166666;23926166666
3897;23894866000;23467522222;23967522222
3898;23894868000;23467522222;23967522222
3899;23934386000;23467522222;23967522222
3900;23934399000;23467522222;23967522222
3902;23934432000;23467522222;23967522222
3909;24026465000;23509188888;24009188888
3934;24109130000;23592555555;24092555555
3936;24109134000;23592555555;24092555555
3937;24109214000;23592566666;24092566666
3938;24109220000;23592844444;24092844444
3939;24109221000;23592844444;24092844444
3940;24109222000;23592844444;24092844444
3941;24149389000;23634211111;24134211111
3942;24149392000;23634211111;24134211111
3943;24149394000;23634211111;24134211111
3944;24149395000;23634211111;24134211111
3945;24149396000;23634211111;24134211111
3946;24149396000;23634211111;24134211111
3947;24149397000;23634211111;24134211111
3950;24149481000;23634522222;24134522222
3951;24149484000;23634522222;24134522222
3952;24188778000;23675877777;24175877777
3963;24225752000;23717555555;24217555555
3985;24349741000;23800877777;24300877777
3995;24349853000;23801166666;24301166666
3996;24388909000;23842544444;24342544444
3998;24389514000;23842544444;24342544444
3999;24389528000;23842544444;24342544444
4000;24389529000;23842544444;24342544444
4001;24389530000;23842544444;24342544444
4002;24389531000;23842544444;24342544444
4003;24389734000;23842566666;24342566666
4004;24389749000;23842844444;24342844444
4005;24389750000;23842844444;24342844444
4006;24389751000;23842844444;24342844444
4007;24427432000;23884211111;24384211111
4030;24501071000;23967522222;24467522222
4057;24551688000;24050855555;24550855555
4058;24551852000;24050866666;24550866666
4059;24551859000;24051222222;24551222222
4060;24551860000;24051222222;24551222222
4061;24551861000;24051222222;24551222222
4062;24579814000;24092544444;24592544444
4063;24579818000;24092544444;24592544444
4064;24579819000;24092544444;24592544444
4065;24579820000;24092544444;24592544444
4066;24579821000;24092544444;24592544444
4067;24579822000;24092544444;24592544444
4068;24579823000;24092544444;24592544444
4069;24579979000;24092566666;24592566666
4070;24579985000;24092833333;24592833333
4071;24579986000;24092833333;24592833333
4072;24579987000;24092833333;24592833333
4073;24606706000;24134222222;24634222222
4074;24606710000;24134222222;24634222222
4075;24606711000;24134222222;24634222222
4076;24606712000;24134222222;24634222222
4077;24606713000;24134222222;24634222222
4078;24606714000;24134222222;24634222222
4079;24606715000;24134222222;24634222222
4080;24705717000;24134233333;24634233333
4106;24705733000;24259188888;24759188888
4107;24705734000;24259188888;24759188888
4108;24705735000;24259188888;24759188888
4109;24705736000;24259188888;24759188888
4110;24705737000;24259188888;24759188888
4111;24705738000;24259188888;24759188888
4112;24705739000;24259188888;24759188888
4113;24829973000;24259211111;24759211111
4118;24829988000;24300877777;24800877777
4119;24829990000;24300877777;24800877777
4120;24829991000;24300877777;24800877777
4121;24829991000;24300877777;24800877777
4122;24829993000;24300877777;24800877777
4123;24829994000;24300877777;24800877777
4125;24870177000;24301211111;24801211111
4126;24870181000;24301211111;24801211111
4127;24870182000;24301211111;24801211111
4128;24908733000;24342544444;24842544444
4145;24926470000;24384211111;24884211111
4148;24944888000;24384511111;24884511111
4167;24998973000;24467522222;24967522222
4180;25029063000;24509544444;25009544444
4181;25029075000;24509544444;25009544444
4182;25029076000;24509544444;25009544444
4183;25057596000;24550888888;25050888888
4184;25057600000;24550888888;25050888888
4185;25057608000;24550888888;25050888888
4186;25057609000;24550888888;25050888888
4187;25057610000;24550888888;25050888888
4188;25057611000;24550888888;25050888888
4189;25057612000;24550888888;25050888888
4190;25057812000;24550900000;25050900000
4191;25057827000;24551188888;25051188888
4192;25057828000;24551188888;25051188888
4193;25057829000;24551188888;25051188888
4194;25084862000;24592544444;25092544444
4195;25084865000;24592544444;25092544444
4196;25084866000;24592544444;25092544444
4197;25084867000;24592544444;25092544444
4198;25084868000;24592544444;25092544444
4199;25084869000;24592544444;25092544444
4200;25084870000;24592544444;25092544444
4201;25084992000;24592566666;25092566666
4204;25135927000;24592844444;25092844444
4214;25227997000;24634522222;25134522222
4241;25349104000;24759188888;25259188888
4242;25349108000;24759188888;25259188888
4243;25349109000;24759188888;25259188888
4244;25349110000;24759188888;25259188888
4245;25349265000;24759200000;25259200000
4246;25349272000;24759600000;25259600000
4247;25349273000;24759600000;25259600000
4248;25349274000;24759600000;25259600000
4249;25387231000;24800888888;25300888888
4270;25421918000;24842844444;25342844444
4284;25487321000;24925866666;25425866666
4305;25536369000;25009177777;25509177777
4306;25536372000;25009177777;25509177777
4307;25536373000;25009177777;25509177777
4308;25536374000;25009177777;25509177777
4309;25536375000;25009177777;25509177777
4310;25536376000;25009177777;25509177777
4311;25536593000;25009188888;25509188888
4312;25536609000;25009511111;25509511111
4314;25536610000;25009511111;25509511111
4315;25563754000;25050877777;25550877777
4316;25563758000;25050877777;25550877777
4317;25563759000;25050877777;25550877777
4318;25563760000;25050877777;25550877777
4319;25563761000;25050877777;25550877777
4320;25563762000;25050877777;25550877777
4321;25563763000;25050877777;25550877777
4322;25563918000;25050900000;25550900000
4323;25563924000;25051211111;25551211111
4324;25563926000;25051211111;25551211111
4325;25563927000;25051211111;25551211111
4326;25590059000;25092544444;25592544444
4327;25590062000;25092544444;25592544444
4329;25616386000;25092544444;25592544444
4330;25616388000;25092544444;25592544444
4331;25616389000;25092544444;25592544444
4336;25666939000;25092833333;25592833333
4359;25791218000;25217522222;25717522222
4369;25791304000;25217900000;25717900000
4370;25831136000;25259277777;25759277777
4371;25831139000;25259277777;25759277777
4372;25831140000;25259277777;25759277777
4373;25831141000;25259277777;25759277777
4374;25831142000;25259277777;25759277777
4375;25831143000;25259277777;25759277777
4376;25831144000;25259277777;25759277777
4377;25831301000;25259288888;25759288888
4378;25831307000;25259611111;25759611111
4379;25831308000;25259611111;25759611111
4380;25831309000;25259611111;25759611111
4381;25869149000;25300866666;25800866666
4403;25989821000;25384188888;25884188888
4429;26070841000;25467522222;25967522222
4430;26070844000;25467522222;25967522222
4431;26070845000;25467522222;25967522222
4432;26071063000;25467533333;25967533333
4433;26071069000;25467877777;25967877777
4434;26071071000;25467877777;25967877777
4435;26071072000;25467877777;25967877777
4436;26109075000;25509200000;26009200000
4459;26158597000;25592544444;26092544444
4484;26228526000;25675855555;26175855555
4494;26256899000;25717555555;26217555555
4495;26256902000;25717555555;26217555555
4496;26256904000;25717555555;26217555555
4497;26256905000;25717555555;26217555555
4498;26257121000;25717566666;26217566666
4499;26257137000;25717822222;26217822222
4500;26257138000;25717822222;26217822222
4501;26257139000;25717822222;26217822222
4502;26284146000;25759211111;26259211111
4503;26284150000;25759211111;26259211111
4504;26284151000;25759211111;26259211111
4505;26284152000;25759211111;26259211111
4506;26284153000;25759211111;26259211111
4507;26284154000;25759211111;26259211111
4508;26284155000;25759211111;26259211111
4509;26284278000;25759233333;26259233333
4510;26284283000;25759511111;26259511111
4511;26284284000;25759511111;26259511111
4512;26284285000;25759511111;26259511111
4513;26310410000;25800888888;26300888888
4514;26310414000;25800888888;26300888888
4515;26310415000;25800888888;26300888888
4516;26310416000;25800888888;26300888888
4517;26337200000;25800888888;26300888888
4519;26337276000;25800888888;26300888888
4520;26387723000;25800900000;26300900000
4547;26387739000;25925866666;26425866666
4548;26387740000;25925866666;26425866666
4549;26387741000;25925866666;26425866666
4550;26387742000;25925866666;26425866666
4551;26387743000;25925866666;26425866666
4552;26387744000;25925866666;26425866666
4553;26512167000;25925888888;26425888888
4559;26512183000;25967544444;26467544444
4560;26512185000;25967544444;26467544444
4561;26512186000;25967544444;26467544444
4562;26512187000;25967544444;26467544444
4563;26512188000;25967544444;26467544444
4564;26551991000;25967555555;26467555555
4565;26552006000;25967888888;26467888888
4566;26552008000;25967888888;26467888888
4567;26552009000;25967888888;26467888888
4568;26590509000;26009211111;26509211111
4590;26642959000;26092555555;26592555555
4612;26712064000;26175855555;26675855555
4624;26740467000;26217544444;26717544444
4625;26740471000;26217544444;26717544444
4626;26740472000;26217544444;26717544444
4627;26740473000;26217544444;26717544444
4628;26740474000;26217544444;26717544444
4629;26740475000;26217544444;26717544444
4631;26740940000;26217844444;26717844444
4632;26740943000;26217844444;26717844444
4633;26740944000;26217844444;26717844444
4634;26772128000;26259244444;26759244444
4635;26772132000;26259244444;26759244444
4636;26772133000;26259244444;26759244444
4637;26772134000;26259244444;26759244444
4638;26772135000;26259244444;26759244444
4639;26772136000;26259244444;26759244444
4640;26772137000;26259244444;26759244444
4641;26772344000;26259255555;26759255555
4642;26772360000;26259577777;26759577777
4643;26772361000;26259577777;26759577777
4644;26772362000;26259577777;26759577777
4645;26797625000;26300877777;26800877777
4646;26797629000;26300877777;26800877777
4647;26817725000;26300877777;26800877777
4649;26817755000;26300877777;26800877777
4650;26817756000;26300877777;26800877777
4651;26817834000;26300877777;26800877777
4654;26868230000;26301177777;26801177777
4676;26951259000;26384577777;26884577777
4687;26992070000;26426200000;26926200000
4688;26992083000;26426200000;26926200000
4689;27032361000;26467555555;26967555555
4690;27032365000;26467555555;26967555555
4691;27032366000;26467555555;26967555555
4692;27032367000;26467555555;26967555555
4693;27032368000;26467555555;26967555555
4694;27032369000;26467555555;26967555555
4695;27032370000;26467555555;26967555555
4696;27032576000;26467577777;26967577777
4697;27032592000;26467833333;26967833333
4698;27032593000;26467833333;26967833333
4699;27032594000;26467833333;26967833333
4700;27071032000;26509211111;27009211111
4718;27083109000;26550900000;27050900000
4719;27083124000;26551177777;27051177777
4720;27083126000;26551177777;27051177777
4721;27083127000;26551177777;27051177777
4722;27143347000;26592522222;27092522222
4753;27186874000;26676266666;27176266666
4754;27186878000;26676266666;27176266666
4755;27216075000;26717555555;27217555555
4756;27216079000;26717555555;27217555555
4757;27216080000;26717555555;27217555555
4758;27216081000;26717555555;27217555555
4759;27216082000;26717555555;27217555555
4760;27216083000;26717555555;27217555555
4761;27216084000;26717555555;27217555555
4762;27216291000;26717566666;27217566666
4763;27216307000;26717833333;27217833333
4764;27216308000;26717833333;27217833333
4765;27216309000;26717833333;27217833333
4766;27244138000;26759222222;27259222222
4767;27244142000;26759222222;27259222222
4768;27244143000;26759222222;27259222222
4769;27244144000;26759222222;27259222222
4770;27244145000;26759222222;27259222222
4771;27244146000;26759222222;27259222222
4772;27244147000;26759222222;27259222222
4773;27244324000;26759233333;27259233333
4774;27244329000;26759533333;27259533333
4775;27244330000;26759533333;27259533333
4776;27298296000;26759533333;27259533333
4777;27348700000;26800877777;27300877777
4804;27431815000;26884188888;27384188888
4816;27472770000;26925888888;27425888888
4817;27472988000;26925900000;27425900000
4818;27473004000;26926200000;27426200000
4819;27473005000;26926200000;27426200000
4820;27473006000;26926200000;27426200000
4821;27513063000;26967555555;27467555555
4822;27513075000;26967555555;27467555555
4823;27513076000;26967555555;27467555555
4824;27513078000;26967555555;27467555555
4825;27513078000;26967555555;27467555555
4826;27513080000;26967555555;27467555555
4827;27513081000;26967555555;27467555555
4828;27513257000;26967566666;27467566666
4829;27513262000;26967844444;27467844444
4830;27513263000;26967844444;27467844444
4831;27513264000;26967844444;27467844444
4832;27551799000;27009211111;27509211111
4849;27589020000;27050877777;27550877777
4868;27647127000;27134211111;27634211111
4881;27680204000;27175855555;27675855555
4882;27680207000;27175855555;27675855555
4883;27680414000;27175866666;27675866666
4884;27680430000;27176244444;27676244444
4885;27680431000;27176244444;27676244444
4886;27680432000;27176244444;27676244444
4887;27712223000;27217544444;27717544444
4888;27712226000;27217544444;27717544444
4889;27712227000;27217544444;27717544444
4890;27712228000;27217544444;27717544444
4891;27712229000;27217544444;27717544444
4892;27712230000;27217544444;27717544444
4893;27712231000;27217544444;27717544444
4894;27712431000;27217566666;27717566666
4895;27712447000;27217833333;27717833333
4896;27712448000;27217833333;27717833333
4897;27712449000;27217833333;27717833333
4898;27742864000;27259200000;27759200000
4899;27742867000;27259200000;27759200000
4900;27742868000;27259200000;27759200000
4901;27742869000;27259200000;27759200000
4902;27742870000;27259200000;27759200000
4903;27742871000;27259200000;27759200000
4904;27778871000;27259200000;27759200000
4905;27829336000;27259211111;27759211111
4933;27829351000;27384188888;27884188888
4934;27829353000;27384188888;27884188888
4935;27829354000;27384188888;27884188888
4936;27829355000;27384188888;27884188888
4937;27829356000;27384188888;27884188888
4938;27953629000;27384200000;27884200000
4946;27953644000;27425877777;27925877777
4947;27953645000;27425877777;27925877777
4948;27953647000;27425877777;27925877777
4949;27993246000;27425900000;27925900000
4950;27993262000;27426211111;27926211111
4951;27993263000;27426211111;27926211111
4952;27993264000;27426211111;27926211111
4953;28031748000;27467522222;27967522222
4975;28104124000;27550855555;28050855555
5007;28147506000;27634522222;28134522222
5008;28176772000;27675877777;28175877777
5009;28176776000;27675877777;28175877777
5011;28177104000;27675877777;28175877777
5012;28177106000;27675877777;28175877777
5013;28177107000;27675877777;28175877777
5014;28177108000;27675877777;28175877777
5015;28177316000;27675900000;28175900000
5016;28177332000;27676177777;28176177777
5017;28177333000;27676177777;28176177777
5018;28177334000;27676177777;28176177777
5019;28204937000;27717544444;28217544444
5020;28204940000;27717544444;28217544444
5021;28204941000;27717544444;28217544444
5022;28204942000;27717544444;28217544444
5023;28204943000;27717544444;28217544444
5024;28204944000;27717544444;28217544444
5025;28204945000;27717544444;28217544444
5026;28205176000;27717555555;28217555555
5027;28205192000;27717822222;28217822222
5028;28205193000;27717822222;28217822222
5029;28205194000;27717822222;28217822222
5030;28227494000;27759222222;28259222222
5031;28227498000;27759222222;28259222222
5032;28227499000;27759222222;28259222222
5034;28259482000;27759222222;28259222222
5035;28259484000;27759222222;28259222222
5038;28310157000;27759544444;28259544444
5065;28434155000;27884188888;28384188888
5076;28474015000;27925877777;28425877777
5077;28474018000;27925877777;28425877777
5078;28474019000;27925877777;28425877777
5079;28474020000;27925877777;28425877777
5080;28474021000;27925877777;28425877777
5081;28474229000;27925900000;28425900000
5082;28474245000;27926188888;28426188888
5083;28474246000;27926188888;28426188888
5084;28474247000;27926188888;28426188888
5085;28512641000;27967544444;28467544444
5107;28554302000;28050855555;28550855555
5131;28624781000;28134222222;28634222222
5144;28740086000;28175888888;28675888888
5150;28740124000;28176211111;28676211111
5153;28740140000;28217555555;28717555555
5154;28740141000;28217555555;28717555555
5155;28740142000;28217555555;28717555555
5156;28740144000;28217555555;28717555555
5157;28740145000;28217555555;28717555555
5158;28740229000;28217566666;28717566666
5162;28740235000;28259211111;28759211111
5163;28740237000;28259211111;28759211111
5164;28740251000;28259211111;28759211111
5166;28740253000;28259211111;28759211111
5167;28740254000;28259211111;28759211111
5170;28790758000;28259655555;28759655555
5197;28914487000;28384211111;28884211111
5211;28954128000;28425877777;28925877777
5212;28954132000;28425877777;28925877777
5213;28954330000;28425900000;28925900000
5215;28954682000;28426177777;28926177777
5216;28954684000;28426177777;28926177777
5217;28992770000;28467555555;28967555555
5244;29027409000;28550855555;29050855555
5251;29090353000;28592522222;29092522222
5280;29126848000;28676200000;29176200000
5281;29126852000;28676200000;29176200000
5282;29126853000;28676200000;29176200000
5283;29148855000;28717544444;29217544444
5284;29148858000;28717544444;29217544444
5285;29148869000;28717544444;29217544444
5286;29148870000;28717544444;29217544444
5287;29148871000;28717544444;29217544444
5288;29148872000;28717544444;29217544444
5289;29148873000;28717544444;29217544444
5290;29149140000;28717566666;29217566666
5291;29149147000;28717822222;29217822222
5292;29149148000;28717822222;29217822222
5293;29149149000;28717822222;29217822222
5294;29178124000;28759188888;29259188888
5295;29178127000;28759188888;29259188888
5296;29178128000;28759188888;29259188888
5297;29178129000;28759188888;29259188888
5298;29178130000;28759188888;29259188888
5299;29178131000;28759188888;29259188888
5300;29178132000;28759188888;29259188888
5301;29178309000;28759211111;29259211111
5302;29178314000;28759611111;29259611111
5303;29220557000;28759611111;29259611111
5304;29220679000;28759611111;29259611111
5305;29270868000;28800855555;29300855555
5336;29394357000;28884522222;29384522222
5349;29472417000;28967544444;29467544444
5378;29540948000;29050866666;29550866666
5416;29540964000;29217555555;29717555555
5417;29540965000;29217555555;29717555555
5418;29540966000;29217555555;29717555555
5419;29540967000;29217555555;29717555555
5420;29540968000;29217555555;29717555555
5421;29540969000;29217555555;29717555555
5422;29645163000;29217566666;29717566666
5424;29645179000;29217833333;29717833333
5425;29645181000;29217833333;29717833333
5426;29662120000;29259188888;29759188888
5427;29662124000;29259188888;29759188888
5428;29662125000;29259188888;29759188888
5429;29662126000;29259188888;29759188888
5430;29662127000;29259188888;29759188888
5431;29662128000;29259188888;29759188888
5432;29662129000;29259188888;29759188888
5433;29662307000;29259211111;29759211111
5434;29662312000;29259611111;29759611111
5435;29662313000;29259611111;29759611111
5436;29662314000;29259611111;29759611111
5437;29684184000;29300888888;29800888888
5438;29684187000;29300888888;29800888888
5439;29684188000;29300888888;29800888888
5441;29701060000;29300888888;29800888888
5443;29701074000;29300888888;29800888888
5446;29751494000;29301211111;29801211111
5473;29875821000;29425888888;29925888888
5479;29875907000;29426177777;29926177777
5480;29875911000;29426177777;29926177777
5481;29915437000;29467522222;29967522222
5482;29915441000;29467522222;29967522222
5483;29915442000;29467522222;29967522222
5484;29915443000;29467522222;29967522222
5485;29915444000;29467522222;29967522222
5486;29915445000;29467522222;29967522222
5487;29915446000;29467522222;29967522222
5488;29915627000;29467544444;29967544444
5489;29915634000;29467900000;29967900000
5491;29915635000;29467900000;29967900000
5492;29954081000;29509188888;30009188888
5493;29954094000;29509188888;30009188888
5494;29954095000;29509188888;30009188888
5495;29954096000;29509188888;30009188888
5496;29954097000;29509188888;30009188888
5497;29954098000;29509188888;30009188888
5498;29954099000;29509188888;30009188888
5499;29954238000;29509200000;30009200000
