seqnum;now;rtptime;deadline;packet_len;payload_len
0;4269230000;4179655555;4679655555;10240;10228
3;4269264000;4210588888;4710588888;10240;10228
4;4269276000;4210588888;4710588888;10240;10228
7;4269289000;4210588888;4710588888;10240;10228
8;4269295000;4210588888;4710588888;10240;10228
1;4269438000;4179655555;4679655555;10240;10228
2;4269570000;4179655555;4679655555;10240;10228
5;4269578000;4210588888;4710588888;10240;10228
6;4269765000;4210588888;4710588888;10240;10228
9;4269946000;4210588888;4710588888;10240;10228
10;4269959000;4210600000;4710600000;10240;10228
11;4272500000;4210966666;4710966666;10240;10228
13;4272527000;4210966666;4710966666;10240;10228
15;4272540000;4252233333;4752233333;10240;10228
17;4272549000;4252233333;4752233333;10240;10228
19;4272564000;4252233333;4752233333;10240;10228
21;4272574000;4252277777;4752277777;10240;10228
12;4272585000;4210966666;4710966666;10240;10228
14;4272787000;4252233333;4752233333;10240;10228
16;4272983000;4252233333;4752233333;10240;10228
18;4273007000;4252233333;4752233333;10240;10228
20;4273193000;4252233333;4752233333;10240;10228
23;4314162000;4252688888;4752688888;10240;10228
25;4314192000;4293944444;4793944444;10240;10228
27;4314204000;4293944444;4793944444;10240;10228
29;4314211000;4293944444;4793944444;10240;10228
31;4314216000;4293944444;4793944444;10240;10228
22;4314361000;4252688888;4752688888;10240;10228
24;4314531000;4252688888;4752688888;10240;10228
26;4314730000;4293944444;4793944444;10240;10228
28;4314755000;4293944444;4793944444;10240;10228
32;4314933000;4294000000;4794000000;10240;10228
33;4355762000;4294344444;4794344444;10240;10228
35;4355789000;4294344444;4794344444;10240;10228
37;4355821000;4335566666;4835566666;10240;10228
39;4355828000;4335566666;4835566666;10240;10228
41;4355842000;4335566666;4835566666;10240;10228
43;4355848000;4335611111;4835611111;10240;10228
34;4355941000;4294344444;4794344444;10240;10228
36;4356131000;4335566666;4835566666;10240;10228
38;4356329000;4335566666;4835566666;10240;10228
40;4356339000;4335566666;4835566666;10240;10228
42;4356533000;4335566666;4835566666;10240;10228
30;4396461000;4293944444;4793944444;10240;10228
45;4397403000;4335966666;4835966666;10240;10228
47;4397431000;4377233333;4877233333;10240;10228
49;4397463000;4377233333;4877233333;10240;10228
51;4397479000;4377233333;4877233333;10240;10228
53;4397484000;4377233333;4877233333;10240;10228
44;4397599000;4335966666;4835966666;10240;10228
48;4397808000;4377233333;4877233333;10240;10228
52;4397997000;4377233333;4877233333;10240;10228
54;4398018000;4377288888;4877288888;10240;10228
46;4438275000;4335966666;4835966666;10240;10228
55;4439077000;4377600000;4877600000;10240;10228
57;4439106000;4377600000;4877600000;10240;10228
59;4439129000;4418900000;4918900000;10240;10228
61;4439136000;4418900000;4918900000;10240;10228
63;4439143000;4418900000;4918900000;10240;10228
65;4439159000;4418944444;4918944444;10240;10228
56;4439262000;4377600000;4877600000;10240;10228
58;4439455000;4418900000;4918900000;10240;10228
60;4439662000;4418900000;4918900000;10240;10228
62;4439674000;4418900000;4918900000;10240;10228
64;4439861000;4418900000;4918900000;10240;10228
50;4479738000;4377233333;4877233333;10240;10228
69;4480784000;4460611111;4960611111;10240;10228
71;4480798000;4460611111;4960611111;10240;10228
73;4480810000;4460611111;4960611111;10240;10228
75;4480816000;4460611111;4960611111;10240;10228
66;4480964000;4419255555;4919255555;10240;10228
74;4481164000;4460611111;4960611111;10240;10228
76;4481176000;4460655555;4960655555;10240;10228
67;4521132000;4419255555;4919255555;10240;10228
77;4522451000;4461000000;4961000000;10240;10228
79;4522468000;4461000000;4961000000;10240;10228
81;4522494000;4502255555;5002255555;10240;10228
83;4522498000;4502255555;5002255555;10240;10228
85;4522504000;4502255555;5002255555;10240;10228
87;4522524000;4502311111;5002311111;10240;10228
78;4522685000;4461000000;4961000000;10240;10228
80;4522867000;4502255555;5002255555;10240;10228
82;4522878000;4502255555;5002255555;10240;10228
84;4523029000;4502255555;5002255555;10240;10228
86;4523253000;4502255555;5002255555;10240;10228
68;4563101000;4419255555;4919255555;10240;10228
70;4563275000;4460611111;4960611111;10240;10228
72;4563480000;4460611111;4960611111;10240;10228
89;4564113000;4502633333;5002633333;10240;10228
91;4564128000;4543900000;5043900000;10240;10228
93;4564133000;4543900000;5043900000;10240;10228
95;4564138000;4543900000;5043900000;10240;10228
97;4564143000;4543900000;5043900000;10240;10228
88;4564234000;4502633333;5002633333;10240;10228
90;4564439000;4502633333;5002633333;10240;10228
92;4564642000;4543900000;5043900000;10240;10228
94;4564670000;4543900000;5043900000;10240;10228
96;4564837000;4543900000;5043900000;10240;10228
98;4564857000;4543944444;5043944444;10240;10228
99;4605778000;4544255555;5044255555;10240;10228
101;4605792000;4544255555;5044255555;10240;10228
103;4605800000;4585600000;5085600000;10240;10228
105;4605805000;4585600000;5085600000;10240;10228
107;4605810000;4585600000;5085600000;10240;10228
109;4605815000;4585644444;5085644444;10240;10228
100;4605927000;4544255555;5044255555;10240;10228
102;4606126000;4585600000;5085600000;10240;10228
104;4606319000;4585600000;5085600000;10240;10228
108;4606338000;4585600000;5085600000;10240;10228
111;4647446000;4585911111;5085911111;10240;10228
113;4647514000;4627233333;5127233333;10240;10228
117;4647522000;4627233333;5127233333;10240;10228
119;4647538000;4627233333;5127233333;10240;10228
110;4647635000;4585911111;5085911111;10240;10228
112;4647860000;4585911111;5085911111;10240;10228
114;4647873000;4627233333;5127233333;10240;10228
116;4647999000;4627233333;5127233333;10240;10228
118;4648215000;4627233333;5127233333;10240;10228
120;4648228000;4627277777;5127277777;10240;10228
106;4688088000;4585600000;5085600000;10240;10228
121;4689130000;4627577777;5127577777;10240;10228
123;4689150000;4627577777;5127577777;10240;10228
125;4689172000;4668922222;5168922222;10240;10228
127;4689178000;4668922222;5168922222;10240;10228
129;4689193000;4668922222;5168922222;10240;10228
131;4689199000;4668977777;5168977777;10240;10228
122;4689301000;4627577777;5127577777;10240;10228
124;4689518000;4668922222;5168922222;10240;10228
126;4689541000;4668922222;5168922222;10240;10228
128;4689715000;4668922222;5168922222;10240;10228
130;4689909000;4668922222;5168922222;10240;10228
133;4730749000;4669277777;5169277777;10240;10228
135;4730761000;4710600000;5210600000;10240;10228
137;4730768000;4710600000;5210600000;10240;10228
141;4730772000;4710600000;5210600000;10240;10228
132;4730965000;4669277777;5169277777;10240;10228
138;4731160000;4710600000;5210600000;10240;10228
140;4731368000;4710600000;5210600000;10240;10228
142;4731388000;4710644444;5210644444;10240;10228
136;4771638000;4710600000;5210600000;10240;10228
134;4771822000;4669277777;5169277777;10240;10228
143;4772453000;4710933333;5210933333;10240;10228
145;4772465000;4710933333;5210933333;10240;10228
149;4772470000;4752255555;5252255555;10240;10228
151;4772476000;4752255555;5252255555;10240;10228
153;4772480000;4752300000;5252300000;10240;10228
144;4772632000;4710933333;5210933333;10240;10228
146;4772819000;4752255555;5252255555;10240;10228
148;4773015000;4752255555;5252255555;10240;10228
150;4773025000;4752255555;5252255555;10240;10228
152;4773231000;4752255555;5252255555;10240;10228
139;4812772000;4710600000;5210600000;10240;10228
147;4812975000;4752255555;5252255555;10240;10228
155;4814144000;4752622222;5252622222;10240;10228
157;4814157000;4793922222;5293922222;10240;10228
159;4814162000;4793922222;5293922222;10240;10228
161;4814168000;4793922222;5293922222;10240;10228
163;4814173000;4793922222;5293922222;10240;10228
154;4814286000;4752622222;5252622222;10240;10228
156;4814475000;4752622222;5252622222;10240;10228
158;4814677000;4793922222;5293922222;10240;10228
160;4814684000;4793922222;5293922222;10240;10228
162;4814881000;4793922222;5293922222;10240;10228
164;4814888000;4793977777;5293977777;10240;10228
165;4855769000;4794300000;5294300000;10240;10228
167;4855781000;4794300000;5294300000;10240;10228
169;4855800000;4835600000;5335600000;10240;10228
171;4855810000;4835600000;5335600000;10240;10228
173;4855830000;4835600000;5335600000;10240;10228
175;4855854000;4835644444;5335644444;10240;10228
166;4855968000;4794300000;5294300000;10240;10228
168;4856180000;4835600000;5335600000;10240;10228
170;4856210000;4835600000;5335600000;10240;10228
172;4856383000;4835600000;5335600000;10240;10228
174;4856547000;4835600000;5335600000;10240;10228
177;4897469000;4835944444;5335944444;10240;10228
179;4897498000;4877255555;5377255555;10240;10228
181;4897504000;4877255555;5377255555;10240;10228
183;4897522000;4877255555;5377255555;10240;10228
176;4897628000;4835944444;5335944444;10240;10228
178;4897837000;4835944444;5335944444;10240;10228
180;4897872000;4877255555;5377255555;10240;10228
182;4898004000;4877255555;5377255555;10240;10228
184;4898253000;4877255555;5377255555;10240;10228
186;4898273000;4877311111;5377311111;10240;10228
187;4939065000;4877600000;5377600000;10240;10228
189;4939075000;4877600000;5377600000;10240;10228
191;4939080000;4918900000;5418900000;10240;10228
193;4939085000;4918900000;5418900000;10240;10228
195;4939090000;4918900000;5418900000;10240;10228
197;4939099000;4918944444;5418944444;10240;10228
188;4939268000;4877600000;5377600000;10240;10228
190;4939474000;4918900000;5418900000;10240;10228
192;4939495000;4918900000;5418900000;10240;10228
194;4939714000;4918900000;5418900000;10240;10228
196;4939880000;4918900000;5418900000;10240;10228
199;4980785000;4919255555;5419255555;10240;10228
201;4980795000;4960577777;5460577777;10240;10228
203;4980800000;4960577777;5460577777;10240;10228
205;4980805000;4960577777;5460577777;10240;10228
207;4980810000;4960577777;5460577777;10240;10228
198;4980944000;4919255555;5419255555;10240;10228
200;4981160000;4919255555;5419255555;10240;10228
202;4981170000;4960577777;5460577777;10240;10228
204;4981359000;4960577777;5460577777;10240;10228
206;4981557000;4960577777;5460577777;10240;10228
208;4981578000;4960633333;5460633333;10240;10228
209;5022451000;4960988888;5460988888;10240;10228
211;5022461000;4960988888;5460988888;10240;10228
213;5022479000;5002266666;5502266666;10240;10228
215;5022484000;5002266666;5502266666;10240;10228
217;5022495000;5002266666;5502266666;10240;10228
219;5022499000;5002311111;5502311111;10240;10228
210;5022639000;4960988888;5460988888;10240;10228
212;5022834000;5002266666;5502266666;10240;10228
214;5022856000;5002266666;5502266666;10240;10228
216;5023001000;5002266666;5502266666;10240;10228
218;5023206000;5002266666;5502266666;10240;10228
221;5064069000;5002666666;5502666666;10240;10228
223;5064097000;5043900000;5543900000;10240;10228
225;5064104000;5043900000;5543900000;10240;10228
227;5064109000;5043900000;5543900000;10240;10228
229;5064114000;5043900000;5543900000;10240;10228
220;5064256000;5002666666;5502666666;10240;10228
222;5064469000;5002666666;5502666666;10240;10228
226;5064676000;5043900000;5543900000;10240;10228
228;5064698000;5043900000;5543900000;10240;10228
230;5064702000;5043944444;5543944444;10240;10228
224;5104919000;5043900000;5543900000;10240;10228
233;5105779000;5044277777;5544277777;10240;10228
235;5105808000;5085600000;5585600000;10240;10228
237;5105814000;5085600000;5585600000;10240;10228
239;5105819000;5085600000;5585600000;10240;10228
241;5105832000;5085644444;5585644444;10240;10228
232;5105974000;5044277777;5544277777;10240;10228
234;5106186000;5085600000;5585600000;10240;10228
236;5106195000;5085600000;5585600000;10240;10228
238;5106392000;5085600000;5585600000;10240;10228
240;5106594000;5085600000;5585600000;10240;10228
243;5147426000;5085922222;5585922222;10240;10228
245;5147456000;5127255555;5627255555;10240;10228
247;5147463000;5127255555;5627255555;10240;10228
249;5147467000;5127255555;5627255555;10240;10228
251;5147480000;5127255555;5627255555;10240;10228
242;5147631000;5085922222;5585922222;10240;10228
244;5147835000;5085922222;5585922222;10240;10228
246;5147870000;5127255555;5627255555;10240;10228
248;5148005000;5127255555;5627255555;10240;10228
250;5148255000;5127255555;5627255555;10240;10228
252;5148279000;5127311111;5627311111;10240;10228
253;5189135000;5127633333;5627633333;10240;10228
255;5189144000;5127633333;5627633333;10240;10228
257;5189171000;5168922222;5668922222;10240;10228
259;5189176000;5168922222;5668922222;10240;10228
261;5189180000;5168922222;5668922222;10240;10228
263;5189193000;5168977777;5668977777;10240;10228
254;5189301000;5127633333;5627633333;10240;10228
256;5189509000;5168922222;5668922222;10240;10228
258;5189534000;5168922222;5668922222;10240;10228
260;5189684000;5168922222;5668922222;10240;10228
262;5189877000;5168922222;5668922222;10240;10228
265;5230750000;5169288888;5669288888;10240;10228
267;5230780000;5210566666;5710566666;10240;10228
269;5230787000;5210566666;5710566666;10240;10228
271;5230791000;5210566666;5710566666;10240;10228
273;5230805000;5210566666;5710566666;10240;10228
264;5230935000;5169288888;5669288888;10240;10228
266;5231140000;5169288888;5669288888;10240;10228
268;5231166000;5210566666;5710566666;10240;10228
270;5231341000;5210566666;5710566666;10240;10228
272;5231505000;5210566666;5710566666;10240;10228
274;5231523000;5210611111;5710611111;10240;10228
275;5272440000;5210888888;5710888888;10240;10228
277;5272450000;5210888888;5710888888;10240;10228
279;5272468000;5252233333;5752233333;10240;10228
281;5272472000;5252233333;5752233333;10240;10228
283;5272490000;5252233333;5752233333;10240;10228
285;5272494000;5252277777;5752277777;10240;10228
276;5272609000;5210888888;5710888888;10240;10228
278;5272805000;5252233333;5752233333;10240;10228
280;5272842000;5252233333;5752233333;10240;10228
282;5272975000;5252233333;5752233333;10240;10228
284;5273179000;5252233333;5752233333;10240;10228
287;5314067000;5252588888;5752588888;10240;10228
289;5314091000;5293900000;5793900000;10240;10228
291;5314106000;5293900000;5793900000;10240;10228
293;5314111000;5293900000;5793900000;10240;10228
295;5314125000;5293900000;5793900000;10240;10228
286;5314270000;5252588888;5752588888;10240;10228
288;5314471000;5252588888;5752588888;10240;10228
290;5314677000;5293900000;5793900000;10240;10228
292;5314703000;5293900000;5793900000;10240;10228
296;5314717000;5293944444;5793944444;10240;10228
297;5355745000;5294244444;5794244444;10240;10228
299;5355756000;5294244444;5794244444;10240;10228
301;5355761000;5335588888;5835588888;10240;10228
307;5355765000;5335644444;5835644444;10240;10228
298;5355968000;5294244444;5794244444;10240;10228
300;5356183000;5335588888;5835588888;10240;10228
302;5356192000;5335588888;5835588888;10240;10228
304;5356383000;5335588888;5835588888;10240;10228
306;5356588000;5335588888;5835588888;10240;10228
294;5396679000;5293900000;5793900000;10240;10228
309;5397455000;5335911111;5835911111;10240;10228
311;5397467000;5377255555;5877255555;10240;10228
313;5397477000;5377255555;5877255555;10240;10228
315;5397481000;5377255555;5877255555;10240;10228
317;5397485000;5377255555;5877255555;10240;10228
308;5397614000;5335911111;5835911111;10240;10228
310;5397819000;5335911111;5835911111;10240;10228
312;5397824000;5377255555;5877255555;10240;10228
314;5398023000;5377255555;5877255555;10240;10228
316;5398294000;5377255555;5877255555;10240;10228
318;5398315000;5377300000;5877300000;10240;10228
305;5437742000;5335588888;5835588888;10240;10228
303;5437960000;5335588888;5835588888;10240;10228
319;5439097000;5377644444;5877644444;10240;10228
321;5439112000;5377644444;5877644444;10240;10228
323;5439134000;5418933333;5918933333;10240;10228
325;5439150000;5418933333;5918933333;10240;10228
327;5439159000;5418933333;5918933333;10240;10228
329;5439174000;5418977777;5918977777;10240;10228
320;5439299000;5377644444;5877644444;10240;10228
326;5439510000;5418933333;5918933333;10240;10228
331;5480797000;5419300000;5919300000;10240;10228
333;5480838000;5460588888;5960588888;10240;10228
335;5480857000;5460588888;5960588888;10240;10228
337;5480874000;5460588888;5960588888;10240;10228
339;5480890000;5460588888;5960588888;10240;10228
330;5480954000;5419300000;5919300000;10240;10228
332;5481181000;5419300000;5919300000;10240;10228
334;5481191000;5460588888;5960588888;10240;10228
336;5481379000;5460588888;5960588888;10240;10228
338;5481578000;5460588888;5960588888;10240;10228
340;5481598000;5460644444;5960644444;10240;10228
324;5521444000;5418933333;5918933333;10240;10228
328;5521605000;5418933333;5918933333;10240;10228
341;5522421000;5460933333;5960933333;10240;10228
343;5522434000;5460933333;5960933333;10240;10228
345;5522445000;5502222222;6002222222;10240;10228
347;5522453000;5502222222;6002222222;10240;10228
349;5522467000;5502222222;6002222222;10240;10228
351;5522475000;5502277777;6002277777;10240;10228
342;5522602000;5460933333;5960933333;10240;10228
344;5522804000;5502222222;6002222222;10240;10228
346;5522825000;5502222222;6002222222;10240;10228
348;5523007000;5502222222;6002222222;10240;10228
350;5523220000;5502222222;6002222222;10240;10228
355;5564103000;5543900000;6043900000;10240;10228
357;5564117000;5543900000;6043900000;10240;10228
359;5564130000;5543900000;6043900000;10240;10228
352;5564237000;5502577777;6002577777;10240;10228
354;5564437000;5502577777;6002577777;10240;10228
356;5564633000;5543900000;6043900000;10240;10228
358;5564642000;5543900000;6043900000;10240;10228
360;5564837000;5543900000;6043900000;10240;10228
362;5564843000;5543944444;6043944444;10240;10228
363;5605743000;5544244444;6044244444;10240;10228
365;5605757000;5544244444;6044244444;10240;10228
367;5605773000;5585600000;6085600000;10240;10228
369;5605783000;5585600000;6085600000;10240;10228
371;5605796000;5585600000;6085600000;10240;10228
373;5605805000;5585644444;6085644444;10240;10228
364;5605964000;5544244444;6044244444;10240;10228
366;5606181000;5585600000;6085600000;10240;10228
368;5606193000;5585600000;6085600000;10240;10228
372;5606384000;5585600000;6085600000;10240;10228
353;5646275000;5502577777;6002577777;10240;10228
361;5646480000;5543900000;6043900000;10240;10228
375;5647429000;5585911111;6085911111;10240;10228
377;5647445000;5627255555;6127255555;10240;10228
379;5647454000;5627255555;6127255555;10240;10228
381;5647461000;5627255555;6127255555;10240;10228
383;5647477000;5627255555;6127255555;10240;10228
374;5647638000;5585911111;6085911111;10240;10228
376;5647843000;5585911111;6085911111;10240;10228
378;5647864000;5627255555;6127255555;10240;10228
382;5648052000;5627255555;6127255555;10240;10228
384;5648075000;5627311111;6127311111;10240;10228
370;5688088000;5585600000;6085600000;10240;10228
385;5689136000;5627600000;6127600000;10240;10228
387;5689146000;5627600000;6127600000;10240;10228
389;5689168000;5668922222;6168922222;10240;10228
391;5689174000;5668922222;6168922222;10240;10228
393;5689190000;5668922222;6168922222;10240;10228
395;5689194000;5668977777;6168977777;10240;10228
386;5689364000;5627600000;6127600000;10240;10228
388;5689576000;5668922222;6168922222;10240;10228
390;5689586000;5668922222;6168922222;10240;10228
392;5689719000;5668922222;6168922222;10240;10228
394;5689910000;5668922222;6168922222;10240;10228
380;5729603000;5627255555;6127255555;10240;10228
397;5730751000;5669266666;6169266666;10240;10228
401;5730779000;5710566666;6210566666;10240;10228
403;5730788000;5710566666;6210566666;10240;10228
405;5730808000;5710566666;6210566666;10240;10228
396;5730926000;5669266666;6169266666;10240;10228
398;5731134000;5669266666;6169266666;10240;10228
400;5731162000;5710566666;6210566666;10240;10228
402;5731307000;5710566666;6210566666;10240;10228
406;5731510000;5710611111;6210611111;10240;10228
399;5771070000;5710566666;6210566666;10240;10228
407;5772410000;5710888888;6210888888;10240;10228
409;5772424000;5710888888;6210888888;10240;10228
411;5772451000;5752255555;6252255555;10240;10228
413;5772470000;5752255555;6252255555;10240;10228
415;5772479000;5752255555;6252255555;10240;10228
417;5772496000;5752311111;6252311111;10240;10228
408;5772652000;5710888888;6210888888;10240;10228
410;5772857000;5752255555;6252255555;10240;10228
412;5772868000;5752255555;6252255555;10240;10228
414;5773022000;5752255555;6252255555;10240;10228
416;5773271000;5752255555;6252255555;10240;10228
404;5813349000;5710566666;6210566666;10240;10228
419;5814097000;5752622222;6252622222;10240;10228
421;5814126000;5793922222;6293922222;10240;10228
423;5814135000;5793922222;6293922222;10240;10228
425;5814153000;5793922222;6293922222;10240;10228
427;5814163000;5793922222;6293922222;10240;10228
418;5814291000;5752622222;6252622222;10240;10228
420;5814494000;5752622222;6252622222;10240;10228
422;5814516000;5793922222;6293922222;10240;10228
424;5814663000;5793922222;6293922222;10240;10228
426;5814870000;5793922222;6293922222;10240;10228
428;5814889000;5793977777;6293977777;10240;10228
429;5855782000;5794300000;6294300000;10240;10228
431;5855818000;5794300000;6294300000;10240;10228
433;5855844000;5835588888;6335588888;10240;10228
435;5855855000;5835588888;6335588888;10240;10228
437;5855861000;5835588888;6335588888;10240;10228
439;5855866000;5835644444;6335644444;10240;10228
430;5855946000;5794300000;6294300000;10240;10228
432;5856145000;5835588888;6335588888;10240;10228
434;5856346000;5835588888;6335588888;10240;10228
436;5856374000;5835588888;6335588888;10240;10228
438;5856555000;5835588888;6335588888;10240;10228
441;5897487000;5835933333;6335933333;10240;10228
443;5897533000;5877255555;6377255555;10240;10228
445;5897539000;5877255555;6377255555;10240;10228
447;5897557000;5877255555;6377255555;10240;10228
449;5897561000;5877255555;6377255555;10240;10228
440;5897653000;5835933333;6335933333;10240;10228
442;5897857000;5835933333;6335933333;10240;10228
444;5898023000;5877255555;6377255555;10240;10228
446;5898041000;5877255555;6377255555;10240;10228
448;5898223000;5877255555;6377255555;10240;10228
450;5898256000;5877311111;6377311111;10240;10228
451;5939115000;5877600000;6377600000;10240;10228
453;5939144000;5877600000;6377600000;10240;10228
455;5939153000;5918900000;6418900000;10240;10228
457;5939159000;5918900000;6418900000;10240;10228
459;5939164000;5918900000;6418900000;10240;10228
461;5939170000;5918944444;6418944444;10240;10228
452;5939294000;5877600000;6377600000;10240;10228
454;5939472000;5918900000;6418900000;10240;10228
456;5939652000;5918900000;6418900000;10240;10228
458;5939686000;5918900000;6418900000;10240;10228
463;5980815000;5919244444;6419244444;10240;10228
469;5980886000;5960588888;6460588888;10240;10228
471;5980893000;5960588888;6460588888;10240;10228
462;5981014000;5919244444;6419244444;10240;10228
464;5981202000;5919244444;6419244444;10240;10228
466;5981349000;5960588888;6460588888;10240;10228
468;5981364000;5960588888;6460588888;10240;10228
470;5981552000;5960588888;6460588888;10240;10228
472;5981565000;5960644444;6460644444;10240;10228
460;6021654000;5918900000;6418900000;10240;10228
473;6022388000;5960922222;6460922222;10240;10228
475;6022400000;5960922222;6460922222;10240;10228
477;6022427000;6002222222;6502222222;10240;10228
479;6022435000;6002222222;6502222222;10240;10228
481;6022448000;6002222222;6502222222;10240;10228
483;6022464000;6002277777;6502277777;10240;10228
474;6022569000;5960922222;6460922222;10240;10228
478;6022774000;6002222222;6502222222;10240;10228
480;6023017000;6002222222;6502222222;10240;10228
467;6062909000;5960588888;6460588888;10240;10228
485;6064120000;6002622222;6502622222;10240;10228
487;6064138000;6043922222;6543922222;10240;10228
489;6064143000;6043922222;6543922222;10240;10228
491;6064162000;6043922222;6543922222;10240;10228
493;6064171000;6043922222;6543922222;10240;10228
484;6064317000;6002622222;6502622222;10240;10228
486;6064476000;6002622222;6502622222;10240;10228
488;6064669000;6043922222;6543922222;10240;10228
490;6064677000;6043922222;6543922222;10240;10228
492;6064873000;6043922222;6543922222;10240;10228
494;6064878000;6043977777;6543977777;10240;10228
476;6104797000;6002222222;6502222222;10240;10228
482;6104975000;6002222222;6502222222;10240;10228
495;6105761000;6044300000;6544300000;10240;10228
497;6105774000;6044300000;6544300000;10240;10228
499;6105792000;6085588888;6585588888;10240;10228
501;6105804000;6085588888;6585588888;10240;10228
503;6105809000;6085588888;6585588888;10240;10228
505;6105814000;6085644444;6585644444;10240;10228
496;6105959000;6044300000;6544300000;10240;10228
498;6106180000;6085588888;6585588888;10240;10228
500;6106209000;6085588888;6585588888;10240;10228
502;6106360000;6085588888;6585588888;10240;10228
504;6106566000;6085588888;6585588888;10240;10228
507;6147431000;6085911111;6585911111;10240;10228
509;6147462000;6127255555;6627255555;10240;10228
511;6147516000;6127255555;6627255555;10240;10228
513;6147521000;6127255555;6627255555;10240;10228
515;6147525000;6127255555;6627255555;10240;10228
506;6147634000;6085911111;6585911111;10240;10228
508;6147853000;6085911111;6585911111;10240;10228
510;6147898000;6127255555;6627255555;10240;10228
514;6148034000;6127255555;6627255555;10240;10228
519;6189105000;6127622222;6627622222;10240;10228
521;6189137000;6168933333;6668933333;10240;10228
523;6189148000;6168933333;6668933333;10240;10228
525;6189153000;6168933333;6668933333;10240;10228
527;6189167000;6168988888;6668988888;10240;10228
518;6189317000;6127622222;6627622222;10240;10228
520;6189526000;6168933333;6668933333;10240;10228
522;6189548000;6168933333;6668933333;10240;10228
524;6189731000;6168933333;6668933333;10240;10228
526;6189929000;6168933333;6668933333;10240;10228
517;6229638000;6127622222;6627622222;10240;10228
512;6229765000;6127255555;6627255555;10240;10228
516;6230072000;6127311111;6627311111;10240;10228
529;6230795000;6169322222;6669322222;10240;10228
531;6230809000;6210566666;6710566666;10240;10228
533;6230814000;6210566666;6710566666;10240;10228
535;6230819000;6210566666;6710566666;10240;10228
537;6230823000;6210566666;6710566666;10240;10228
528;6230940000;6169322222;6669322222;10240;10228
530;6231151000;6169322222;6669322222;10240;10228
534;6231181000;6210566666;6710566666;10240;10228
536;6231354000;6210566666;6710566666;10240;10228
539;6272424000;6210911111;6710911111;10240;10228
541;6272444000;6210911111;6710911111;10240;10228
543;6272452000;6252255555;6752255555;10240;10228
547;6272457000;6252255555;6752255555;10240;10228
549;6272461000;6252311111;6752311111;10240;10228
540;6272634000;6210911111;6710911111;10240;10228
542;6272837000;6252255555;6752255555;10240;10228
544;6272857000;6252255555;6752255555;10240;10228
546;6273041000;6252255555;6752255555;10240;10228
548;6273254000;6252255555;6752255555;10240;10228
538;6313093000;6210622222;6710622222;10240;10228
532;6313117000;6210566666;6710566666;10240;10228
551;6314159000;6252633333;6752633333;10240;10228
553;6314188000;6293900000;6793900000;10240;10228
557;6314228000;6293900000;6793900000;10240;10228
559;6314246000;6293900000;6793900000;10240;10228
552;6314251000;6252633333;6752633333;10240;10228
554;6314488000;6293900000;6793900000;10240;10228
556;6314510000;6293900000;6793900000;10240;10228
558;6314689000;6293900000;6793900000;10240;10228
560;6314709000;6293944444;6793944444;10240;10228
545;6354639000;6252255555;6752255555;10240;10228
550;6354785000;6252633333;6752633333;10240;10228
561;6355806000;6294244444;6794244444;10240;10228
563;6355818000;6294244444;6794244444;10240;10228
565;6355839000;6335600000;6835600000;10240;10228
567;6355844000;6335600000;6835600000;10240;10228
569;6355849000;6335600000;6835600000;10240;10228
571;6355855000;6335644444;6835644444;10240;10228
562;6355991000;6294244444;6794244444;10240;10228
564;6356201000;6335600000;6835600000;10240;10228
566;6356225000;6335600000;6835600000;10240;10228
568;6356404000;6335600000;6835600000;10240;10228
555;6396095000;6293900000;6793900000;10240;10228
573;6397440000;6335922222;6835922222;10240;10228
575;6397469000;6377255555;6877255555;10240;10228
581;6397474000;6377255555;6877255555;10240;10228
572;6397641000;6335922222;6835922222;10240;10228
574;6397844000;6335922222;6835922222;10240;10228
576;6397857000;6377255555;6877255555;10240;10228
578;6398064000;6377255555;6877255555;10240;10228
580;6398263000;6377255555;6877255555;10240;10228
582;6398283000;6377311111;6877311111;10240;10228
570;6438104000;6335600000;6835600000;10240;10228
583;6439066000;6377622222;6877622222;10240;10228
585;6439078000;6377622222;6877622222;10240;10228
587;6439100000;6418900000;6918900000;10240;10228
589;6439114000;6418900000;6918900000;10240;10228
591;6439130000;6418900000;6918900000;10240;10228
593;6439145000;6418955555;6918955555;10240;10228
590;6439298000;6418900000;6918900000;10240;10228
577;6479396000;6377255555;6877255555;10240;10228
579;6479410000;6377255555;6877255555;10240;10228
595;6480778000;6419288888;6919288888;10240;10228
597;6480794000;6460600000;6960600000;10240;10228
599;6480835000;6460600000;6960600000;10240;10228
601;6480843000;6460600000;6960600000;10240;10228
603;6480848000;6460600000;6960600000;10240;10228
598;6481018000;6460600000;6960600000;10240;10228
600;6481201000;6460600000;6960600000;10240;10228
602;6481420000;6460600000;6960600000;10240;10228
604;6481445000;6460644444;6960644444;10240;10228
584;6521517000;6377622222;6877622222;10240;10228
586;6521533000;6418900000;6918900000;10240;10228
588;6521557000;6418900000;6918900000;10240;10228
592;6521655000;6418900000;6918900000;10240;10228
594;6521788000;6419288888;6919288888;10240;10228
596;6521916000;6419288888;6919288888;10240;10228
605;6522447000;6460944444;6960944444;10240;10228
607;6522459000;6460944444;6960944444;10240;10228
609;6522471000;6502255555;7002255555;10240;10228
611;6522476000;6502255555;7002255555;10240;10228
613;6522483000;6502255555;7002255555;10240;10228
615;6522487000;6502300000;7002300000;10240;10228
606;6522625000;6460944444;6960944444;10240;10228
608;6522824000;6502255555;7002255555;10240;10228
610;6522862000;6502255555;7002255555;10240;10228
612;6523027000;6502255555;7002255555;10240;10228
614;6523244000;6502255555;7002255555;10240;10228
621;6564099000;6543922222;7043922222;10240;10228
623;6564115000;6543922222;7043922222;10240;10228
625;6564120000;6543922222;7043922222;10240;10228
616;6564299000;6502622222;7002622222;10240;10228
618;6564474000;6502622222;7002622222;10240;10228
620;6564665000;6543922222;7043922222;10240;10228
622;6564672000;6543922222;7043922222;10240;10228
624;6564870000;6543922222;7043922222;10240;10228
626;6564875000;6543977777;7043977777;10240;10228
617;6604434000;6502622222;7002622222;10240;10228
619;6604452000;6543922222;7043922222;10240;10228
627;6605748000;6544277777;7044277777;10240;10228
629;6605764000;6544277777;7044277777;10240;10228
631;6605777000;6585566666;7085566666;10240;10228
633;6605784000;6585566666;7085566666;10240;10228
635;6605792000;6585566666;7085566666;10240;10228
637;6605800000;6585611111;7085611111;10240;10228
628;6605906000;6544277777;7044277777;10240;10228
632;6606163000;6585566666;7085566666;10240;10228
634;6606175000;6585566666;7085566666;10240;10228
636;6606372000;6585566666;7085566666;10240;10228
630;6646695000;6585566666;7085566666;10240;10228
639;6647472000;6585888888;7085888888;10240;10228
641;6647487000;6627277777;7127277777;10240;10228
643;6647492000;6627277777;7127277777;10240;10228
645;6647497000;6627277777;7127277777;10240;10228
647;6647501000;6627277777;7127277777;10240;10228
638;6647643000;6585888888;7085888888;10240;10228
640;6647848000;6585888888;7085888888;10240;10228
642;6648069000;6627277777;7127277777;10240;10228
644;6648105000;6627277777;7127277777;10240;10228
646;6648272000;6627277777;7127277777;10240;10228
648;6648300000;6627322222;7127322222;10240;10228
649;6689119000;6627633333;7127633333;10240;10228
653;6689154000;6668933333;7168933333;10240;10228
655;6689167000;6668933333;7168933333;10240;10228
657;6689173000;6668933333;7168933333;10240;10228
659;6689177000;6668977777;7168977777;10240;10228
650;6689313000;6627633333;7127633333;10240;10228
652;6689504000;6668933333;7168933333;10240;10228
654;6689529000;6668933333;7168933333;10240;10228
656;6689698000;6668933333;7168933333;10240;10228
658;6689901000;6668933333;7168933333;10240;10228
651;6729488000;6627633333;7127633333;10240;10228
661;6730773000;6669288888;7169288888;10240;10228
663;6730786000;6710600000;7210600000;10240;10228
665;6730791000;6710600000;7210600000;10240;10228
667;6730796000;6710600000;7210600000;10240;10228
669;6730801000;6710600000;7210600000;10240;10228
660;6730975000;6669288888;7169288888;10240;10228
662;6731183000;6669288888;7169288888;10240;10228
664;6731213000;6710600000;7210600000;10240;10228
666;6731386000;6710600000;7210600000;10240;10228
668;6731584000;6710600000;7210600000;10240;10228
670;6731621000;6710644444;7210644444;10240;10228
671;6772467000;6710933333;7210933333;10240;10228
673;6772479000;6710933333;7210933333;10240;10228
675;6772491000;6752266666;7252266666;10240;10228
677;6772499000;6752266666;7252266666;10240;10228
679;6772527000;6752266666;7252266666;10240;10228
681;6772531000;6752311111;7252311111;10240;10228
672;6772629000;6710933333;7210933333;10240;10228
674;6772844000;6752266666;7252266666;10240;10228
676;6772882000;6752266666;7252266666;10240;10228
678;6773040000;6752266666;7252266666;10240;10228
680;6773252000;6752266666;7252266666;10240;10228
683;6814031000;6752633333;7252633333;10240;10228
685;6814049000;6793900000;7293900000;10240;10228
687;6814072000;6793900000;7293900000;10240;10228
682;6814234000;6752633333;7252633333;10240;10228
684;6814436000;6752633333;7252633333;10240;10228
686;6814677000;6793900000;7293900000;10240;10228
688;6814714000;6793900000;7293900000;10240;10228
690;6814883000;6793900000;7293900000;10240;10228
692;6814905000;6793944444;7293944444;10240;10228
693;6855780000;6794277777;7294277777;10240;10228
695;6855793000;6794277777;7294277777;10240;10228
697;6855799000;6835588888;7335588888;10240;10228
699;6855803000;6835588888;7335588888;10240;10228
701;6855807000;6835588888;7335588888;10240;10228
703;6855812000;6835633333;7335633333;10240;10228
694;6855949000;6794277777;7294277777;10240;10228
696;6856158000;6835588888;7335588888;10240;10228
698;6856168000;6835588888;7335588888;10240;10228
700;6856366000;6835588888;7335588888;10240;10228
702;6856570000;6835588888;7335588888;10240;10228
691;6896151000;6793900000;7293900000;10240;10228
689;6896356000;6793900000;7293900000;10240;10228
709;6897449000;6877255555;7377255555;10240;10228
711;6897461000;6877255555;7377255555;10240;10228
704;6897632000;6835933333;7335933333;10240;10228
706;6897835000;6835933333;7335933333;10240;10228
708;6897855000;6877255555;7377255555;10240;10228
710;6898037000;6877255555;7377255555;10240;10228
712;6898252000;6877255555;7377255555;10240;10228
714;6898263000;6877311111;7377311111;10240;10228
715;6939086000;6877611111;7377611111;10240;10228
717;6939099000;6877611111;7377611111;10240;10228
719;6939105000;6918922222;7418922222;10240;10228
721;6939110000;6918922222;7418922222;10240;10228
723;6939115000;6918922222;7418922222;10240;10228
725;6939126000;6918977777;7418977777;10240;10228
716;6939271000;6877611111;7377611111;10240;10228
718;6939519000;6918922222;7418922222;10240;10228
720;6939540000;6918922222;7418922222;10240;10228
722;6939717000;6918922222;7418922222;10240;10228
724;6939911000;6918922222;7418922222;10240;10228
705;6979398000;6835933333;7335933333;10240;10228
707;6979422000;6877255555;7377255555;10240;10228
713;6979442000;6877255555;7377255555;10240;10228
727;6980747000;6919288888;7419288888;10240;10228
729;6980759000;6960566666;7460566666;10240;10228
731;6980764000;6960566666;7460566666;10240;10228
733;6980769000;6960566666;7460566666;10240;10228
735;6980774000;6960566666;7460566666;10240;10228
726;6980942000;6919288888;7419288888;10240;10228
728;6981153000;6919288888;7419288888;10240;10228
730;6981170000;6960566666;7460566666;10240;10228
732;6981357000;6960566666;7460566666;10240;10228
734;6981515000;6960566666;7460566666;10240;10228
736;6981541000;6960611111;7460611111;10240;10228
737;7022428000;6960900000;7460900000;10240;10228
739;7022451000;6960900000;7460900000;10240;10228
741;7022459000;7002255555;7502255555;10240;10228
743;7022480000;7002255555;7502255555;10240;10228
747;7022487000;7002311111;7502311111;10240;10228
738;7022599000;6960900000;7460900000;10240;10228
740;7022796000;7002255555;7502255555;10240;10228
742;7023061000;7002255555;7502255555;10240;10228
744;7023090000;7002255555;7502255555;10240;10228
746;7023213000;7002255555;7502255555;10240;10228
749;7064048000;7002644444;7502644444;10240;10228
751;7064078000;7043900000;7543900000;10240;10228
753;7064085000;7043900000;7543900000;10240;10228
755;7064093000;7043900000;7543900000;10240;10228
754;7064266000;7043900000;7543900000;10240;10228
756;7064470000;7043900000;7543900000;10240;10228
758;7064484000;7043955555;7543955555;10240;10228
745;7104602000;7002255555;7502255555;10240;10228
748;7104842000;7002644444;7502644444;10240;10228
752;7105032000;7043900000;7543900000;10240;10228
761;7105835000;7044288888;7544288888;10240;10228
763;7105856000;7085588888;7585588888;10240;10228
765;7105871000;7085588888;7585588888;10240;10228
767;7105886000;7085588888;7585588888;10240;10228
769;7105890000;7085644444;7585644444;10240;10228
760;7105983000;7044288888;7544288888;10240;10228
762;7106184000;7085588888;7585588888;10240;10228
764;7106190000;7085588888;7585588888;10240;10228
759;7146176000;7044288888;7544288888;10240;10228
757;7146402000;7043900000;7543900000;10240;10228
771;7147422000;7085922222;7585922222;10240;10228
773;7147435000;7127255555;7627255555;10240;10228
775;7147440000;7127255555;7627255555;10240;10228
777;7147446000;7127255555;7627255555;10240;10228
779;7147451000;7127255555;7627255555;10240;10228
770;7147632000;7085922222;7585922222;10240;10228
774;7147836000;7127255555;7627255555;10240;10228
776;7147856000;7127255555;7627255555;10240;10228
778;7148041000;7127255555;7627255555;10240;10228
780;7148081000;7127311111;7627311111;10240;10228
766;7188351000;7085588888;7585588888;10240;10228
768;7188561000;7085588888;7585588888;10240;10228
781;7189112000;7127633333;7627633333;10240;10228
783;7189125000;7127633333;7627633333;10240;10228
787;7189130000;7168922222;7668922222;10240;10228
789;7189135000;7168922222;7668922222;10240;10228
791;7189139000;7168977777;7668977777;10240;10228
782;7189297000;7127633333;7627633333;10240;10228
784;7189501000;7168922222;7668922222;10240;10228
786;7189513000;7168922222;7668922222;10240;10228
790;7189713000;7168922222;7668922222;10240;10228
785;7229709000;7168922222;7668922222;10240;10228
795;7230827000;7210588888;7710588888;10240;10228
799;7230838000;7210588888;7710588888;10240;10228
801;7230856000;7210588888;7710588888;10240;10228
792;7230962000;7169288888;7669288888;10240;10228
794;7231179000;7169288888;7669288888;10240;10228
796;7231188000;7210588888;7710588888;10240;10228
798;7231381000;7210588888;7710588888;10240;10228
800;7231578000;7210588888;7710588888;10240;10228
802;7231590000;7210644444;7710644444;10240;10228
793;7271167000;7169288888;7669288888;10240;10228
788;7271640000;7168922222;7668922222;10240;10228
803;7272443000;7210944444;7710944444;10240;10228
805;7272454000;7210944444;7710944444;10240;10228
807;7272461000;7252222222;7752222222;10240;10228
811;7272466000;7252222222;7752222222;10240;10228
813;7272471000;7252277777;7752277777;10240;10228
804;7272621000;7210944444;7710944444;10240;10228
806;7272825000;7252222222;7752222222;10240;10228
808;7272845000;7252222222;7752222222;10240;10228
810;7273029000;7252222222;7752222222;10240;10228
797;7312955000;7210588888;7710588888;10240;10228
815;7314166000;7252600000;7752600000;10240;10228
817;7314186000;7293933333;7793933333;10240;10228
819;7314199000;7293933333;7793933333;10240;10228
821;7314205000;7293933333;7793933333;10240;10228
823;7314220000;7293933333;7793933333;10240;10228
814;7314314000;7252600000;7752600000;10240;10228
816;7314518000;7252600000;7752600000;10240;10228
818;7314530000;7293933333;7793933333;10240;10228
820;7314720000;7293933333;7793933333;10240;10228
822;7314917000;7293933333;7793933333;10240;10228
824;7314927000;7293977777;7793977777;10240;10228
809;7354450000;7252222222;7752222222;10240;10228
812;7355210000;7252222222;7752222222;10240;10228
825;7355758000;7294300000;7794300000;10240;10228
827;7355769000;7294300000;7794300000;10240;10228
829;7355781000;7335588888;7835588888;10240;10228
831;7355792000;7335588888;7835588888;10240;10228
833;7355797000;7335588888;7835588888;10240;10228
835;7355801000;7335644444;7835644444;10240;10228
826;7355987000;7294300000;7794300000;10240;10228
828;7356203000;7335588888;7835588888;10240;10228
830;7356230000;7335588888;7835588888;10240;10228
832;7356404000;7335588888;7835588888;10240;10228
834;7356559000;7335588888;7835588888;10240;10228
837;7397412000;7335933333;7835933333;10240;10228
839;7397426000;7377266666;7877266666;10240;10228
841;7397439000;7377266666;7877266666;10240;10228
843;7397447000;7377266666;7877266666;10240;10228
845;7397451000;7377266666;7877266666;10240;10228
836;7397604000;7335933333;7835933333;10240;10228
838;7397839000;7335933333;7835933333;10240;10228
840;7397878000;7377266666;7877266666;10240;10228
842;7398042000;7377266666;7877266666;10240;10228
844;7398239000;7377266666;7877266666;10240;10228
847;7439065000;7377644444;7877644444;10240;10228
849;7439076000;7377644444;7877644444;10240;10228
851;7439093000;7418922222;7918922222;10240;10228
853;7439102000;7418922222;7918922222;10240;10228
855;7439107000;7418922222;7918922222;10240;10228
857;7439117000;7418977777;7918977777;10240;10228
848;7439265000;7377644444;7877644444;10240;10228
854;7439466000;7418922222;7918922222;10240;10228
856;7439664000;7418922222;7918922222;10240;10228
846;7480082000;7377311111;7877311111;10240;10228
859;7480735000;7419311111;7919311111;10240;10228
861;7480746000;7460555555;7960555555;10240;10228
863;7480751000;7460555555;7960555555;10240;10228
865;7480755000;7460555555;7960555555;10240;10228
867;7480763000;7460555555;7960555555;10240;10228
858;7480937000;7419311111;7919311111;10240;10228
860;7481140000;7419311111;7919311111;10240;10228
862;7481159000;7460555555;7960555555;10240;10228
864;7481352000;7460555555;7960555555;10240;10228
850;7521471000;7418922222;7918922222;10240;10228
852;7521644000;7418922222;7918922222;10240;10228
869;7522417000;7460922222;7960922222;10240;10228
871;7522431000;7460922222;7960922222;10240;10228
873;7522440000;7502255555;8002255555;10240;10228
875;7522456000;7502255555;8002255555;10240;10228
877;7522468000;7502255555;8002255555;10240;10228
879;7522484000;7502300000;8002300000;10240;10228
870;7522620000;7460922222;7960922222;10240;10228
872;7522821000;7502255555;8002255555;10240;10228
874;7522842000;7502255555;8002255555;10240;10228
876;7523024000;7502255555;8002255555;10240;10228
878;7523237000;7502255555;8002255555;10240;10228
866;7563325000;7460555555;7960555555;10240;10228
868;7563538000;7460611111;7960611111;10240;10228
881;7564105000;7502622222;8002622222;10240;10228
883;7564133000;7543900000;8043900000;10240;10228
885;7564143000;7543900000;8043900000;10240;10228
887;7564159000;7543900000;8043900000;10240;10228
889;7564167000;7543900000;8043900000;10240;10228
880;7564264000;7502622222;8002622222;10240;10228
882;7564465000;7502622222;8002622222;10240;10228
884;7564641000;7543900000;8043900000;10240;10228
886;7564670000;7543900000;8043900000;10240;10228
888;7564878000;7543900000;8043900000;10240;10228
890;7564905000;7543944444;8043944444;10240;10228
891;7605802000;7544255555;8044255555;10240;10228
893;7605818000;7544255555;8044255555;10240;10228
895;7605843000;7585622222;8085622222;10240;10228
897;7605852000;7585622222;8085622222;10240;10228
899;7605869000;7585622222;8085622222;10240;10228
901;7605882000;7585666666;8085666666;10240;10228
892;7605975000;7544255555;8044255555;10240;10228
894;7606201000;7585622222;8085622222;10240;10228
896;7606229000;7585622222;8085622222;10240;10228
898;7606402000;7585622222;8085622222;10240;10228
900;7606606000;7585622222;8085622222;10240;10228
903;7647368000;7585944444;8085944444;10240;10228
905;7647396000;7627233333;8127233333;10240;10228
907;7647420000;7627233333;8127233333;10240;10228
909;7647433000;7627233333;8127233333;10240;10228
911;7647448000;7627233333;8127233333;10240;10228
902;7647603000;7585944444;8085944444;10240;10228
904;7647808000;7585944444;8085944444;10240;10228
906;7647842000;7627233333;8127233333;10240;10228
908;7648010000;7627233333;8127233333;10240;10228
910;7648206000;7627233333;8127233333;10240;10228
912;7648235000;7627277777;8127277777;10240;10228
913;7689095000;7627588888;8127588888;10240;10228
915;7689123000;7627588888;8127588888;10240;10228
917;7689146000;7668922222;8168922222;10240;10228
923;7689157000;7668977777;8168977777;10240;10228
914;7689288000;7627588888;8127588888;10240;10228
916;7689490000;7668922222;8168922222;10240;10228
918;7689680000;7668922222;8168922222;10240;10228
920;7689702000;7668922222;8168922222;10240;10228
922;7689883000;7668922222;8168922222;10240;10228
925;7730753000;7669311111;8169311111;10240;10228
927;7730796000;7710566666;8210566666;10240;10228
929;7730806000;7710566666;8210566666;10240;10228
931;7730824000;7710566666;8210566666;10240;10228
933;7730842000;7710566666;8210566666;10240;10228
924;7730944000;7669311111;8169311111;10240;10228
932;7731150000;7710566666;8210566666;10240;10228
934;7731161000;7710611111;8210611111;10240;10228
919;7771095000;7668922222;8168922222;10240;10228
921;7771353000;7668922222;8168922222;10240;10228
935;7772418000;7710911111;8210911111;10240;10228
937;7772432000;7710911111;8210911111;10240;10228
939;7772461000;7752255555;8252255555;10240;10228
943;7772478000;7752255555;8252255555;10240;10228
945;7772505000;7752311111;8252311111;10240;10228
936;7772614000;7710911111;8210911111;10240;10228
938;7772810000;7752255555;8252255555;10240;10228
940;7773013000;7752255555;8252255555;10240;10228
942;7773019000;7752255555;8252255555;10240;10228
944;7773235000;7752255555;8252255555;10240;10228
928;7812918000;7710566666;8210566666;10240;10228
926;7813118000;7669311111;8169311111;10240;10228
947;7814118000;7752633333;8252633333;10240;10228
949;7814134000;7793933333;8293933333;10240;10228
951;7814142000;7793933333;8293933333;10240;10228
953;7814157000;7793933333;8293933333;10240;10228
955;7814170000;7793933333;8293933333;10240;10228
946;7814301000;7752633333;8252633333;10240;10228
948;7814505000;7752633333;8252633333;10240;10228
950;7814527000;7793933333;8293933333;10240;10228
952;7814717000;7793933333;8293933333;10240;10228
954;7814912000;7793933333;8293933333;10240;10228
956;7814923000;7793977777;8293977777;10240;10228
941;7854485000;7752255555;8252255555;10240;10228
957;7855743000;7794333333;8294333333;10240;10228
959;7855757000;7794333333;8294333333;10240;10228
963;7855780000;7835588888;8335588888;10240;10228
965;7855811000;7835588888;8335588888;10240;10228
967;7855820000;7835644444;8335644444;10240;10228
958;7855978000;7794333333;8294333333;10240;10228
960;7856197000;7835588888;8335588888;10240;10228
962;7856223000;7835588888;8335588888;10240;10228
961;7896409000;7835588888;8335588888;10240;10228
969;7897463000;7835955555;8335955555;10240;10228
971;7897503000;7877255555;8377255555;10240;10228
973;7897513000;7877255555;8377255555;10240;10228
975;7897551000;7877255555;8377255555;10240;10228
977;7897569000;7877255555;8377255555;10240;10228
968;7897645000;7835955555;8335955555;10240;10228
970;7897830000;7835955555;8335955555;10240;10228
972;7897835000;7877255555;8377255555;10240;10228
976;7898034000;7877255555;8377255555;10240;10228
978;7898039000;7877311111;8377311111;10240;10228
964;7938567000;7835588888;8335588888;10240;10228
966;7938776000;7835588888;8335588888;10240;10228
979;7939081000;7877622222;8377622222;10240;10228
981;7939101000;7877622222;8377622222;10240;10228
983;7939126000;7918922222;8418922222;10240;10228
985;7939145000;7918922222;8418922222;10240;10228
987;7939164000;7918922222;8418922222;10240;10228
989;7939196000;7918977777;8418977777;10240;10228
982;7939304000;7918922222;8418922222;10240;10228
984;7939509000;7918922222;8418922222;10240;10228
988;7939519000;7918922222;8418922222;10240;10228
974;7979550000;7877255555;8377255555;10240;10228
980;7979999000;7877622222;8377622222;10240;10228
991;7980781000;7919277777;8419277777;10240;10228
993;7980822000;7960588888;8460588888;10240;10228
995;7980840000;7960588888;8460588888;10240;10228
997;7980857000;7960588888;8460588888;10240;10228
999;7980874000;7960588888;8460588888;10240;10228
990;7980960000;7919277777;8419277777;10240;10228
994;7981170000;7960588888;8460588888;10240;10228
996;7981388000;7960588888;8460588888;10240;10228
998;7981398000;7960588888;8460588888;10240;10228
1000;7981403000;7960644444;8460644444;10240;10228
986;8021461000;7918922222;8418922222;10240;10228
992;8021644000;7919277777;8419277777;10240;10228
1001;8022446000;7960944444;8460944444;10240;10228
1003;8022462000;7960944444;8460944444;10240;10228
1005;8022484000;8002266666;8502266666;10240;10228
1009;8022501000;8002266666;8502266666;10240;10228
1011;8022519000;8002311111;8502311111;10240;10228
1002;8022631000;7960944444;8460944444;10240;10228
1006;8022835000;8002266666;8502266666;10240;10228
1008;8022841000;8002266666;8502266666;10240;10228
1010;8023039000;8002266666;8502266666;10240;10228
1004;8063399000;8002266666;8502266666;10240;10228
1013;8064159000;8002644444;8502644444;10240;10228
1015;8064185000;8043922222;8543922222;10240;10228
1017;8064201000;8043922222;8543922222;10240;10228
1019;8064205000;8043922222;8543922222;10240;10228
1021;8064218000;8043922222;8543922222;10240;10228
1012;8064333000;8002644444;8502644444;10240;10228
1014;8064526000;8002644444;8502644444;10240;10228
1016;8064537000;8043922222;8543922222;10240;10228
1018;8064714000;8043922222;8543922222;10240;10228
1020;8064908000;8043922222;8543922222;10240;10228
1022;8064920000;8043977777;8543977777;10240;10228
1007;8104428000;8002266666;8502266666;10240;10228
1023;8105730000;8044322222;8544322222;10240;10228
1025;8105753000;8044322222;8544322222;10240;10228
1027;8105776000;8085588888;8585588888;10240;10228
1029;8105795000;8085588888;8585588888;10240;10228
1031;8105816000;8085588888;8585588888;10240;10228
1033;8105824000;8085644444;8585644444;10240;10228
1024;8105945000;8044322222;8544322222;10240;10228
1032;8106155000;8085588888;8585588888;10240;10228
1035;8147407000;8085933333;8585933333;10240;10228
1037;8147451000;8127255555;8627255555;10240;10228
1039;8147464000;8127255555;8627255555;10240;10228
1041;8147482000;8127255555;8627255555;10240;10228
1043;8147511000;8127255555;8627255555;10240;10228
1036;8147587000;8085933333;8585933333;10240;10228
1038;8147789000;8127255555;8627255555;10240;10228
1040;8147993000;8127255555;8627255555;10240;10228
1042;8148005000;8127255555;8627255555;10240;10228
1044;8148199000;8127311111;8627311111;10240;10228
1034;8188424000;8085933333;8585933333;10240;10228
1028;8188449000;8085588888;8585588888;10240;10228
1030;8188642000;8085588888;8585588888;10240;10228
1045;8189070000;8127644444;8627644444;10240;10228
1047;8189094000;8127644444;8627644444;10240;10228
1049;8189118000;8168922222;8668922222;10240;10228
1051;8189127000;8168922222;8668922222;10240;10228
1053;8189149000;8168922222;8668922222;10240;10228
1055;8189160000;8168977777;8668977777;10240;10228
1046;8189246000;8127644444;8627644444;10240;10228
1048;8189447000;8168922222;8668922222;10240;10228
1050;8189652000;8168922222;8668922222;10240;10228
1052;8189661000;8168922222;8668922222;10240;10228
1054;8189855000;8168922222;8668922222;10240;10228
1057;8230762000;8169266666;8669266666;10240;10228
1059;8230791000;8210588888;8710588888;10240;10228
1061;8230800000;8210588888;8710588888;10240;10228
1063;8230825000;8210588888;8710588888;10240;10228
1065;8230838000;8210588888;8710588888;10240;10228
1058;8230936000;8169266666;8669266666;10240;10228
1060;8231149000;8210588888;8710588888;10240;10228
1062;8231329000;8210588888;8710588888;10240;10228
1064;8231350000;8210588888;8710588888;10240;10228
1066;8231556000;8210644444;8710644444;10240;10228
1056;8271611000;8169266666;8669266666;10240;10228
1067;8272395000;8210922222;8710922222;10240;10228
1069;8272410000;8210922222;8710922222;10240;10228
1071;8272433000;8252244444;8752244444;10240;10228
1073;8272449000;8252244444;8752244444;10240;10228
1075;8272472000;8252244444;8752244444;10240;10228
1077;8272484000;8252300000;8752300000;10240;10228
1068;8272638000;8210922222;8710922222;10240;10228
1070;8272825000;8252244444;8752244444;10240;10228
1072;8272862000;8252244444;8752244444;10240;10228
1074;8273027000;8252244444;8752244444;10240;10228
1076;8273230000;8252244444;8752244444;10240;10228
1079;8314055000;8252611111;8752611111;10240;10228
1081;8314083000;8293900000;8793900000;10240;10228
1083;8314092000;8293900000;8793900000;10240;10228
1085;8314120000;8293900000;8793900000;10240;10228
1087;8314129000;8293900000;8793900000;10240;10228
1078;8314270000;8252611111;8752611111;10240;10228
1080;8314474000;8252611111;8752611111;10240;10228
1082;8314501000;8293900000;8793900000;10240;10228
1084;8314688000;8293900000;8793900000;10240;10228
1086;8314882000;8293900000;8793900000;10240;10228
1088;8314908000;8293944444;8793944444;10240;10228
1091;8355775000;8294244444;8794244444;10240;10228
1095;8355805000;8335566666;8835566666;10240;10228
1097;8355814000;8335566666;8835566666;10240;10228
1090;8355931000;8294244444;8794244444;10240;10228
1092;8356143000;8335566666;8835566666;10240;10228
1094;8356348000;8335566666;8835566666;10240;10228
1096;8356380000;8335566666;8835566666;10240;10228
1098;8356552000;8335566666;8835566666;10240;10228
1101;8397424000;8335888888;8835888888;10240;10228
1103;8397440000;8377255555;8877255555;10240;10228
1105;8397450000;8377255555;8877255555;10240;10228
1107;8397464000;8377255555;8877255555;10240;10228
1109;8397479000;8377255555;8877255555;10240;10228
1100;8397623000;8335888888;8835888888;10240;10228
1102;8397829000;8335888888;8835888888;10240;10228
1104;8398024000;8377255555;8877255555;10240;10228
1106;8398038000;8377255555;8877255555;10240;10228
1108;8398234000;8377255555;8877255555;10240;10228
1110;8398247000;8377311111;8877311111;10240;10228
1089;8437976000;8294244444;8794244444;10240;10228
1093;8438189000;8335566666;8835566666;10240;10228
1099;8438201000;8335622222;8835622222;10240;10228
1111;8439118000;8377611111;8877611111;10240;10228
1113;8439133000;8377611111;8877611111;10240;10228
1115;8439154000;8418900000;8918900000;10240;10228
1117;8439166000;8418900000;8918900000;10240;10228
1121;8439175000;8418944444;8918944444;10240;10228
1112;8439288000;8377611111;8877611111;10240;10228
1114;8439493000;8418900000;8918900000;10240;10228
1116;8439524000;8418900000;8918900000;10240;10228
1118;8439705000;8418900000;8918900000;10240;10228
1120;8439902000;8418900000;8918900000;10240;10228
1123;8480757000;8419266666;8919266666;10240;10228
1125;8480798000;8460566666;8960566666;10240;10228
1127;8480808000;8460566666;8960566666;10240;10228
1129;8480849000;8460566666;8960566666;10240;10228
1131;8480868000;8460566666;8960566666;10240;10228
1122;8480966000;8419266666;8919266666;10240;10228
1124;8481171000;8419266666;8919266666;10240;10228
1126;8481181000;8460566666;8960566666;10240;10228
1128;8481353000;8460566666;8960566666;10240;10228
1130;8481543000;8460566666;8960566666;10240;10228
1132;8481563000;8460611111;8960611111;10240;10228
1133;8522398000;8460900000;8960900000;10240;10228
1137;8522414000;8502233333;9002233333;10240;10228
1139;8522422000;8502233333;9002233333;10240;10228
1141;8522438000;8502233333;9002233333;10240;10228
1143;8522451000;8502277777;9002277777;10240;10228
1134;8522621000;8460900000;8960900000;10240;10228
1136;8522807000;8502233333;9002233333;10240;10228
1138;8522827000;8502233333;9002233333;10240;10228
1140;8523012000;8502233333;9002233333;10240;10228
1142;8523226000;8502233333;9002233333;10240;10228
1135;8563017000;8460900000;8960900000;10240;10228
1145;8564090000;8502588888;9002588888;10240;10228
1147;8564125000;8543900000;9043900000;10240;10228
1149;8564145000;8543900000;9043900000;10240;10228
1151;8564154000;8543900000;9043900000;10240;10228
1153;8564172000;8543900000;9043900000;10240;10228
1144;8564268000;8502588888;9002588888;10240;10228
1146;8564463000;8502588888;9002588888;10240;10228
1148;8564489000;8543900000;9043900000;10240;10228
1150;8564677000;8543900000;9043900000;10240;10228
1152;8564870000;8543900000;9043900000;10240;10228
1154;8564898000;8543944444;9043944444;10240;10228
1155;8605734000;8544255555;9044255555;10240;10228
1157;8605750000;8544255555;9044255555;10240;10228
1159;8605772000;8585600000;9085600000;10240;10228
1161;8605805000;8585600000;9085600000;10240;10228
1163;8605814000;8585600000;9085600000;10240;10228
1165;8605822000;8585644444;9085644444;10240;10228
1156;8605962000;8544255555;9044255555;10240;10228
1158;8606186000;8585600000;9085600000;10240;10228
1160;8606213000;8585600000;9085600000;10240;10228
1162;8606386000;8585600000;9085600000;10240;10228
1164;8606593000;8585600000;9085600000;10240;10228
1167;8647395000;8585911111;9085911111;10240;10228
1169;8647426000;8627233333;9127233333;10240;10228
1171;8647435000;8627233333;9127233333;10240;10228
1175;8647453000;8627233333;9127233333;10240;10228
1166;8647592000;8585911111;9085911111;10240;10228
1168;8647799000;8585911111;9085911111;10240;10228
1170;8648010000;8627233333;9127233333;10240;10228
1172;8648038000;8627233333;9127233333;10240;10228
1174;8648218000;8627233333;9127233333;10240;10228
1176;8648229000;8627277777;9127277777;10240;10228
1183;8689122000;8668922222;9168922222;10240;10228
1185;8689139000;8668922222;9168922222;10240;10228
1187;8689158000;8668977777;9168977777;10240;10228
1178;8689307000;8627577777;9127577777;10240;10228
1182;8689515000;8668922222;9168922222;10240;10228
1186;8689525000;8668922222;9168922222;10240;10228
1173;8729472000;8627233333;9127233333;10240;10228
1177;8729726000;8627577777;9127577777;10240;10228
1179;8729944000;8627577777;9127577777;10240;10228
1181;8730175000;8668922222;9168922222;10240;10228
1189;8730736000;8669300000;9169300000;10240;10228
1191;8730751000;8710588888;9210588888;10240;10228
1193;8730769000;8710588888;9210588888;10240;10228
1195;8730779000;8710588888;9210588888;10240;10228
1197;8730795000;8710588888;9210588888;10240;10228
1188;8730955000;8669300000;9169300000;10240;10228
1190;8731176000;8669300000;9169300000;10240;10228
1192;8731188000;8710588888;9210588888;10240;10228
1194;8731377000;8710588888;9210588888;10240;10228
1196;8731586000;8710588888;9210588888;10240;10228
1180;8770481000;8668922222;9168922222;10240;10228
1184;8771447000;8668922222;9168922222;10240;10228
1199;8772390000;8710922222;9210922222;10240;10228
1201;8772417000;8710922222;9210922222;10240;10228
1203;8772441000;8752244444;9252244444;10240;10228
1205;8772456000;8752244444;9252244444;10240;10228
1207;8772469000;8752244444;9252244444;10240;10228
1209;8772482000;8752300000;9252300000;10240;10228
1200;8772613000;8710922222;9210922222;10240;10228
1202;8772815000;8752244444;9252244444;10240;10228
1204;8772822000;8752244444;9252244444;10240;10228
1206;8773018000;8752244444;9252244444;10240;10228
1208;8773242000;8752244444;9252244444;10240;10228
1198;8813456000;8710644444;9210644444;10240;10228
1211;8814013000;8752611111;9252611111;10240;10228
1213;8814037000;8793900000;9293900000;10240;10228
1215;8814092000;8793900000;9293900000;10240;10228
1217;8814111000;8793900000;9293900000;10240;10228
1219;8814127000;8793900000;9293900000;10240;10228
1210;8814268000;8752611111;9252611111;10240;10228
1212;8814472000;8752611111;9252611111;10240;10228
1214;8814500000;8793900000;9293900000;10240;10228
1216;8814683000;8793900000;9293900000;10240;10228
1218;8814881000;8793900000;9293900000;10240;10228
1220;8814907000;8793944444;9293944444;10240;10228
1221;8855788000;8794255555;9294255555;10240;10228
1223;8855801000;8794255555;9294255555;10240;10228
1225;8855823000;8835588888;9335588888;10240;10228
1227;8855840000;8835588888;9335588888;10240;10228
1229;8855857000;8835588888;9335588888;10240;10228
1222;8855958000;8794255555;9294255555;10240;10228
1224;8856178000;8835588888;9335588888;10240;10228
1226;8856206000;8835588888;9335588888;10240;10228
1228;8856365000;8835588888;9335588888;10240;10228
1230;8856584000;8835588888;9335588888;10240;10228
1233;8897450000;8835944444;9335944444;10240;10228
1235;8897479000;8877266666;9377266666;10240;10228
1237;8897488000;8877266666;9377266666;10240;10228
1239;8897506000;8877266666;9377266666;10240;10228
1241;8897520000;8877266666;9377266666;10240;10228
1232;8897634000;8835944444;9335944444;10240;10228
1234;8897837000;8835944444;9335944444;10240;10228
1236;8897858000;8877266666;9377266666;10240;10228
1238;8898039000;8877266666;9377266666;10240;10228
1240;8898251000;8877266666;9377266666;10240;10228
1243;8939055000;8877622222;9377622222;10240;10228
1245;8939070000;8877622222;9377622222;10240;10228
1247;8939087000;8918900000;9418900000;10240;10228
1249;8939096000;8918900000;9418900000;10240;10228
1251;8939116000;8918900000;9418900000;10240;10228
1253;8939125000;8918944444;9418944444;10240;10228
1246;8939280000;8918900000;9418900000;10240;10228
1248;8939481000;8918900000;9418900000;10240;10228
1250;8939493000;8918900000;9418900000;10240;10228
1252;8939693000;8918900000;9418900000;10240;10228
1242;8979945000;8877311111;9377311111;10240;10228
1244;8980149000;8877622222;9377622222;10240;10228
1255;8980736000;8919233333;9419233333;10240;10228
1257;8980752000;8960577777;9460577777;10240;10228
1259;8980766000;8960577777;9460577777;10240;10228
1261;8980782000;8960577777;9460577777;10240;10228
1263;8980794000;8960577777;9460577777;10240;10228
1254;8980937000;8919233333;9419233333;10240;10228
1256;8981171000;8919233333;9419233333;10240;10228
1258;8981199000;8960577777;9460577777;10240;10228
1260;8981359000;8960577777;9460577777;10240;10228
1262;8981557000;8960577777;9460577777;10240;10228
1264;8981577000;8960633333;9460633333;10240;10228
1265;9022454000;8960911111;9460911111;10240;10228
1267;9022469000;8960911111;9460911111;10240;10228
1269;9022490000;9002266666;9502266666;10240;10228
1271;9022503000;9002266666;9502266666;10240;10228
1273;9022526000;9002266666;9502266666;10240;10228
1275;9022540000;9002311111;9502311111;10240;10228
1266;9022637000;8960911111;9460911111;10240;10228
1268;9022842000;9002266666;9502266666;10240;10228
1270;9022879000;9002266666;9502266666;10240;10228
1272;9023055000;9002266666;9502266666;10240;10228
1274;9023256000;9002266666;9502266666;10240;10228
1277;9064085000;9002655555;9502655555;10240;10228
1279;9064112000;9043900000;9543900000;10240;10228
1281;9064122000;9043900000;9543900000;10240;10228
1283;9064139000;9043900000;9543900000;10240;10228
1285;9064157000;9043900000;9543900000;10240;10228
1276;9064269000;9002655555;9502655555;10240;10228
1278;9064467000;9002655555;9502655555;10240;10228
1280;9064488000;9043900000;9543900000;10240;10228
1282;9064666000;9043900000;9543900000;10240;10228
1284;9064872000;9043900000;9543900000;10240;10228
1286;9064889000;9043944444;9543944444;10240;10228
1287;9105782000;9044266666;9544266666;10240;10228
1289;9105797000;9044266666;9544266666;10240;10228
1291;9105818000;9085588888;9585588888;10240;10228
1293;9105829000;9085588888;9585588888;10240;10228
1295;9105837000;9085588888;9585588888;10240;10228
1288;9105963000;9044266666;9544266666;10240;10228
1290;9106186000;9085588888;9585588888;10240;10228
1292;9106214000;9085588888;9585588888;10240;10228
1294;9106381000;9085588888;9585588888;10240;10228
1296;9106572000;9085588888;9585588888;10240;10228
1299;9147431000;9085933333;9585933333;10240;10228
1301;9147465000;9127233333;9627233333;10240;10228
1303;9147485000;9127233333;9627233333;10240;10228
1305;9147494000;9127233333;9627233333;10240;10228
1307;9147501000;9127233333;9627233333;10240;10228
1298;9147601000;9085933333;9585933333;10240;10228
1300;9147797000;9085933333;9585933333;10240;10228
1302;9147992000;9127233333;9627233333;10240;10228
1308;9148004000;9127277777;9627277777;10240;10228
1297;9187843000;9085644444;9585644444;10240;10228
1309;9189110000;9127600000;9627600000;10240;10228
1311;9189123000;9127600000;9627600000;10240;10228
1313;9189134000;9168922222;9668922222;10240;10228
1315;9189147000;9168922222;9668922222;10240;10228
1317;9189164000;9168922222;9668922222;10240;10228
1319;9189173000;9168977777;9668977777;10240;10228
1310;9189324000;9127600000;9627600000;10240;10228
1312;9189531000;9168922222;9668922222;10240;10228
1316;9189543000;9168922222;9668922222;10240;10228
1318;9189737000;9168922222;9668922222;10240;10228
1304;9230083000;9127233333;9627233333;10240;10228
1306;9230256000;9127233333;9627233333;10240;10228
1321;9230751000;9169300000;9669300000;10240;10228
1323;9230797000;9210588888;9710588888;10240;10228
1325;9230818000;9210588888;9710588888;10240;10228
1327;9230836000;9210588888;9710588888;10240;10228
1329;9230844000;9210588888;9710588888;10240;10228
1320;9230947000;9169300000;9669300000;10240;10228
1322;9231170000;9169300000;9669300000;10240;10228
1324;9231182000;9210588888;9710588888;10240;10228
1326;9231379000;9210588888;9710588888;10240;10228
1328;9231577000;9210588888;9710588888;10240;10228
1330;9231598000;9210644444;9710644444;10240;10228
1314;9271495000;9168922222;9668922222;10240;10228
1331;9272380000;9210933333;9710933333;10240;10228
1333;9272393000;9210933333;9710933333;10240;10228
1335;9272421000;9252222222;9752222222;10240;10228
1337;9272443000;9252222222;9752222222;10240;10228
1339;9272462000;9252222222;9752222222;10240;10228
1341;9272471000;9252277777;9752277777;10240;10228
1332;9272626000;9210933333;9710933333;10240;10228
1334;9272828000;9252222222;9752222222;10240;10228
1336;9272865000;9252222222;9752222222;10240;10228
1338;9273030000;9252222222;9752222222;10240;10228
1340;9273242000;9252222222;9752222222;10240;10228
1343;9314067000;9252600000;9752600000;10240;10228
1345;9314107000;9293922222;9793922222;10240;10228
1347;9314127000;9293922222;9793922222;10240;10228
1349;9314134000;9293922222;9793922222;10240;10228
1351;9314148000;9293922222;9793922222;10240;10228
1342;9314297000;9252600000;9752600000;10240;10228
1344;9314501000;9252600000;9752600000;10240;10228
1346;9314526000;9293922222;9793922222;10240;10228
1348;9314693000;9293922222;9793922222;10240;10228
1350;9314897000;9293922222;9793922222;10240;10228
1352;9314917000;9293966666;9793966666;10240;10228
1353;9355723000;9294288888;9794288888;10240;10228
1355;9355738000;9294288888;9794288888;10240;10228
1357;9355759000;9335566666;9835566666;10240;10228
1359;9355777000;9335566666;9835566666;10240;10228
1361;9355801000;9335566666;9835566666;10240;10228
1363;9355812000;9335611111;9835611111;10240;10228
1354;9355930000;9294288888;9794288888;10240;10228
1360;9356120000;9335566666;9835566666;10240;10228
1365;9397371000;9335888888;9835888888;10240;10228
1367;9397429000;9377255555;9877255555;10240;10228
1369;9397441000;9377255555;9877255555;10240;10228
1371;9397458000;9377255555;9877255555;10240;10228
1373;9397471000;9377255555;9877255555;10240;10228
1364;9397602000;9335888888;9835888888;10240;10228
1366;9397794000;9335888888;9835888888;10240;10228
1370;9397999000;9377255555;9877255555;10240;10228
1372;9398008000;9377255555;9877255555;10240;10228
1374;9398212000;9377311111;9877311111;10240;10228
1362;9438311000;9335566666;9835566666;10240;10228
1375;9439102000;9377622222;9877622222;10240;10228
1377;9439117000;9377622222;9877622222;10240;10228
1379;9439127000;9418922222;9918922222;10240;10228
1381;9439140000;9418922222;9918922222;10240;10228
1376;9439300000;9377622222;9877622222;10240;10228
1378;9439501000;9418922222;9918922222;10240;10228
1380;9439513000;9418922222;9918922222;10240;10228
1382;9439713000;9418922222;9918922222;10240;10228
1384;9439908000;9418922222;9918922222;10240;10228
1368;9478683000;9377255555;9877255555;10240;10228
1387;9480779000;9419277777;9919277777;10240;10228
1389;9480821000;9460566666;9960566666;10240;10228
1395;9480831000;9460566666;9960566666;10240;10228
1386;9480954000;9419277777;9919277777;10240;10228
1390;9481151000;9460566666;9960566666;10240;10228
1392;9481163000;9460566666;9960566666;10240;10228
1394;9481357000;9460566666;9960566666;10240;10228
1396;9481369000;9460611111;9960611111;10240;10228
1385;9521190000;9418977777;9918977777;10240;10228
1383;9521409000;9418922222;9918922222;10240;10228
1388;9521715000;9419277777;9919277777;10240;10228
1397;9522406000;9460911111;9960911111;10240;10228
1399;9522420000;9460911111;9960911111;10240;10228
1401;9522445000;9502222222;10002222222;10240;10228
1403;9522463000;9502222222;10002222222;10240;10228
1405;9522488000;9502222222;10002222222;10240;10228
1407;9522524000;9502277777;10002277777;10240;10228
1398;9522602000;9460911111;9960911111;10240;10228
1400;9522799000;9502222222;10002222222;10240;10228
1402;9522805000;9502222222;10002222222;10240;10228
1404;9522999000;9502222222;10002222222;10240;10228
1406;9523218000;9502222222;10002222222;10240;10228
1391;9562751000;9460566666;9960566666;10240;10228
1393;9562796000;9460566666;9960566666;10240;10228
1409;9564078000;9502588888;10002588888;10240;10228
1411;9564102000;9543922222;10043922222;10240;10228
1413;9564135000;9543922222;10043922222;10240;10228
1415;9564146000;9543922222;10043922222;10240;10228
1417;9564160000;9543922222;10043922222;10240;10228
1408;9564296000;9502588888;10002588888;10240;10228
1410;9564504000;9502588888;10002588888;10240;10228
1418;9564531000;9543977777;10043977777;10240;10228
1419;9605708000;9544300000;10044300000;10240;10228
1421;9605754000;9544300000;10044300000;10240;10228
1423;9605781000;9585588888;10085588888;10240;10228
1425;9605802000;9585588888;10085588888;10240;10228
1427;9605819000;9585588888;10085588888;10240;10228
1429;9605857000;9585644444;10085644444;10240;10228
1420;9605934000;9544300000;10044300000;10240;10228
1422;9606138000;9585588888;10085588888;10240;10228
1424;9606343000;9585588888;10085588888;10240;10228
1426;9606358000;9585588888;10085588888;10240;10228
1428;9606536000;9585588888;10085588888;10240;10228
1414;9646410000;9543922222;10043922222;10240;10228
1412;9646655000;9543922222;10043922222;10240;10228
1416;9646892000;9543922222;10043922222;10240;10228
1431;9647417000;9585900000;10085900000;10240;10228
1433;9647448000;9627222222;10127222222;10240;10228
1435;9647470000;9627222222;10127222222;10240;10228
1437;9647488000;9627222222;10127222222;10240;10228
1439;9647497000;9627222222;10127222222;10240;10228
1430;9647598000;9585900000;10085900000;10240;10228
1432;9647798000;9585900000;10085900000;10240;10228
1438;9647822000;9627222222;10127222222;10240;10228
1440;9647963000;9627277777;10127277777;10240;10228
1441;9689105000;9627577777;10127577777;10240;10228
1443;9689118000;9627577777;10127577777;10240;10228
1445;9689145000;9668922222;10168922222;10240;10228
1447;9689163000;9668922222;10168922222;10240;10228
1449;9689187000;9668922222;10168922222;10240;10228
1451;9689221000;9668977777;10168977777;10240;10228
1444;9689310000;9668922222;10168922222;10240;10228
1446;9689506000;9668922222;10168922222;10240;10228
1448;9689517000;9668922222;10168922222;10240;10228
1450;9689718000;9668922222;10168922222;10240;10228
1434;9729687000;9627222222;10127222222;10240;10228
1436;9729728000;9627222222;10127222222;10240;10228
1442;9730073000;9627577777;10127577777;10240;10228
1453;9730773000;9669277777;10169277777;10240;10228
1455;9730800000;9710555555;10210555555;10240;10228
1457;9730810000;9710555555;10210555555;10240;10228
1459;9730826000;9710555555;10210555555;10240;10228
1461;9730849000;9710555555;10210555555;10240;10228
1452;9730935000;9669277777;10169277777;10240;10228
1454;9731152000;9669277777;10169277777;10240;10228
1456;9731180000;9710555555;10210555555;10240;10228
1458;9731353000;9710555555;10210555555;10240;10228
1460;9731536000;9710555555;10210555555;10240;10228
1462;9731571000;9710611111;10210611111;10240;10228
1463;9772379000;9710900000;10210900000;10240;10228
1465;9772465000;9710900000;10210900000;10240;10228
1467;9772493000;9752255555;10252255555;10240;10228
1469;9772503000;9752255555;10252255555;10240;10228
1471;9772527000;9752255555;10252255555;10240;10228
1473;9772540000;9752311111;10252311111;10240;10228
1464;9772632000;9710900000;10210900000;10240;10228
1466;9772812000;9752255555;10252255555;10240;10228
1468;9773033000;9752255555;10252255555;10240;10228
1470;9773073000;9752255555;10252255555;10240;10228
1472;9773246000;9752255555;10252255555;10240;10228
1475;9814049000;9752622222;10252622222;10240;10228
1477;9814089000;9793900000;10293900000;10240;10228
1479;9814117000;9793900000;10293900000;10240;10228
1481;9814140000;9793900000;10293900000;10240;10228
1483;9814156000;9793900000;10293900000;10240;10228
1474;9814241000;9752622222;10252622222;10240;10228
1476;9814443000;9752622222;10252622222;10240;10228
1482;9814638000;9793900000;10293900000;10240;10228
1484;9814649000;9793955555;10293955555;10240;10228
1485;9855701000;9794300000;10294300000;10240;10228
1487;9855716000;9794300000;10294300000;10240;10228
1489;9855757000;9835566666;10335566666;10240;10228
1491;9855783000;9835566666;10335566666;10240;10228
1493;9855822000;9835566666;10335566666;10240;10228
1495;9855840000;9835611111;10335611111;10240;10228
1486;9855931000;9794300000;10294300000;10240;10228
1488;9856147000;9835566666;10335566666;10240;10228
1490;9856355000;9835566666;10335566666;10240;10228
1492;9856366000;9835566666;10335566666;10240;10228
1494;9856560000;9835566666;10335566666;10240;10228
1478;9896528000;9793900000;10293900000;10240;10228
1497;9897418000;9835911111;10335911111;10240;10228
1499;9897434000;9877255555;10377255555;10240;10228
1501;9897458000;9877255555;10377255555;10240;10228
1503;9897468000;9877255555;10377255555;10240;10228
1505;9897485000;9877255555;10377255555;10240;10228
1496;9897606000;9835911111;10335911111;10240;10228
1498;9897798000;9835911111;10335911111;10240;10228
1500;9898005000;9877255555;10377255555;10240;10228
1502;9898011000;9877255555;10377255555;10240;10228
1504;9898220000;9877255555;10377255555;10240;10228
1506;9898233000;9877311111;10377311111;10240;10228
1507;9939061000;9877600000;10377600000;10240;10228
1509;9939081000;9877600000;10377600000;10240;10228
1511;9939102000;9918922222;10418922222;10240;10228
1513;9939119000;9918922222;10418922222;10240;10228
1515;9939145000;9918922222;10418922222;10240;10228
1517;9939154000;9918977777;10418977777;10240;10228
1508;9939303000;9877600000;10377600000;10240;10228
1510;9939504000;9918922222;10418922222;10240;10228
1512;9939530000;9918922222;10418922222;10240;10228
1514;9939716000;9918922222;10418922222;10240;10228
1516;9939919000;9918922222;10418922222;10240;10228
1519;9980680000;9919277777;10419277777;10240;10228
1521;9980734000;9960566666;10460566666;10240;10228
1523;9980746000;9960566666;10460566666;10240;10228
1525;9980762000;9960566666;10460566666;10240;10228
1518;9980904000;9919277777;10419277777;10240;10228
1520;9981143000;9919277777;10419277777;10240;10228
1522;9981173000;9960566666;10460566666;10240;10228
1524;9981333000;9960566666;10460566666;10240;10228
1526;9981550000;9960566666;10460566666;10240;10228
1528;9981570000;9960611111;10460611111;10240;10228
1529;10022450000;9960900000;10460900000;10240;10228
1531;10022465000;9960900000;10460900000;10240;10228
1533;10022475000;10002266666;10502266666;10240;10228
1535;10022496000;10002266666;10502266666;10240;10228
1537;10022506000;10002266666;10502266666;10240;10228
1539;10022520000;10002311111;10502311111;10240;10228
1530;10022633000;9960900000;10460900000;10240;10228
1532;10022836000;10002266666;10502266666;10240;10228
1534;10022857000;10002266666;10502266666;10240;10228
1536;10023040000;10002266666;10502266666;10240;10228
1538;10023251000;10002266666;10502266666;10240;10228
1527;10063121000;9960566666;10460566666;10240;10228
1541;10064096000;10002644444;10502644444;10240;10228
1543;10064123000;10043900000;10543900000;10240;10228
1545;10064132000;10043900000;10543900000;10240;10228
1547;10064155000;10043900000;10543900000;10240;10228
1549;10064173000;10043900000;10543900000;10240;10228
1540;10064271000;10002644444;10502644444;10240;10228
1542;10064482000;10002644444;10502644444;10240;10228
1546;10064509000;10043900000;10543900000;10240;10228
1548;10064685000;10043900000;10543900000;10240;10228
1550;10064697000;10043944444;10543944444;10240;10228
1544;10105234000;10043900000;10543900000;10240;10228
1551;10105725000;10044277777;10544277777;10240;10228
1553;10105745000;10044277777;10544277777;10240;10228
1557;10105779000;10085588888;10585588888;10240;10228
1559;10105798000;10085588888;10585588888;10240;10228
1561;10105814000;10085644444;10585644444;10240;10228
1552;10105957000;10044277777;10544277777;10240;10228
1554;10106172000;10085588888;10585588888;10240;10228
1556;10106197000;10085588888;10585588888;10240;10228
1558;10106380000;10085588888;10585588888;10240;10228
1560;10106568000;10085588888;10585588888;10240;10228
1555;10146437000;10085588888;10585588888;10240;10228
1563;10147412000;10085911111;10585911111;10240;10228
1565;10147440000;10127255555;10627255555;10240;10228
1567;10147475000;10127255555;10627255555;10240;10228
1569;10147484000;10127255555;10627255555;10240;10228
1571;10147502000;10127255555;10627255555;10240;10228
1562;10147602000;10085911111;10585911111;10240;10228
1564;10147798000;10085911111;10585911111;10240;10228
1566;10148003000;10127255555;10627255555;10240;10228
1568;10148025000;10127255555;10627255555;10240;10228
1570;10148215000;10127255555;10627255555;10240;10228
1572;10148252000;10127300000;10627300000;10240;10228
1573;10189061000;10127633333;10627633333;10240;10228
1577;10189073000;10168933333;10668933333;10240;10228
1579;10189109000;10168933333;10668933333;10240;10228
1581;10189132000;10168933333;10668933333;10240;10228
1583;10189147000;10168977777;10668977777;10240;10228
1578;10189288000;10168933333;10668933333;10240;10228
1580;10189488000;10168933333;10668933333;10240;10228
1582;10189685000;10168933333;10668933333;10240;10228
1575;10229549000;10127633333;10627633333;10240;10228
1585;10230772000;10169344444;10669344444;10240;10228
1587;10230815000;10210566666;10710566666;10240;10228
1589;10230836000;10210566666;10710566666;10240;10228
1591;10230856000;10210566666;10710566666;10240;10228
1593;10230887000;10210566666;10710566666;10240;10228
1584;10230941000;10169344444;10669344444;10240;10228
1586;10231133000;10169344444;10669344444;10240;10228
1588;10231355000;10210566666;10710566666;10240;10228
1590;10231368000;10210566666;10710566666;10240;10228
1574;10271322000;10127633333;10627633333;10240;10228
1576;10271540000;10168933333;10668933333;10240;10228
1595;10272393000;10210922222;10710922222;10240;10228
1597;10272410000;10210922222;10710922222;10240;10228
1599;10272424000;10252233333;10752233333;10240;10228
1601;10272442000;10252233333;10752233333;10240;10228
1603;10272451000;10252233333;10752233333;10240;10228
1605;10272468000;10252277777;10752277777;10240;10228
1596;10272608000;10210922222;10710922222;10240;10228
1598;10272809000;10252233333;10752233333;10240;10228
1600;10272830000;10252233333;10752233333;10240;10228
1602;10273011000;10252233333;10752233333;10240;10228
1604;10273227000;10252233333;10752233333;10240;10228
1594;10313323000;10210611111;10710611111;10240;10228
1592;10313562000;10210566666;10710566666;10240;10228
1607;10314120000;10252611111;10752611111;10240;10228
1609;10314146000;10293922222;10793922222;10240;10228
1611;10314151000;10293922222;10793922222;10240;10228
1613;10314159000;10293922222;10793922222;10240;10228
1615;10314172000;10293922222;10793922222;10240;10228
1606;10314298000;10252611111;10752611111;10240;10228
1608;10314502000;10252611111;10752611111;10240;10228
1610;10314703000;10293922222;10793922222;10240;10228
1612;10314742000;10293922222;10793922222;10240;10228
1614;10314906000;10293922222;10793922222;10240;10228
1618;10355810000;10294311111;10794311111;10240;10228
1620;10355837000;10335600000;10835600000;10240;10228
1622;10355847000;10335600000;10835600000;10240;10228
1626;10355869000;10335600000;10835600000;10240;10228
1619;10355972000;10294311111;10794311111;10240;10228
1621;10356190000;10335600000;10835600000;10240;10228
1623;10356203000;10335600000;10835600000;10240;10228
1625;10356396000;10335600000;10835600000;10240;10228
1627;10356408000;10335644444;10835644444;10240;10228
1628;10397407000;10335933333;10835933333;10240;10228
1630;10397427000;10335933333;10835933333;10240;10228
1632;10397445000;10377255555;10877255555;10240;10228
1634;10397458000;10377255555;10877255555;10240;10228
1636;10397477000;10377255555;10877255555;10240;10228
1638;10397485000;10377311111;10877311111;10240;10228
1629;10397636000;10335933333;10835933333;10240;10228
1631;10397837000;10377255555;10877255555;10240;10228
1635;10397858000;10377255555;10877255555;10240;10228
1637;10398060000;10377255555;10877255555;10240;10228
1616;10437752000;10293977777;10793977777;10240;10228
1617;10437795000;10294311111;10794311111;10240;10228
1624;10437816000;10335600000;10835600000;10240;10228
1640;10439080000;10377633333;10877633333;10240;10228
1642;10439121000;10418900000;10918900000;10240;10228
1646;10439130000;10418900000;10918900000;10240;10228
1648;10439140000;10418900000;10918900000;10240;10228
1639;10439275000;10377633333;10877633333;10240;10228
1641;10439478000;10377633333;10877633333;10240;10228
1643;10439491000;10418900000;10918900000;10240;10228
1645;10439690000;10418900000;10918900000;10240;10228
1647;10439885000;10418900000;10918900000;10240;10228
1633;10479629000;10377255555;10877255555;10240;10228
1650;10480759000;10419288888;10919288888;10240;10228
1652;10480789000;10419288888;10919288888;10240;10228
1654;10480809000;10460566666;10960566666;10240;10228
1656;10480817000;10460566666;10960566666;10240;10228
1658;10480856000;10460566666;10960566666;10240;10228
1660;10480866000;10460611111;10960611111;10240;10228
1651;10480953000;10419288888;10919288888;10240;10228
1653;10481158000;10460566666;10960566666;10240;10228
1655;10481371000;10460566666;10960566666;10240;10228
1657;10481383000;10460566666;10960566666;10240;10228
1659;10481571000;10460566666;10960566666;10240;10228
1644;10521114000;10418900000;10918900000;10240;10228
1649;10522036000;10418944444;10918944444;10240;10228
1662;10522451000;10460933333;10960933333;10240;10228
1664;10522475000;10502266666;11002266666;10240;10228
1666;10522504000;10502266666;11002266666;10240;10228
1668;10522518000;10502266666;11002266666;10240;10228
1661;10522621000;10460933333;10960933333;10240;10228
1663;10522826000;10460933333;10960933333;10240;10228
1665;10522845000;10502266666;11002266666;10240;10228
1667;10523029000;10502266666;11002266666;10240;10228
1669;10523251000;10502266666;11002266666;10240;10228
1671;10523263000;10502311111;11002311111;10240;10228
1672;10564073000;10502666666;11002666666;10240;10228
1674;10564088000;10502666666;11002666666;10240;10228
1678;10564108000;10543922222;11043922222;10240;10228
1680;10564120000;10543922222;11043922222;10240;10228
1682;10564132000;10543977777;11043977777;10240;10228
1673;10564300000;10502666666;11002666666;10240;10228
1675;10564502000;10543922222;11043922222;10240;10228
1677;10564514000;10543922222;11043922222;10240;10228
1679;10564714000;10543922222;11043922222;10240;10228
1681;10564909000;10543922222;11043922222;10240;10228
1676;10604678000;10543922222;11043922222;10240;10228
1670;10604771000;10502266666;11002266666;10240;10228
1684;10605784000;10544311111;11044311111;10240;10228
1686;10605812000;10585588888;11085588888;10240;10228
1688;10605822000;10585588888;11085588888;10240;10228
1690;10605839000;10585588888;11085588888;10240;10228
1683;10605959000;10544311111;11044311111;10240;10228
1685;10606181000;10544311111;11044311111;10240;10228
1687;10606208000;10585588888;11085588888;10240;10228
1689;10606379000;10585588888;11085588888;10240;10228
1691;10606569000;10585588888;11085588888;10240;10228
1693;10606576000;10585644444;11085644444;10240;10228
1698;10647412000;10627255555;11127255555;10240;10228
1700;10647431000;10627255555;11127255555;10240;10228
1695;10647631000;10585911111;11085911111;10240;10228
1697;10647838000;10627255555;11127255555;10240;10228
1699;10648031000;10627255555;11127255555;10240;10228
1701;10648055000;10627255555;11127255555;10240;10228
1703;10648244000;10627255555;11127255555;10240;10228
1706;10689115000;10627622222;11127622222;10240;10228
1708;10689138000;10668922222;11168922222;10240;10228
1710;10689150000;10668922222;11168922222;10240;10228
1712;10689164000;10668922222;11168922222;10240;10228
1714;10689181000;10668922222;11168922222;10240;10228
1705;10689297000;10627622222;11127622222;10240;10228
1707;10689501000;10627622222;11127622222;10240;10228
1709;10689513000;10668922222;11168922222;10240;10228
1711;10689712000;10668922222;11168922222;10240;10228
1713;10689911000;10668922222;11168922222;10240;10228
1715;10689921000;10668977777;11168977777;10240;10228
1692;10729493000;10585588888;11085588888;10240;10228
1694;10729536000;10585911111;11085911111;10240;10228
1696;10729557000;10585911111;11085911111;10240;10228
1704;10729581000;10627311111;11127311111;10240;10228
1716;10730731000;10669311111;11169311111;10240;10228
1718;10730745000;10669311111;11169311111;10240;10228
1720;10730765000;10710566666;11210566666;10240;10228
1722;10730775000;10710566666;11210566666;10240;10228
1724;10730793000;10710566666;11210566666;10240;10228
1726;10730802000;10710611111;11210611111;10240;10228
1717;10730949000;10669311111;11169311111;10240;10228
1719;10731165000;10710566666;11210566666;10240;10228
1721;10731175000;10710566666;11210566666;10240;10228
1723;10731374000;10710566666;11210566666;10240;10228
1725;10731578000;10710566666;11210566666;10240;10228
1728;10772401000;10710933333;11210933333;10240;10228
1730;10772427000;10752255555;11252255555;10240;10228
1732;10772452000;10752255555;11252255555;10240;10228
1734;10772470000;10752255555;11252255555;10240;10228
1727;10772650000;10710933333;11210933333;10240;10228
1731;10772848000;10752255555;11252255555;10240;10228
1733;10773014000;10752255555;11252255555;10240;10228
1735;10773025000;10752255555;11252255555;10240;10228
1737;10773253000;10752311111;11252311111;10240;10228
1729;10813546000;10710933333;11210933333;10240;10228
1738;10814016000;10752644444;11252644444;10240;10228
1740;10814040000;10752644444;11252644444;10240;10228
1742;10814084000;10793900000;11293900000;10240;10228
1744;10814094000;10793900000;11293900000;10240;10228
1746;10814132000;10793900000;11293900000;10240;10228
1748;10814170000;10793944444;11293944444;10240;10228
1739;10814266000;10752644444;11252644444;10240;10228
1741;10814467000;10793900000;11293900000;10240;10228
1743;10814479000;10793900000;11293900000;10240;10228
1745;10814679000;10793900000;11293900000;10240;10228
1747;10814919000;10793900000;11293900000;10240;10228
1752;10855733000;10835588888;11335588888;10240;10228
1754;10855752000;10835588888;11335588888;10240;10228
1756;10855768000;10835588888;11335588888;10240;10228
1758;10855787000;10835588888;11335588888;10240;10228
1749;10855933000;10794288888;11294288888;10240;10228
1753;10856134000;10835588888;11335588888;10240;10228
1755;10856337000;10835588888;11335588888;10240;10228
1757;10856353000;10835588888;11335588888;10240;10228
1759;10856532000;10835644444;11335644444;10240;10228
1750;10896137000;10794288888;11294288888;10240;10228
1751;10896930000;10794288888;11294288888;10240;10228
1760;10897398000;10835955555;11335955555;10240;10228
1762;10897413000;10835955555;11335955555;10240;10228
1764;10897429000;10877222222;11377222222;10240;10228
1766;10897448000;10877222222;11377222222;10240;10228
1768;10897457000;10877222222;11377222222;10240;10228
1770;10897475000;10877277777;11377277777;10240;10228
1761;10897622000;10835955555;11335955555;10240;10228
1763;10897827000;10877222222;11377222222;10240;10228
1765;10897847000;10877222222;11377222222;10240;10228
1767;10898028000;10877222222;11377222222;10240;10228
1769;10898243000;10877222222;11377222222;10240;10228
1772;10939107000;10877588888;11377588888;10240;10228
1774;10939126000;10918933333;11418933333;10240;10228
1776;10939135000;10918933333;11418933333;10240;10228
1778;10939154000;10918933333;11418933333;10240;10228
1780;10939163000;10918933333;11418933333;10240;10228
1773;10939315000;10877588888;11377588888;10240;10228
1775;10939516000;10918933333;11418933333;10240;10228
1777;10939528000;10918933333;11418933333;10240;10228
1779;10939719000;10918933333;11418933333;10240;10228
1781;10939740000;10918977777;11418977777;10240;10228
1771;10980130000;10877588888;11377588888;10240;10228
1782;10980753000;10919311111;11419311111;10240;10228
1784;10980767000;10919311111;11419311111;10240;10228
1786;10980788000;10960555555;11460555555;10240;10228
1788;10980819000;10960555555;11460555555;10240;10228
1790;10980828000;10960555555;11460555555;10240;10228
1792;10980847000;10960611111;11460611111;10240;10228
1783;10980934000;10919311111;11419311111;10240;10228
1785;10981129000;10960555555;11460555555;10240;10228
1787;10981339000;10960555555;11460555555;10240;10228
1789;10981368000;10960555555;11460555555;10240;10228
1791;10981555000;10960555555;11460555555;10240;10228
1794;11022450000;10960911111;11460911111;10240;10228
1796;11022481000;11002266666;11502266666;10240;10228
1798;11022490000;11002266666;11502266666;10240;10228
1800;11022512000;11002266666;11502266666;10240;10228
1802;11022530000;11002266666;11502266666;10240;10228
1793;11022625000;10960911111;11460911111;10240;10228
1795;11022830000;10960911111;11460911111;10240;10228
1797;11022850000;11002266666;11502266666;10240;10228
1799;11023035000;11002266666;11502266666;10240;10228
1801;11023258000;11002266666;11502266666;10240;10228
1803;11023283000;11002311111;11502311111;10240;10228
1804;11064053000;11002666666;11502666666;10240;10228
1806;11064072000;11002666666;11502666666;10240;10228
1808;11064099000;11043900000;11543900000;10240;10228
1810;11064127000;11043900000;11543900000;10240;10228
1812;11064137000;11043900000;11543900000;10240;10228
1814;11064153000;11043944444;11543944444;10240;10228
1805;11064270000;11002666666;11502666666;10240;10228
1807;11064477000;11043900000;11543900000;10240;10228
1809;11064503000;11043900000;11543900000;10240;10228
1811;11064689000;11043900000;11543900000;10240;10228
1813;11064887000;11043900000;11543900000;10240;10228
1816;11105728000;11044300000;11544300000;10240;10228
1818;11105756000;11085566666;11585566666;10240;10228
1820;11105784000;11085566666;11585566666;10240;10228
1822;11105794000;11085566666;11585566666;10240;10228
1824;11105803000;11085566666;11585566666;10240;10228
1815;11105918000;11044300000;11544300000;10240;10228
1817;11106123000;11044300000;11544300000;10240;10228
1819;11106354000;11085566666;11585566666;10240;10228
1821;11106383000;11085566666;11585566666;10240;10228
1823;11106534000;11085566666;11585566666;10240;10228
1825;11106555000;11085611111;11585611111;10240;10228
1826;11147424000;11085900000;11585900000;10240;10228
1828;11147438000;11085900000;11585900000;10240;10228
1830;11147460000;11127233333;11627233333;10240;10228
1832;11147476000;11127233333;11627233333;10240;10228
1834;11147494000;11127233333;11627233333;10240;10228
1836;11147511000;11127277777;11627277777;10240;10228
1827;11147609000;11085900000;11585900000;10240;10228
1831;11147809000;11127233333;11627233333;10240;10228
1833;11147821000;11127233333;11627233333;10240;10228
1835;11148009000;11127233333;11627233333;10240;10228
1829;11188635000;11127233333;11627233333;10240;10228
1838;11189099000;11127611111;11627611111;10240;10228
1840;11189126000;11168900000;11668900000;10240;10228
1842;11189139000;11168900000;11668900000;10240;10228
1844;11189156000;11168900000;11668900000;10240;10228
1846;11189173000;11168900000;11668900000;10240;10228
1837;11189270000;11127611111;11627611111;10240;10228
1839;11189475000;11127611111;11627611111;10240;10228
1841;11189500000;11168900000;11668900000;10240;10228
1843;11189684000;11168900000;11668900000;10240;10228
1845;11189882000;11168900000;11668900000;10240;10228
1847;11189909000;11168944444;11668944444;10240;10228
1848;11230744000;11169233333;11669233333;10240;10228
1850;11230763000;11169233333;11669233333;10240;10228
1852;11230791000;11210588888;11710588888;10240;10228
1854;11230814000;11210588888;11710588888;10240;10228
1856;11230833000;11210588888;11710588888;10240;10228
1858;11230841000;11210644444;11710644444;10240;10228
1849;11230961000;11169233333;11669233333;10240;10228
1851;11231182000;11210588888;11710588888;10240;10228
1853;11231211000;11210588888;11710588888;10240;10228
1855;11231382000;11210588888;11710588888;10240;10228
1857;11231572000;11210588888;11710588888;10240;10228
1860;11272343000;11210911111;11710911111;10240;10228
1862;11272398000;11252233333;11752233333;10240;10228
1864;11272413000;11252233333;11752233333;10240;10228
1866;11272426000;11252233333;11752233333;10240;10228
1868;11272445000;11252233333;11752233333;10240;10228
1859;11272572000;11210911111;11710911111;10240;10228
1861;11272766000;11210911111;11710911111;10240;10228
1863;11272970000;11252233333;11752233333;10240;10228
1865;11272989000;11252233333;11752233333;10240;10228
1867;11273183000;11252233333;11752233333;10240;10228
1869;11273220000;11252277777;11752277777;10240;10228
1870;11314027000;11252588888;11752588888;10240;10228
1874;11314039000;11293900000;11793900000;10240;10228
1876;11314107000;11293900000;11793900000;10240;10228
1878;11314126000;11293900000;11793900000;10240;10228
1880;11314141000;11293944444;11793944444;10240;10228
1871;11314238000;11252588888;11752588888;10240;10228
1873;11314477000;11293900000;11793900000;10240;10228
1875;11314487000;11293900000;11793900000;10240;10228
1877;11314689000;11293900000;11793900000;10240;10228
1879;11314881000;11293900000;11793900000;10240;10228
1872;11354816000;11252588888;11752588888;10240;10228
1882;11355753000;11294255555;11794255555;10240;10228
1884;11355782000;11335566666;11835566666;10240;10228
1888;11355790000;11335566666;11835566666;10240;10228
1890;11355816000;11335566666;11835566666;10240;10228
1881;11355906000;11294255555;11794255555;10240;10228
1883;11356081000;11294255555;11794255555;10240;10228
1885;11356336000;11335566666;11835566666;10240;10228
1887;11356361000;11335566666;11835566666;10240;10228
1889;11356536000;11335566666;11835566666;10240;10228
1891;11356546000;11335611111;11835611111;10240;10228
1894;11397469000;11335877777;11835877777;10240;10228
1896;11397499000;11377266666;11877266666;10240;10228
1898;11397519000;11377266666;11877266666;10240;10228
1902;11397535000;11377311111;11877311111;10240;10228
1893;11397659000;11335877777;11835877777;10240;10228
1895;11397854000;11377266666;11877266666;10240;10228
1897;11397882000;11377266666;11877266666;10240;10228
1899;11398062000;11377266666;11877266666;10240;10228
1901;11398267000;11377266666;11877266666;10240;10228
1886;11437816000;11335566666;11835566666;10240;10228
1892;11438171000;11335877777;11835877777;10240;10228
1904;11439101000;11377633333;11877633333;10240;10228
1906;11439141000;11418933333;11918933333;10240;10228
1912;11439151000;11418933333;11918933333;10240;10228
1903;11439302000;11377633333;11877633333;10240;10228
1905;11439508000;11377633333;11877633333;10240;10228
1907;11439518000;11418933333;11918933333;10240;10228
1909;11439718000;11418933333;11918933333;10240;10228
1911;11439913000;11418933333;11918933333;10240;10228
1913;11439924000;11418977777;11918977777;10240;10228
1900;11479709000;11377266666;11877266666;10240;10228
1914;11480760000;11419300000;11919300000;10240;10228
1916;11480775000;11419300000;11919300000;10240;10228
1918;11480801000;11460588888;11960588888;10240;10228
1920;11480837000;11460588888;11960588888;10240;10228
1922;11480875000;11460588888;11960588888;10240;10228
1924;11480886000;11460644444;11960644444;10240;10228
1915;11480983000;11419300000;11919300000;10240;10228
1917;11481188000;11460588888;11960588888;10240;10228
1919;11481402000;11460588888;11960588888;10240;10228
1921;11481414000;11460588888;11960588888;10240;10228
1923;11481608000;11460588888;11960588888;10240;10228
1910;11521148000;11418933333;11918933333;10240;10228
1908;11521372000;11418933333;11918933333;10240;10228
1926;11522391000;11460933333;11960933333;10240;10228
1928;11522420000;11502266666;12002266666;10240;10228
1930;11522449000;11502266666;12002266666;10240;10228
1932;11522463000;11502266666;12002266666;10240;10228
1934;11522475000;11502266666;12002266666;10240;10228
1925;11522636000;11460933333;11960933333;10240;10228
1927;11522840000;11460933333;11960933333;10240;10228
1929;11522866000;11502266666;12002266666;10240;10228
1931;11523007000;11502266666;12002266666;10240;10228
1933;11523256000;11502266666;12002266666;10240;10228
1935;11523282000;11502311111;12002311111;10240;10228
1936;11564054000;11502611111;12002611111;10240;10228
1938;11564077000;11502611111;12002611111;10240;10228
1940;11564100000;11543911111;12043911111;10240;10228
1942;11564119000;11543911111;12043911111;10240;10228
1944;11564136000;11543911111;12043911111;10240;10228
1946;11564155000;11543966666;12043966666;10240;10228
1937;11564256000;11502611111;12002611111;10240;10228
1939;11564458000;11543911111;12043911111;10240;10228
1941;11564654000;11543911111;12043911111;10240;10228
1945;11564672000;11543911111;12043911111;10240;10228
1948;11605687000;11544277777;12044277777;10240;10228
1950;11605714000;11585566666;12085566666;10240;10228
1952;11605756000;11585566666;12085566666;10240;10228
1954;11605791000;11585566666;12085566666;10240;10228
1956;11605815000;11585566666;12085566666;10240;10228
1947;11605902000;11544277777;12044277777;10240;10228
1949;11606140000;11544277777;12044277777;10240;10228
1951;11606159000;11585566666;12085566666;10240;10228
1953;11606354000;11585566666;12085566666;10240;10228
1955;11606507000;11585566666;12085566666;10240;10228
1957;11606527000;11585611111;12085611111;10240;10228
1943;11646662000;11543911111;12043911111;10240;10228
1958;11647384000;11585866666;12085866666;10240;10228
1960;11647397000;11585866666;12085866666;10240;10228
1962;11647425000;11627222222;12127222222;10240;10228
1964;11647452000;11627222222;12127222222;10240;10228
1966;11647462000;11627222222;12127222222;10240;10228
1968;11647479000;11627277777;12127277777;10240;10228
1959;11647602000;11585866666;12085866666;10240;10228
1961;11647807000;11627222222;12127222222;10240;10228
1963;11647831000;11627222222;12127222222;10240;10228
1970;11689163000;11627577777;12127577777;10240;10228
1972;11689203000;11668922222;12168922222;10240;10228
1974;11689214000;11668922222;12168922222;10240;10228
1976;11689254000;11668922222;12168922222;10240;10228
1978;11689272000;11668922222;12168922222;10240;10228
1969;11689308000;11627577777;12127577777;10240;10228
1971;11689516000;11627577777;12127577777;10240;10228
1973;11689528000;11668922222;12168922222;10240;10228
1975;11689714000;11668922222;12168922222;10240;10228
1977;11689912000;11668922222;12168922222;10240;10228
1980;11730761000;11669266666;12169266666;10240;10228
1982;11730779000;11669266666;12169266666;10240;10228
1984;11730798000;11710588888;12210588888;10240;10228
1986;11730809000;11710588888;12210588888;10240;10228
1988;11730826000;11710588888;12210588888;10240;10228
1990;11730840000;11710644444;12210644444;10240;10228
1981;11730958000;11669266666;12169266666;10240;10228
1983;11731170000;11710588888;12210588888;10240;10228
1985;11731181000;11710588888;12210588888;10240;10228
1987;11731379000;11710588888;12210588888;10240;10228
1989;11731587000;11710588888;12210588888;10240;10228
1965;11771167000;11627222222;12127222222;10240;10228
1967;11771367000;11627222222;12127222222;10240;10228
1979;11771886000;11668977777;12168977777;10240;10228
1992;11772439000;11710933333;12210933333;10240;10228
1994;11772466000;11752255555;12252255555;10240;10228
1996;11772475000;11752255555;12252255555;10240;10228
1998;11772497000;11752255555;12252255555;10240;10228
2000;11772517000;11752255555;12252255555;10240;10228
1991;11772622000;11710933333;12210933333;10240;10228
1993;11772829000;11710933333;12210933333;10240;10228
1995;11772849000;11752255555;12252255555;10240;10228
1997;11773028000;11752255555;12252255555;10240;10228
1999;11773252000;11752255555;12252255555;10240;10228
2001;11773280000;11752300000;12252300000;10240;10228
2002;11814095000;11752622222;12252622222;10240;10228
2004;11814109000;11752622222;12252622222;10240;10228
2006;11814131000;11793922222;12293922222;10240;10228
2008;11814148000;11793922222;12293922222;10240;10228
2010;11814177000;11793922222;12293922222;10240;10228
2012;11814186000;11793966666;12293966666;10240;10228
2003;11814289000;11752622222;12252622222;10240;10228
2005;11814510000;11793922222;12293922222;10240;10228
2007;11814538000;11793922222;12293922222;10240;10228
2009;11814690000;11793922222;12293922222;10240;10228
2011;11814903000;11793922222;12293922222;10240;10228
2014;11855721000;11794288888;12294288888;10240;10228
2016;11855748000;11835566666;12335566666;10240;10228
2018;11855772000;11835566666;12335566666;10240;10228
2013;11855905000;11794288888;12294288888;10240;10228
2015;11856122000;11794288888;12294288888;10240;10228
2017;11856143000;11835566666;12335566666;10240;10228
2019;11856311000;11835566666;12335566666;10240;10228
2021;11856507000;11835566666;12335566666;10240;10228
2023;11856534000;11835611111;12335611111;10240;10228
2024;11897410000;11835900000;12335900000;10240;10228
2026;11897432000;11835900000;12335900000;10240;10228
2028;11897461000;11877266666;12377266666;10240;10228
2030;11897471000;11877266666;12377266666;10240;10228
2032;11897499000;11877266666;12377266666;10240;10228
2034;11897510000;11877311111;12377311111;10240;10228
2025;11897637000;11835900000;12335900000;10240;10228
2027;11897840000;11877266666;12377266666;10240;10228
2029;11897852000;11877266666;12377266666;10240;10228
2031;11898008000;11877266666;12377266666;10240;10228
2033;11898256000;11877266666;12377266666;10240;10228
2020;11938120000;11835566666;12335566666;10240;10228
2022;11938295000;11835566666;12335566666;10240;10228
2036;11939071000;11877600000;12377600000;10240;10228
2040;11939131000;11918922222;12418922222;10240;10228
2042;11939142000;11918922222;12418922222;10240;10228
2044;11939161000;11918922222;12418922222;10240;10228
2035;11939270000;11877600000;12377600000;10240;10228
2037;11939465000;11877600000;12377600000;10240;10228
2039;11939670000;11918922222;12418922222;10240;10228
2041;11939681000;11918922222;12418922222;10240;10228
2043;11939874000;11918922222;12418922222;10240;10228
2045;11939881000;11919000000;12419000000;10240;10228
2038;11979594000;11918922222;12418922222;10240;10228
2046;11980720000;11919288888;12419288888;10240;10228
2048;11980736000;11919288888;12419288888;10240;10228
2050;11980769000;11960588888;12460588888;10240;10228
2052;11980790000;11960588888;12460588888;10240;10228
2056;11980805000;11960644444;12460644444;10240;10228
2047;11980954000;11919288888;12419288888;10240;10228
2049;11981155000;11960588888;12460588888;10240;10228
2051;11981370000;11960588888;12460588888;10240;10228
2053;11981397000;11960588888;12460588888;10240;10228
2055;11981575000;11960588888;12460588888;10240;10228
2058;12022455000;11960911111;12460911111;10240;10228
2060;12022495000;12002255555;12502255555;10240;10228
2062;12022514000;12002255555;12502255555;10240;10228
2064;12022531000;12002255555;12502255555;10240;10228
2066;12022547000;12002255555;12502255555;10240;10228
2057;12022647000;11960911111;12460911111;10240;10228
2059;12022834000;11960911111;12460911111;10240;10228
2061;12022846000;12002255555;12502255555;10240;10228
2063;12023002000;12002255555;12502255555;10240;10228
2065;12023251000;12002255555;12502255555;10240;10228
2067;12023263000;12002311111;12502311111;10240;10228
2054;12062902000;11960588888;12460588888;10240;10228
2068;12064080000;12002622222;12502622222;10240;10228
2070;12064097000;12002622222;12502622222;10240;10228
2078;12064130000;12043977777;12543977777;10240;10228
2069;12064322000;12002622222;12502622222;10240;10228
2071;12064518000;12043922222;12543922222;10240;10228
2073;12064737000;12043922222;12543922222;10240;10228
2080;12105786000;12044288888;12544288888;10240;10228
2082;12105828000;12085600000;12585600000;10240;10228
2084;12105848000;12085600000;12585600000;10240;10228
2086;12105886000;12085600000;12585600000;10240;10228
2088;12105913000;12085600000;12585600000;10240;10228
2079;12105936000;12044288888;12544288888;10240;10228
2081;12106183000;12044288888;12544288888;10240;10228
2083;12106193000;12085600000;12585600000;10240;10228
2085;12106385000;12085600000;12585600000;10240;10228
2087;12106584000;12085600000;12585600000;10240;10228
2089;12106606000;12085644444;12585644444;10240;10228
2072;12146223000;12043922222;12543922222;10240;10228
2074;12146271000;12043922222;12543922222;10240;10228
2076;12146427000;12043922222;12543922222;10240;10228
2075;12146679000;12043922222;12543922222;10240;10228
2077;12146703000;12043922222;12543922222;10240;10228
2090;12147412000;12085911111;12585911111;10240;10228
2092;12147432000;12085911111;12585911111;10240;10228
2096;12147459000;12127255555;12627255555;10240;10228
2100;12147485000;12127311111;12627311111;10240;10228
2091;12147634000;12085911111;12585911111;10240;10228
2093;12147837000;12127255555;12627255555;10240;10228
2095;12147863000;12127255555;12627255555;10240;10228
2097;12148005000;12127255555;12627255555;10240;10228
2099;12148208000;12127255555;12627255555;10240;10228
2104;12189098000;12168922222;12668922222;10240;10228
2106;12189113000;12168922222;12668922222;10240;10228
2108;12189122000;12168922222;12668922222;10240;10228
2110;12189142000;12168922222;12668922222;10240;10228
2101;12189270000;12127644444;12627644444;10240;10228
2105;12189478000;12168922222;12668922222;10240;10228
2107;12189709000;12168922222;12668922222;10240;10228
2109;12189720000;12168922222;12668922222;10240;10228
2111;12189736000;12168977777;12668977777;10240;10228
2094;12229493000;12127255555;12627255555;10240;10228
2098;12229522000;12127255555;12627255555;10240;10228
2102;12229844000;12127644444;12627644444;10240;10228
2103;12230417000;12127644444;12627644444;10240;10228
2112;12230722000;12169333333;12669333333;10240;10228
2114;12230735000;12169333333;12669333333;10240;10228
2116;12230767000;12210566666;12710566666;10240;10228
2118;12230786000;12210566666;12710566666;10240;10228
2120;12230804000;12210566666;12710566666;10240;10228
2122;12230813000;12210611111;12710611111;10240;10228
2113;12230919000;12169333333;12669333333;10240;10228
2115;12231147000;12210566666;12710566666;10240;10228
2117;12231172000;12210566666;12710566666;10240;10228
2119;12231341000;12210566666;12710566666;10240;10228
2121;12231508000;12210566666;12710566666;10240;10228
2124;12272368000;12210922222;12710922222;10240;10228
2126;12272420000;12252255555;12752255555;10240;10228
2128;12272432000;12252255555;12752255555;10240;10228
2123;12272590000;12210922222;12710922222;10240;10228
2125;12272784000;12210922222;12710922222;10240;10228
2127;12272988000;12252255555;12752255555;10240;10228
2129;12273016000;12252255555;12752255555;10240;10228
2131;12273204000;12252255555;12752255555;10240;10228
2133;12273228000;12252300000;12752300000;10240;10228
2134;12314126000;12252655555;12752655555;10240;10228
2136;12314139000;12252655555;12752655555;10240;10228
2138;12314156000;12293922222;12793922222;10240;10228
2140;12314173000;12293922222;12793922222;10240;10228
2142;12314188000;12293922222;12793922222;10240;10228
2144;12314205000;12293977777;12793977777;10240;10228
2135;12314330000;12252655555;12752655555;10240;10228
2139;12314492000;12293922222;12793922222;10240;10228
2141;12314688000;12293922222;12793922222;10240;10228
2130;12354658000;12252255555;12752255555;10240;10228
2146;12355761000;12294311111;12794311111;10240;10228
2148;12355777000;12335566666;12835566666;10240;10228
2150;12355792000;12335566666;12835566666;10240;10228
2152;12355811000;12335566666;12835566666;10240;10228
2154;12355820000;12335566666;12835566666;10240;10228
2145;12355924000;12294311111;12794311111;10240;10228
2147;12356124000;12294311111;12794311111;10240;10228
2149;12356349000;12335566666;12835566666;10240;10228
2151;12356360000;12335566666;12835566666;10240;10228
2155;12356367000;12335611111;12835611111;10240;10228
2143;12396676000;12293922222;12793922222;10240;10228
2137;12396691000;12293922222;12793922222;10240;10228
2156;12397440000;12335911111;12835911111;10240;10228
2158;12397454000;12335911111;12835911111;10240;10228
2160;12397477000;12377266666;12877266666;10240;10228
2162;12397486000;12377266666;12877266666;10240;10228
2164;12397506000;12377266666;12877266666;10240;10228
2166;12397514000;12377311111;12877311111;10240;10228
2157;12397660000;12335911111;12835911111;10240;10228
2159;12397863000;12377266666;12877266666;10240;10228
2161;12397870000;12377266666;12877266666;10240;10228
2163;12398067000;12377266666;12877266666;10240;10228
2165;12398285000;12377266666;12877266666;10240;10228
2153;12438460000;12335566666;12835566666;10240;10228
2168;12439136000;12377655555;12877655555;10240;10228
2170;12439163000;12418922222;12918922222;10240;10228
2172;12439187000;12418922222;12918922222;10240;10228
2174;12439207000;12418922222;12918922222;10240;10228
2176;12439216000;12418922222;12918922222;10240;10228
2167;12439314000;12377655555;12877655555;10240;10228
2169;12439513000;12377655555;12877655555;10240;10228
2171;12439541000;12418922222;12918922222;10240;10228
2173;12439720000;12418922222;12918922222;10240;10228
2175;12439945000;12418922222;12918922222;10240;10228
2177;12439970000;12418977777;12918977777;10240;10228
2178;12480788000;12419311111;12919311111;10240;10228
2180;12480803000;12419311111;12919311111;10240;10228
2182;12480830000;12460600000;12960600000;10240;10228
2184;12480857000;12460600000;12960600000;10240;10228
2186;12480868000;12460600000;12960600000;10240;10228
2188;12480885000;12460644444;12960644444;10240;10228
2181;12480973000;12460600000;12960600000;10240;10228
2183;12481187000;12460600000;12960600000;10240;10228
2185;12481198000;12460600000;12960600000;10240;10228
2187;12481393000;12460600000;12960600000;10240;10228
2179;12521654000;12419311111;12919311111;10240;10228
2190;12522379000;12460966666;12960966666;10240;10228
2192;12522403000;12502233333;13002233333;10240;10228
2194;12522436000;12502233333;13002233333;10240;10228
2196;12522451000;12502233333;13002233333;10240;10228
2198;12522469000;12502233333;13002233333;10240;10228
2189;12522621000;12460966666;12960966666;10240;10228
2191;12522817000;12460966666;12960966666;10240;10228
2193;12522843000;12502233333;13002233333;10240;10228
2195;12523017000;12502233333;13002233333;10240;10228
2197;12523234000;12502233333;13002233333;10240;10228
2199;12523259000;12502277777;13002277777;10240;10228
2200;12564058000;12502611111;13002611111;10240;10228
2202;12564077000;12502611111;13002611111;10240;10228
2204;12564110000;12543900000;13043900000;10240;10228
2206;12564129000;12543900000;13043900000;10240;10228
2208;12564146000;12543900000;13043900000;10240;10228
2210;12564155000;12543944444;13043944444;10240;10228
2201;12564269000;12502611111;13002611111;10240;10228
2203;12564478000;12543900000;13043900000;10240;10228
2205;12564505000;12543900000;13043900000;10240;10228
2207;12564687000;12543900000;13043900000;10240;10228
2209;12564880000;12543900000;13043900000;10240;10228
2212;12605721000;12544288888;13044288888;10240;10228
2214;12605748000;12585600000;13085600000;10240;10228
2216;12605780000;12585600000;13085600000;10240;10228
2218;12605790000;12585600000;13085600000;10240;10228
2220;12605809000;12585600000;13085600000;10240;10228
2211;12605938000;12544288888;13044288888;10240;10228
2213;12606139000;12544288888;13044288888;10240;10228
2215;12606343000;12585600000;13085600000;10240;10228
2217;12606385000;12585600000;13085600000;10240;10228
2219;12606539000;12585600000;13085600000;10240;10228
2222;12647358000;12585944444;13085944444;10240;10228
2224;12647387000;12585944444;13085944444;10240;10228
2226;12647421000;12627233333;13127233333;10240;10228
2228;12647431000;12627233333;13127233333;10240;10228
2230;12647449000;12627233333;13127233333;10240;10228
2232;12647463000;12627277777;13127277777;10240;10228
2223;12647570000;12585944444;13085944444;10240;10228
2225;12647811000;12627233333;13127233333;10240;10228
2227;12647831000;12627233333;13127233333;10240;10228
2229;12648009000;12627233333;13127233333;10240;10228
2231;12648226000;12627233333;13127233333;10240;10228
2221;12688203000;12585644444;13085644444;10240;10228
2234;12689181000;12627611111;13127611111;10240;10228
2238;12689203000;12668900000;13168900000;10240;10228
2240;12689210000;12668900000;13168900000;10240;10228
2242;12689215000;12668900000;13168900000;10240;10228
2235;12689315000;12627611111;13127611111;10240;10228
2237;12689503000;12668900000;13168900000;10240;10228
2239;12689515000;12668900000;13168900000;10240;10228
2241;12689706000;12668900000;13168900000;10240;10228
2243;12689727000;12668944444;13168944444;10240;10228
2233;12729991000;12627611111;13127611111;10240;10228
2244;12730778000;12669288888;13169288888;10240;10228
2246;12730792000;12669288888;13169288888;10240;10228
2248;12730815000;12710588888;13210588888;10240;10228
2250;12730836000;12710588888;13210588888;10240;10228
2252;12730845000;12710588888;13210588888;10240;10228
2254;12730864000;12710644444;13210644444;10240;10228
2245;12730957000;12669288888;13169288888;10240;10228
2247;12731178000;12710588888;13210588888;10240;10228
2249;12731188000;12710588888;13210588888;10240;10228
2251;12731380000;12710588888;13210588888;10240;10228
2253;12731574000;12710588888;13210588888;10240;10228
2236;12771122000;12668900000;13168900000;10240;10228
2256;12772411000;12710944444;13210944444;10240;10228
2258;12772438000;12752255555;13252255555;10240;10228
2260;12772466000;12752255555;13252255555;10240;10228
2262;12772480000;12752255555;13252255555;10240;10228
2264;12772499000;12752255555;13252255555;10240;10228
2255;12772616000;12710944444;13210944444;10240;10228
2257;12772819000;12710944444;13210944444;10240;10228
2259;12772838000;12752255555;13252255555;10240;10228
2261;12773024000;12752255555;13252255555;10240;10228
2263;12773247000;12752255555;13252255555;10240;10228
2266;12814064000;12752655555;13252655555;10240;10228
2268;12814091000;12752655555;13252655555;10240;10228
2270;12814123000;12793922222;13293922222;10240;10228
2274;12814133000;12793922222;13293922222;10240;10228
2276;12814148000;12793977777;13293977777;10240;10228
2267;12814267000;12752655555;13252655555;10240;10228
2269;12814467000;12793922222;13293922222;10240;10228
2273;12814663000;12793922222;13293922222;10240;10228
2265;12855037000;12752311111;13252311111;10240;10228
2278;12855785000;12794311111;13294311111;10240;10228
2280;12855825000;12835588888;13335588888;10240;10228
2282;12855835000;12835588888;13335588888;10240;10228
2284;12855875000;12835588888;13335588888;10240;10228
2286;12855914000;12835588888;13335588888;10240;10228
2277;12855949000;12794311111;13294311111;10240;10228
2279;12856178000;12794311111;13294311111;10240;10228
2281;12856188000;12835588888;13335588888;10240;10228
2285;12856380000;12835588888;13335588888;10240;10228
2287;12856391000;12835644444;13335644444;10240;10228
2272;12896348000;12793922222;13293922222;10240;10228
2271;12896813000;12793922222;13293922222;10240;10228
2275;12897006000;12793922222;13293922222;10240;10228
2288;12897399000;12835966666;13335966666;10240;10228
2290;12897414000;12835966666;13335966666;10240;10228
2292;12897475000;12877255555;13377255555;10240;10228
2294;12897496000;12877255555;13377255555;10240;10228
2296;12897534000;12877255555;13377255555;10240;10228
2298;12897543000;12877311111;13377311111;10240;10228
2289;12897621000;12835966666;13335966666;10240;10228
2291;12897815000;12877255555;13377255555;10240;10228
2293;12898018000;12877255555;13377255555;10240;10228
2295;12898029000;12877255555;13377255555;10240;10228
2297;12898231000;12877255555;13377255555;10240;10228
2283;12938138000;12835588888;13335588888;10240;10228
2302;12939051000;12918900000;13418900000;10240;10228
2304;12939108000;12918900000;13418900000;10240;10228
2306;12939127000;12918900000;13418900000;10240;10228
2308;12939146000;12918900000;13418900000;10240;10228
2299;12939235000;12877622222;13377622222;10240;10228
2301;12939475000;12877622222;13377622222;10240;10228
2309;12939484000;12918944444;13418944444;10240;10228
2300;12979644000;12877622222;13377622222;10240;10228
2310;12980786000;12919266666;13419266666;10240;10228
2312;12980800000;12919266666;13419266666;10240;10228
2314;12980825000;12960600000;13460600000;10240;10228
2316;12980863000;12960600000;13460600000;10240;10228
2318;12980900000;12960600000;13460600000;10240;10228
2320;12980925000;12960644444;13460644444;10240;10228
2311;12980974000;12919266666;13419266666;10240;10228
2313;12981181000;12960600000;13460600000;10240;10228
2319;12981389000;12960600000;13460600000;10240;10228
2303;13021514000;12918900000;13418900000;10240;10228
2305;13021543000;12918900000;13418900000;10240;10228
2307;13021765000;12918900000;13418900000;10240;10228
2322;13022391000;12960955555;13460955555;10240;10228
2324;13022422000;13002266666;13502266666;10240;10228
2326;13022474000;13002266666;13502266666;10240;10228
2328;13022489000;13002266666;13502266666;10240;10228
2321;13022605000;12960955555;13460955555;10240;10228
2323;13022844000;12960955555;13460955555;10240;10228
2325;13022863000;13002266666;13502266666;10240;10228
2327;13023055000;13002266666;13502266666;10240;10228
2329;13023257000;13002266666;13502266666;10240;10228
2331;13023269000;13002311111;13502311111;10240;10228
2315;13063399000;12960600000;13460600000;10240;10228
2317;13063610000;12960600000;13460600000;10240;10228
2332;13064137000;13002655555;13502655555;10240;10228
2334;13064154000;13002655555;13502655555;10240;10228
2336;13064186000;13043922222;13543922222;10240;10228
2338;13064219000;13043922222;13543922222;10240;10228
2340;13064258000;13043922222;13543922222;10240;10228
2342;13064280000;13043977777;13543977777;10240;10228
2333;13064299000;13002655555;13502655555;10240;10228
2337;13064494000;13043922222;13543922222;10240;10228
2339;13064513000;13043922222;13543922222;10240;10228
2341;13064696000;13043922222;13543922222;10240;10228
2330;13104651000;13002266666;13502266666;10240;10228
2335;13105151000;13043922222;13543922222;10240;10228
2344;13105769000;13044300000;13544300000;10240;10228
2346;13105800000;13085600000;13585600000;10240;10228
2348;13105811000;13085600000;13585600000;10240;10228
2350;13105829000;13085600000;13585600000;10240;10228
2352;13105849000;13085600000;13585600000;10240;10228
2343;13105965000;13044300000;13544300000;10240;10228
2347;13106190000;13085600000;13585600000;10240;10228
2349;13106202000;13085600000;13585600000;10240;10228
2351;13106387000;13085600000;13585600000;10240;10228
2353;13106399000;13085644444;13585644444;10240;10228
2345;13146949000;13044300000;13544300000;10240;10228
2354;13147427000;13085944444;13585944444;10240;10228
2356;13147440000;13085944444;13585944444;10240;10228
2358;13147461000;13127233333;13627233333;10240;10228
2360;13147477000;13127233333;13627233333;10240;10228
2362;13147505000;13127233333;13627233333;10240;10228
2364;13147518000;13127277777;13627277777;10240;10228
2355;13147603000;13085944444;13585944444;10240;10228
2357;13147789000;13127233333;13627233333;10240;10228
2359;13147999000;13127233333;13627233333;10240;10228
2361;13148020000;13127233333;13627233333;10240;10228
2363;13148219000;13127233333;13627233333;10240;10228
2366;13189098000;13127633333;13627633333;10240;10228
2368;13189124000;13168933333;13668933333;10240;10228
2370;13189134000;13168933333;13668933333;10240;10228
2372;13189162000;13168933333;13668933333;10240;10228
2374;13189174000;13168933333;13668933333;10240;10228
2365;13189299000;13127633333;13627633333;10240;10228
2367;13189503000;13127633333;13627633333;10240;10228
2369;13189531000;13168933333;13668933333;10240;10228
2371;13189715000;13168933333;13668933333;10240;10228
2373;13189940000;13168933333;13668933333;10240;10228
2375;13189965000;13168977777;13668977777;10240;10228
2376;13230715000;13169300000;13669300000;10240;10228
2378;13230729000;13169300000;13669300000;10240;10228
2380;13230760000;13210566666;13710566666;10240;10228
2382;13230783000;13210566666;13710566666;10240;10228
2384;13230802000;13210566666;13710566666;10240;10228
2386;13230811000;13210611111;13710611111;10240;10228
2377;13230930000;13169300000;13669300000;10240;10228
2379;13231138000;13210566666;13710566666;10240;10228
2381;13231166000;13210566666;13710566666;10240;10228
2383;13231352000;13210566666;13710566666;10240;10228
2385;13231539000;13210566666;13710566666;10240;10228
2388;13272395000;13210911111;13710911111;10240;10228
2390;13272423000;13252233333;13752233333;10240;10228
2392;13272433000;13252233333;13752233333;10240;10228
2394;13272460000;13252233333;13752233333;10240;10228
2396;13272475000;13252233333;13752233333;10240;10228
2387;13272592000;13210911111;13710911111;10240;10228
2389;13272807000;13210911111;13710911111;10240;10228
2391;13272831000;13252233333;13752233333;10240;10228
2393;13273010000;13252233333;13752233333;10240;10228
2395;13273216000;13252233333;13752233333;10240;10228
2397;13273243000;13252277777;13752277777;10240;10228
2398;13314085000;13252611111;13752611111;10240;10228
2400;13314101000;13252611111;13752611111;10240;10228
2402;13314124000;13293900000;13793900000;10240;10228
2404;13314140000;13293900000;13793900000;10240;10228
2399;13314276000;13252611111;13752611111;10240;10228
2401;13314473000;13293900000;13793900000;10240;10228
2405;13314503000;13293900000;13793900000;10240;10228
2407;13314675000;13293900000;13793900000;10240;10228
2410;13355711000;13294266666;13794266666;10240;10228
2412;13355725000;13335566666;13835566666;10240;10228
2414;13355750000;13335566666;13835566666;10240;10228
2416;13355759000;13335566666;13835566666;10240;10228
2418;13355778000;13335566666;13835566666;10240;10228
2411;13355938000;13294266666;13794266666;10240;10228
2413;13356171000;13335566666;13835566666;10240;10228
2415;13356194000;13335566666;13835566666;10240;10228
2417;13356361000;13335566666;13835566666;10240;10228
2419;13356373000;13335611111;13835611111;10240;10228
2406;13396500000;13293900000;13793900000;10240;10228
2403;13396726000;13293900000;13793900000;10240;10228
2409;13396928000;13294266666;13794266666;10240;10228
2420;13397478000;13335922222;13835922222;10240;10228
2422;13397491000;13335922222;13835922222;10240;10228
2424;13397509000;13377288888;13877288888;10240;10228
2426;13397526000;13377288888;13877288888;10240;10228
2428;13397540000;13377288888;13877288888;10240;10228
2430;13397557000;13377333333;13877333333;10240;10228
2421;13397670000;13335922222;13835922222;10240;10228
2423;13397871000;13377288888;13877288888;10240;10228
2425;13397877000;13377288888;13877288888;10240;10228
2427;13398039000;13377288888;13877288888;10240;10228
2429;13398296000;13377288888;13877288888;10240;10228
2432;13439053000;13377677777;13877677777;10240;10228
2434;13439105000;13418922222;13918922222;10240;10228
2436;13439135000;13418922222;13918922222;10240;10228
2438;13439148000;13418922222;13918922222;10240;10228
2440;13439167000;13418922222;13918922222;10240;10228
2431;13439266000;13377677777;13877677777;10240;10228
2433;13439467000;13377677777;13877677777;10240;10228
2435;13439668000;13418922222;13918922222;10240;10228
2439;13439691000;13418922222;13918922222;10240;10228
2441;13439867000;13418977777;13918977777;10240;10228
2442;13480671000;13419311111;13919311111;10240;10228
2444;13480719000;13419311111;13919311111;10240;10228
2446;13480745000;13460566666;13960566666;10240;10228
2448;13480786000;13460566666;13960566666;10240;10228
2450;13480818000;13460566666;13960566666;10240;10228
2452;13480845000;13460611111;13960611111;10240;10228
2443;13480905000;13419311111;13919311111;10240;10228
2445;13481144000;13460566666;13960566666;10240;10228
2447;13481155000;13460566666;13960566666;10240;10228
2449;13481351000;13460566666;13960566666;10240;10228
2451;13481541000;13460566666;13960566666;10240;10228
2437;13521630000;13418922222;13918922222;10240;10228
2454;13522388000;13460933333;13960933333;10240;10228
2456;13522426000;13502233333;14002233333;10240;10228
2458;13522456000;13502233333;14002233333;10240;10228
2460;13522466000;13502233333;14002233333;10240;10228
2462;13522486000;13502233333;14002233333;10240;10228
2453;13522576000;13460933333;13960933333;10240;10228
2457;13522771000;13502233333;14002233333;10240;10228
2459;13522974000;13502233333;14002233333;10240;10228
2461;13522985000;13502233333;14002233333;10240;10228
2463;13523185000;13502277777;14002277777;10240;10228
2464;13564061000;13502611111;14002611111;10240;10228
2468;13564146000;13543933333;14043933333;10240;10228
2470;13564160000;13543933333;14043933333;10240;10228
2472;13564179000;13543933333;14043933333;10240;10228
2474;13564190000;13544000000;14044000000;10240;10228
2465;13564304000;13502611111;14002611111;10240;10228
2467;13564510000;13543933333;14043933333;10240;10228
2469;13564522000;13543933333;14043933333;10240;10228
2471;13564719000;13543933333;14043933333;10240;10228
2473;13564917000;13543933333;14043933333;10240;10228
2466;13604875000;13502611111;14002611111;10240;10228
2455;13605074000;13460933333;13960933333;10240;10228
2476;13605716000;13544322222;14044322222;10240;10228
2478;13605755000;13585566666;14085566666;10240;10228
2480;13605782000;13585566666;14085566666;10240;10228
2482;13605798000;13585566666;14085566666;10240;10228
2484;13605814000;13585566666;14085566666;10240;10228
2475;13605906000;13544322222;14044322222;10240;10228
2477;13606116000;13544322222;14044322222;10240;10228
2479;13606313000;13585566666;14085566666;10240;10228
2481;13606356000;13585566666;14085566666;10240;10228
2483;13606508000;13585566666;14085566666;10240;10228
2485;13606535000;13585611111;14085611111;10240;10228
2486;13647371000;13585877777;14085877777;10240;10228
2488;13647418000;13585877777;14085877777;10240;10228
2490;13647441000;13627255555;14127255555;10240;10228
2492;13647456000;13627255555;14127255555;10240;10228
2494;13647486000;13627255555;14127255555;10240;10228
2496;13647495000;13627311111;14127311111;10240;10228
2487;13647603000;13585877777;14085877777;10240;10228
2489;13647796000;13627255555;14127255555;10240;10228
2491;13648001000;13627255555;14127255555;10240;10228
2495;13648019000;13627255555;14127255555;10240;10228
2498;13689096000;13627622222;14127622222;10240;10228
2500;13689146000;13668911111;14168911111;10240;10228
2502;13689156000;13668911111;14168911111;10240;10228
2504;13689174000;13668911111;14168911111;10240;10228
2506;13689210000;13668911111;14168911111;10240;10228
2497;13689283000;13627622222;14127622222;10240;10228
2499;13689475000;13627622222;14127622222;10240;10228
2501;13689487000;13668911111;14168911111;10240;10228
2503;13689676000;13668911111;14168911111;10240;10228
2505;13689884000;13668911111;14168911111;10240;10228
2507;13689895000;13668955555;14168955555;10240;10228
2493;13729887000;13627255555;14127255555;10240;10228
2508;13730759000;13669300000;14169300000;10240;10228
2510;13730780000;13669300000;14169300000;10240;10228
2512;13730807000;13710577777;14210577777;10240;10228
2514;13730837000;13710577777;14210577777;10240;10228
2516;13730846000;13710577777;14210577777;10240;10228
2518;13730863000;13710633333;14210633333;10240;10228
2509;13730966000;13669300000;14169300000;10240;10228
2515;13731185000;13710577777;14210577777;10240;10228
2517;13731198000;13710577777;14210577777;10240;10228
2520;13772404000;13710933333;14210933333;10240;10228
2522;13772445000;13752255555;14252255555;10240;10228
2524;13772472000;13752255555;14252255555;10240;10228
2526;13772502000;13752255555;14252255555;10240;10228
2528;13772511000;13752255555;14252255555;10240;10228
2523;13772645000;13752255555;14252255555;10240;10228
2525;13772875000;13752255555;14252255555;10240;10228
2527;13772896000;13752255555;14252255555;10240;10228
2529;13773068000;13752311111;14252311111;10240;10228
2511;13813165000;13710577777;14210577777;10240;10228
2513;13813407000;13710577777;14210577777;10240;10228
2519;13813612000;13710933333;14210933333;10240;10228
2530;13814023000;13752644444;14252644444;10240;10228
2532;13814038000;13752644444;14252644444;10240;10228
2534;13814122000;13793933333;14293933333;10240;10228
2536;13814137000;13793933333;14293933333;10240;10228
2538;13814168000;13793933333;14293933333;10240;10228
2540;13814177000;13793977777;14293977777;10240;10228
2531;13814250000;13752644444;14252644444;10240;10228
2533;13814456000;13793933333;14293933333;10240;10228
2535;13814666000;13793933333;14293933333;10240;10228
2537;13814691000;13793933333;14293933333;10240;10228
2539;13814856000;13793933333;14293933333;10240;10228
2542;13855747000;13794344444;14294344444;10240;10228
2544;13855767000;13835600000;14335600000;10240;10228
2546;13855787000;13835600000;14335600000;10240;10228
2548;13855809000;13835600000;14335600000;10240;10228
2550;13855828000;13835600000;14335600000;10240;10228
2543;13855939000;13794344444;14294344444;10240;10228
2545;13856200000;13835600000;14335600000;10240;10228
2547;13856214000;13835600000;14335600000;10240;10228
2549;13856406000;13835600000;14335600000;10240;10228
2551;13856419000;13835644444;14335644444;10240;10228
2541;13896650000;13794344444;14294344444;10240;10228
2552;13897438000;13835955555;14335955555;10240;10228
2554;13897452000;13835955555;14335955555;10240;10228
2556;13897479000;13877255555;14377255555;10240;10228
2558;13897507000;13877255555;14377255555;10240;10228
2560;13897521000;13877255555;14377255555;10240;10228
2562;13897535000;13877300000;14377300000;10240;10228
2553;13897633000;13835955555;14335955555;10240;10228
2555;13897831000;13877255555;14377255555;10240;10228
2559;13897856000;13877255555;14377255555;10240;10228
2561;13897993000;13877255555;14377255555;10240;10228
2564;13939071000;13877611111;14377611111;10240;10228
2566;13939100000;13918900000;14418900000;10240;10228
2568;13939120000;13918900000;14418900000;10240;10228
2570;13939157000;13918900000;14418900000;10240;10228
2563;13939289000;13877611111;14377611111;10240;10228
2565;13939527000;13877611111;14377611111;10240;10228
2567;13939541000;13918900000;14418900000;10240;10228
2569;13939686000;13918900000;14418900000;10240;10228
2571;13939904000;13918900000;14418900000;10240;10228
2576;13980741000;13919255555;14419255555;10240;10228
2578;13980754000;13960566666;14460566666;10240;10228
2580;13980770000;13960566666;14460566666;10240;10228
2582;13980795000;13960566666;14460566666;10240;10228
2584;13980815000;13960611111;14460611111;10240;10228
2575;13980958000;13919255555;14419255555;10240;10228
2577;13981159000;13960566666;14460566666;10240;10228
2579;13981174000;13960566666;14460566666;10240;10228
2581;13981367000;13960566666;14460566666;10240;10228
2583;13981575000;13960566666;14460566666;10240;10228
2572;14021296000;13918900000;14418900000;10240;10228
2574;14021568000;13919255555;14419255555;10240;10228
2573;14021942000;13918944444;14418944444;10240;10228
2586;14022408000;13960911111;14460911111;10240;10228
2588;14022434000;14002266666;14502266666;10240;10228
2590;14022464000;14002266666;14502266666;10240;10228
2592;14022474000;14002266666;14502266666;10240;10228
2594;14022495000;14002266666;14502266666;10240;10228
2585;14022631000;13960911111;14460911111;10240;10228
2587;14022843000;13960911111;14460911111;10240;10228
2589;14022877000;14002266666;14502266666;10240;10228
2591;14023004000;14002266666;14502266666;10240;10228
2593;14023263000;14002266666;14502266666;10240;10228
2595;14023292000;14002311111;14502311111;10240;10228
2596;14064087000;14002644444;14502644444;10240;10228
2598;14064111000;14002644444;14502644444;10240;10228
2600;14064134000;14043922222;14543922222;10240;10228
2602;14064143000;14043922222;14543922222;10240;10228
2606;14064167000;14043977777;14543977777;10240;10228
2597;14064295000;14002644444;14502644444;10240;10228
2599;14064514000;14043922222;14543922222;10240;10228
2601;14064554000;14043922222;14543922222;10240;10228
2603;14064720000;14043922222;14543922222;10240;10228
2605;14064916000;14043922222;14543922222;10240;10228
2608;14105764000;14044322222;14544322222;10240;10228
2610;14105804000;14085588888;14585588888;10240;10228
2612;14105814000;14085588888;14585588888;10240;10228
2614;14105853000;14085588888;14585588888;10240;10228
2616;14105889000;14085588888;14585588888;10240;10228
2607;14105987000;14044322222;14544322222;10240;10228
2609;14106182000;14044322222;14544322222;10240;10228
2611;14106197000;14085588888;14585588888;10240;10228
2613;14106404000;14085588888;14585588888;10240;10228
2615;14106588000;14085588888;14585588888;10240;10228
2617;14106612000;14085644444;14585644444;10240;10228
2604;14146475000;14043922222;14543922222;10240;10228
2618;14147433000;14085933333;14585933333;10240;10228
2620;14147453000;14085933333;14585933333;10240;10228
2622;14147485000;14127266666;14627266666;10240;10228
2624;14147503000;14127266666;14627266666;10240;10228
2626;14147523000;14127266666;14627266666;10240;10228
2628;14147536000;14127311111;14627311111;10240;10228
2619;14147670000;14085933333;14585933333;10240;10228
2621;14147864000;14127266666;14627266666;10240;10228
2625;14147889000;14127266666;14627266666;10240;10228
2627;14148024000;14127266666;14627266666;10240;10228
2630;14189079000;14127644444;14627644444;10240;10228
2634;14189119000;14168922222;14668922222;10240;10228
2629;14189326000;14127644444;14627644444;10240;10228
2631;14189565000;14127644444;14627644444;10240;10228
2633;14189579000;14168922222;14668922222;10240;10228
2635;14189718000;14168922222;14668922222;10240;10228
2637;14189919000;14168922222;14668922222;10240;10228
2639;14189953000;14168977777;14668977777;10240;10228
2623;14230137000;14127266666;14627266666;10240;10228
2640;14230713000;14169288888;14669288888;10240;10228
2642;14230726000;14169288888;14669288888;10240;10228
2644;14230769000;14210555555;14710555555;10240;10228
2648;14230809000;14210555555;14710555555;10240;10228
2650;14230829000;14210611111;14710611111;10240;10228
2641;14230936000;14169288888;14669288888;10240;10228
2643;14231181000;14210555555;14710555555;10240;10228
2645;14231196000;14210555555;14710555555;10240;10228
2647;14231359000;14210555555;14710555555;10240;10228
2649;14231559000;14210555555;14710555555;10240;10228
2632;14271450000;14168922222;14668922222;10240;10228
2636;14271646000;14168922222;14668922222;10240;10228
2638;14271686000;14168922222;14668922222;10240;10228
2652;14272474000;14210888888;14710888888;10240;10228
2654;14272503000;14252255555;14752255555;10240;10228
2656;14272523000;14252255555;14752255555;10240;10228
2658;14272564000;14252255555;14752255555;10240;10228
2660;14272603000;14252255555;14752255555;10240;10228
2651;14272632000;14210888888;14710888888;10240;10228
2653;14272840000;14210888888;14710888888;10240;10228
2655;14272857000;14252255555;14752255555;10240;10228
2657;14273008000;14252255555;14752255555;10240;10228
2659;14273232000;14252255555;14752255555;10240;10228
2661;14273245000;14252311111;14752311111;10240;10228
2646;14312970000;14210555555;14710555555;10240;10228
2662;14314106000;14252622222;14752622222;10240;10228
2664;14314121000;14252622222;14752622222;10240;10228
2666;14314147000;14293922222;14793922222;10240;10228
2670;14314176000;14293922222;14793922222;10240;10228
2672;14314186000;14293977777;14793977777;10240;10228
2663;14314346000;14252622222;14752622222;10240;10228
2665;14314532000;14293922222;14793922222;10240;10228
2667;14314565000;14293922222;14793922222;10240;10228
2669;14314749000;14293922222;14793922222;10240;10228
2671;14314929000;14293922222;14793922222;10240;10228
2674;14355722000;14294266666;14794266666;10240;10228
2676;14355762000;14335566666;14835566666;10240;10228
2678;14355793000;14335566666;14835566666;10240;10228
2680;14355814000;14335566666;14835566666;10240;10228
2682;14355853000;14335566666;14835566666;10240;10228
2673;14355881000;14294266666;14794266666;10240;10228
2675;14356132000;14294266666;14794266666;10240;10228
2677;14356142000;14335566666;14835566666;10240;10228
2681;14356332000;14335566666;14835566666;10240;10228
2683;14356341000;14335611111;14835611111;10240;10228
2668;14396179000;14293922222;14793922222;10240;10228
2684;14397450000;14335877777;14835877777;10240;10228
2688;14397464000;14377266666;14877266666;10240;10228
2690;14397486000;14377266666;14877266666;10240;10228
2692;14397496000;14377266666;14877266666;10240;10228
2694;14397517000;14377311111;14877311111;10240;10228
2685;14397636000;14335877777;14835877777;10240;10228
2687;14397830000;14377266666;14877266666;10240;10228
2693;14398033000;14377266666;14877266666;10240;10228
2686;14438137000;14335877777;14835877777;10240;10228
2679;14438435000;14335566666;14835566666;10240;10228
2696;14439178000;14377622222;14877622222;10240;10228
2695;14439303000;14377622222;14877622222;10240;10228
2697;14439509000;14377622222;14877622222;10240;10228
2699;14439519000;14418922222;14918922222;10240;10228
2701;14439711000;14418922222;14918922222;10240;10228
2703;14439919000;14418922222;14918922222;10240;10228
2705;14439930000;14418977777;14918977777;10240;10228
2689;14479872000;14377266666;14877266666;10240;10228
2691;14480094000;14377266666;14877266666;10240;10228
2706;14480741000;14419288888;14919288888;10240;10228
2710;14480760000;14460588888;14960588888;10240;10228
2716;14480780000;14460644444;14960644444;10240;10228
2707;14480958000;14419288888;14919288888;10240;10228
2709;14481175000;14460588888;14960588888;10240;10228
2711;14481187000;14460588888;14960588888;10240;10228
2713;14481380000;14460588888;14960588888;10240;10228
2715;14481570000;14460588888;14960588888;10240;10228
2702;14521428000;14418922222;14918922222;10240;10228
2698;14521533000;14418922222;14918922222;10240;10228
2700;14521734000;14418922222;14918922222;10240;10228
2704;14521761000;14418922222;14918922222;10240;10228
2718;14522429000;14460933333;14960933333;10240;10228
2720;14522470000;14502233333;15002233333;10240;10228
2724;14522479000;14502233333;15002233333;10240;10228
2726;14522517000;14502233333;15002233333;10240;10228
2719;14522617000;14460933333;14960933333;10240;10228
2723;14522805000;14502233333;15002233333;10240;10228
2725;14522811000;14502233333;15002233333;10240;10228
2727;14522974000;14502277777;15002277777;10240;10228
2714;14562912000;14460588888;14960588888;10240;10228
2708;14562987000;14419288888;14919288888;10240;10228
2712;14563233000;14460588888;14960588888;10240;10228
2721;14563410000;14502233333;15002233333;10240;10228
2717;14563627000;14460933333;14960933333;10240;10228
2728;14564085000;14502588888;15002588888;10240;10228
2730;14564100000;14502588888;15002588888;10240;10228
2732;14564126000;14543922222;15043922222;10240;10228
2734;14564167000;14543922222;15043922222;10240;10228
2736;14564188000;14543922222;15043922222;10240;10228
2738;14564225000;14543977777;15043977777;10240;10228
2729;14564302000;14502588888;15002588888;10240;10228
2731;14564457000;14543922222;15043922222;10240;10228
2733;14564703000;14543922222;15043922222;10240;10228
2722;14604456000;14502233333;15002233333;10240;10228
2740;14605780000;14544277777;15044277777;10240;10228
2742;14605820000;14585600000;15085600000;10240;10228
2744;14605831000;14585600000;15085600000;10240;10228
2739;14605969000;14544277777;15044277777;10240;10228
2741;14606187000;14544277777;15044277777;10240;10228
2743;14606197000;14585600000;15085600000;10240;10228
2745;14606373000;14585600000;15085600000;10240;10228
2747;14606574000;14585600000;15085600000;10240;10228
2735;14646632000;14543922222;15043922222;10240;10228
2750;14647372000;14585911111;15085911111;10240;10228
2754;14647393000;14627222222;15127222222;10240;10228
2756;14647414000;14627222222;15127222222;10240;10228
2758;14647426000;14627222222;15127222222;10240;10228
2760;14647445000;14627277777;15127277777;10240;10228
2751;14647601000;14585911111;15085911111;10240;10228
2753;14647808000;14627222222;15127222222;10240;10228
2755;14647827000;14627222222;15127222222;10240;10228
2757;14648010000;14627222222;15127222222;10240;10228
2759;14648222000;14627222222;15127222222;10240;10228
2752;14688071000;14585911111;15085911111;10240;10228
2746;14688172000;14585600000;15085600000;10240;10228
2748;14688405000;14585600000;15085600000;10240;10228
2749;14688453000;14585644444;15085644444;10240;10228
2762;14689124000;14627566666;15127566666;10240;10228
2764;14689148000;14668922222;15168922222;10240;10228
2766;14689167000;14668922222;15168922222;10240;10228
2768;14689182000;14668922222;15168922222;10240;10228
2770;14689200000;14668922222;15168922222;10240;10228
2761;14689299000;14627566666;15127566666;10240;10228
2763;14689487000;14627566666;15127566666;10240;10228
2765;14689699000;14668922222;15168922222;10240;10228
2767;14689719000;14668922222;15168922222;10240;10228
2769;14689905000;14668922222;15168922222;10240;10228
2771;14689915000;14668966666;15168966666;10240;10228
2772;14730745000;14669288888;15169288888;10240;10228
2774;14730769000;14669288888;15169288888;10240;10228
2776;14730792000;14710588888;15210588888;10240;10228
2778;14730809000;14710588888;15210588888;10240;10228
2780;14730836000;14710588888;15210588888;10240;10228
2782;14730850000;14710644444;15210644444;10240;10228
2773;14730960000;14669288888;15169288888;10240;10228
2775;14731193000;14710588888;15210588888;10240;10228
2777;14731221000;14710588888;15210588888;10240;10228
2779;14731386000;14710588888;15210588888;10240;10228
2781;14731580000;14710588888;15210588888;10240;10228
2784;14772402000;14710911111;15210911111;10240;10228
2786;14772430000;14752255555;15252255555;10240;10228
2788;14772461000;14752255555;15252255555;10240;10228
2790;14772476000;14752255555;15252255555;10240;10228
2783;14772602000;14710911111;15210911111;10240;10228
2785;14772794000;14710911111;15210911111;10240;10228
2787;14772996000;14752255555;15252255555;10240;10228
2794;14814053000;14752633333;15252633333;10240;10228
2796;14814093000;14752633333;15252633333;10240;10228
2798;14814136000;14793900000;15293900000;10240;10228
2800;14814160000;14793900000;15293900000;10240;10228
2802;14814189000;14793900000;15293900000;10240;10228
2804;14814198000;14793944444;15293944444;10240;10228
2799;14814302000;14793900000;15293900000;10240;10228
2801;14814491000;14793900000;15293900000;10240;10228
2803;14814502000;14793900000;15293900000;10240;10228
2792;14854629000;14752255555;15252255555;10240;10228
2791;14855008000;14752255555;15252255555;10240;10228
2797;14855121000;14793900000;15293900000;10240;10228
2793;14855144000;14752311111;15252311111;10240;10228
2795;14855364000;14752633333;15252633333;10240;10228
2806;14855674000;14794266666;15294266666;10240;10228
2808;14855695000;14835566666;15335566666;10240;10228
2810;14855716000;14835566666;15335566666;10240;10228
2812;14855735000;14835566666;15335566666;10240;10228
2814;14855749000;14835566666;15335566666;10240;10228
2805;14855882000;14794266666;15294266666;10240;10228
2807;14856080000;14794266666;15294266666;10240;10228
2809;14856339000;14835566666;15335566666;10240;10228
2811;14856351000;14835566666;15335566666;10240;10228
2813;14856536000;14835566666;15335566666;10240;10228
2815;14856556000;14835611111;15335611111;10240;10228
2816;14897430000;14835900000;15335900000;10240;10228
2818;14897451000;14835900000;15335900000;10240;10228
2820;14897480000;14877255555;15377255555;10240;10228
2822;14897509000;14877255555;15377255555;10240;10228
2824;14897522000;14877255555;15377255555;10240;10228
2826;14897542000;14877311111;15377311111;10240;10228
2817;14897630000;14835900000;15335900000;10240;10228
2819;14897828000;14877255555;15377255555;10240;10228
2821;14897848000;14877255555;15377255555;10240;10228
2823;14898034000;14877255555;15377255555;10240;10228
2825;14898254000;14877255555;15377255555;10240;10228
2828;14939055000;14877600000;15377600000;10240;10228
2830;14939089000;14918900000;15418900000;10240;10228
2832;14939117000;14918900000;15418900000;10240;10228
2834;14939132000;14918900000;15418900000;10240;10228
2836;14939152000;14918900000;15418900000;10240;10228
2827;14939277000;14877600000;15377600000;10240;10228
2829;14939474000;14877600000;15377600000;10240;10228
2831;14939505000;14918900000;15418900000;10240;10228
2833;14939676000;14918900000;15418900000;10240;10228
2835;14939881000;14918900000;15418900000;10240;10228
2837;14939908000;14918944444;15418944444;10240;10228
2838;14980797000;14919244444;15419244444;10240;10228
2840;14980812000;14919244444;15419244444;10240;10228
2842;14980843000;14960566666;15460566666;10240;10228
2844;14980871000;14960566666;15460566666;10240;10228
2846;14980881000;14960566666;15460566666;10240;10228
2841;14980974000;14960566666;15460566666;10240;10228
2843;14981192000;14960566666;15460566666;10240;10228
2845;14981204000;14960566666;15460566666;10240;10228
2847;14981394000;14960566666;15460566666;10240;10228
2839;15022055000;14919244444;15419244444;10240;10228
2850;15022427000;14960911111;15460911111;10240;10228
2852;15022456000;15002266666;15502266666;10240;10228
2856;15022486000;15002266666;15502266666;10240;10228
2858;15022499000;15002266666;15502266666;10240;10228
2849;15022636000;14960911111;15460911111;10240;10228
2851;15022841000;14960911111;15460911111;10240;10228
2853;15022863000;15002266666;15502266666;10240;10228
2855;15023052000;15002266666;15502266666;10240;10228
2857;15023261000;15002266666;15502266666;10240;10228
2859;15023271000;15002311111;15502311111;10240;10228
2848;15063174000;14960611111;15460611111;10240;10228
2860;15064137000;15002655555;15502655555;10240;10228
2862;15064152000;15002655555;15502655555;10240;10228
2864;15064177000;15043922222;15543922222;10240;10228
2866;15064219000;15043922222;15543922222;10240;10228
2868;15064255000;15043922222;15543922222;10240;10228
2870;15064275000;15043977777;15543977777;10240;10228
2861;15064298000;15002655555;15502655555;10240;10228
2863;15064512000;15043922222;15543922222;10240;10228
2865;15064728000;15043922222;15543922222;10240;10228
2867;15064748000;15043922222;15543922222;10240;10228
2869;15064932000;15043922222;15543922222;10240;10228
2872;15105784000;15044300000;15544300000;10240;10228
2874;15105800000;15085588888;15585588888;10240;10228
2876;15105820000;15085588888;15585588888;10240;10228
2878;15105837000;15085588888;15585588888;10240;10228
2880;15105854000;15085588888;15585588888;10240;10228
2873;15105942000;15044300000;15544300000;10240;10228
2875;15106187000;15085588888;15585588888;10240;10228
2877;15106199000;15085588888;15585588888;10240;10228
2879;15106384000;15085588888;15585588888;10240;10228
2881;15106393000;15085644444;15585644444;10240;10228
2871;15146997000;15044300000;15544300000;10240;10228
2882;15147421000;15085911111;15585911111;10240;10228
2884;15147436000;15085911111;15585911111;10240;10228
2886;15147456000;15127233333;15627233333;10240;10228
2888;15147472000;15127233333;15627233333;10240;10228
2890;15147490000;15127233333;15627233333;10240;10228
2892;15147506000;15127277777;15627277777;10240;10228
2883;15147623000;15085911111;15585911111;10240;10228
2885;15147884000;15127233333;15627233333;10240;10228
2887;15148003000;15127233333;15627233333;10240;10228
2889;15148030000;15127233333;15627233333;10240;10228
2891;15148213000;15127233333;15627233333;10240;10228
2894;15189063000;15127600000;15627600000;10240;10228
2896;15189093000;15168944444;15668944444;10240;10228
2898;15189100000;15168944444;15668944444;10240;10228
2900;15189122000;15168944444;15668944444;10240;10228
2902;15189128000;15168944444;15668944444;10240;10228
2893;15189294000;15127600000;15627600000;10240;10228
2895;15189486000;15127600000;15627600000;10240;10228
2899;15189693000;15168944444;15668944444;10240;10228
2901;15189713000;15168944444;15668944444;10240;10228
2903;15189893000;15169000000;15669000000;10240;10228
2897;15230352000;15168944444;15668944444;10240;10228
2904;15230755000;15169300000;15669300000;10240;10228
2906;15230767000;15169300000;15669300000;10240;10228
2908;15230787000;15210555555;15710555555;10240;10228
2910;15230793000;15210555555;15710555555;10240;10228
2912;15230799000;15210555555;15710555555;10240;10228
2914;15230827000;15210611111;15710611111;10240;10228
2905;15230930000;15169300000;15669300000;10240;10228
2907;15231162000;15210555555;15710555555;10240;10228
2909;15231337000;15210555555;15710555555;10240;10228
2911;15231367000;15210555555;15710555555;10240;10228
2913;15231538000;15210555555;15710555555;10240;10228
2916;15272366000;15210877777;15710877777;10240;10228
2922;15272470000;15252244444;15752244444;10240;10228
2915;15272582000;15210877777;15710877777;10240;10228
2917;15272783000;15210877777;15710877777;10240;10228
2919;15272797000;15252244444;15752244444;10240;10228
2921;15272981000;15252244444;15752244444;10240;10228
2923;15273198000;15252244444;15752244444;10240;10228
2925;15273210000;15252300000;15752300000;10240;10228
2926;15314111000;15252700000;15752700000;10240;10228
2928;15314123000;15252700000;15752700000;10240;10228
2930;15314129000;15293888888;15793888888;10240;10228
2936;15314134000;15293933333;15793933333;10240;10228
2927;15314267000;15252700000;15752700000;10240;10228
2929;15314472000;15293888888;15793888888;10240;10228
2931;15314484000;15293888888;15793888888;10240;10228
2933;15314673000;15293888888;15793888888;10240;10228
2935;15314882000;15293888888;15793888888;10240;10228
2918;15354813000;15252244444;15752244444;10240;10228
2920;15355010000;15252244444;15752244444;10240;10228
2924;15355218000;15252244444;15752244444;10240;10228
2938;15355768000;15294222222;15794222222;10240;10228
2940;15355779000;15335588888;15835588888;10240;10228
2942;15355785000;15335588888;15835588888;10240;10228
2944;15355805000;15335588888;15835588888;10240;10228
2946;15355812000;15335588888;15835588888;10240;10228
2937;15355968000;15294222222;15794222222;10240;10228
2941;15356175000;15335588888;15835588888;10240;10228
2943;15356186000;15335588888;15835588888;10240;10228
2945;15356379000;15335588888;15835588888;10240;10228
2947;15356390000;15335644444;15835644444;10240;10228
2934;15396343000;15293888888;15793888888;10240;10228
2948;15397469000;15335900000;15835900000;10240;10228
2950;15397479000;15335900000;15835900000;10240;10228
2952;15397500000;15377255555;15877255555;10240;10228
2954;15397506000;15377255555;15877255555;10240;10228
2956;15397519000;15377255555;15877255555;10240;10228
2958;15397536000;15377311111;15877311111;10240;10228
2949;15397657000;15335900000;15835900000;10240;10228
2951;15397858000;15377255555;15877255555;10240;10228
2953;15397869000;15377255555;15877255555;10240;10228
2955;15398025000;15377255555;15877255555;10240;10228
2957;15398273000;15377255555;15877255555;10240;10228
2960;15439092000;15377600000;15877600000;10240;10228
2962;15439103000;15418922222;15918922222;10240;10228
2964;15439109000;15418922222;15918922222;10240;10228
2966;15439120000;15418922222;15918922222;10240;10228
2968;15439189000;15418922222;15918922222;10240;10228
2959;15439295000;15377600000;15877600000;10240;10228
2961;15439504000;15377600000;15877600000;10240;10228
2963;15439514000;15418922222;15918922222;10240;10228
2965;15439705000;15418922222;15918922222;10240;10228
2967;15439909000;15418922222;15918922222;10240;10228
2969;15439921000;15418977777;15918977777;10240;10228
2974;15480783000;15460566666;15960566666;10240;10228
2976;15480800000;15460566666;15960566666;10240;10228
2978;15480806000;15460566666;15960566666;10240;10228
2980;15480811000;15460611111;15960611111;10240;10228
2971;15480947000;15419277777;15919277777;10240;10228
2973;15481155000;15460566666;15960566666;10240;10228
2975;15481168000;15460566666;15960566666;10240;10228
2977;15481386000;15460566666;15960566666;10240;10228
2979;15481561000;15460566666;15960566666;10240;10228
2970;15521592000;15419277777;15919277777;10240;10228
2972;15521794000;15419277777;15919277777;10240;10228
2982;15522457000;15460888888;15960888888;10240;10228
2984;15522487000;15502233333;16002233333;10240;10228
2986;15522493000;15502233333;16002233333;10240;10228
2988;15522498000;15502233333;16002233333;10240;10228
2990;15522513000;15502233333;16002233333;10240;10228
2981;15522607000;15460888888;15960888888;10240;10228
2983;15522810000;15460888888;15960888888;10240;10228
2985;15522851000;15502233333;16002233333;10240;10228
2987;15523031000;15502233333;16002233333;10240;10228
2989;15523242000;15502233333;16002233333;10240;10228
2991;15523272000;15502277777;16002277777;10240;10228
2992;15564134000;15502566666;16002566666;10240;10228
2994;15564146000;15502566666;16002566666;10240;10228
2996;15564164000;15543922222;16043922222;10240;10228
2998;15564169000;15543922222;16043922222;10240;10228
3000;15564179000;15543922222;16043922222;10240;10228
3002;15564186000;15543977777;16043977777;10240;10228
2993;15564306000;15502566666;16002566666;10240;10228
2995;15564507000;15543922222;16043922222;10240;10228
2997;15564539000;15543922222;16043922222;10240;10228
2999;15564708000;15543922222;16043922222;10240;10228
3001;15564913000;15543922222;16043922222;10240;10228
3004;15605802000;15544277777;16044277777;10240;10228
3008;15605824000;15585588888;16085588888;10240;10228
3010;15605844000;15585588888;16085588888;10240;10228
3012;15605873000;15585588888;16085588888;10240;10228
3003;15605971000;15544277777;16044277777;10240;10228
3005;15606175000;15544277777;16044277777;10240;10228
3007;15606202000;15585588888;16085588888;10240;10228
3011;15606380000;15585588888;16085588888;10240;10228
3013;15606391000;15585644444;16085644444;10240;10228
3006;15646654000;15585588888;16085588888;10240;10228
3014;15647419000;15585877777;16085877777;10240;10228
3016;15647428000;15585877777;16085877777;10240;10228
3018;15647450000;15627233333;16127233333;10240;10228
3020;15647455000;15627233333;16127233333;10240;10228
3022;15647490000;15627233333;16127233333;10240;10228
3024;15647495000;15627277777;16127277777;10240;10228
3015;15647622000;15585877777;16085877777;10240;10228
3017;15647807000;15627233333;16127233333;10240;10228
3019;15648011000;15627233333;16127233333;10240;10228
3026;15689136000;15627566666;16127566666;10240;10228
3028;15689162000;15668922222;16168922222;10240;10228
3030;15689168000;15668922222;16168922222;10240;10228
3032;15689173000;15668922222;16168922222;10240;10228
3034;15689193000;15668922222;16168922222;10240;10228
3025;15689290000;15627566666;16127566666;10240;10228
3027;15689495000;15627566666;16127566666;10240;10228
3029;15689686000;15668922222;16168922222;10240;10228
3031;15689700000;15668922222;16168922222;10240;10228
3023;15730238000;15627233333;16127233333;10240;10228
3021;15730391000;15627233333;16127233333;10240;10228
3038;15730798000;15669277777;16169277777;10240;10228
3040;15730825000;15710588888;16210588888;10240;10228
3042;15730831000;15710588888;16210588888;10240;10228
3044;15730841000;15710588888;16210588888;10240;10228
3046;15730869000;15710644444;16210644444;10240;10228
3041;15730982000;15710588888;16210588888;10240;10228
3043;15731193000;15710588888;16210588888;10240;10228
3045;15731203000;15710588888;16210588888;10240;10228
3036;15771569000;15669277777;16169277777;10240;10228
3037;15771846000;15669277777;16169277777;10240;10228
3033;15771957000;15668922222;16168922222;10240;10228
3035;15772155000;15668977777;16168977777;10240;10228
3039;15772186000;15710588888;16210588888;10240;10228
3048;15772447000;15710900000;16210900000;10240;10228
3054;15772471000;15752255555;16252255555;10240;10228
3056;15772483000;15752255555;16252255555;10240;10228
3047;15772619000;15710900000;16210900000;10240;10228
3049;15772821000;15710900000;16210900000;10240;10228
3051;15772845000;15752255555;16252255555;10240;10228
3053;15773018000;15752255555;16252255555;10240;10228
3055;15773236000;15752255555;16252255555;10240;10228
3058;15814141000;15752611111;16252611111;10240;10228
3060;15814152000;15752611111;16252611111;10240;10228
3062;15814158000;15793933333;16293933333;10240;10228
3064;15814162000;15793933333;16293933333;10240;10228
3066;15814183000;15793933333;16293933333;10240;10228
3068;15814189000;15793977777;16293977777;10240;10228
3059;15814303000;15752611111;16252611111;10240;10228
3061;15814508000;15793933333;16293933333;10240;10228
3067;15814519000;15793933333;16293933333;10240;10228
3050;15854525000;15752255555;16252255555;10240;10228
3052;15854581000;15752255555;16252255555;10240;10228
3057;15855547000;15752311111;16252311111;10240;10228
3070;15855694000;15794300000;16294300000;10240;10228
3072;15855722000;15835566666;16335566666;10240;10228
3076;15855728000;15835566666;16335566666;10240;10228
3078;15855734000;15835566666;16335566666;10240;10228
3069;15855916000;15794300000;16294300000;10240;10228
3071;15856158000;15794300000;16294300000;10240;10228
3073;15856339000;15835566666;16335566666;10240;10228
3075;15856350000;15835566666;16335566666;10240;10228
3077;15856541000;15835566666;16335566666;10240;10228
3079;15856551000;15835611111;16335611111;10240;10228
3063;15897062000;15793933333;16293933333;10240;10228
3065;15897276000;15793933333;16293933333;10240;10228
3080;15897414000;15835888888;16335888888;10240;10228
3082;15897424000;15835888888;16335888888;10240;10228
3086;15897445000;15877244444;16377244444;10240;10228
3088;15897451000;15877244444;16377244444;10240;10228
3090;15897461000;15877300000;16377300000;10240;10228
3081;15897613000;15835888888;16335888888;10240;10228
3083;15897808000;15877244444;16377244444;10240;10228
3085;15897815000;15877244444;16377244444;10240;10228
3087;15898010000;15877244444;16377244444;10240;10228
3089;15898235000;15877244444;16377244444;10240;10228
3074;15937850000;15835566666;16335566666;10240;10228
3092;15939111000;15877577777;16377577777;10240;10228
3094;15939137000;15918922222;16418922222;10240;10228
3096;15939145000;15918922222;16418922222;10240;10228
3098;15939154000;15918922222;16418922222;10240;10228
3100;15939194000;15918922222;16418922222;10240;10228
3091;15939307000;15877577777;16377577777;10240;10228
3093;15939526000;15877577777;16377577777;10240;10228
3097;15939537000;15918922222;16418922222;10240;10228
3099;15939714000;15918922222;16418922222;10240;10228
3101;15939725000;15918977777;16418977777;10240;10228
3084;15979516000;15877244444;16377244444;10240;10228
3095;15980651000;15918922222;16418922222;10240;10228
3102;15980772000;15919266666;16419266666;10240;10228
3104;15980784000;15919266666;16419266666;10240;10228
3106;15980805000;15960588888;16460588888;10240;10228
3108;15980830000;15960588888;16460588888;10240;10228
3110;15980848000;15960588888;16460588888;10240;10228
3112;15980877000;15960644444;16460644444;10240;10228
3103;15980954000;15919266666;16419266666;10240;10228
3105;15981170000;15960588888;16460588888;10240;10228
3107;15981198000;15960588888;16460588888;10240;10228
3109;15981348000;15960588888;16460588888;10240;10228
3111;15981553000;15960588888;16460588888;10240;10228
3114;16022408000;15960911111;16460911111;10240;10228
3116;16022433000;16002255555;16502255555;10240;10228
3118;16022439000;16002255555;16502255555;10240;10228
3120;16022444000;16002255555;16502255555;10240;10228
3113;16022604000;15960911111;16460911111;10240;10228
3115;16022799000;15960911111;16460911111;10240;10228
3117;16022989000;16002255555;16502255555;10240;10228
3119;16023019000;16002255555;16502255555;10240;10228
3121;16023213000;16002255555;16502255555;10240;10228
3123;16023226000;16002300000;16502300000;10240;10228
3125;16064059000;16002611111;16502611111;10240;10228
3127;16064071000;16043900000;16543900000;10240;10228
3129;16064084000;16043900000;16543900000;10240;10228
3131;16064093000;16043900000;16543900000;10240;10228
3133;16064112000;16043900000;16543900000;10240;10228
3124;16064247000;16002611111;16502611111;10240;10228
3126;16064451000;16002611111;16502611111;10240;10228
3128;16064645000;16043900000;16543900000;10240;10228
3130;16064658000;16043900000;16543900000;10240;10228
3132;16064850000;16043900000;16543900000;10240;10228
3134;16064864000;16043944444;16543944444;10240;10228
3122;16104672000;16002255555;16502255555;10240;10228
3135;16105753000;16044255555;16544255555;10240;10228
3137;16105766000;16044255555;16544255555;10240;10228
3139;16105773000;16085577777;16585577777;10240;10228
3141;16105800000;16085577777;16585577777;10240;10228
3143;16105806000;16085577777;16585577777;10240;10228
3145;16105835000;16085622222;16585622222;10240;10228
3136;16105929000;16044255555;16544255555;10240;10228
3138;16106118000;16085577777;16585577777;10240;10228
3140;16106322000;16085577777;16585577777;10240;10228
3142;16106350000;16085577777;16585577777;10240;10228
3144;16106533000;16085577777;16585577777;10240;10228
3147;16147416000;16085877777;16585877777;10240;10228
3149;16147440000;16127244444;16627244444;10240;10228
3151;16147446000;16127244444;16627244444;10240;10228
3155;16147452000;16127244444;16627244444;10240;10228
3146;16147600000;16085877777;16585877777;10240;10228
3148;16147779000;16085877777;16585877777;10240;10228
3150;16147982000;16127244444;16627244444;10240;10228
3152;16148012000;16127244444;16627244444;10240;10228
3154;16148188000;16127244444;16627244444;10240;10228
3156;16148202000;16127300000;16627300000;10240;10228
3157;16189089000;16127588888;16627588888;10240;10228
3159;16189102000;16127588888;16627588888;10240;10228
3161;16189124000;16168922222;16668922222;10240;10228
3165;16189140000;16168922222;16668922222;10240;10228
3167;16189171000;16168977777;16668977777;10240;10228
3158;16189267000;16127588888;16627588888;10240;10228
3160;16189469000;16168922222;16668922222;10240;10228
3162;16189673000;16168922222;16668922222;10240;10228
3164;16189686000;16168922222;16668922222;10240;10228
3166;16189877000;16168922222;16668922222;10240;10228
3153;16229822000;16127244444;16627244444;10240;10228
3169;16230772000;16169300000;16669300000;10240;10228
3171;16230784000;16210600000;16710600000;10240;10228
3173;16230794000;16210600000;16710600000;10240;10228
3175;16230819000;16210600000;16710600000;10240;10228
3177;16230825000;16210600000;16710600000;10240;10228
3168;16230941000;16169300000;16669300000;10240;10228
3170;16231141000;16169300000;16669300000;10240;10228
3172;16231354000;16210600000;16710600000;10240;10228
3174;16231366000;16210600000;16710600000;10240;10228
3176;16231551000;16210600000;16710600000;10240;10228
3178;16231562000;16210644444;16710644444;10240;10228
3163;16271337000;16168922222;16668922222;10240;10228
3179;16272425000;16210944444;16710944444;10240;10228
3181;16272435000;16210944444;16710944444;10240;10228
3183;16272454000;16252266666;16752266666;10240;10228
3185;16272469000;16252266666;16752266666;10240;10228
3187;16272491000;16252266666;16752266666;10240;10228
3189;16272498000;16252311111;16752311111;10240;10228
3182;16272630000;16252266666;16752266666;10240;10228
3184;16272830000;16252266666;16752266666;10240;10228
3186;16273035000;16252266666;16752266666;10240;10228
3188;16273066000;16252266666;16752266666;10240;10228
3180;16313777000;16210944444;16710944444;10240;10228
3191;16314029000;16252622222;16752622222;10240;10228
3193;16314093000;16293900000;16793900000;10240;10228
3195;16314100000;16293900000;16793900000;10240;10228
3197;16314106000;16293900000;16793900000;10240;10228
3199;16314125000;16293900000;16793900000;10240;10228
3190;16314217000;16252622222;16752622222;10240;10228
3192;16314407000;16252622222;16752622222;10240;10228
3194;16314635000;16293900000;16793900000;10240;10228
3196;16314662000;16293900000;16793900000;10240;10228
3198;16314840000;16293900000;16793900000;10240;10228
3200;16314866000;16293944444;16793944444;10240;10228
3201;16355785000;16294222222;16794222222;10240;10228
3203;16355797000;16294222222;16794222222;10240;10228
3205;16355816000;16335588888;16835588888;10240;10228
3207;16355823000;16335588888;16835588888;10240;10228
3209;16355860000;16335588888;16835588888;10240;10228
3211;16355865000;16335644444;16835644444;10240;10228
3202;16355943000;16294222222;16794222222;10240;10228
3204;16356136000;16335588888;16835588888;10240;10228
3206;16356343000;16335588888;16835588888;10240;10228
3208;16356369000;16335588888;16835588888;10240;10228
3210;16356545000;16335588888;16835588888;10240;10228
3213;16397493000;16335911111;16835911111;10240;10228
3215;16397520000;16377277777;16877277777;10240;10228
3217;16397525000;16377277777;16877277777;10240;10228
3219;16397545000;16377277777;16877277777;10240;10228
3221;16397551000;16377277777;16877277777;10240;10228
3212;16397657000;16335911111;16835911111;10240;10228
3214;16397860000;16335911111;16835911111;10240;10228
3216;16397885000;16377277777;16877277777;10240;10228
3218;16398084000;16377277777;16877277777;10240;10228
3220;16398286000;16377277777;16877277777;10240;10228
3222;16398317000;16377333333;16877333333;10240;10228
3223;16439063000;16377633333;16877633333;10240;10228
3225;16439077000;16377633333;16877633333;10240;10228
3227;16439113000;16418900000;16918900000;10240;10228
3229;16439124000;16418900000;16918900000;10240;10228
3231;16439152000;16418900000;16918900000;10240;10228
3233;16439158000;16418944444;16918944444;10240;10228
3224;16439272000;16377633333;16877633333;10240;10228
3226;16439474000;16418900000;16918900000;10240;10228
3228;16439505000;16418900000;16918900000;10240;10228
3230;16439667000;16418900000;16918900000;10240;10228
3235;16480775000;16419255555;16919255555;10240;10228
3237;16480802000;16460566666;16960566666;10240;10228
3239;16480812000;16460566666;16960566666;10240;10228
3241;16480818000;16460566666;16960566666;10240;10228
3234;16480936000;16419255555;16919255555;10240;10228
3236;16481139000;16419255555;16919255555;10240;10228
3238;16481150000;16460566666;16960566666;10240;10228
3240;16481351000;16460566666;16960566666;10240;10228
3242;16481535000;16460566666;16960566666;10240;10228
3244;16481541000;16460611111;16960611111;10240;10228
3232;16521873000;16418900000;16918900000;10240;10228
3245;16522446000;16460900000;16960900000;10240;10228
3247;16522457000;16460900000;16960900000;10240;10228
3249;16522480000;16502244444;17002244444;10240;10228
3251;16522486000;16502244444;17002244444;10240;10228
3253;16522512000;16502244444;17002244444;10240;10228
3255;16522540000;16502288888;17002288888;10240;10228
3246;16522610000;16460900000;16960900000;10240;10228
3248;16522771000;16502244444;17002244444;10240;10228
3250;16523018000;16502244444;17002244444;10240;10228
3252;16523029000;16502244444;17002244444;10240;10228
3243;16563011000;16460566666;16960566666;10240;10228
3259;16564121000;16543911111;17043911111;10240;10228
3261;16564132000;16543911111;17043911111;10240;10228
3263;16564138000;16543911111;17043911111;10240;10228
3265;16564143000;16543911111;17043911111;10240;10228
3256;16564289000;16502588888;17002588888;10240;10228
3260;16564491000;16543911111;17043911111;10240;10228
3262;16564503000;16543911111;17043911111;10240;10228
3264;16564694000;16543911111;17043911111;10240;10228
3266;16564705000;16543955555;17043955555;10240;10228
3257;16604943000;16502588888;17002588888;10240;10228
3254;16605156000;16502244444;17002244444;10240;10228
3258;16605330000;16502588888;17002588888;10240;10228
3267;16605766000;16544266666;17044266666;10240;10228
3269;16605780000;16544266666;17044266666;10240;10228
3271;16605797000;16585588888;17085588888;10240;10228
3273;16605803000;16585588888;17085588888;10240;10228
3275;16605814000;16585588888;17085588888;10240;10228
3268;16605958000;16544266666;17044266666;10240;10228
3270;16606177000;16585588888;17085588888;10240;10228
3274;16606206000;16585588888;17085588888;10240;10228
3276;16606325000;16585588888;17085588888;10240;10228
3279;16647414000;16585900000;17085900000;10240;10228
3281;16647442000;16627255555;17127255555;10240;10228
3283;16647447000;16627255555;17127255555;10240;10228
3285;16647483000;16627255555;17127255555;10240;10228
3287;16647489000;16627255555;17127255555;10240;10228
3278;16647635000;16585900000;17085900000;10240;10228
3280;16647835000;16585900000;17085900000;10240;10228
3282;16647847000;16627255555;17127255555;10240;10228
3284;16648041000;16627255555;17127255555;10240;10228
3286;16648256000;16627255555;17127255555;10240;10228
3288;16648265000;16627311111;17127311111;10240;10228
3277;16688068000;16585644444;17085644444;10240;10228
3272;16688562000;16585588888;17085588888;10240;10228
3289;16689171000;16627611111;17127611111;10240;10228
3291;16689182000;16627611111;17127611111;10240;10228
3295;16689201000;16668922222;17168922222;10240;10228
3297;16689207000;16668922222;17168922222;10240;10228
3299;16689211000;16668977777;17168977777;10240;10228
3292;16689311000;16668922222;17168922222;10240;10228
3294;16689499000;16668922222;17168922222;10240;10228
3296;16689708000;16668922222;17168922222;10240;10228
3298;16689714000;16668922222;17168922222;10240;10228
3293;16729929000;16668922222;17168922222;10240;10228
3301;16730782000;16669277777;17169277777;10240;10228
3303;16730794000;16710588888;17210588888;10240;10228
3305;16730799000;16710588888;17210588888;10240;10228
3307;16730813000;16710588888;17210588888;10240;10228
3309;16730830000;16710588888;17210588888;10240;10228
3300;16730924000;16669277777;17169277777;10240;10228
3302;16731166000;16669277777;17169277777;10240;10228
3304;16731176000;16710588888;17210588888;10240;10228
3306;16731381000;16710588888;17210588888;10240;10228
3308;16731572000;16710588888;17210588888;10240;10228
3310;16731583000;16710633333;17210633333;10240;10228
3311;16772467000;16710922222;17210922222;10240;10228
3313;16772479000;16710922222;17210922222;10240;10228
3315;16772486000;16752266666;17252266666;10240;10228
3317;16772495000;16752266666;17252266666;10240;10228
3319;16772514000;16752266666;17252266666;10240;10228
3321;16772521000;16752311111;17252311111;10240;10228
3314;16772642000;16752266666;17252266666;10240;10228
3316;16772844000;16752266666;17252266666;10240;10228
3318;16772856000;16752266666;17252266666;10240;10228
3312;16813583000;16710922222;17210922222;10240;10228
3323;16814164000;16752622222;17252622222;10240;10228
3325;16814191000;16793922222;17293922222;10240;10228
3327;16814210000;16793922222;17293922222;10240;10228
3329;16814215000;16793922222;17293922222;10240;10228
3331;16814257000;16793922222;17293922222;10240;10228
3322;16814271000;16752622222;17252622222;10240;10228
3324;16814509000;16752622222;17252622222;10240;10228
3326;16814521000;16793922222;17293922222;10240;10228
3328;16814711000;16793922222;17293922222;10240;10228
3332;16814722000;16793977777;17293977777;10240;10228
3320;16855309000;16752266666;17252266666;10240;10228
3333;16855777000;16794300000;17294300000;10240;10228
3335;16855788000;16794300000;17294300000;10240;10228
3337;16855810000;16835566666;17335566666;10240;10228
3339;16855815000;16835566666;17335566666;10240;10228
3341;16855847000;16835566666;17335566666;10240;10228
3343;16855854000;16835611111;17335611111;10240;10228
3334;16855965000;16794300000;17294300000;10240;10228
3336;16856159000;16835566666;17335566666;10240;10228
3338;16856373000;16835566666;17335566666;10240;10228
3340;16856384000;16835566666;17335566666;10240;10228
3342;16856568000;16835566666;17335566666;10240;10228
3349;16897487000;16877266666;17377266666;10240;10228
3351;16897499000;16877266666;17377266666;10240;10228
3353;16897505000;16877266666;17377266666;10240;10228
3344;16897636000;16835900000;17335900000;10240;10228
3346;16897840000;16835900000;17335900000;10240;10228
3348;16897859000;16877266666;17377266666;10240;10228
3350;16898061000;16877266666;17377266666;10240;10228
3345;16938148000;16835900000;17335900000;10240;10228
3347;16938163000;16877266666;17377266666;10240;10228
3355;16939159000;16877600000;17377600000;10240;10228
3357;16939173000;16877600000;17377600000;10240;10228
3359;16939178000;16918911111;17418911111;10240;10228
3361;16939182000;16918911111;17418911111;10240;10228
3363;16939194000;16918911111;17418911111;10240;10228
3365;16939205000;16918966666;17418966666;10240;10228
3356;16939303000;16877600000;17377600000;10240;10228
3358;16939491000;16918911111;17418911111;10240;10228
3360;16939704000;16918911111;17418911111;10240;10228
3362;16939714000;16918911111;17418911111;10240;10228
3364;16939903000;16918911111;17418911111;10240;10228
3352;16980421000;16877266666;17377266666;10240;10228
3354;16980433000;16877311111;17377311111;10240;10228
3367;16980767000;16919266666;17419266666;10240;10228
3369;16980797000;16960566666;17460566666;10240;10228
3371;16980804000;16960566666;17460566666;10240;10228
3373;16980809000;16960566666;17460566666;10240;10228
3375;16980822000;16960566666;17460566666;10240;10228
3366;16980917000;16919266666;17419266666;10240;10228
3368;16981128000;16919266666;17419266666;10240;10228
3377;17022480000;16960888888;17460888888;10240;10228
3379;17022509000;16960888888;17460888888;10240;10228
3381;17022514000;17002277777;17502277777;10240;10228
3383;17022524000;17002277777;17502277777;10240;10228
3385;17022546000;17002277777;17502277777;10240;10228
3387;17022561000;17002333333;17502333333;10240;10228
3378;17022659000;16960888888;17460888888;10240;10228
3380;17022854000;17002277777;17502277777;10240;10228
3384;17022865000;17002277777;17502277777;10240;10228
3386;17023066000;17002277777;17502277777;10240;10228
3372;17063617000;16960566666;17460566666;10240;10228
3374;17063629000;16960566666;17460566666;10240;10228
3376;17063694000;16960611111;17460611111;10240;10228
3370;17063843000;16960566666;17460566666;10240;10228
3389;17064081000;17002688888;17502688888;10240;10228
3391;17064110000;17043900000;17543900000;10240;10228
3393;17064117000;17043900000;17543900000;10240;10228
3395;17064136000;17043900000;17543900000;10240;10228
3397;17064156000;17043900000;17543900000;10240;10228
3388;17064307000;17002688888;17502688888;10240;10228
3390;17064501000;17002688888;17502688888;10240;10228
3392;17064513000;17043900000;17543900000;10240;10228
3394;17064708000;17043900000;17543900000;10240;10228
3396;17064906000;17043900000;17543900000;10240;10228
3398;17064916000;17043944444;17543944444;10240;10228
3382;17105171000;17002277777;17502277777;10240;10228
3399;17105773000;17044266666;17544266666;10240;10228
3401;17105785000;17044266666;17544266666;10240;10228
3403;17105803000;17085588888;17585588888;10240;10228
3405;17105813000;17085588888;17585588888;10240;10228
3407;17105845000;17085588888;17585588888;10240;10228
3409;17105853000;17085633333;17585633333;10240;10228
3400;17105998000;17044266666;17544266666;10240;10228
3402;17106220000;17085588888;17585588888;10240;10228
3404;17106248000;17085588888;17585588888;10240;10228
3406;17106449000;17085588888;17585588888;10240;10228
3408;17106669000;17085588888;17585588888;10240;10228
3411;17147415000;17085922222;17585922222;10240;10228
3413;17147441000;17127233333;17627233333;10240;10228
3415;17147446000;17127233333;17627233333;10240;10228
3417;17147452000;17127233333;17627233333;10240;10228
3419;17147475000;17127233333;17627233333;10240;10228
3410;17147648000;17085922222;17585922222;10240;10228
3412;17147833000;17085922222;17585922222;10240;10228
3414;17147872000;17127233333;17627233333;10240;10228
3416;17148052000;17127233333;17627233333;10240;10228
3418;17148297000;17127233333;17627233333;10240;10228
3420;17148324000;17127277777;17627277777;10240;10228
3421;17189126000;17127588888;17627588888;10240;10228
3423;17189139000;17127588888;17627588888;10240;10228
3425;17189157000;17168922222;17668922222;10240;10228
3427;17189169000;17168922222;17668922222;10240;10228
3429;17189176000;17168922222;17668922222;10240;10228
3431;17189206000;17168977777;17668977777;10240;10228
3422;17189336000;17127588888;17627588888;10240;10228
3424;17189536000;17168922222;17668922222;10240;10228
3426;17189563000;17168922222;17668922222;10240;10228
3428;17189765000;17168922222;17668922222;10240;10228
3430;17189956000;17168922222;17668922222;10240;10228
3433;17230767000;17169288888;17669288888;10240;10228
3435;17230793000;17210566666;17710566666;10240;10228
3437;17230806000;17210566666;17710566666;10240;10228
3439;17230812000;17210566666;17710566666;10240;10228
3441;17230827000;17210566666;17710566666;10240;10228
3434;17230944000;17169288888;17669288888;10240;10228
3436;17231172000;17210566666;17710566666;10240;10228
3438;17231392000;17210566666;17710566666;10240;10228
3440;17231402000;17210566666;17710566666;10240;10228
3442;17231407000;17210611111;17710611111;10240;10228
3432;17271930000;17169288888;17669288888;10240;10228
3443;17272419000;17210900000;17710900000;10240;10228
3447;17272433000;17252233333;17752233333;10240;10228
3449;17272449000;17252233333;17752233333;10240;10228
3453;17272460000;17252277777;17752277777;10240;10228
3446;17272646000;17252233333;17752233333;10240;10228
3448;17272867000;17252233333;17752233333;10240;10228
3445;17313375000;17210900000;17710900000;10240;10228
3455;17314159000;17252600000;17752600000;10240;10228
3459;17314187000;17293922222;17793922222;10240;10228
3461;17314204000;17293922222;17793922222;10240;10228
3463;17314209000;17293922222;17793922222;10240;10228
3454;17314336000;17252600000;17752600000;10240;10228
3458;17314537000;17293922222;17793922222;10240;10228
3460;17314725000;17293922222;17793922222;10240;10228
3462;17314737000;17293922222;17793922222;10240;10228
3464;17314741000;17293977777;17793977777;10240;10228
3444;17353872000;17210900000;17710900000;10240;10228
3451;17354757000;17252233333;17752233333;10240;10228
3457;17355137000;17293922222;17793922222;10240;10228
3465;17355827000;17294288888;17794288888;10240;10228
3467;17355839000;17294288888;17794288888;10240;10228
3469;17355844000;17335588888;17835588888;10240;10228
3471;17355849000;17335588888;17835588888;10240;10228
3473;17355862000;17335588888;17835588888;10240;10228
3475;17355871000;17335633333;17835633333;10240;10228
3466;17356005000;17294288888;17794288888;10240;10228
3468;17356217000;17335588888;17835588888;10240;10228
3470;17356229000;17335588888;17835588888;10240;10228
3472;17356428000;17335588888;17835588888;10240;10228
3474;17356637000;17335588888;17835588888;10240;10228
3450;17395548000;17252233333;17752233333;10240;10228
3452;17395576000;17252233333;17752233333;10240;10228
3456;17397112000;17252600000;17752600000;10240;10228
3477;17397505000;17335911111;17835911111;10240;10228
3479;17397529000;17377333333;17877333333;10240;10228
3481;17397555000;17377333333;17877333333;10240;10228
3483;17397561000;17377333333;17877333333;10240;10228
3485;17397576000;17377333333;17877333333;10240;10228
3476;17397708000;17335911111;17835911111;10240;10228
3478;17397916000;17335911111;17835911111;10240;10228
3480;17397944000;17377333333;17877333333;10240;10228
3482;17398160000;17377333333;17877333333;10240;10228
3484;17398348000;17377333333;17877333333;10240;10228
3486;17398374000;17377388888;17877388888;10240;10228
3487;17439066000;17377744444;17877744444;10240;10228
3491;17439076000;17418900000;17918900000;10240;10228
3493;17439101000;17418900000;17918900000;10240;10228
3495;17439114000;17418900000;17918900000;10240;10228
3497;17439132000;17418944444;17918944444;10240;10228
3488;17439265000;17377744444;17877744444;10240;10228
3490;17439483000;17418900000;17918900000;10240;10228
3492;17439494000;17418900000;17918900000;10240;10228
3494;17439680000;17418900000;17918900000;10240;10228
3496;17439888000;17418900000;17918900000;10240;10228
3489;17479816000;17377744444;17877744444;10240;10228
3499;17480745000;17419288888;17919288888;10240;10228
3501;17480774000;17460566666;17960566666;10240;10228
3503;17480782000;17460566666;17960566666;10240;10228
3505;17480787000;17460566666;17960566666;10240;10228
3507;17480808000;17460566666;17960566666;10240;10228
3498;17480942000;17419288888;17919288888;10240;10228
3500;17481155000;17419288888;17919288888;10240;10228
3502;17481184000;17460566666;17960566666;10240;10228
3504;17481361000;17460566666;17960566666;10240;10228
3509;17522391000;17460911111;17960911111;10240;10228
3511;17522419000;17460911111;17960911111;10240;10228
3513;17522426000;17502233333;18002233333;10240;10228
3515;17522456000;17502233333;18002233333;10240;10228
3517;17522462000;17502233333;18002233333;10240;10228
3519;17522481000;17502277777;18002277777;10240;10228
3510;17522605000;17460911111;17960911111;10240;10228
3512;17522807000;17502233333;18002233333;10240;10228
3514;17522819000;17502233333;18002233333;10240;10228
3516;17523011000;17502233333;18002233333;10240;10228
3518;17523226000;17502233333;18002233333;10240;10228
3508;17563683000;17460611111;17960611111;10240;10228
3506;17563878000;17460566666;17960566666;10240;10228
3521;17564122000;17502588888;18002588888;10240;10228
3523;17564136000;17543900000;18043900000;10240;10228
3525;17564141000;17543900000;18043900000;10240;10228
3527;17564146000;17543900000;18043900000;10240;10228
3529;17564167000;17543900000;18043900000;10240;10228
3520;17564279000;17502588888;18002588888;10240;10228
3522;17564469000;17502588888;18002588888;10240;10228
3524;17564496000;17543900000;18043900000;10240;10228
3526;17564669000;17543900000;18043900000;10240;10228
3528;17564865000;17543900000;18043900000;10240;10228
3530;17564892000;17543944444;18043944444;10240;10228
3531;17605744000;17544255555;18044255555;10240;10228
3533;17605765000;17544255555;18044255555;10240;10228
3535;17605773000;17585588888;18085588888;10240;10228
3537;17605778000;17585588888;18085588888;10240;10228
3539;17605799000;17585588888;18085588888;10240;10228
3541;17605884000;17585655555;18085655555;10240;10228
3532;17605966000;17544255555;18044255555;10240;10228
3534;17606171000;17585588888;18085588888;10240;10228
3536;17606205000;17585588888;18085588888;10240;10228
3538;17606380000;17585588888;18085588888;10240;10228
3540;17606573000;17585588888;18085588888;10240;10228
3543;17647446000;17585922222;18085922222;10240;10228
3545;17647460000;17627233333;18127233333;10240;10228
3547;17647466000;17627233333;18127233333;10240;10228
3551;17647487000;17627233333;18127233333;10240;10228
3546;17647615000;17627233333;18127233333;10240;10228
3548;17647818000;17627233333;18127233333;10240;10228
3550;17647829000;17627233333;18127233333;10240;10228
3552;17648020000;17627277777;18127277777;10240;10228
3542;17688578000;17585922222;18085922222;10240;10228
3544;17688776000;17585922222;18085922222;10240;10228
3553;17689184000;17627577777;18127577777;10240;10228
3555;17689194000;17627577777;18127577777;10240;10228
3557;17689217000;17668922222;18168922222;10240;10228
3559;17689221000;17668922222;18168922222;10240;10228
3561;17689238000;17668922222;18168922222;10240;10228
3563;17689243000;17668977777;18168977777;10240;10228
3554;17689273000;17627577777;18127577777;10240;10228
3558;17689500000;17668922222;18168922222;10240;10228
3560;17689511000;17668922222;18168922222;10240;10228
3562;17689703000;17668922222;18168922222;10240;10228
3549;17729934000;17627233333;18127233333;10240;10228
3556;17730605000;17668922222;18168922222;10240;10228
3565;17730735000;17669300000;18169300000;10240;10228
3567;17730750000;17710588888;18210588888;10240;10228
3569;17730759000;17710588888;18210588888;10240;10228
3571;17730765000;17710588888;18210588888;10240;10228
3573;17730784000;17710588888;18210588888;10240;10228
3564;17730924000;17669300000;18169300000;10240;10228
3566;17731141000;17669300000;18169300000;10240;10228
3568;17731173000;17710588888;18210588888;10240;10228
3574;17731342000;17710644444;18210644444;10240;10228
3575;17772395000;17710922222;18210922222;10240;10228
3577;17772406000;17710922222;18210922222;10240;10228
3579;17772417000;17752255555;18252255555;10240;10228
3581;17772451000;17752255555;18252255555;10240;10228
3583;17772466000;17752255555;18252255555;10240;10228
3585;17772486000;17752300000;18252300000;10240;10228
3576;17772605000;17710922222;18210922222;10240;10228
3578;17772801000;17752255555;18252255555;10240;10228
3580;17773002000;17752255555;18252255555;10240;10228
3582;17773015000;17752255555;18252255555;10240;10228
3584;17773215000;17752255555;18252255555;10240;10228
3570;17813370000;17710588888;18210588888;10240;10228
3572;17813397000;17710588888;18210588888;10240;10228
3587;17814078000;17752633333;18252633333;10240;10228
3589;17814092000;17793900000;18293900000;10240;10228
3591;17814116000;17793900000;18293900000;10240;10228
3593;17814126000;17793900000;18293900000;10240;10228
3586;17814256000;17752633333;18252633333;10240;10228
3588;17814466000;17752633333;18252633333;10240;10228
3590;17814494000;17793900000;18293900000;10240;10228
3592;17814669000;17793900000;18293900000;10240;10228
3594;17814850000;17793900000;18293900000;10240;10228
3596;17814874000;17793944444;18293944444;10240;10228
3597;17855762000;17794277777;18294277777;10240;10228
3603;17855774000;17835577777;18335577777;10240;10228
3605;17855779000;17835577777;18335577777;10240;10228
3607;17855788000;17835633333;18335633333;10240;10228
3598;17855945000;17794277777;18294277777;10240;10228
3600;17856157000;17835577777;18335577777;10240;10228
3602;17856169000;17835577777;18335577777;10240;10228
3604;17856360000;17835577777;18335577777;10240;10228
3606;17856559000;17835577777;18335577777;10240;10228
3595;17896441000;17793900000;18293900000;10240;10228
3601;17896627000;17835577777;18335577777;10240;10228
3609;17897448000;17835933333;18335933333;10240;10228
3611;17897476000;17877266666;18377266666;10240;10228
3613;17897491000;17877266666;18377266666;10240;10228
3617;17897497000;17877266666;18377266666;10240;10228
3608;17897641000;17835933333;18335933333;10240;10228
3610;17897838000;17835933333;18335933333;10240;10228
3612;17898067000;17877266666;18377266666;10240;10228
3614;17898092000;17877266666;18377266666;10240;10228
3616;17898269000;17877266666;18377266666;10240;10228
3618;17898280000;17877311111;18377311111;10240;10228
3619;17939110000;17877611111;18377611111;10240;10228
3621;17939123000;17877611111;18377611111;10240;10228
3623;17939130000;17918900000;18418900000;10240;10228
3625;17939142000;17918900000;18418900000;10240;10228
3627;17939153000;17918900000;18418900000;10240;10228
3629;17939164000;17918944444;18418944444;10240;10228
3620;17939271000;17877611111;18377611111;10240;10228
3622;17939474000;17918900000;18418900000;10240;10228
3624;17939486000;17918900000;18418900000;10240;10228
3626;17939676000;17918900000;18418900000;10240;10228
3628;17939873000;17918900000;18418900000;10240;10228
3615;17979870000;17877266666;18377266666;10240;10228
3631;17980791000;17919266666;18419266666;10240;10228
3633;17980807000;17960566666;18460566666;10240;10228
3635;17980812000;17960566666;18460566666;10240;10228
3637;17980837000;17960566666;18460566666;10240;10228
3639;17980843000;17960566666;18460566666;10240;10228
3630;17980945000;17919266666;18419266666;10240;10228
3632;17981169000;17919266666;18419266666;10240;10228
3634;17981189000;17960566666;18460566666;10240;10228
3636;17981344000;17960566666;18460566666;10240;10228
3638;17981552000;17960566666;18460566666;10240;10228
3640;17981565000;17960611111;18460611111;10240;10228
3641;18022446000;17960900000;18460900000;10240;10228
3643;18022462000;17960900000;18460900000;10240;10228
3645;18022479000;18002255555;18502255555;10240;10228
3647;18022491000;18002255555;18502255555;10240;10228
3649;18022519000;18002255555;18502255555;10240;10228
3651;18022525000;18002300000;18502300000;10240;10228
3644;18022631000;18002255555;18502255555;10240;10228
3646;18022838000;18002255555;18502255555;10240;10228
3648;18022848000;18002255555;18502255555;10240;10228
3650;18023036000;18002255555;18502255555;10240;10228
3642;18063738000;17960900000;18460900000;10240;10228
3653;18064053000;18002633333;18502633333;10240;10228
3655;18064091000;18043900000;18543900000;10240;10228
3657;18064107000;18043900000;18543900000;10240;10228
3659;18064112000;18043900000;18543900000;10240;10228
3661;18064142000;18043900000;18543900000;10240;10228
3652;18064271000;18002633333;18502633333;10240;10228
3654;18064494000;18002633333;18502633333;10240;10228
3656;18064522000;18043900000;18543900000;10240;10228
3658;18064688000;18043900000;18543900000;10240;10228
3660;18064902000;18043900000;18543900000;10240;10228
3662;18064932000;18043944444;18543944444;10240;10228
3663;18105779000;18044300000;18544300000;10240;10228
3667;18105790000;18085600000;18585600000;10240;10228
3669;18105809000;18085600000;18585600000;10240;10228
3671;18105815000;18085600000;18585600000;10240;10228
3673;18105845000;18085644444;18585644444;10240;10228
3664;18105994000;18044300000;18544300000;10240;10228
3666;18106204000;18085600000;18585600000;10240;10228
3668;18106226000;18085600000;18585600000;10240;10228
3670;18106437000;18085600000;18585600000;10240;10228
3672;18106624000;18085600000;18585600000;10240;10228
3665;18146585000;18044300000;18544300000;10240;10228
3675;18147460000;18085922222;18585922222;10240;10228
3677;18147482000;18127233333;18627233333;10240;10228
3679;18147488000;18127233333;18627233333;10240;10228
3681;18147493000;18127233333;18627233333;10240;10228
3683;18147590000;18127233333;18627233333;10240;10228
3674;18147706000;18085922222;18585922222;10240;10228
3676;18147866000;18085922222;18585922222;10240;10228
3678;18147893000;18127233333;18627233333;10240;10228
3680;18148056000;18127233333;18627233333;10240;10228
3682;18148231000;18127233333;18627233333;10240;10228
3685;18189114000;18127600000;18627600000;10240;10228
3687;18189141000;18127600000;18627600000;10240;10228
3689;18189145000;18168922222;18668922222;10240;10228
3691;18189155000;18168922222;18668922222;10240;10228
3693;18189179000;18168922222;18668922222;10240;10228
3695;18189184000;18168977777;18668977777;10240;10228
3686;18189344000;18127600000;18627600000;10240;10228
3688;18189524000;18168922222;18668922222;10240;10228
3690;18189531000;18168922222;18668922222;10240;10228
3692;18189735000;18168922222;18668922222;10240;10228
3684;18230454000;18127277777;18627277777;10240;10228
3697;18230776000;18169277777;18669277777;10240;10228
3699;18230788000;18210566666;18710566666;10240;10228
3701;18230793000;18210566666;18710566666;10240;10228
3703;18230804000;18210566666;18710566666;10240;10228
3696;18230969000;18169277777;18669277777;10240;10228
3698;18231173000;18169277777;18669277777;10240;10228
3700;18231385000;18210566666;18710566666;10240;10228
3702;18231396000;18210566666;18710566666;10240;10228
3704;18231584000;18210566666;18710566666;10240;10228
3706;18231594000;18210622222;18710622222;10240;10228
3694;18272092000;18168922222;18668922222;10240;10228
3707;18272414000;18210911111;18710911111;10240;10228
3709;18272428000;18210911111;18710911111;10240;10228
3711;18272433000;18252233333;18752233333;10240;10228
3713;18272455000;18252233333;18752233333;10240;10228
3715;18272462000;18252233333;18752233333;10240;10228
3717;18272467000;18252277777;18752277777;10240;10228
3708;18272676000;18210911111;18710911111;10240;10228
3710;18272856000;18252233333;18752233333;10240;10228
3712;18272867000;18252233333;18752233333;10240;10228
3714;18273025000;18252233333;18752233333;10240;10228
3716;18273287000;18252233333;18752233333;10240;10228
3705;18313060000;18210566666;18710566666;10240;10228
3719;18314132000;18252588888;18752588888;10240;10228
3721;18314144000;18293900000;18793900000;10240;10228
3723;18314149000;18293900000;18793900000;10240;10228
3725;18314171000;18293900000;18793900000;10240;10228
3727;18314180000;18293900000;18793900000;10240;10228
3718;18314302000;18252588888;18752588888;10240;10228
3720;18314511000;18252588888;18752588888;10240;10228
3722;18314537000;18293900000;18793900000;10240;10228
3724;18314682000;18293900000;18793900000;10240;10228
3726;18314918000;18293900000;18793900000;10240;10228
3728;18314944000;18293944444;18793944444;10240;10228
3729;18355774000;18294233333;18794233333;10240;10228
3731;18355786000;18294233333;18794233333;10240;10228
3733;18355795000;18335600000;18835600000;10240;10228
3735;18355816000;18335600000;18835600000;10240;10228
3737;18355823000;18335600000;18835600000;10240;10228
3739;18355834000;18335644444;18835644444;10240;10228
3730;18355988000;18294233333;18794233333;10240;10228
3732;18356207000;18335600000;18835600000;10240;10228
3734;18356235000;18335600000;18835600000;10240;10228
3736;18356403000;18335600000;18835600000;10240;10228
3738;18356657000;18335600000;18835600000;10240;10228
3741;18397424000;18335911111;18835911111;10240;10228
3743;18397439000;18377233333;18877233333;10240;10228
3745;18397444000;18377233333;18877233333;10240;10228
3747;18397467000;18377233333;18877233333;10240;10228
3740;18397608000;18335911111;18835911111;10240;10228
3742;18397838000;18335911111;18835911111;10240;10228
3744;18397865000;18377233333;18877233333;10240;10228
3746;18398039000;18377233333;18877233333;10240;10228
3748;18398250000;18377233333;18877233333;10240;10228
3750;18398260000;18377277777;18877277777;10240;10228
3753;18439091000;18377600000;18877600000;10240;10228
3755;18439104000;18418900000;18918900000;10240;10228
3757;18439114000;18418900000;18918900000;10240;10228
3759;18439119000;18418900000;18918900000;10240;10228
3761;18439137000;18418944444;18918944444;10240;10228
3752;18439278000;18377600000;18877600000;10240;10228
3754;18439481000;18418900000;18918900000;10240;10228
3756;18439494000;18418900000;18918900000;10240;10228
3758;18439683000;18418900000;18918900000;10240;10228
3749;18479967000;18377233333;18877233333;10240;10228
3751;18480177000;18377600000;18877600000;10240;10228
3763;18480801000;18419255555;18919255555;10240;10228
3765;18480833000;18460566666;18960566666;10240;10228
3767;18480840000;18460566666;18960566666;10240;10228
3769;18480854000;18460566666;18960566666;10240;10228
3771;18480867000;18460566666;18960566666;10240;10228
3762;18480952000;18419255555;18919255555;10240;10228
3764;18481187000;18419255555;18919255555;10240;10228
3766;18481199000;18460566666;18960566666;10240;10228
3768;18481354000;18460566666;18960566666;10240;10228
3770;18481547000;18460566666;18960566666;10240;10228
3772;18481558000;18460611111;18960611111;10240;10228
3760;18522270000;18418900000;18918900000;10240;10228
3773;18522489000;18460900000;18960900000;10240;10228
3775;18522501000;18460900000;18960900000;10240;10228
3777;18522513000;18502277777;19002277777;10240;10228
3779;18522519000;18502277777;19002277777;10240;10228
3781;18522538000;18502277777;19002277777;10240;10228
3783;18522544000;18502322222;19002322222;10240;10228
3774;18522664000;18460900000;18960900000;10240;10228
3776;18522867000;18502277777;19002277777;10240;10228
3778;18522896000;18502277777;19002277777;10240;10228
3780;18523036000;18502277777;19002277777;10240;10228
3782;18523286000;18502277777;19002277777;10240;10228
3789;18564133000;18543900000;19043900000;10240;10228
3791;18564148000;18543900000;19043900000;10240;10228
3793;18564154000;18543900000;19043900000;10240;10228
3784;18564271000;18502622222;19002622222;10240;10228
3786;18564468000;18502622222;19002622222;10240;10228
3788;18564487000;18543900000;19043900000;10240;10228
3790;18564666000;18543900000;19043900000;10240;10228
3792;18564871000;18543900000;19043900000;10240;10228
3794;18564876000;18543955555;19043955555;10240;10228
3785;18604918000;18502622222;19002622222;10240;10228
3787;18604946000;18543900000;19043900000;10240;10228
3795;18605761000;18544266666;19044266666;10240;10228
3797;18605775000;18544266666;19044266666;10240;10228
3799;18605787000;18585600000;19085600000;10240;10228
3801;18605807000;18585600000;19085600000;10240;10228
3803;18605813000;18585600000;19085600000;10240;10228
3805;18605832000;18585666666;19085666666;10240;10228
3796;18605992000;18544266666;19044266666;10240;10228
3798;18606204000;18585600000;19085600000;10240;10228
3802;18606234000;18585600000;19085600000;10240;10228
3804;18606405000;18585600000;19085600000;10240;10228
3807;18647443000;18585944444;19085944444;10240;10228
3811;18647471000;18627244444;19127244444;10240;10228
3813;18647478000;18627244444;19127244444;10240;10228
3815;18647498000;18627244444;19127244444;10240;10228
3806;18647606000;18585944444;19085944444;10240;10228
3808;18647812000;18585944444;19085944444;10240;10228
3810;18647825000;18627244444;19127244444;10240;10228
3812;18648016000;18627244444;19127244444;10240;10228
3814;18648231000;18627244444;19127244444;10240;10228
3816;18648241000;18627300000;19127300000;10240;10228
3809;18688127000;18627244444;19127244444;10240;10228
3817;18689075000;18627588888;19127588888;10240;10228
3821;18689087000;18668900000;19168900000;10240;10228
3823;18689111000;18668900000;19168900000;10240;10228
3825;18689130000;18668900000;19168900000;10240;10228
3827;18689150000;18668944444;19168944444;10240;10228
3818;18689272000;18627588888;19127588888;10240;10228
3820;18689482000;18668900000;19168900000;10240;10228
3822;18689492000;18668900000;19168900000;10240;10228
3824;18689692000;18668900000;19168900000;10240;10228
3826;18689884000;18668900000;19168900000;10240;10228
3819;18730061000;18627588888;19127588888;10240;10228
3829;18730808000;18669244444;19169244444;10240;10228
3831;18730822000;18710588888;19210588888;10240;10228
3833;18730827000;18710588888;19210588888;10240;10228
3835;18730841000;18710588888;19210588888;10240;10228
3837;18730853000;18710588888;19210588888;10240;10228
3828;18730924000;18669244444;19169244444;10240;10228
3832;18731166000;18710588888;19210588888;10240;10228
3834;18731176000;18710588888;19210588888;10240;10228
3836;18731379000;18710588888;19210588888;10240;10228
3838;18731389000;18710633333;19210633333;10240;10228
3830;18772286000;18669244444;19169244444;10240;10228
3839;18772409000;18710922222;19210922222;10240;10228
3841;18772431000;18710922222;19210922222;10240;10228
3843;18772443000;18752255555;19252255555;10240;10228
3845;18772464000;18752255555;19252255555;10240;10228
3847;18772479000;18752255555;19252255555;10240;10228
3849;18772483000;18752311111;19252311111;10240;10228
3840;18772642000;18710922222;19210922222;10240;10228
3844;18772846000;18752255555;19252255555;10240;10228
3846;18772857000;18752255555;19252255555;10240;10228
3848;18773066000;18752255555;19252255555;10240;10228
3851;18814124000;18752611111;19252611111;10240;10228
3853;18814150000;18793933333;19293933333;10240;10228
3855;18814163000;18793933333;19293933333;10240;10228
3857;18814177000;18793933333;19293933333;10240;10228
3859;18814198000;18793933333;19293933333;10240;10228
3842;18814295000;18752255555;19252255555;10240;10228
3852;18814487000;18752611111;19252611111;10240;10228
3854;18814500000;18793933333;19293933333;10240;10228
3856;18814689000;18793933333;19293933333;10240;10228
3858;18814893000;18793933333;19293933333;10240;10228
3850;18855666000;18752611111;19252611111;10240;10228
3861;18855722000;18794300000;19294300000;10240;10228
3863;18855754000;18794300000;19294300000;10240;10228
3865;18855761000;18835566666;19335566666;10240;10228
3867;18855780000;18835566666;19335566666;10240;10228
3869;18855789000;18835566666;19335566666;10240;10228
3871;18855794000;18835633333;19335633333;10240;10228
3862;18855927000;18794300000;19294300000;10240;10228
3864;18856124000;18835566666;19335566666;10240;10228
3866;18856348000;18835566666;19335566666;10240;10228
3868;18856360000;18835566666;19335566666;10240;10228
3870;18856546000;18835566666;19335566666;10240;10228
3860;18896820000;18793988888;19293988888;10240;10228
3873;18897380000;18836000000;19336000000;10240;10228
3875;18897396000;18877233333;19377233333;10240;10228
3877;18897400000;18877233333;19377233333;10240;10228
3879;18897413000;18877233333;19377233333;10240;10228
3872;18897574000;18836000000;19336000000;10240;10228
3874;18897781000;18836000000;19336000000;10240;10228
3876;18897807000;18877233333;19377233333;10240;10228
3878;18897981000;18877233333;19377233333;10240;10228
3880;18898184000;18877233333;19377233333;10240;10228
3882;18898195000;18877300000;19377300000;10240;10228
3883;18939090000;18877677777;19377677777;10240;10228
3885;18939104000;18877677777;19377677777;10240;10228
3887;18939109000;18918922222;19418922222;10240;10228
3889;18939130000;18918922222;19418922222;10240;10228
3891;18939138000;18918922222;19418922222;10240;10228
3893;18939145000;18918977777;19418977777;10240;10228
3884;18939308000;18877677777;19377677777;10240;10228
3886;18939503000;18918922222;19418922222;10240;10228
3888;18939516000;18918922222;19418922222;10240;10228
3890;18939706000;18918922222;19418922222;10240;10228
3892;18939912000;18918922222;19418922222;10240;10228
3881;18979832000;18877233333;19377233333;10240;10228
3897;18980801000;18960577777;19460577777;10240;10228
3899;18980815000;18960577777;19460577777;10240;10228
3901;18980820000;18960577777;19460577777;10240;10228
3903;18980841000;18960577777;19460577777;10240;10228
3894;18980945000;18919277777;19419277777;10240;10228
3896;18981168000;18919277777;19419277777;10240;10228
3898;18981179000;18960577777;19460577777;10240;10228
3900;18981369000;18960577777;19460577777;10240;10228
3902;18981560000;18960577777;19460577777;10240;10228
3904;18981572000;18960622222;19460622222;10240;10228
3895;19021531000;18919277777;19419277777;10240;10228
3905;19022419000;18960900000;19460900000;10240;10228
3907;19022429000;18960900000;19460900000;10240;10228
3909;19022436000;19002255555;19502255555;10240;10228
3911;19022460000;19002255555;19502255555;10240;10228
3913;19022468000;19002255555;19502255555;10240;10228
3915;19022478000;19002300000;19502300000;10240;10228
3906;19022651000;18960900000;19460900000;10240;10228
3908;19022857000;19002255555;19502255555;10240;10228
3910;19022883000;19002255555;19502255555;10240;10228
3912;19023070000;19002255555;19502255555;10240;10228
3917;19064064000;19002622222;19502622222;10240;10228
3919;19064108000;19043911111;19543911111;10240;10228
3921;19064184000;19043911111;19543911111;10240;10228
3923;19064196000;19043911111;19543911111;10240;10228
3925;19064210000;19043911111;19543911111;10240;10228
3916;19064305000;19002622222;19502622222;10240;10228
3918;19064482000;19002622222;19502622222;10240;10228
3920;19064493000;19043911111;19543911111;10240;10228
3922;19064696000;19043911111;19543911111;10240;10228
3924;19064886000;19043911111;19543911111;10240;10228
3926;19064897000;19043966666;19543966666;10240;10228
3914;19105577000;19002255555;19502255555;10240;10228
3927;19105755000;19044277777;19544277777;10240;10228
3929;19105765000;19044277777;19544277777;10240;10228
3931;19105773000;19085577777;19585577777;10240;10228
3933;19105793000;19085577777;19585577777;10240;10228
3935;19105802000;19085577777;19585577777;10240;10228
3937;19105820000;19085622222;19585622222;10240;10228
3928;19105939000;19044277777;19544277777;10240;10228
3930;19106167000;19085577777;19585577777;10240;10228
3934;19106194000;19085577777;19585577777;10240;10228
3936;19106374000;19085577777;19585577777;10240;10228
3939;19147414000;19085888888;19585888888;10240;10228
3941;19147442000;19127233333;19627233333;10240;10228
3943;19147448000;19127233333;19627233333;10240;10228
3945;19147480000;19127233333;19627233333;10240;10228
3947;19147486000;19127233333;19627233333;10240;10228
3938;19147607000;19085888888;19585888888;10240;10228
3940;19147807000;19085888888;19585888888;10240;10228
3942;19147820000;19127233333;19627233333;10240;10228
3944;19148008000;19127233333;19627233333;10240;10228
3946;19148223000;19127233333;19627233333;10240;10228
3948;19148234000;19127277777;19627277777;10240;10228
3932;19188651000;19085577777;19585577777;10240;10228
3951;19189156000;19127588888;19627588888;10240;10228
3953;19189179000;19168922222;19668922222;10240;10228
3959;19189193000;19168977777;19668977777;10240;10228
3952;19189337000;19168922222;19668922222;10240;10228
3954;19189544000;19168922222;19668922222;10240;10228
3956;19189556000;19168922222;19668922222;10240;10228
3958;19189755000;19168922222;19668922222;10240;10228
3961;19230801000;19169288888;19669288888;10240;10228
3963;19230814000;19210588888;19710588888;10240;10228
3965;19230819000;19210588888;19710588888;10240;10228
3967;19230841000;19210588888;19710588888;10240;10228
3969;19230862000;19210588888;19710588888;10240;10228
3960;19230972000;19169288888;19669288888;10240;10228
3962;19231160000;19169288888;19669288888;10240;10228
3964;19231372000;19210588888;19710588888;10240;10228
3966;19231384000;19210588888;19710588888;10240;10228
3968;19231576000;19210588888;19710588888;10240;10228
3970;19231588000;19210644444;19710644444;10240;10228
3949;19271478000;19127588888;19627588888;10240;10228
3957;19271490000;19168922222;19668922222;10240;10228
3955;19271654000;19168922222;19668922222;10240;10228
3971;19272452000;19210911111;19710911111;10240;10228
3973;19272653000;19210911111;19710911111;10240;10228
3975;19272664000;19252522222;19752522222;10240;10228
3977;19272673000;19252522222;19752522222;10240;10228
3979;19272762000;19252522222;19752522222;10240;10228
3981;19272773000;19252566666;19752566666;10240;10228
3972;19272866000;19210911111;19710911111;10240;10228
3974;19273059000;19252522222;19752522222;10240;10228
3976;19273236000;19252522222;19752522222;10240;10228
3978;19273247000;19252522222;19752522222;10240;10228
3980;19273476000;19252522222;19752522222;10240;10228
3983;19314097000;19252877777;19752877777;10240;10228
3985;19314110000;19293922222;19793922222;10240;10228
3991;19314116000;19293922222;19793922222;10240;10228
3982;19314299000;19252877777;19752877777;10240;10228
3984;19314503000;19252877777;19752877777;10240;10228
3986;19314531000;19293922222;19793922222;10240;10228
3988;19314705000;19293922222;19793922222;10240;10228
3990;19314913000;19293922222;19793922222;10240;10228
3992;19314923000;19293977777;19793977777;10240;10228
3993;19355738000;19294255555;19794255555;10240;10228
3995;19355748000;19294255555;19794255555;10240;10228
3997;19355770000;19335566666;19835566666;10240;10228
3999;19355775000;19335566666;19835566666;10240;10228
4001;19355852000;19335566666;19835566666;10240;10228
4003;19355881000;19335611111;19835611111;10240;10228
3994;19355943000;19294255555;19794255555;10240;10228
3996;19356124000;19335566666;19835566666;10240;10228
3998;19356352000;19335566666;19835566666;10240;10228
4000;19356364000;19335566666;19835566666;10240;10228
4002;19356552000;19335566666;19835566666;10240;10228
3989;19396367000;19293922222;19793922222;10240;10228
3987;19396521000;19293922222;19793922222;10240;10228
4005;19397578000;19335877777;19835877777;10240;10228
4007;19397590000;19377400000;19877400000;10240;10228
4009;19397596000;19377400000;19877400000;10240;10228
4013;19397617000;19377400000;19877400000;10240;10228
4004;19397770000;19335877777;19835877777;10240;10228
4006;19397971000;19335877777;19835877777;10240;10228
4008;19397998000;19377400000;19877400000;10240;10228
4010;19398183000;19377400000;19877400000;10240;10228
4012;19398391000;19377400000;19877400000;10240;10228
4014;19398403000;19377444444;19877444444;10240;10228
4015;19439143000;19377766666;19877766666;10240;10228
4017;19439155000;19377766666;19877766666;10240;10228
4019;19439177000;19418933333;19918933333;10240;10228
4016;19439305000;19377766666;19877766666;10240;10228
4018;19439507000;19418933333;19918933333;10240;10228
4020;19439519000;19418933333;19918933333;10240;10228
4022;19439709000;19418933333;19918933333;10240;10228
4024;19439915000;19418933333;19918933333;10240;10228
4011;19479782000;19377400000;19877400000;10240;10228
4027;19480818000;19419311111;19919311111;10240;10228
4029;19480845000;19460588888;19960588888;10240;10228
4031;19480850000;19460588888;19960588888;10240;10228
4033;19480881000;19460588888;19960588888;10240;10228
4035;19480888000;19460588888;19960588888;10240;10228
4026;19480987000;19419311111;19919311111;10240;10228
4028;19481181000;19419311111;19919311111;10240;10228
4030;19481194000;19460588888;19960588888;10240;10228
4032;19481385000;19460588888;19960588888;10240;10228
4034;19481583000;19460588888;19960588888;10240;10228
4036;19481592000;19460644444;19960644444;10240;10228
4023;19521536000;19418933333;19918933333;10240;10228
4021;19521710000;19418933333;19918933333;10240;10228
4025;19521910000;19418977777;19918977777;10240;10228
4037;19522492000;19460933333;19960933333;10240;10228
4039;19522503000;19460933333;19960933333;10240;10228
4041;19522516000;19502311111;20002311111;10240;10228
4043;19522535000;19502311111;20002311111;10240;10228
4045;19522542000;19502311111;20002311111;10240;10228
4047;19522560000;19502366666;20002366666;10240;10228
4038;19522689000;19460933333;19960933333;10240;10228
4040;19522889000;19502311111;20002311111;10240;10228
4042;19522917000;19502311111;20002311111;10240;10228
4044;19523068000;19502311111;20002311111;10240;10228
4046;19523308000;19502311111;20002311111;10240;10228
4049;19564116000;19502666666;20002666666;10240;10228
4051;19564130000;19543922222;20043922222;10240;10228
4053;19564135000;19543922222;20043922222;10240;10228
4055;19564156000;19543922222;20043922222;10240;10228
4057;19564163000;19543922222;20043922222;10240;10228
4048;19564284000;19502666666;20002666666;10240;10228
4050;19564491000;19502666666;20002666666;10240;10228
4052;19564516000;19543922222;20043922222;10240;10228
4054;19564694000;19543922222;20043922222;10240;10228
4058;19564719000;19543977777;20043977777;10240;10228
4059;19605813000;19544277777;20044277777;10240;10228
4061;19605825000;19544277777;20044277777;10240;10228
4063;19605837000;19585600000;20085600000;10240;10228
4065;19605843000;19585600000;20085600000;10240;10228
4069;19605874000;19585655555;20085655555;10240;10228
4060;19605970000;19544277777;20044277777;10240;10228
4062;19606215000;19585600000;20085600000;10240;10228
4064;19606227000;19585600000;20085600000;10240;10228
4066;19606379000;19585600000;20085600000;10240;10228
4068;19606572000;19585600000;20085600000;10240;10228
4056;19647167000;19543922222;20043922222;10240;10228
4071;19647414000;19585922222;20085922222;10240;10228
4073;19647429000;19627233333;20127233333;10240;10228
4075;19647435000;19627233333;20127233333;10240;10228
4077;19647447000;19627233333;20127233333;10240;10228
4079;19647467000;19627233333;20127233333;10240;10228
4070;19647589000;19585922222;20085922222;10240;10228
4074;19647793000;19627233333;20127233333;10240;10228
4076;19647821000;19627233333;20127233333;10240;10228
4078;19648000000;19627233333;20127233333;10240;10228
4080;19648011000;19627277777;20127277777;10240;10228
4067;19688213000;19585600000;20085600000;10240;10228
4072;19689089000;19585922222;20085922222;10240;10228
4081;19689117000;19627577777;20127577777;10240;10228
4083;19689135000;19627577777;20127577777;10240;10228
4085;19689152000;19668922222;20168922222;10240;10228
4087;19689174000;19668922222;20168922222;10240;10228
4089;19689189000;19668922222;20168922222;10240;10228
4091;19689211000;19668977777;20168977777;10240;10228
4082;19689315000;19627577777;20127577777;10240;10228
4084;19689506000;19668922222;20168922222;10240;10228
4086;19689741000;19668922222;20168922222;10240;10228
4088;19689766000;19668922222;20168922222;10240;10228
4090;19689924000;19668922222;20168922222;10240;10228
4093;19730868000;19669277777;20169277777;10240;10228
4095;19730902000;19710722222;20210722222;10240;10228
4097;19730931000;19710722222;20210722222;10240;10228
4099;19730952000;19710722222;20210722222;10240;10228
4101;19730970000;19710722222;20210722222;10240;10228
4092;19731069000;19669277777;20169277777;10240;10228
4094;19731298000;19669277777;20169277777;10240;10228
4096;19731326000;19710722222;20210722222;10240;10228
4100;19731497000;19710722222;20210722222;10240;10228
4102;19731508000;19710777777;20210777777;10240;10228
4103;19772371000;19711055555;20211055555;10240;10228
4105;19772392000;19711055555;20211055555;10240;10228
4107;19772446000;19752277777;20252277777;10240;10228
4109;19772484000;19752277777;20252277777;10240;10228
4111;19772504000;19752277777;20252277777;10240;10228
4113;19772521000;19752322222;20252322222;10240;10228
4104;19772616000;19711055555;20211055555;10240;10228
4106;19772783000;19752277777;20252277777;10240;10228
4108;19773035000;19752277777;20252277777;10240;10228
4110;19773056000;19752277777;20252277777;10240;10228
4112;19773236000;19752277777;20252277777;10240;10228
4117;19814129000;19793988888;20293988888;10240;10228
4119;19814144000;19793988888;20293988888;10240;10228
4121;19814173000;19793988888;20293988888;10240;10228
4123;19814191000;19793988888;20293988888;10240;10228
4114;19814314000;19752644444;20252644444;10240;10228
4116;19814511000;19752644444;20252644444;10240;10228
4118;19814710000;19793988888;20293988888;10240;10228
4120;19814723000;19793988888;20293988888;10240;10228
4122;19814914000;19793988888;20293988888;10240;10228
4124;19814926000;19794033333;20294033333;10240;10228
4125;19855755000;19794388888;20294388888;10240;10228
4127;19855769000;19794388888;20294388888;10240;10228
4129;19855792000;19835566666;20335566666;10240;10228
4131;19855811000;19835566666;20335566666;10240;10228
4133;19855830000;19835566666;20335566666;10240;10228
4135;19855848000;19835611111;20335611111;10240;10228
4126;19855937000;19794388888;20294388888;10240;10228
4128;19856130000;19835566666;20335566666;10240;10228
4130;19856136000;19835566666;20335566666;10240;10228
4132;19856345000;19835566666;20335566666;10240;10228
4134;19856505000;19835566666;20335566666;10240;10228
4115;19896461000;19752644444;20252644444;10240;10228
4137;19897462000;19835900000;20335900000;10240;10228
4139;19897501000;19877277777;20377277777;10240;10228
4141;19897533000;19877277777;20377277777;10240;10228
4145;19897562000;19877277777;20377277777;10240;10228
4136;19897658000;19835900000;20335900000;10240;10228
4138;19897819000;19835900000;20335900000;10240;10228
4140;19898020000;19877277777;20377277777;10240;10228
4149;19939132000;19877611111;20377611111;10240;10228
4151;19939174000;19918922222;20418922222;10240;10228
4153;19939203000;19918922222;20418922222;10240;10228
4155;19939225000;19918922222;20418922222;10240;10228
4157;19939253000;19918977777;20418977777;10240;10228
4148;19939285000;19877611111;20377611111;10240;10228
4156;19939509000;19918922222;20418922222;10240;10228
4143;19979920000;19877277777;20377277777;10240;10228
4159;19980746000;19919277777;20419277777;10240;10228
4161;19980770000;19960588888;20460588888;10240;10228
4162;19980798000;19960588888;20460588888;10240;10228
4163;19980818000;19960588888;20460588888;10240;10228
4165;19980836000;19960588888;20460588888;10240;10228
4166;19980854000;19960588888;20460588888;10240;10228
4167;19980874000;19960588888;20460588888;10240;10228
4168;19980891000;19960644444;20460644444;10240;10228
4158;19980935000;19919277777;20419277777;10240;10228
4160;19981136000;19919277777;20419277777;10240;10228
4142;20020562000;19877277777;20377277777;10240;10228
4146;20021606000;19877322222;20377322222;10240;10228
4169;20022369000;19960922222;20460922222;10240;10228
4171;20022398000;19960922222;20460922222;10240;10228
4173;20022418000;20002244444;20502244444;10240;10228
4175;20022437000;20002244444;20502244444;10240;10228
4150;20022456000;19918922222;20418922222;10240;10228
4176;20022496000;20002244444;20502244444;10240;10228
4177;20022526000;20002244444;20502244444;10240;10228
4178;20022558000;20002244444;20502244444;10240;10228
4179;20022595000;20002288888;20502288888;10240;10228
4152;20022615000;19918922222;20418922222;10240;10228
4154;20022780000;19918922222;20418922222;10240;10228
4170;20022822000;19960922222;20460922222;10240;10228
4172;20022968000;20002244444;20502244444;10240;10228
4174;20022983000;20002244444;20502244444;10240;10228
4164;20063526000;19960588888;20460588888;10240;10228
4181;20064074000;20002633333;20502633333;10240;10228
4183;20064114000;20043911111;20543911111;10240;10228
4185;20064133000;20043911111;20543911111;10240;10228
4187;20064154000;20043911111;20543911111;10240;10228
4189;20064171000;20043911111;20543911111;10240;10228
4180;20064239000;20002633333;20502633333;10240;10228
4182;20064440000;20002633333;20502633333;10240;10228
4184;20064639000;20043911111;20543911111;10240;10228
4186;20064652000;20043911111;20543911111;10240;10228
4188;20064841000;20043911111;20543911111;10240;10228
4190;20064856000;20043955555;20543955555;10240;10228
4193;20105793000;20044277777;20544277777;10240;10228
4195;20105821000;20085588888;20585588888;10240;10228
4197;20105850000;20085588888;20585588888;10240;10228
4199;20105869000;20085588888;20585588888;10240;10228
4201;20105887000;20085644444;20585644444;10240;10228
4192;20105979000;20044277777;20544277777;10240;10228
4194;20106185000;20085588888;20585588888;10240;10228
4196;20106198000;20085588888;20585588888;10240;10228
4198;20106390000;20085588888;20585588888;10240;10228
4200;20106588000;20085588888;20585588888;10240;10228
4205;20147386000;20127233333;20627233333;10240;10228
4207;20147413000;20127233333;20627233333;10240;10228
4202;20147605000;20085911111;20585911111;10240;10228
4204;20147810000;20085911111;20585911111;10240;10228
4206;20147820000;20127233333;20627233333;10240;10228
4227;21120891000;20210577777;20710577777;10240;10228
4228;21120936000;20210577777;20710577777;10240;10228
4229;21120989000;20210577777;20710577777;10240;10228
4230;21121008000;20210577777;20710577777;10240;10228
4231;21121029000;20210577777;20710577777;10240;10228
4232;21121062000;20210577777;20710577777;10240;10228
4233;21121088000;20210577777;20710577777;10240;10228
4234;21121105000;20210600000;20710600000;10240;10228
4235;21121124000;20210877777;20710877777;10240;10228
4240;21121141000;20252233333;20752233333;10240;10228
4241;21121160000;20252233333;20752233333;10240;10228
4242;21121177000;20252233333;20752233333;10240;10228
4243;21121195000;20252233333;20752233333;10240;10228
4244;21121213000;20252233333;20752233333;10240;10228
4245;21121230000;20252255555;20752255555;10240;10228
4246;21121247000;20252577777;20752577777;10240;10228
4247;21121265000;20252577777;20752577777;10240;10228
4248;21121283000;20252577777;20752577777;10240;10228
4249;21121300000;20293900000;20793900000;10240;10228
4250;21121319000;20293900000;20793900000;10240;10228
4251;21121346000;20293900000;20793900000;10240;10228
4252;21121366000;20293900000;20793900000;10240;10228
4253;21121393000;20293900000;20793900000;10240;10228
4264;21161531000;20335577777;20835577777;10240;10228
4255;21161585000;20293900000;20793900000;10240;10228
4265;21161649000;20335577777;20835577777;10240;10228
4266;21161763000;20335577777;20835577777;10240;10228
4257;21161792000;20294211111;20794211111;10240;10228
4267;21161873000;20335588888;20835588888;10240;10228
4258;21161983000;20294211111;20794211111;10240;10228
4259;21161998000;20294211111;20794211111;10240;10228
4268;21162010000;20335866666;20835866666;10240;10228
4269;21162108000;20335866666;20835866666;10240;10228
4260;21162195000;20335577777;20835577777;10240;10228
4261;21162227000;20335577777;20835577777;10240;10228
4270;21162239000;20335866666;20835866666;10240;10228
4271;21162362000;20377233333;20877233333;10240;10228
4272;21162417000;20377233333;20877233333;10240;10228
4273;21162435000;20377233333;20877233333;10240;10228
4262;21162453000;20335577777;20835577777;10240;10228
4263;21162477000;20335577777;20835577777;10240;10228
4274;21162496000;20377233333;20877233333;10240;10228
4275;21162514000;20377233333;20877233333;10240;10228
4276;21162534000;20377233333;20877233333;10240;10228
4277;21162550000;20377233333;20877233333;10240;10228
4278;21162572000;20377255555;20877255555;10240;10228
4279;21162618000;20377566666;20877566666;10240;10228
4345;23237257000;20627600000;21127600000;10240;10228
4346;23237446000;20627600000;21127600000;10240;10228
4347;23237468000;20627600000;21127600000;10240;10228
4348;23237640000;20668900000;21168900000;10240;10228
4349;23237661000;20668900000;21168900000;10240;10228
4350;23237843000;20668900000;21168900000;10240;10228
4351;23238013000;20668900000;21168900000;10240;10228
4352;23238025000;20668900000;21168900000;10240;10228
4353;23238257000;20668900000;21168900000;10240;10228
4354;23238279000;20668900000;21168900000;10240;10228
4356;23238459000;20669222222;21169222222;10240;10228
4357;23238481000;20669222222;21169222222;10240;10228
4358;23238671000;20669222222;21169222222;10240;10228
4359;23238871000;20710566666;21210566666;10240;10228
4360;23238880000;20710566666;21210566666;10240;10228
4361;23239051000;20710566666;21210566666;10240;10228
4362;23239284000;20710566666;21210566666;10240;10228
4363;23239304000;20710566666;21210566666;10240;10228
4364;23239309000;20710566666;21210566666;10240;10228
4365;23239484000;20710566666;21210566666;10240;10228
4366;23239686000;20710588888;21210588888;10240;10228
4367;23239707000;20710866666;21210866666;10240;10228
4368;23239887000;20710866666;21210866666;10240;10228
4369;23239896000;20710866666;21210866666;10240;10228
4370;23240086000;20752233333;21252233333;10240;10228
4371;23240312000;20752233333;21252233333;10240;10228
4373;23277922000;20752233333;21252233333;10240;10228
4374;23277937000;20752233333;21252233333;10240;10228
4376;23277946000;20752233333;21252233333;10240;10228
4377;23277961000;20752255555;21252255555;10240;10228
4378;23277970000;20752577777;21252577777;10240;10228
4379;23277978000;20752577777;21252577777;10240;10228
4380;23277989000;20752577777;21252577777;10240;10228
4381;23277999000;20793900000;21293900000;10240;10228
4382;23278007000;20793900000;21293900000;10240;10228
4383;23278031000;20793900000;21293900000;10240;10228
4384;23278039000;20793900000;21293900000;10240;10228
4385;23278080000;20793900000;21293900000;10240;10228
4372;23278090000;20752233333;21252233333;10240;10228
4386;23278273000;20793900000;21293900000;10240;10228
4387;23278287000;20793900000;21293900000;10240;10228
4388;23278297000;20793922222;21293922222;10240;10228
4389;23278305000;20794222222;21294222222;10240;10228
4390;23278313000;20794222222;21294222222;10240;10228
4391;23278320000;20794222222;21294222222;10240;10228
4392;23278335000;20835566666;21335566666;10240;10228
4393;23278346000;20835566666;21335566666;10240;10228
4395;23278353000;20835566666;21335566666;10240;10228
4396;23278366000;20835566666;21335566666;10240;10228
4397;23278375000;20835566666;21335566666;10240;10228
4398;23278388000;20835566666;21335566666;10240;10228
4399;23278396000;20835588888;21335588888;10240;10228
4400;23278404000;20835888888;21335888888;10240;10228
4401;23278412000;20835888888;21335888888;10240;10228
4375;23278469000;20752233333;21252233333;10240;10228
4403;23278496000;20877233333;21377233333;10240;10228
4404;23278515000;20877233333;21377233333;10240;10228
4405;23278697000;20877233333;21377233333;10240;10228
4406;23278716000;20877233333;21377233333;10240;10228
4407;23278889000;20877233333;21377233333;10240;10228
4408;23278906000;20877233333;21377233333;10240;10228
4409;23279059000;20877233333;21377233333;10240;10228
4410;23279324000;20877255555;21377255555;10240;10228
4411;23279339000;20877555555;21377555555;10240;10228
4412;23279503000;20877555555;21377555555;10240;10228
4413;23279512000;20877555555;21377555555;10240;10228
4414;23279704000;20918911111;21418911111;10240;10228
4415;23279712000;20918911111;21418911111;10240;10228
4416;23279911000;20918911111;21418911111;10240;10228
4417;23279922000;20918911111;21418911111;10240;10228
4418;23280131000;20918911111;21418911111;10240;10228
4419;23280347000;20918911111;21418911111;10240;10228
4420;23280366000;20918911111;21418911111;10240;10228
4421;23280521000;20918922222;21418922222;10240;10228
4422;23280540000;20919211111;21419211111;10240;10228
4423;23280740000;20919211111;21419211111;10240;10228
4424;23280750000;20919211111;21419211111;10240;10228
4425;23280905000;20960566666;21460566666;10240;10228
4426;23281167000;20960566666;21460566666;10240;10228
4427;23281176000;20960566666;21460566666;10240;10228
4429;23318169000;20960566666;21460566666;10240;10228
4430;23318182000;20960566666;21460566666;10240;10228
4432;23318191000;20960588888;21460588888;10240;10228
4433;23318216000;20960888888;21460888888;10240;10228
4434;23318228000;20960888888;21460888888;10240;10228
4435;23318238000;20960888888;21460888888;10240;10228
4437;23318245000;21002244444;21502244444;10240;10228
4438;23318265000;21002244444;21502244444;10240;10228
4439;23318274000;21002244444;21502244444;10240;10228
4440;23318282000;21002244444;21502244444;10240;10228
4441;23318293000;21002244444;21502244444;10240;10228
4428;23318377000;20960566666;21460566666;10240;10228
4442;23318426000;21002244444;21502244444;10240;10228
4443;23318436000;21002255555;21502255555;10240;10228
4444;23318443000;21002600000;21502600000;10240;10228
4445;23318477000;21002600000;21502600000;10240;10228
4446;23318489000;21002600000;21502600000;10240;10228
4447;23318500000;21043900000;21543900000;10240;10228
4448;23318510000;21043900000;21543900000;10240;10228
4449;23318529000;21043900000;21543900000;10240;10228
4450;23318549000;21043900000;21543900000;10240;10228
4451;23318569000;21043900000;21543900000;10240;10228
4452;23318588000;21043900000;21543900000;10240;10228
4453;23318601000;21043900000;21543900000;10240;10228
4431;23318610000;20960566666;21460566666;10240;10228
4454;23318635000;21043922222;21543922222;10240;10228
4455;23318656000;21044233333;21544233333;10240;10228
4456;23318679000;21044233333;21544233333;10240;10228
4457;23318713000;21044233333;21544233333;10240;10228
4458;23318899000;21085566666;21585566666;10240;10228
4459;23319119000;21085566666;21585566666;10240;10228
4460;23319133000;21085566666;21585566666;10240;10228
4461;23319349000;21085566666;21585566666;10240;10228
4462;23319511000;21085566666;21585566666;10240;10228
4463;23319529000;21085566666;21585566666;10240;10228
4464;23319751000;21085566666;21585566666;10240;10228
4465;23319760000;21085588888;21585588888;10240;10228
4466;23319919000;21085866666;21585866666;10240;10228
4467;23320165000;21085866666;21585866666;10240;10228
4468;23320185000;21085866666;21585866666;10240;10228
4469;23320348000;21127244444;21627244444;10240;10228
4471;23320562000;21127244444;21627244444;10240;10228
4472;23320574000;21127244444;21627244444;10240;10228
4473;23320770000;21127244444;21627244444;10240;10228
4474;23320778000;21127244444;21627244444;10240;10228
4475;23320935000;21127244444;21627244444;10240;10228
4476;23320947000;21127255555;21627255555;10240;10228
4477;23321175000;21127566666;21627566666;10240;10228
4479;23321376000;21127566666;21627566666;10240;10228
4480;23321386000;21168900000;21668900000;10240;10228
4481;23321584000;21168900000;21668900000;10240;10228
4482;23321589000;21168900000;21668900000;10240;10228
4483;23321788000;21168900000;21668900000;10240;10228
4484;23358458000;21168900000;21668900000;10240;10228
4486;23358473000;21168900000;21668900000;10240;10228
4487;23358493000;21168911111;21668911111;10240;10228
4489;23358503000;21169188888;21669188888;10240;10228
4490;23358513000;21169188888;21669188888;10240;10228
4491;23358530000;21210577777;21710577777;10240;10228
4492;23358540000;21210577777;21710577777;10240;10228
4493;23358559000;21210577777;21710577777;10240;10228
4494;23358573000;21210577777;21710577777;10240;10228
4495;23358585000;21210577777;21710577777;10240;10228
4496;23358594000;21210577777;21710577777;10240;10228
4497;23358610000;21210577777;21710577777;10240;10228
4498;23358643000;21210588888;21710588888;10240;10228
4499;23358654000;21210844444;21710844444;10240;10228
4500;23358661000;21210844444;21710844444;10240;10228
4501;23358681000;21210844444;21710844444;10240;10228
4485;23358689000;21168900000;21668900000;10240;10228
4502;23358698000;21252233333;21752233333;10240;10228
4503;23358707000;21252233333;21752233333;10240;10228
4504;23358729000;21252233333;21752233333;10240;10228
4505;23358741000;21252233333;21752233333;10240;10228
4506;23358750000;21252233333;21752233333;10240;10228
4507;23358757000;21252233333;21752233333;10240;10228
4508;23358769000;21252233333;21752233333;10240;10228
4488;23358843000;21169188888;21669188888;10240;10228
4511;23358858000;21252533333;21752533333;10240;10228
4512;23358867000;21252533333;21752533333;10240;10228
4513;23358932000;21293900000;21793900000;10240;10228
4514;23359303000;21293900000;21793900000;10240;10228
4515;23359495000;21293900000;21793900000;10240;10228
4516;23359721000;21293900000;21793900000;10240;10228
4517;23359726000;21293900000;21793900000;10240;10228
4518;23360154000;21293900000;21793900000;10240;10228
4519;23360164000;21293900000;21793900000;10240;10228
4520;23360179000;21293922222;21793922222;10240;10228
4521;23360354000;21294200000;21794200000;10240;10228
4522;23360544000;21294200000;21794200000;10240;10228
4523;23360552000;21294200000;21794200000;10240;10228
4524;23360752000;21335566666;21835566666;10240;10228
4525;23360958000;21335566666;21835566666;10240;10228
4526;23360978000;21335566666;21835566666;10240;10228
4527;23361180000;21335566666;21835566666;10240;10228
4528;23361366000;21335566666;21835566666;10240;10228
4529;23361373000;21335566666;21835566666;10240;10228
4530;23361566000;21335566666;21835566666;10240;10228
4531;23361572000;21335588888;21835588888;10240;10228
4532;23361776000;21335833333;21835833333;10240;10228
4533;23361782000;21335833333;21835833333;10240;10228
4534;23361970000;21335833333;21835833333;10240;10228
4536;23362184000;21377233333;21877233333;10240;10228
4537;23362191000;21377233333;21877233333;10240;10228
4538;23362384000;21377233333;21877233333;10240;10228
4539;23362389000;21377233333;21877233333;10240;10228
4540;23398736000;21377233333;21877233333;10240;10228
4541;23398754000;21377233333;21877233333;10240;10228
4543;23398763000;21377533333;21877533333;10240;10228
4544;23398777000;21377533333;21877533333;10240;10228
4546;23398784000;21418900000;21918900000;10240;10228
4547;23398820000;21418900000;21918900000;10240;10228
4548;23398829000;21418900000;21918900000;10240;10228
4549;23398838000;21418900000;21918900000;10240;10228
4550;23398863000;21418900000;21918900000;10240;10228
4551;23398874000;21418900000;21918900000;10240;10228
4552;23398882000;21418900000;21918900000;10240;10228
4553;23398899000;21418922222;21918922222;10240;10228
4542;23398909000;21377255555;21877255555;10240;10228
4554;23398917000;21419200000;21919200000;10240;10228
4555;23398934000;21419200000;21919200000;10240;10228
4556;23398950000;21419200000;21919200000;10240;10228
4557;23398960000;21460566666;21960566666;10240;10228
4558;23398967000;21460566666;21960566666;10240;10228
4560;23398984000;21460566666;21960566666;10240;10228
4561;23398996000;21460566666;21960566666;10240;10228
4562;23399010000;21460566666;21960566666;10240;10228
4564;23399028000;21460588888;21960588888;10240;10228
4545;23399059000;21377533333;21877533333;10240;10228
4565;23399076000;21460866666;21960866666;10240;10228
4566;23399085000;21460866666;21960866666;10240;10228
4567;23399093000;21460866666;21960866666;10240;10228
4568;23399097000;21502233333;22002233333;10240;10228
4570;23399687000;21502233333;22002233333;10240;10228
4571;23399898000;21502233333;22002233333;10240;10228
4572;23400083000;21502233333;22002233333;10240;10228
4573;23400326000;21502233333;22002233333;10240;10228
4574;23400562000;21502233333;22002233333;10240;10228
4575;23400780000;21502255555;22002255555;10240;10228
4576;23400792000;21502566666;22002566666;10240;10228
4577;23400946000;21502566666;22002566666;10240;10228
4578;23401182000;21502566666;22002566666;10240;10228
4579;23401196000;21543900000;22043900000;10240;10228
4580;23401357000;21543900000;22043900000;10240;10228
4581;23401371000;21543900000;22043900000;10240;10228
4582;23401543000;21543900000;22043900000;10240;10228
4583;23401792000;21543900000;22043900000;10240;10228
4584;23401803000;21543900000;22043900000;10240;10228
4585;23401945000;21543900000;22043900000;10240;10228
4586;23401952000;21543922222;22043922222;10240;10228
4587;23402195000;21544200000;22044200000;10240;10228
4588;23402212000;21544200000;22044200000;10240;10228
4589;23402388000;21544200000;22044200000;10240;10228
4590;23402574000;21585577777;22085577777;10240;10228
4591;23402594000;21585577777;22085577777;10240;10228
4592;23402759000;21585577777;22085577777;10240;10228
4593;23402947000;21585577777;22085577777;10240;10228
4594;23402954000;21585577777;22085577777;10240;10228
4595;23403200000;21585577777;22085577777;10240;10228
4596;23439020000;21585577777;22085577777;10240;10228
4598;23439034000;21585833333;22085833333;10240;10228
4600;23439065000;21585833333;22085833333;10240;10228
4601;23439075000;21627233333;22127233333;10240;10228
4603;23439139000;21627233333;22127233333;10240;10228
4604;23439149000;21627233333;22127233333;10240;10228
4605;23439158000;21627233333;22127233333;10240;10228
4606;23439183000;21627233333;22127233333;10240;10228
4607;23439233000;21627233333;22127233333;10240;10228
4608;23439243000;21627255555;22127255555;10240;10228
4609;23439288000;21627544444;22127544444;10240;10228
4610;23439341000;21627544444;22127544444;10240;10228
4611;23439351000;21627544444;22127544444;10240;10228
4612;23439359000;21668900000;22168900000;10240;10228
4614;23439371000;21668900000;22168900000;10240;10228
4615;23439398000;21668900000;22168900000;10240;10228
4616;23439407000;21668900000;22168900000;10240;10228
4617;23439415000;21668900000;22168900000;10240;10228
4618;23439431000;21668900000;22168900000;10240;10228
4619;23439447000;21668922222;22168922222;10240;10228
4620;23439456000;21669200000;22169200000;10240;10228
4621;23439468000;21669200000;22169200000;10240;10228
4622;23439486000;21669200000;22169200000;10240;10228
4623;23439494000;21710566666;22210566666;10240;10228
4624;23439509000;21710566666;22210566666;10240;10228
4626;23440041000;21710566666;22210566666;10240;10228
4625;23440235000;21710566666;22210566666;10240;10228
4627;23440452000;21710566666;22210566666;10240;10228
4628;23440654000;21710566666;22210566666;10240;10228
4629;23440888000;21710566666;22210566666;10240;10228
4630;23440896000;21710588888;22210588888;10240;10228
4631;23441170000;21710855555;22210855555;10240;10228
4637;23441821000;21752233333;22252233333;10240;10228
4638;23441958000;21752233333;22252233333;10240;10228
4639;23442209000;21752233333;22252233333;10240;10228
4640;23442406000;21752233333;22252233333;10240;10228
4641;23442413000;21752255555;22252255555;10240;10228
4642;23442631000;21752555555;22252555555;10240;10228
4643;23442648000;21752555555;22252555555;10240;10228
4644;23442800000;21752555555;22252555555;10240;10228
4645;23442964000;21793911111;22293911111;10240;10228
4646;23442973000;21793911111;22293911111;10240;10228
4647;23443177000;21793911111;22293911111;10240;10228
4648;23443384000;21793911111;22293911111;10240;10228
4649;23443389000;21793911111;22293911111;10240;10228
4650;23443621000;21793911111;22293911111;10240;10228
4651;23443627000;21793911111;22293911111;10240;10228
4652;23479282000;21793933333;22293933333;10240;10228
4653;23479294000;21794233333;22294233333;10240;10228
4657;23479303000;21835566666;22335566666;10240;10228
4658;23479327000;21835566666;22335566666;10240;10228
4660;23479347000;21835566666;22335566666;10240;10228
4661;23479353000;21835566666;22335566666;10240;10228
4662;23479387000;21835566666;22335566666;10240;10228
4663;23479398000;21835588888;22335588888;10240;10228
4664;23479406000;21835866666;22335866666;10240;10228
4665;23479468000;21835866666;22335866666;10240;10228
4656;23479498000;21835566666;22335566666;10240;10228
4667;23479511000;21877233333;22377233333;10240;10228
4668;23479519000;21877233333;22377233333;10240;10228
4669;23479573000;21877233333;22377233333;10240;10228
4670;23479592000;21877233333;22377233333;10240;10228
4672;23479611000;21877233333;22377233333;10240;10228
4673;23479621000;21877233333;22377233333;10240;10228
4674;23479628000;21877255555;22377255555;10240;10228
4676;23479643000;21877533333;22377533333;10240;10228
4677;23479669000;21877533333;22377533333;10240;10228
4678;23479679000;21918900000;22418900000;10240;10228
4679;23479699000;21918900000;22418900000;10240;10228
4680;23479707000;21918900000;22418900000;10240;10228
4659;23479719000;21835566666;22335566666;10240;10228
4682;23480217000;21918900000;22418900000;10240;10228
4681;23480427000;21918900000;22418900000;10240;10228
4683;23481039000;21918900000;22418900000;10240;10228
4684;23481282000;21918900000;22418900000;10240;10228
4685;23481303000;21918922222;22418922222;10240;10228
4686;23481482000;21919188888;22419188888;10240;10228
4687;23481680000;21919188888;22419188888;10240;10228
4688;23482210000;21919188888;22419188888;10240;10228
4689;23482417000;21960566666;22460566666;10240;10228
4690;23482428000;21960566666;22460566666;10240;10228
4691;23482594000;21960566666;22460566666;10240;10228
4692;23482814000;21960566666;22460566666;10240;10228
4693;23482823000;21960566666;22460566666;10240;10228
4694;23482983000;21960566666;22460566666;10240;10228
4695;23483213000;21960566666;22460566666;10240;10228
4696;23483226000;21960588888;22460588888;10240;10228
4697;23483235000;21960855555;22460855555;10240;10228
4698;23483443000;21960855555;22460855555;10240;10228
4699;23483641000;21960855555;22460855555;10240;10228
4700;23483647000;22002233333;22502233333;10240;10228
4701;23483855000;22002233333;22502233333;10240;10228
4702;23483864000;22002233333;22502233333;10240;10228
4703;23483998000;22002233333;22502233333;10240;10228
4704;23484249000;22002233333;22502233333;10240;10228
4705;23484255000;22002233333;22502233333;10240;10228
4706;23484453000;22002233333;22502233333;10240;10228
4707;23484458000;22002255555;22502255555;10240;10228
4708;23519547000;22002555555;22502555555;10240;10228
4709;23519563000;22002555555;22502555555;10240;10228
4710;23519583000;22002555555;22502555555;10240;10228
4712;23519593000;22043900000;22543900000;10240;10228
4713;23519602000;22043900000;22543900000;10240;10228
4714;23519610000;22043900000;22543900000;10240;10228
4716;23519634000;22043900000;22543900000;10240;10228
4717;23519644000;22043900000;22543900000;10240;10228
4718;23519653000;22043922222;22543922222;10240;10228
4720;23519660000;22044200000;22544200000;10240;10228
4721;23519669000;22044200000;22544200000;10240;10228
4722;23519777000;22085566666;22585566666;10240;10228
4723;23519788000;22085566666;22585566666;10240;10228
4724;23519795000;22085566666;22585566666;10240;10228
4725;23519814000;22085566666;22585566666;10240;10228
4726;23519826000;22085566666;22585566666;10240;10228
4727;23519834000;22085566666;22585566666;10240;10228
4711;23519843000;22043900000;22543900000;10240;10228
4728;23519864000;22085566666;22585566666;10240;10228
4729;23519875000;22085588888;22585588888;10240;10228
4730;23519883000;22085844444;22585844444;10240;10228
4731;23519897000;22085844444;22585844444;10240;10228
4733;23519925000;22127233333;22627233333;10240;10228
4734;23519936000;22127233333;22627233333;10240;10228
4735;23519943000;22127233333;22627233333;10240;10228
4736;23519959000;22127233333;22627233333;10240;10228
4715;23519975000;22043900000;22543900000;10240;10228
4737;23520394000;22127233333;22627233333;10240;10228
4738;23520616000;22127233333;22627233333;10240;10228
4739;23521459000;22127233333;22627233333;10240;10228
4740;23521631000;22127255555;22627255555;10240;10228
4741;23521845000;22127555555;22627555555;10240;10228
4742;23522029000;22127555555;22627555555;10240;10228
4743;23522298000;22127555555;22627555555;10240;10228
4744;23522605000;22168911111;22668911111;10240;10228
4745;23522836000;22168911111;22668911111;10240;10228
4746;23522985000;22168911111;22668911111;10240;10228
4747;23523231000;22168911111;22668911111;10240;10228
4748;23523245000;22168911111;22668911111;10240;10228
4749;23523429000;22168911111;22668911111;10240;10228
4751;23523634000;22168944444;22668944444;10240;10228
4752;23523816000;22169233333;22669233333;10240;10228
4753;23523827000;22169233333;22669233333;10240;10228
4754;23524000000;22169233333;22669233333;10240;10228
4755;23524254000;22210577777;22710577777;10240;10228
4756;23524272000;22210577777;22710577777;10240;10228
4757;23524480000;22210577777;22710577777;10240;10228
4758;23524500000;22210577777;22710577777;10240;10228
4759;23524651000;22210577777;22710577777;10240;10228
4760;23524865000;22210577777;22710577777;10240;10228
4761;23524871000;22210577777;22710577777;10240;10228
4762;23524875000;22210588888;22710588888;10240;10228
4763;23525029000;22210888888;22710888888;10240;10228
4764;23559804000;22210888888;22710888888;10240;10228
4765;23559830000;22210888888;22710888888;10240;10228
4766;23559859000;22252233333;22752233333;10240;10228
4767;23559901000;22252233333;22752233333;10240;10228
4769;23559911000;22252233333;22752233333;10240;10228
4770;23559924000;22252233333;22752233333;10240;10228
4775;23559934000;22252577777;22752577777;10240;10228
4776;23559951000;22252577777;22752577777;10240;10228
4777;23559991000;22293900000;22793900000;10240;10228
4778;23560002000;22293900000;22793900000;10240;10228
4779;23560009000;22293900000;22793900000;10240;10228
4780;23560042000;22293900000;22793900000;10240;10228
4768;23560071000;22252233333;22752233333;10240;10228
4781;23560102000;22293900000;22793900000;10240;10228
4782;23560111000;22293900000;22793900000;10240;10228
4783;23560130000;22293900000;22793900000;10240;10228
4784;23560139000;22293922222;22793922222;10240;10228
4785;23560151000;22294222222;22794222222;10240;10228
4786;23560163000;22294222222;22794222222;10240;10228
4787;23560171000;22294222222;22794222222;10240;10228
4788;23560194000;22335566666;22835566666;10240;10228
4789;23560204000;22335566666;22835566666;10240;10228
4790;23560215000;22335566666;22835566666;10240;10228
4792;23560237000;22335566666;22835566666;10240;10228
4772;23560245000;22252233333;22752233333;10240;10228
4793;23560613000;22335566666;22835566666;10240;10228
4794;23561632000;22335566666;22835566666;10240;10228
4795;23561976000;22335588888;22835588888;10240;10228
4796;23562227000;22335877777;22835877777;10240;10228
4797;23562436000;22335877777;22835877777;10240;10228
4798;23562450000;22335877777;22835877777;10240;10228
4799;23562833000;22377244444;22877244444;10240;10228
4801;23563247000;22377244444;22877244444;10240;10228
4802;23563461000;22377244444;22877244444;10240;10228
4803;23563676000;22377244444;22877244444;10240;10228
4804;23563852000;22377244444;22877244444;10240;10228
4805;23564014000;22377244444;22877244444;10240;10228
4806;23564019000;22377255555;22877255555;10240;10228
4807;23564266000;22377600000;22877600000;10240;10228
4808;23564273000;22377600000;22877600000;10240;10228
4809;23564504000;22377600000;22877600000;10240;10228
4810;23564700000;22418900000;22918900000;10240;10228
4811;23564720000;22418900000;22918900000;10240;10228
4812;23564861000;22418900000;22918900000;10240;10228
4813;23564868000;22418900000;22918900000;10240;10228
4814;23565041000;22418900000;22918900000;10240;10228
4815;23565305000;22418900000;22918900000;10240;10228
4816;23565323000;22418900000;22918900000;10240;10228
4817;23565487000;22418922222;22918922222;10240;10228
4818;23565494000;22419233333;22919233333;10240;10228
4819;23565698000;22419233333;22919233333;10240;10228
4820;23600073000;22419233333;22919233333;10240;10228
4821;23600083000;22460566666;22960566666;10240;10228
4822;23600102000;22460566666;22960566666;10240;10228
4823;23600122000;22460566666;22960566666;10240;10228
4826;23600130000;22460566666;22960566666;10240;10228
4830;23600137000;22460900000;22960900000;10240;10228
4831;23600152000;22460900000;22960900000;10240;10228
4832;23600169000;22502233333;23002233333;10240;10228
4833;23600178000;22502233333;23002233333;10240;10228
4834;23600198000;22502233333;23002233333;10240;10228
4835;23600208000;22502233333;23002233333;10240;10228
4836;23600215000;22502233333;23002233333;10240;10228
4837;23600341000;22502233333;23002233333;10240;10228
4824;23600356000;22460566666;22960566666;10240;10228
4838;23600366000;22502233333;23002233333;10240;10228
4839;23600381000;22502255555;23002255555;10240;10228
4840;23600391000;22502566666;23002566666;10240;10228
4841;23600405000;22502566666;23002566666;10240;10228
4842;23600413000;22502566666;23002566666;10240;10228
4843;23600433000;22543900000;23043900000;10240;10228
4844;23600443000;22543900000;23043900000;10240;10228
4845;23600450000;22543900000;23043900000;10240;10228
4846;23600460000;22543900000;23043900000;10240;10228
4847;23600487000;22543900000;23043900000;10240;10228
4827;23600540000;22460566666;22960566666;10240;10228
4850;23601946000;22543922222;23043922222;10240;10228
4851;23602357000;22544222222;23044222222;10240;10228
4852;23602713000;22544222222;23044222222;10240;10228
4853;23602867000;22544222222;23044222222;10240;10228
4854;23603024000;22585566666;23085566666;10240;10228
4855;23603276000;22585566666;23085566666;10240;10228
4856;23603675000;22585566666;23085566666;10240;10228
4857;23603874000;22585566666;23085566666;10240;10228
4858;23603880000;22585566666;23085566666;10240;10228
4859;23604289000;22585566666;23085566666;10240;10228
4860;23604496000;22585566666;23085566666;10240;10228
4861;23604515000;22585588888;23085588888;10240;10228
4862;23604692000;22585855555;23085855555;10240;10228
4863;23604699000;22585855555;23085855555;10240;10228
4865;23604889000;22627233333;23127233333;10240;10228
4866;23605098000;22627233333;23127233333;10240;10228
4867;23605312000;22627233333;23127233333;10240;10228
4869;23605527000;22627233333;23127233333;10240;10228
4870;23605535000;22627233333;23127233333;10240;10228
4871;23605764000;22627233333;23127233333;10240;10228
4872;23605926000;22627255555;23127255555;10240;10228
4873;23605933000;22627566666;23127566666;10240;10228
4874;23606147000;22627566666;23127566666;10240;10228
4875;23606153000;22627566666;23127566666;10240;10228
4876;23640332000;22668900000;23168900000;10240;10228
4877;23640354000;22668900000;23168900000;10240;10228
4878;23640369000;22668900000;23168900000;10240;10228
4880;23640389000;22668900000;23168900000;10240;10228
4881;23640399000;22668900000;23168900000;10240;10228
4883;23640407000;22668922222;23168922222;10240;10228
4884;23640427000;22669222222;23169222222;10240;10228
4885;23640439000;22669222222;23169222222;10240;10228
4886;23640446000;22669222222;23169222222;10240;10228
4887;23640453000;22710566666;23210566666;10240;10228
4888;23640474000;22710566666;23210566666;10240;10228
4889;23640483000;22710566666;23210566666;10240;10228
4890;23640491000;22710566666;23210566666;10240;10228
4891;23640498000;22710566666;23210566666;10240;10228
4879;23640551000;22668900000;23168900000;10240;10228
4893;23640577000;22710566666;23210566666;10240;10228
4894;23640594000;22710588888;23210588888;10240;10228
4895;23640611000;22710877777;23210877777;10240;10228
4896;23640618000;22710877777;23210877777;10240;10228
4897;23640623000;22710877777;23210877777;10240;10228
4898;23640646000;22752233333;23252233333;10240;10228
4899;23640653000;22752233333;23252233333;10240;10228
4900;23640666000;22752233333;23252233333;10240;10228
4901;23640670000;22752233333;23252233333;10240;10228
4902;23640677000;22752233333;23252233333;10240;10228
4903;23640686000;22752233333;23252233333;10240;10228
4882;23640743000;22668900000;23168900000;10240;10228
4905;23642134000;22752255555;23252255555;10240;10228
4906;23642161000;22752577777;23252577777;10240;10228
4904;23642340000;22752233333;23252233333;10240;10228
4907;23642748000;22752577777;23252577777;10240;10228
4908;23643137000;22752577777;23252577777;10240;10228
4909;23643374000;22793900000;23293900000;10240;10228
4910;23643539000;22793900000;23293900000;10240;10228
4911;23643722000;22793900000;23293900000;10240;10228
4912;23644109000;22793900000;23293900000;10240;10228
4913;23644313000;22793900000;23293900000;10240;10228
4914;23644526000;22793900000;23293900000;10240;10228
4915;23644721000;22793900000;23293900000;10240;10228
4916;23644899000;22793922222;23293922222;10240;10228
4917;23645126000;22794233333;23294233333;10240;10228
4918;23645146000;22794233333;23294233333;10240;10228
4919;23645317000;22794233333;23294233333;10240;10228
4920;23645532000;22835566666;23335566666;10240;10228
4921;23645551000;22835566666;23335566666;10240;10228
4923;23645743000;22835566666;23335566666;10240;10228
4924;23645904000;22835566666;23335566666;10240;10228
4925;23646172000;22835566666;23335566666;10240;10228
4926;23646185000;22835566666;23335566666;10240;10228
4927;23646365000;22835588888;23335588888;10240;10228
4928;23646372000;22835900000;23335900000;10240;10228
4929;23646544000;22835900000;23335900000;10240;10228
4930;23646754000;22835900000;23335900000;10240;10228
4931;23646761000;22877233333;23377233333;10240;10228
4932;23680568000;22877233333;23377233333;10240;10228
4933;23680581000;22877233333;23377233333;10240;10228
4934;23680589000;22877233333;23377233333;10240;10228
4935;23680620000;22877233333;23377233333;10240;10228
4937;23680630000;22877233333;23377233333;10240;10228
4940;23680638000;22877555555;23377555555;10240;10228
4941;23680645000;22877555555;23377555555;10240;10228
4942;23680668000;22918900000;23418900000;10240;10228
4943;23680679000;22918900000;23418900000;10240;10228
4944;23680686000;22918900000;23418900000;10240;10228
4945;23680694000;22918900000;23418900000;10240;10228
4946;23680710000;22918900000;23418900000;10240;10228
4947;23680720000;22918900000;23418900000;10240;10228
4948;23680807000;22918900000;23418900000;10240;10228
4949;23680825000;22918922222;23418922222;10240;10228
4950;23680835000;22919222222;23419222222;10240;10228
4951;23680844000;22919222222;23419222222;10240;10228
4952;23680861000;22919222222;23419222222;10240;10228
4953;23680870000;22960566666;23460566666;10240;10228
4936;23680877000;22877233333;23377233333;10240;10228
4954;23680890000;22960566666;23460566666;10240;10228
4955;23680900000;22960566666;23460566666;10240;10228
4956;23680912000;22960566666;23460566666;10240;10228
4957;23680921000;22960566666;23460566666;10240;10228
4958;23680942000;22960566666;23460566666;10240;10228
4959;23680962000;22960566666;23460566666;10240;10228
4939;23680990000;22877555555;23377555555;10240;10228
4960;23682341000;22960588888;23460588888;10240;10228
4962;23682351000;22960888888;23460888888;10240;10228
4961;23682560000;22960888888;23460888888;10240;10228
4963;23683201000;22960888888;23460888888;10240;10228
4964;23683786000;23002244444;23502244444;10240;10228
4965;23683954000;23002244444;23502244444;10240;10228
4966;23684205000;23002244444;23502244444;10240;10228
4967;23684404000;23002244444;23502244444;10240;10228
4968;23684589000;23002244444;23502244444;10240;10228
4969;23684804000;23002244444;23502244444;10240;10228
4970;23685159000;23002244444;23502244444;10240;10228
4971;23685328000;23002255555;23502255555;10240;10228
4972;23685348000;23002600000;23502600000;10240;10228
4973;23685535000;23002600000;23502600000;10240;10228
4974;23685724000;23002600000;23502600000;10240;10228
4975;23685954000;23043900000;23543900000;10240;10228
4977;23685960000;23043900000;23543900000;10240;10228
4979;23686174000;23043900000;23543900000;10240;10228
4980;23686384000;23043900000;23543900000;10240;10228
4981;23686796000;23043900000;23543900000;10240;10228
4982;23686961000;23043922222;23543922222;10240;10228
4983;23686969000;23044244444;23544244444;10240;10228
4984;23687210000;23044244444;23544244444;10240;10228
4985;23687215000;23044244444;23544244444;10240;10228
4986;23687414000;23085566666;23585566666;10240;10228
4987;23687618000;23085566666;23585566666;10240;10228
4988;23720812000;23085566666;23585566666;10240;10228
4989;23720823000;23085566666;23585566666;10240;10228
4990;23720843000;23085566666;23585566666;10240;10228
4992;23720871000;23085566666;23585566666;10240;10228
4994;23720904000;23085866666;23585866666;10240;10228
4996;23720914000;23085866666;23585866666;10240;10228
4997;23720934000;23127233333;23627233333;10240;10228
4998;23720948000;23127233333;23627233333;10240;10228
4999;23720965000;23127233333;23627233333;10240;10228
5000;23720981000;23127233333;23627233333;10240;10228
5002;23720989000;23127233333;23627233333;10240;10228
5003;23720999000;23127233333;23627233333;10240;10228
4993;23721006000;23085588888;23585588888;10240;10228
5004;23721028000;23127255555;23627255555;10240;10228
5005;23721037000;23127588888;23627588888;10240;10228
5007;23721074000;23127588888;23627588888;10240;10228
5008;23721085000;23168900000;23668900000;10240;10228
5009;23721094000;23168900000;23668900000;10240;10228
5010;23721101000;23168900000;23668900000;10240;10228
5011;23721136000;23168900000;23668900000;10240;10228
5012;23721147000;23168900000;23668900000;10240;10228
5013;23721155000;23168900000;23668900000;10240;10228
5014;23721177000;23168900000;23668900000;10240;10228
5015;23721185000;23168922222;23668922222;10240;10228
4995;23721198000;23085866666;23585866666;10240;10228
5016;23722560000;23169211111;23669211111;10240;10228
5017;23722571000;23169211111;23669211111;10240;10228
5018;23722791000;23169211111;23669211111;10240;10228
5019;23723585000;23210566666;23710566666;10240;10228
5020;23724196000;23210566666;23710566666;10240;10228
5021;23724420000;23210566666;23710566666;10240;10228
5022;23724621000;23210566666;23710566666;10240;10228
5023;23724832000;23210566666;23710566666;10240;10228
5027;23725800000;23210866666;23710866666;10240;10228
5028;23725955000;23210866666;23710866666;10240;10228
5029;23726177000;23210866666;23710866666;10240;10228
5030;23726188000;23252244444;23752244444;10240;10228
5031;23726410000;23252244444;23752244444;10240;10228
5032;23726596000;23252244444;23752244444;10240;10228
5033;23726603000;23252244444;23752244444;10240;10228
5034;23726751000;23252244444;23752244444;10240;10228
5038;23727414000;23252588888;23752588888;10240;10228
5039;23727537000;23252588888;23752588888;10240;10228
5040;23727745000;23252588888;23752588888;10240;10228
5041;23727762000;23293900000;23793900000;10240;10228
5042;23727983000;23293900000;23793900000;10240;10228
5043;23727990000;23293900000;23793900000;10240;10228
5044;23761067000;23293900000;23793900000;10240;10228
5045;23761082000;23293900000;23793900000;10240;10228
5046;23761090000;23293900000;23793900000;10240;10228
5047;23761116000;23293900000;23793900000;10240;10228
5048;23761126000;23293922222;23793922222;10240;10228
5071;23761136000;23377611111;23877611111;10240;10228
5073;23761148000;23377611111;23877611111;10240;10228
5075;23761157000;23419011111;23919011111;10240;10228
5076;23761173000;23419011111;23919011111;10240;10228
5077;23761183000;23419011111;23919011111;10240;10228
5078;23761203000;23419011111;23919011111;10240;10228
5079;23761212000;23419011111;23919011111;10240;10228
5080;23761230000;23419011111;23919011111;10240;10228
5081;23761238000;23419133333;23919133333;10240;10228
5082;23761257000;23419522222;23919522222;10240;10228
5083;23761266000;23419522222;23919522222;10240;10228
5084;23761282000;23419522222;23919522222;10240;10228
5085;23761290000;23460544444;23960544444;10240;10228
5086;23761311000;23460544444;23960544444;10240;10228
5087;23761319000;23460544444;23960544444;10240;10228
5088;23761326000;23460544444;23960544444;10240;10228
5089;23761338000;23460544444;23960544444;10240;10228
5090;23761356000;23460544444;23960544444;10240;10228
5091;23761366000;23460544444;23960544444;10240;10228
5092;23761374000;23460555555;23960555555;10240;10228
5093;23761384000;23460911111;23960911111;10240;10228
5094;23762729000;23460911111;23960911111;10240;10228
5095;23762740000;23460911111;23960911111;10240;10228
5096;23763213000;23502222222;24002222222;10240;10228
5097;23764011000;23502222222;24002222222;10240;10228
5098;23764661000;23502222222;24002222222;10240;10228
5099;23764834000;23502222222;24002222222;10240;10228
5100;23765025000;23502222222;24002222222;10240;10228
5101;23765257000;23502222222;24002222222;10240;10228
5102;23766231000;23502222222;24002222222;10240;10228
5103;23766434000;23502277777;24002277777;10240;10228
5104;23766457000;23502644444;24002644444;10240;10228
5105;23766630000;23502644444;24002644444;10240;10228
5106;23766637000;23502644444;24002644444;10240;10228
5107;23766833000;23543911111;24043911111;10240;10228
5108;23766995000;23543911111;24043911111;10240;10228
5109;23767002000;23543911111;24043911111;10240;10228
5110;23767254000;23543911111;24043911111;10240;10228
5111;23767261000;23543911111;24043911111;10240;10228
5112;23767452000;23543911111;24043911111;10240;10228
5113;23767838000;23543911111;24043911111;10240;10228
5114;23768001000;23543922222;24043922222;10240;10228
5115;23768009000;23544266666;24044266666;10240;10228
5116;23768258000;23544266666;24044266666;10240;10228
5117;23768276000;23544266666;24044266666;10240;10228
5118;23768457000;23585611111;24085611111;10240;10228
5119;23768663000;23585611111;24085611111;10240;10228
5120;23768668000;23585611111;24085611111;10240;10228
5122;23801340000;23585611111;24085611111;10240;10228
5123;23801351000;23585611111;24085611111;10240;10228
5124;23801366000;23585611111;24085611111;10240;10228
5125;23801374000;23585622222;24085622222;10240;10228
5126;23801387000;23585900000;24085900000;10240;10228
5128;23801409000;23585900000;24085900000;10240;10228
5129;23801419000;23627255555;24127255555;10240;10228
5130;23801427000;23627255555;24127255555;10240;10228
5131;23801434000;23627255555;24127255555;10240;10228
5132;23801458000;23627255555;24127255555;10240;10228
5133;23801468000;23627255555;24127255555;10240;10228
5134;23801477000;23627255555;24127255555;10240;10228
5135;23801484000;23627255555;24127255555;10240;10228
5136;23801516000;23627266666;24127266666;10240;10228
5137;23801525000;23627577777;24127577777;10240;10228
5138;23801544000;23627577777;24127577777;10240;10228
5139;23801563000;23627577777;24127577777;10240;10228
5140;23801572000;23668911111;24168911111;10240;10228
5141;23801581000;23668911111;24168911111;10240;10228
5142;23801588000;23668911111;24168911111;10240;10228
5121;23801606000;23585611111;24085611111;10240;10228
5143;23801617000;23668911111;24168911111;10240;10228
5144;23801626000;23668911111;24168911111;10240;10228
5145;23801632000;23668911111;24168911111;10240;10228
5146;23801645000;23668911111;24168911111;10240;10228
5147;23801653000;23668922222;24168922222;10240;10228
5148;23802944000;23669233333;24169233333;10240;10228
5149;23802957000;23669233333;24169233333;10240;10228
5150;23803627000;23669233333;24169233333;10240;10228
5151;23804467000;23710577777;24210577777;10240;10228
5074;23805080000;23419011111;23919011111;10240;10228
5152;23805294000;23710577777;24210577777;10240;10228
5153;23805301000;23710577777;24210577777;10240;10228
5154;23805490000;23710577777;24210577777;10240;10228
5155;23805690000;23710577777;24210577777;10240;10228
5156;23805697000;23710577777;24210577777;10240;10228
5157;23806665000;23710577777;24210577777;10240;10228
5158;23806868000;23710588888;24210588888;10240;10228
5159;23807038000;23710866666;24210866666;10240;10228
5160;23807063000;23710866666;24210866666;10240;10228
5161;23807259000;23710866666;24210866666;10240;10228
5162;23807494000;23752255555;24252255555;10240;10228
5167;23807877000;23752255555;24252255555;10240;10228
5168;23808237000;23752255555;24252255555;10240;10228
5169;23808448000;23752266666;24252266666;10240;10228
5170;23814268000;23752566666;24252566666;10240;10228
5171;23814509000;23752566666;24252566666;10240;10228
5172;23814529000;23752566666;24252566666;10240;10228
5173;23814688000;23793922222;24293922222;10240;10228
5174;23814880000;23793922222;24293922222;10240;10228
5175;23814892000;23793922222;24293922222;10240;10228
5176;23841858000;23793922222;24293922222;10240;10228
5177;23841873000;23793922222;24293922222;10240;10228
5178;23841882000;23793922222;24293922222;10240;10228
5179;23841892000;23793922222;24293922222;10240;10228
5127;23841900000;23585900000;24085900000;10240;10228
5164;23854531000;23752255555;24252255555;10240;10228
5165;23854554000;23752255555;24252255555;10240;10228
5166;23854777000;23752255555;24252255555;10240;10228
5182;23855775000;23794288888;24294288888;10240;10228
5184;23855791000;23835588888;24335588888;10240;10228
5186;23855806000;23835588888;24335588888;10240;10228
5188;23855816000;23835588888;24335588888;10240;10228
5190;23855824000;23835588888;24335588888;10240;10228
5181;23855959000;23794288888;24294288888;10240;10228
5183;23856184000;23794288888;24294288888;10240;10228
5185;23856194000;23835588888;24335588888;10240;10228
5187;23856384000;23835588888;24335588888;10240;10228
5189;23856580000;23835588888;24335588888;10240;10228
5191;23856601000;23835644444;24335644444;10240;10228
5180;23896222000;23793955555;24293955555;10240;10228
5192;23897432000;23835944444;24335944444;10240;10228
5194;23897447000;23835944444;24335944444;10240;10228
5196;23897457000;23877255555;24377255555;10240;10228
5198;23897465000;23877255555;24377255555;10240;10228
5200;23897479000;23877255555;24377255555;10240;10228
5202;23897490000;23877311111;24377311111;10240;10228
5193;23897652000;23835944444;24335944444;10240;10228
5195;23897860000;23877255555;24377255555;10240;10228
5197;23897880000;23877255555;24377255555;10240;10228
5199;23898073000;23877255555;24377255555;10240;10228
5201;23898273000;23877255555;24377255555;10240;10228
5204;23939055000;23877600000;24377600000;10240;10228
5206;23939071000;23918900000;24418900000;10240;10228
5208;23939081000;23918900000;24418900000;10240;10228
5210;23939088000;23918900000;24418900000;10240;10228
5212;23939101000;23918900000;24418900000;10240;10228
5203;23939272000;23877600000;24377600000;10240;10228
5205;23939480000;23877600000;24377600000;10240;10228
5207;23939502000;23918900000;24418900000;10240;10228
5211;23939677000;23918900000;24418900000;10240;10228
5213;23939699000;23918944444;24418944444;10240;10228
5214;23980727000;23919255555;24419255555;10240;10228
5216;23980743000;23919255555;24419255555;10240;10228
5218;23980763000;23960588888;24460588888;10240;10228
5220;23980773000;23960588888;24460588888;10240;10228
5222;23980781000;23960588888;24460588888;10240;10228
5224;23980789000;23960644444;24460644444;10240;10228
5215;23980960000;23919255555;24419255555;10240;10228
5217;23981169000;23960588888;24460588888;10240;10228
5219;23981191000;23960588888;24460588888;10240;10228
5221;23981380000;23960588888;24460588888;10240;10228
5223;23981588000;23960588888;24460588888;10240;10228
5209;24021451000;23918900000;24418900000;10240;10228
5226;24022396000;23960933333;24460933333;10240;10228
5228;24022411000;24002244444;24502244444;10240;10228
5230;24022422000;24002244444;24502244444;10240;10228
5232;24022430000;24002244444;24502244444;10240;10228
5234;24022437000;24002244444;24502244444;10240;10228
5225;24022619000;23960933333;24460933333;10240;10228
5227;24022823000;23960933333;24460933333;10240;10228
5229;24022845000;24002244444;24502244444;10240;10228
5231;24023025000;24002244444;24502244444;10240;10228
5233;24023270000;24002244444;24502244444;10240;10228
5235;24023291000;24002300000;24502300000;10240;10228
5236;24064082000;24002611111;24502611111;10240;10228
5238;24064099000;24002611111;24502611111;10240;10228
5240;24064109000;24043922222;24543922222;10240;10228
5242;24064123000;24043922222;24543922222;10240;10228
5244;24064132000;24043922222;24543922222;10240;10228
5246;24064145000;24043977777;24543977777;10240;10228
5237;24064269000;24002611111;24502611111;10240;10228
5239;24064508000;24043922222;24543922222;10240;10228
5243;24064528000;24043922222;24543922222;10240;10228
5245;24064717000;24043922222;24543922222;10240;10228
5248;24105784000;24044288888;24544288888;10240;10228
5250;24105800000;24085588888;24585588888;10240;10228
5252;24105809000;24085588888;24585588888;10240;10228
5254;24105818000;24085588888;24585588888;10240;10228
5256;24105825000;24085588888;24585588888;10240;10228
5247;24105958000;24044288888;24544288888;10240;10228
5249;24106174000;24044288888;24544288888;10240;10228
5251;24106185000;24085588888;24585588888;10240;10228
5253;24106364000;24085588888;24585588888;10240;10228
5255;24106569000;24085588888;24585588888;10240;10228
5257;24106575000;24085644444;24585644444;10240;10228
5241;24146419000;24043922222;24543922222;10240;10228
5258;24147379000;24085911111;24585911111;10240;10228
5260;24147393000;24085911111;24585911111;10240;10228
5262;24147403000;24127222222;24627222222;10240;10228
5264;24147411000;24127222222;24627222222;10240;10228
5266;24147419000;24127222222;24627222222;10240;10228
5268;24147432000;24127277777;24627277777;10240;10228
5259;24147599000;24085911111;24585911111;10240;10228
5261;24147807000;24127222222;24627222222;10240;10228
5263;24147826000;24127222222;24627222222;10240;10228
5265;24148009000;24127222222;24627222222;10240;10228
5267;24148221000;24127222222;24627222222;10240;10228
5274;24189095000;24168922222;24668922222;10240;10228
5278;24189122000;24168922222;24668922222;10240;10228
5269;24189300000;24127588888;24627588888;10240;10228
5271;24189503000;24127588888;24627588888;10240;10228
5273;24189524000;24168922222;24668922222;10240;10228
5275;24189713000;24168922222;24668922222;10240;10228
5277;24189909000;24168922222;24668922222;10240;10228
5279;24189920000;24168977777;24668977777;10240;10228
5280;24230716000;24169277777;24669277777;10240;10228
5282;24230731000;24169277777;24669277777;10240;10228
5284;24230756000;24210566666;24710566666;10240;10228
5286;24230776000;24210566666;24710566666;10240;10228
5288;24230785000;24210566666;24710566666;10240;10228
5290;24230819000;24210622222;24710622222;10240;10228
5283;24230939000;24210566666;24710566666;10240;10228
5285;24231161000;24210566666;24710566666;10240;10228
5287;24231171000;24210566666;24710566666;10240;10228
5289;24231362000;24210566666;24710566666;10240;10228
5270;24271239000;24127588888;24627588888;10240;10228
5281;24271437000;24169277777;24669277777;10240;10228
5272;24271467000;24168922222;24668922222;10240;10228
5292;24272439000;24210911111;24710911111;10240;10228
5294;24272455000;24252233333;24752233333;10240;10228
5298;24272464000;24252233333;24752233333;10240;10228
5300;24272474000;24252233333;24752233333;10240;10228
5291;24272605000;24210911111;24710911111;10240;10228
5293;24272810000;24210911111;24710911111;10240;10228
5295;24272830000;24252233333;24752233333;10240;10228
5297;24273015000;24252233333;24752233333;10240;10228
5299;24273226000;24252233333;24752233333;10240;10228
5301;24273248000;24252277777;24752277777;10240;10228
5304;24314103000;24252588888;24752588888;10240;10228
5306;24314119000;24293922222;24793922222;10240;10228
5310;24314128000;24293922222;24793922222;10240;10228
5312;24314137000;24293977777;24793977777;10240;10228
5303;24314310000;24252588888;24752588888;10240;10228
5307;24314512000;24293922222;24793922222;10240;10228
5309;24314534000;24293922222;24793922222;10240;10228
5311;24314728000;24293922222;24793922222;10240;10228
5296;24354412000;24252233333;24752233333;10240;10228
5302;24354426000;24252588888;24752588888;10240;10228
5305;24354958000;24293922222;24793922222;10240;10228
5314;24355771000;24294288888;24794288888;10240;10228
5318;24355814000;24335566666;24835566666;10240;10228
5320;24355825000;24335566666;24835566666;10240;10228
5322;24355841000;24335566666;24835566666;10240;10228
5313;24355941000;24294288888;24794288888;10240;10228
5315;24356143000;24294288888;24794288888;10240;10228
5317;24356357000;24335566666;24835566666;10240;10228
5319;24356377000;24335566666;24835566666;10240;10228
5321;24356546000;24335566666;24835566666;10240;10228
5323;24356565000;24335611111;24835611111;10240;10228
5316;24396111000;24335566666;24835566666;10240;10228
5308;24396289000;24293922222;24793922222;10240;10228
5324;24397450000;24335888888;24835888888;10240;10228
5326;24397463000;24335888888;24835888888;10240;10228
5328;24397486000;24377255555;24877255555;10240;10228
5330;24397501000;24377255555;24877255555;10240;10228
5332;24397519000;24377255555;24877255555;10240;10228
5334;24397525000;24377311111;24877311111;10240;10228
5325;24397624000;24335888888;24835888888;10240;10228
5327;24397829000;24377255555;24877255555;10240;10228
5329;24397861000;24377255555;24877255555;10240;10228
5333;24398000000;24377255555;24877255555;10240;10228
5336;24439105000;24377611111;24877611111;10240;10228
5344;24439146000;24418911111;24918911111;10240;10228
5335;24439298000;24377611111;24877611111;10240;10228
5337;24439487000;24377611111;24877611111;10240;10228
5339;24439662000;24418911111;24918911111;10240;10228
5341;24439674000;24418911111;24918911111;10240;10228
5345;24439862000;24418966666;24918966666;10240;10228
5331;24479756000;24377255555;24877255555;10240;10228
5346;24480764000;24419300000;24919300000;10240;10228
5348;24480778000;24419300000;24919300000;10240;10228
5350;24480806000;24460588888;24960588888;10240;10228
5352;24480825000;24460588888;24960588888;10240;10228
5354;24480835000;24460588888;24960588888;10240;10228
5356;24480843000;24460644444;24960644444;10240;10228
5347;24480958000;24419300000;24919300000;10240;10228
5349;24481167000;24460588888;24960588888;10240;10228
5351;24481180000;24460588888;24960588888;10240;10228
5353;24481344000;24460588888;24960588888;10240;10228
5342;24521055000;24418911111;24918911111;10240;10228
5338;24521273000;24418911111;24918911111;10240;10228
5340;24521471000;24418911111;24918911111;10240;10228
5343;24521685000;24418911111;24918911111;10240;10228
5358;24522365000;24460933333;24960933333;10240;10228
5360;24522400000;24502222222;25002222222;10240;10228
5362;24522410000;24502222222;25002222222;10240;10228
5364;24522429000;24502222222;25002222222;10240;10228
5366;24522436000;24502222222;25002222222;10240;10228
5357;24522578000;24460933333;24960933333;10240;10228
5359;24522807000;24460933333;24960933333;10240;10228
5361;24522820000;24502222222;25002222222;10240;10228
5363;24522972000;24502222222;25002222222;10240;10228
5365;24523222000;24502222222;25002222222;10240;10228
5355;24563260000;24460588888;24960588888;10240;10228
5368;24564122000;24502577777;25002577777;10240;10228
5370;24564150000;24502577777;25002577777;10240;10228
5372;24564160000;24543922222;25043922222;10240;10228
5374;24564177000;24543922222;25043922222;10240;10228
5376;24564191000;24543922222;25043922222;10240;10228
5378;24564200000;24543977777;25043977777;10240;10228
5369;24564297000;24502577777;25002577777;10240;10228
5371;24564505000;24543922222;25043922222;10240;10228
5373;24564705000;24543922222;25043922222;10240;10228
5375;24564728000;24543922222;25043922222;10240;10228
5377;24564909000;24543922222;25043922222;10240;10228
5382;24605778000;24585588888;25085588888;10240;10228
5384;24605793000;24585588888;25085588888;10240;10228
5386;24605815000;24585588888;25085588888;10240;10228
5388;24605827000;24585588888;25085588888;10240;10228
5381;24605971000;24544266666;25044266666;10240;10228
5383;24606196000;24585588888;25085588888;10240;10228
5385;24606216000;24585588888;25085588888;10240;10228
5389;24606379000;24585644444;25085644444;10240;10228
5380;24646134000;24544266666;25044266666;10240;10228
5379;24646648000;24544266666;25044266666;10240;10228
5390;24647422000;24585900000;25085900000;10240;10228
5392;24647438000;24585900000;25085900000;10240;10228
5394;24647446000;24627233333;25127233333;10240;10228
5396;24647454000;24627233333;25127233333;10240;10228
5398;24647467000;24627233333;25127233333;10240;10228
5400;24647476000;24627277777;25127277777;10240;10228
5391;24647626000;24585900000;25085900000;10240;10228
5393;24647828000;24627233333;25127233333;10240;10228
5395;24647849000;24627233333;25127233333;10240;10228
5397;24648030000;24627233333;25127233333;10240;10228
5399;24648248000;24627233333;25127233333;10240;10228
5387;24688322000;24585588888;25085588888;10240;10228
5402;24689116000;24627600000;25127600000;10240;10228
5404;24689156000;24668922222;25168922222;10240;10228
5406;24689167000;24668922222;25168922222;10240;10228
5408;24689184000;24668922222;25168922222;10240;10228
5410;24689192000;24668922222;25168922222;10240;10228
5401;24689301000;24627600000;25127600000;10240;10228
5403;24689498000;24627600000;25127600000;10240;10228
5405;24689526000;24668922222;25168922222;10240;10228
5407;24689714000;24668922222;25168922222;10240;10228
5409;24689877000;24668922222;25168922222;10240;10228
5412;24730700000;24669277777;25169277777;10240;10228
5414;24730734000;24669277777;25169277777;10240;10228
5416;24730754000;24710566666;25210566666;10240;10228
5418;24730764000;24710566666;25210566666;10240;10228
5420;24730772000;24710566666;25210566666;10240;10228
5422;24730786000;24710611111;25210611111;10240;10228
5413;24730927000;24669277777;25169277777;10240;10228
5415;24731140000;24710566666;25210566666;10240;10228
5417;24731160000;24710566666;25210566666;10240;10228
5419;24731349000;24710566666;25210566666;10240;10228
5421;24731552000;24710566666;25210566666;10240;10228
5424;24772439000;24710900000;25210900000;10240;10228
5426;24772456000;24752244444;25252244444;10240;10228
5428;24772465000;24752244444;25252244444;10240;10228
5430;24772474000;24752244444;25252244444;10240;10228
5432;24772481000;24752244444;25252244444;10240;10228
5423;24772622000;24710900000;25210900000;10240;10228
5425;24772827000;24710900000;25210900000;10240;10228
5427;24772848000;24752244444;25252244444;10240;10228
5429;24773028000;24752244444;25252244444;10240;10228
5431;24773240000;24752244444;25252244444;10240;10228
5433;24773261000;24752300000;25252300000;10240;10228
5434;24814070000;24752611111;25252611111;10240;10228
5436;24814086000;24752611111;25252611111;10240;10228
5442;24814095000;24793900000;25293900000;10240;10228
5444;24814104000;24793944444;25293944444;10240;10228
5435;24814270000;24752611111;25252611111;10240;10228
5437;24814485000;24793900000;25293900000;10240;10228
5439;24814495000;24793900000;25293900000;10240;10228
5441;24814687000;24793900000;25293900000;10240;10228
5446;24855775000;24794255555;25294255555;10240;10228
5448;24855818000;24835588888;25335588888;10240;10228
5452;24855846000;24835588888;25335588888;10240;10228
5454;24855861000;24835588888;25335588888;10240;10228
5445;24855960000;24794255555;25294255555;10240;10228
5447;24856135000;24794255555;25294255555;10240;10228
5449;24856341000;24835588888;25335588888;10240;10228
5451;24856351000;24835588888;25335588888;10240;10228
5453;24856545000;24835588888;25335588888;10240;10228
5455;24856555000;24835644444;25335644444;10240;10228
5438;24896074000;24793900000;25293900000;10240;10228
5440;24896103000;24793900000;25293900000;10240;10228
5443;24896824000;24793900000;25293900000;10240;10228
5456;24897412000;24835955555;25335955555;10240;10228
5458;24897429000;24835955555;25335955555;10240;10228
5460;24897454000;24877266666;25377266666;10240;10228
5462;24897473000;24877266666;25377266666;10240;10228
5464;24897492000;24877266666;25377266666;10240;10228
5466;24897510000;24877311111;25377311111;10240;10228
5457;24897648000;24835955555;25335955555;10240;10228
5459;24897819000;24877266666;25377266666;10240;10228
5461;24898023000;24877266666;25377266666;10240;10228
5463;24898029000;24877266666;25377266666;10240;10228
5465;24898280000;24877266666;25377266666;10240;10228
5450;24937950000;24835588888;25335588888;10240;10228
5468;24939153000;24877611111;25377611111;10240;10228
5470;24939180000;24918922222;25418922222;10240;10228
5472;24939190000;24918922222;25418922222;10240;10228
5474;24939207000;24918922222;25418922222;10240;10228
5476;24939214000;24918922222;25418922222;10240;10228
5467;24939310000;24877611111;25377611111;10240;10228
5469;24939472000;24877611111;25377611111;10240;10228
5471;24939676000;24918922222;25418922222;10240;10228
5473;24939702000;24918922222;25418922222;10240;10228
5475;24939882000;24918922222;25418922222;10240;10228
5477;24939908000;24918977777;25418977777;10240;10228
5478;24980785000;24919288888;25419288888;10240;10228
5480;24980798000;24919288888;25419288888;10240;10228
5482;24980821000;24960588888;25460588888;10240;10228
5484;24980836000;24960588888;25460588888;10240;10228
5486;24980854000;24960588888;25460588888;10240;10228
5488;24980861000;24960644444;25460644444;10240;10228
5479;24980959000;24919288888;25419288888;10240;10228
5481;24981180000;24960588888;25460588888;10240;10228
5483;24981207000;24960588888;25460588888;10240;10228
5485;24981343000;24960588888;25460588888;10240;10228
5487;24981544000;24960588888;25460588888;10240;10228
5490;25022416000;24960933333;25460933333;10240;10228
5492;25022452000;25002255555;25502255555;10240;10228
5494;25022462000;25002255555;25502255555;10240;10228
5496;25022479000;25002255555;25502255555;10240;10228
5498;25022485000;25002255555;25502255555;10240;10228
5489;25022633000;24960933333;25460933333;10240;10228
5491;25022836000;24960933333;25460933333;10240;10228
5493;25022863000;25002255555;25502255555;10240;10228
5495;25023003000;25002255555;25502255555;10240;10228
5497;25023210000;25002255555;25502255555;10240;10228
5499;25023236000;25002311111;25502311111;10240;10228
