seqnum;now;rtptime;deadline
0;6508152000;6267800000;6767800000
1;6508157000;6267800000;6767800000
2;6508159000;6267800000;6767800000
3;6544899000;6299044444;6799044444
4;6544914000;6299044444;6799044444
5;6544915000;6299044444;6799044444
6;6544917000;6299044444;6799044444
7;6544918000;6299044444;6799044444
8;6544920000;6299044444;6799044444
9;6544922000;6299044444;6799044444
10;6615779000;6299066666;6799066666
11;6615798000;6299422222;6799422222
12;6618318000;6299422222;6799422222
13;6618323000;6299422222;6799422222
14;6657216000;6340711111;6840711111
15;6657222000;6340711111;6840711111
16;6657224000;6340711111;6840711111
17;6657225000;6340711111;6840711111
18;6657226000;6340711111;6840711111
19;6657228000;6340711111;6840711111
20;6657230000;6340711111;6840711111
21;6657449000;6340722222;6840722222
22;6657464000;6341100000;6841100000
23;6657465000;6341100000;6841100000
24;6657467000;6341100000;6841100000
25;6698879000;6382377777;6882377777
26;6698883000;6382377777;6882377777
27;6698884000;6382377777;6882377777
28;6698885000;6382377777;6882377777
29;6698886000;6382377777;6882377777
30;6698887000;6382377777;6882377777
31;6698888000;6382377777;6882377777
32;6749158000;6382388888;6882388888
36;6749176000;6424044444;6924044444
37;6749177000;6424044444;6924044444
38;6749179000;6424044444;6924044444
39;6749180000;6424044444;6924044444
40;6749181000;6424044444;6924044444
41;6749182000;6424044444;6924044444
42;6749184000;6424044444;6924044444
43;6790711000;6424055555;6924055555
83;6790726000;6590711111;7090711111
84;6790727000;6590711111;7090711111
85;6790728000;6590711111;7090711111
86;6790729000;6590711111;7090711111
87;6953810000;6590722222;7090722222
142;7102761000;6799055555;7299055555
186;7158758000;6965755555;7465755555
197;7175495000;7007411111;7507411111
208;7261759000;7049088888;7549088888
230;7340680000;7132411111;7632411111
252;7414610000;7215744444;7715744444
263;7449209000;7257422222;7757422222
274;7482616000;7299077777;7799077777
285;7514859000;7340744444;7840744444
296;7546224000;7382411111;7882411111
297;7546230000;7382688888;7882688888
298;7546231000;7382688888;7882688888
299;7546232000;7382688888;7882688888
300;7576814000;7424033333;7924033333
308;7576926000;7424377777;7924377777
309;7576930000;7424377777;7924377777
310;7576931000;7424377777;7924377777
311;7606946000;7465700000;7965700000
319;7607066000;7466044444;7966044444
320;7607069000;7466044444;7966044444
321;7607070000;7466044444;7966044444
322;7637841000;7507388888;8007388888
330;7637954000;7507722222;8007722222
331;7637957000;7507722222;8007722222
332;7637959000;7507722222;8007722222
333;7669849000;7549033333;8049033333
334;7669853000;7549033333;8049033333
335;7669853000;7549033333;8049033333
336;7669855000;7549033333;8049033333
337;7669856000;7549033333;8049033333
338;7669857000;7549033333;8049033333
339;7669858000;7549033333;8049033333
340;7670058000;7549077777;8049077777
341;7670064000;7549400000;8049400000
342;7670065000;7549400000;8049400000
343;7670066000;7549400000;8049400000
344;7703286000;7590700000;8090700000
345;7703289000;7590700000;8090700000
346;7703290000;7590700000;8090700000
347;7703291000;7590700000;8090700000
348;7703292000;7590700000;8090700000
349;7703293000;7590700000;8090700000
350;7703294000;7590700000;8090700000
351;7703494000;7590744444;8090744444
352;7703509000;7591044444;8091044444
353;7703510000;7591044444;8091044444
354;7703511000;7591044444;8091044444
355;7738257000;7632366666;8132366666
356;7738260000;7632366666;8132366666
357;7738261000;7632366666;8132366666
358;7738263000;7632366666;8132366666
359;7738263000;7632366666;8132366666
360;7738264000;7632366666;8132366666
361;7738266000;7632366666;8132366666
362;7738464000;7632411111;8132411111
363;7738480000;7632688888;8132688888
364;7738481000;7632688888;8132688888
365;7738482000;7632688888;8132688888
366;7774777000;7674033333;8174033333
367;7774780000;7674033333;8174033333
368;7774781000;7674033333;8174033333
369;7774782000;7674033333;8174033333
370;7774783000;7674033333;8174033333
371;7774784000;7674033333;8174033333
372;7774785000;7674033333;8174033333
373;7774985000;7674077777;8174077777
374;7775012000;7674355555;8174355555
375;7775013000;7674355555;8174355555
376;7775014000;7674355555;8174355555
377;7812688000;7715700000;8215700000
378;7812691000;7715700000;8215700000
379;7812692000;7715700000;8215700000
380;7812693000;7715700000;8215700000
381;7812694000;7715700000;8215700000
382;7812695000;7715700000;8215700000
383;7812696000;7715700000;8215700000
384;7812896000;7715744444;8215744444
385;7812911000;7716055555;8216055555
386;7812912000;7716055555;8216055555
387;7812913000;7716055555;8216055555
388;7851767000;7757366666;8257366666
389;7851771000;7757366666;8257366666
390;7851772000;7757366666;8257366666
391;7851773000;7757366666;8257366666
392;7851774000;7757366666;8257366666
393;7851775000;7757366666;8257366666
394;7851776000;7757366666;8257366666
395;7851976000;7757411111;8257411111
396;7851991000;7757700000;8257700000
397;7851992000;7757700000;8257700000
398;7851993000;7757700000;8257700000
399;7891756000;7799033333;8299033333
400;7891760000;7799033333;8299033333
401;7891761000;7799033333;8299033333
402;7891762000;7799033333;8299033333
403;7891763000;7799033333;8299033333
404;7891764000;7799033333;8299033333
405;7891765000;7799033333;8299033333
406;7891964000;7799077777;8299077777
407;7891979000;7799388888;8299388888
408;7891980000;7799388888;8299388888
409;7891981000;7799388888;8299388888
410;7932451000;7840700000;8340700000
411;7932458000;7840700000;8340700000
412;7932460000;7840700000;8340700000
413;7932461000;7840700000;8340700000
414;7932462000;7840700000;8340700000
415;7932464000;7840700000;8340700000
416;7932465000;7840700000;8340700000
417;7932764000;7840744444;8340744444
418;7932788000;7841044444;8341044444
419;7932789000;7841044444;8341044444
420;7932790000;7841044444;8341044444
421;7976667000;7882366666;8382366666
422;7976675000;7882366666;8382366666
423;7976687000;7882366666;8382366666
424;7976688000;7882366666;8382366666
425;7976689000;7882366666;8382366666
426;7976691000;7882366666;8382366666
427;7976692000;7882366666;8382366666
428;7976838000;7882411111;8382411111
429;7976843000;7882700000;8382700000
430;7976845000;7882700000;8382700000
431;7976846000;7882700000;8382700000
432;8014861000;7924033333;8424033333
433;8014870000;7924033333;8424033333
434;8014872000;7924033333;8424033333
435;8014874000;7924033333;8424033333
436;8014876000;7924033333;8424033333
437;8014878000;7924033333;8424033333
438;8014880000;7924033333;8424033333
439;8015025000;7924077777;8424077777
440;8015032000;7924400000;8424400000
441;8015033000;7924400000;8424400000
442;8015034000;7924400000;8424400000
443;8057746000;7965700000;8465700000
444;8057767000;7965700000;8465700000
445;8057775000;7965700000;8465700000
446;8057780000;7965700000;8465700000
447;8057785000;7965700000;8465700000
448;8057790000;7965700000;8465700000
449;8057796000;7965700000;8465700000
450;8057936000;7965744444;8465744444
451;8057943000;7966033333;8466033333
452;8057944000;7966033333;8466033333
453;8057946000;7966033333;8466033333
454;8097958000;8007366666;8507366666
455;8097966000;8007366666;8507366666
456;8097968000;8007366666;8507366666
457;8097971000;8007366666;8507366666
458;8097972000;8007366666;8507366666
459;8097974000;8007366666;8507366666
460;8097984000;8007366666;8507366666
461;8098134000;8007411111;8507411111
462;8098139000;8007688888;8507688888
463;8098141000;8007688888;8507688888
464;8098142000;8007688888;8507688888
465;8139606000;8049044444;8549044444
466;8139612000;8049044444;8549044444
467;8139614000;8049044444;8549044444
468;8139616000;8049044444;8549044444
469;8139618000;8049044444;8549044444
470;8139620000;8049044444;8549044444
471;8139621000;8049044444;8549044444
473;8139849000;8049422222;8549422222
474;8139861000;8049422222;8549422222
475;8139862000;8049422222;8549422222
476;8181214000;8090700000;8590700000
477;8181217000;8090700000;8590700000
478;8181219000;8090700000;8590700000
479;8181220000;8090700000;8590700000
480;8181221000;8090700000;8590700000
481;8181222000;8090700000;8590700000
482;8181223000;8090700000;8590700000
483;8181336000;8090744444;8590744444
484;8181341000;8091055555;8591055555
485;8181342000;8091055555;8591055555
486;8181360000;8091055555;8591055555
487;8222876000;8132366666;8632366666
488;8222880000;8132366666;8632366666
489;8222881000;8132366666;8632366666
490;8222882000;8132366666;8632366666
491;8222883000;8132366666;8632366666
492;8222884000;8132366666;8632366666
493;8222885000;8132366666;8632366666
494;8223008000;8132411111;8632411111
495;8223013000;8132722222;8632722222
496;8223014000;8132722222;8632722222
497;8294516000;8132722222;8632722222
498;8386691000;8174033333;8674033333
506;8386757000;8174355555;8674355555
507;8386768000;8174355555;8674355555
508;8386769000;8174355555;8674355555
509;8426445000;8215700000;8715700000
511;8426448000;8215700000;8715700000
512;8426449000;8215700000;8715700000
513;8426450000;8215700000;8715700000
514;8426451000;8215700000;8715700000
515;8426452000;8215700000;8715700000
516;8426574000;8215733333;8715733333
517;8426579000;8216033333;8716033333
518;8426581000;8216033333;8716033333
519;8426582000;8216033333;8716033333
520;8465226000;8257377777;8757377777
521;8465230000;8257377777;8757377777
522;8465231000;8257377777;8757377777
523;8465232000;8257377777;8757377777
524;8465233000;8257377777;8757377777
525;8465234000;8257377777;8757377777
526;8465235000;8257377777;8757377777
527;8465346000;8257388888;8757388888
528;8465351000;8257677777;8757677777
530;8465352000;8257677777;8757677777
531;8502830000;8299044444;8799044444
532;8502832000;8299044444;8799044444
533;8502833000;8299044444;8799044444
534;8502834000;8299044444;8799044444
535;8502835000;8299044444;8799044444
536;8502836000;8299044444;8799044444
537;8502837000;8299044444;8799044444
538;8502942000;8299055555;8799055555
539;8502947000;8299366666;8799366666
540;8502948000;8299366666;8799366666
541;8502949000;8299366666;8799366666
542;8539096000;8340711111;8840711111
543;8539098000;8340711111;8840711111
544;8539100000;8340711111;8840711111
545;8576989000;8340711111;8840711111
546;8576992000;8340711111;8840711111
547;8576993000;8340711111;8840711111
548;8576994000;8340711111;8840711111
549;8630031000;8340722222;8840722222
550;8630037000;8341022222;8841022222
551;8630038000;8341022222;8841022222
552;8630039000;8341022222;8841022222
553;8671152000;8382377777;8882377777
554;8671155000;8382377777;8882377777
555;8671156000;8382377777;8882377777
556;8671157000;8382377777;8882377777
557;8684427000;8382377777;8882377777
558;8684429000;8382377777;8882377777
559;8695989000;8382377777;8882377777
560;8746373000;8382388888;8882388888
561;8746379000;8382666666;8882666666
562;8746391000;8382666666;8882666666
563;8746392000;8382666666;8882666666
565;8788075000;8424044444;8924044444
566;8788102000;8424044444;8924044444
567;8788103000;8424044444;8924044444
568;8788104000;8424044444;8924044444
569;8788105000;8424044444;8924044444
570;8806417000;8424044444;8924044444
571;8868165000;8424055555;8924055555
572;8868171000;8424333333;8924333333
573;8868172000;8424333333;8924333333
574;8868173000;8424333333;8924333333
575;8909717000;8465711111;8965711111
576;8909721000;8465711111;8965711111
577;8909722000;8465711111;8965711111
578;8909723000;8465711111;8965711111
579;8925258000;8465711111;8965711111
580;8925260000;8465711111;8965711111
581;8978378000;8465711111;8965711111
582;9028762000;8465733333;8965733333
583;9028767000;8466044444;8966044444
584;9028769000;8466044444;8966044444
585;9028770000;8466044444;8966044444
586;9070303000;8507377777;9007377777
587;9070307000;8507377777;9007377777
588;9070308000;8507377777;9007377777
589;9070309000;8507377777;9007377777
590;9070310000;8507377777;9007377777
591;9070310000;8507377777;9007377777
592;9070311000;8507377777;9007377777
593;9135425000;8507388888;9007388888
594;9135445000;8507677777;9007677777
595;9135447000;8507677777;9007677777
596;9139088000;8507677777;9007677777
597;9176891000;8549044444;9049044444
598;9176895000;8549044444;9049044444
599;9176896000;8549044444;9049044444
600;9176897000;8549044444;9049044444
601;9176898000;8549044444;9049044444
602;9176899000;8549044444;9049044444
603;9176900000;8549044444;9049044444
604;9177024000;8549066666;9049066666
605;9219349000;8549366666;9049366666
606;9219381000;8549366666;9049366666
607;9219397000;8549366666;9049366666
608;9311182000;8590711111;9090711111
609;9311185000;8590711111;9090711111
610;9311186000;8590711111;9090711111
611;9311187000;8590711111;9090711111
612;9311189000;8590711111;9090711111
613;9311190000;8590711111;9090711111
614;9311190000;8590711111;9090711111
615;9311282000;8590722222;9090722222
616;9311287000;8591033333;9091033333
617;9311288000;8591033333;9091033333
618;9311290000;8591033333;9091033333
619;9352499000;8632377777;9132377777
620;9352502000;8632377777;9132377777
621;9352503000;8632377777;9132377777
622;9352504000;8632377777;9132377777
623;9352505000;8632377777;9132377777
624;9352506000;8632377777;9132377777
625;9352507000;8632377777;9132377777
626;9430284000;8632388888;9132388888
627;9430290000;8632677777;9132677777
628;9430291000;8632677777;9132677777
629;9430292000;8632677777;9132677777
630;9471857000;8674044444;9174044444
631;9471861000;8674044444;9174044444
632;9471863000;8674044444;9174044444
633;9471864000;8674044444;9174044444
634;9471865000;8674044444;9174044444
635;9471866000;8674044444;9174044444
636;9471868000;8674044444;9174044444
637;9472029000;8674055555;9174055555
638;9472036000;8674322222;9174322222
639;9472037000;8674322222;9174322222
640;9472038000;8674322222;9174322222
641;9513533000;8715711111;9215711111
642;9513540000;8715711111;9215711111
643;9513541000;8715711111;9215711111
644;9513543000;8715711111;9215711111
645;9513544000;8715711111;9215711111
646;9513545000;8715711111;9215711111
647;9513546000;8715711111;9215711111
648;9513784000;8715722222;9215722222
649;9513800000;8716022222;9216022222
650;9513801000;8716022222;9216022222
651;9513802000;8716022222;9216022222
652;9555070000;8757366666;9257366666
653;9555074000;8757366666;9257366666
654;9555075000;8757366666;9257366666
655;9555076000;8757366666;9257366666
656;9555077000;8757366666;9257366666
657;9566577000;8757366666;9257366666
658;9566579000;8757366666;9257366666
659;9617059000;8757377777;9257377777
660;9617075000;8757688888;9257688888
661;9617076000;8757688888;9257688888
662;9617077000;8757688888;9257688888
663;9658585000;8799044444;9299044444
664;9658588000;8799044444;9299044444
665;9658589000;8799044444;9299044444
666;9658590000;8799044444;9299044444
667;9658591000;8799044444;9299044444
668;9658592000;8799044444;9299044444
669;9658593000;8799044444;9299044444
670;9658792000;8799055555;9299055555
671;9658807000;8799344444;9299344444
672;9658808000;8799344444;9299344444
673;9658809000;8799344444;9299344444
674;9700142000;8840711111;9340711111
675;9700146000;8840711111;9340711111
676;9700147000;8840711111;9340711111
677;9700148000;8840711111;9340711111
678;9700149000;8840711111;9340711111
679;9700150000;8840711111;9340711111
680;9700151000;8840711111;9340711111
681;9700350000;8840722222;9340722222
682;9700365000;8841044444;9341044444
683;9700973000;8841044444;9341044444
684;9700976000;8841044444;9341044444
685;9741538000;8882377777;9382377777
686;9741541000;8882377777;9382377777
687;9741542000;8882377777;9382377777
688;9741543000;8882377777;9382377777
689;9741544000;8882377777;9382377777
690;9741545000;8882377777;9382377777
691;9741546000;8882377777;9382377777
692;9741744000;8882388888;9382388888
693;9741759000;8882688888;9382688888
694;9741760000;8882688888;9382688888
695;9741761000;8882688888;9382688888
696;9782643000;8924044444;9424044444
697;9782646000;8924044444;9424044444
698;9782647000;8924044444;9424044444
699;9782648000;8924044444;9424044444
700;9782649000;8924044444;9424044444
701;9782650000;8924044444;9424044444
702;9782651000;8924044444;9424044444
703;9782849000;8924055555;9424055555
704;9807425000;8924366666;9424366666
705;9807431000;8924366666;9424366666
706;9807432000;8924366666;9424366666
707;9899309000;8965711111;9465711111
712;9899312000;8965711111;9465711111
713;9899313000;8965711111;9465711111
714;9899513000;8965722222;9465722222
715;9899528000;8966011111;9466011111
716;9899529000;8966011111;9466011111
717;9899530000;8966011111;9466011111
718;9940616000;9007377777;9507377777
719;9940619000;9007377777;9507377777
720;9940620000;9007377777;9507377777
721;9940633000;9007377777;9507377777
722;9940633000;9007377777;9507377777
723;9940635000;9007377777;9507377777
724;9940636000;9007377777;9507377777
725;9940844000;9007388888;9507388888
726;9940859000;9007666666;9507666666
727;9940860000;9007666666;9507666666
728;9940861000;9007666666;9507666666
729;9981928000;9049044444;9549044444
731;9981930000;9049044444;9549044444
732;9981931000;9049044444;9549044444
733;9981932000;9049044444;9549044444
734;9981933000;9049044444;9549044444
735;9981934000;9049044444;9549044444
736;9982077000;9049055555;9549055555
737;9982079000;9049377777;9549377777
738;9982080000;9049377777;9549377777
739;9982081000;9049377777;9549377777
740;10023085000;9090722222;9590722222
741;10023097000;9090722222;9590722222
742;10023098000;9090722222;9590722222
743;10023100000;9090722222;9590722222
744;10023101000;9090722222;9590722222
745;10023101000;9090722222;9590722222
746;10023102000;9090722222;9590722222
747;10023312000;9090733333;9590733333
748;10023318000;9091088888;9591088888
749;10023320000;9091088888;9591088888
750;10023321000;9091088888;9591088888
751;10063743000;9132388888;9632388888
752;10063746000;9132388888;9632388888
753;10063747000;9132388888;9632388888
754;10063748000;9132388888;9632388888
755;10063749000;9132388888;9632388888
756;10063750000;9132388888;9632388888
757;10063751000;9132388888;9632388888
758;10063950000;9132400000;9632400000
759;10063965000;9132711111;9632711111
760;10063966000;9132711111;9632711111
761;10063968000;9132711111;9632711111
762;10103878000;9174044444;9674044444
763;10103881000;9174044444;9674044444
764;10103882000;9174044444;9674044444
765;10103884000;9174044444;9674044444
766;10103885000;9174044444;9674044444
767;10103886000;9174044444;9674044444
768;10103887000;9174044444;9674044444
769;10104119000;9174055555;9674055555
770;10104135000;9174355555;9674355555
771;10104136000;9174355555;9674355555
772;10104137000;9174355555;9674355555
773;10143432000;9215711111;9715711111
774;10143436000;9215711111;9715711111
775;10143437000;9215711111;9715711111
776;10143438000;9215711111;9715711111
777;10143439000;9215711111;9715711111
778;10143439000;9215711111;9715711111
779;10143440000;9215711111;9715711111
780;10143640000;9215722222;9715722222
781;10143655000;9216066666;9716066666
782;10143657000;9216066666;9716066666
783;10143657000;9216066666;9716066666
784;10182242000;9257377777;9757377777
785;10182245000;9257377777;9757377777
786;10182246000;9257377777;9757377777
787;10182247000;9257377777;9757377777
789;10182271000;9257377777;9757377777
790;10182272000;9257377777;9757377777
791;10182479000;9257400000;9757400000
792;10182495000;9257711111;9757711111
793;10182496000;9257711111;9757711111
794;10182497000;9257711111;9757711111
795;10220573000;9299044444;9799044444
796;10220576000;9299044444;9799044444
797;10220576000;9299044444;9799044444
798;10220577000;9299044444;9799044444
799;10220579000;9299044444;9799044444
800;10220579000;9299044444;9799044444
801;10220580000;9299044444;9799044444
802;10220723000;9299055555;9799055555
803;10220725000;9299366666;9799366666
804;10220726000;9299366666;9799366666
805;10220727000;9299366666;9799366666
806;10258396000;9340711111;9840711111
807;10258398000;9340711111;9840711111
808;10258399000;9340711111;9840711111
809;10258399000;9340711111;9840711111
810;10258401000;9340711111;9840711111
811;10258401000;9340711111;9840711111
812;10258402000;9340711111;9840711111
813;10258549000;9340722222;9840722222
814;10258552000;9341044444;9841044444
815;10258553000;9341044444;9841044444
816;10258554000;9341044444;9841044444
818;10296090000;9382377777;9882377777
819;10296092000;9382377777;9882377777
820;10296093000;9382377777;9882377777
821;10296094000;9382377777;9882377777
822;10296095000;9382377777;9882377777
823;10296096000;9382377777;9882377777
824;10296192000;9382388888;9882388888
825;10296194000;9382677777;9882677777
826;10296195000;9382677777;9882677777
827;10296196000;9382677777;9882677777
828;10333194000;9424011111;9924011111
829;10333198000;9424011111;9924011111
830;10333199000;9424011111;9924011111
831;10333200000;9424011111;9924011111
832;10333209000;9424011111;9924011111
833;10333210000;9424011111;9924011111
834;10333211000;9424011111;9924011111
835;10333355000;9424033333;9924033333
836;10333357000;9424355555;9924355555
837;10333358000;9424355555;9924355555
838;10333359000;9424355555;9924355555
839;10369705000;9465677777;9965677777
840;10369708000;9465677777;9965677777
841;10369710000;9465677777;9965677777
842;10369711000;9465677777;9965677777
843;10369711000;9465677777;9965677777
844;10369712000;9465677777;9965677777
845;10369713000;9465677777;9965677777
846;10369896000;9465688888;9965688888
847;10369912000;9465988888;9965988888
848;10369913000;9465988888;9965988888
849;10369914000;9465988888;9965988888
850;10405139000;9507344444;10007344444
851;10405152000;9507344444;10007344444
852;10405153000;9507344444;10007344444
853;10405155000;9507344444;10007344444
854;10405155000;9507344444;10007344444
855;10405157000;9507344444;10007344444
856;10405158000;9507344444;10007344444
857;10405352000;9507355555;10007355555
858;10405358000;9507633333;10007633333
860;10405361000;9507633333;10007633333
861;10440820000;9549011111;10049011111
862;10440823000;9549011111;10049011111
863;10440824000;9549011111;10049011111
864;10440825000;9549011111;10049011111
865;10440826000;9549011111;10049011111
866;10440827000;9549011111;10049011111
867;10440828000;9549011111;10049011111
868;10440966000;9549022222;10049022222
869;10440968000;9549333333;10049333333
870;10440969000;9549333333;10049333333
871;10449727000;9549333333;10049333333
872;10476744000;9590677777;10090677777
873;10476748000;9590677777;10090677777
874;10476749000;9590677777;10090677777
875;10476750000;9590677777;10090677777
876;10476751000;9590677777;10090677777
877;10476752000;9590677777;10090677777
878;10476753000;9590677777;10090677777
879;10476934000;9590688888;10090688888
880;10476940000;9590977777;10090977777
881;10476942000;9590977777;10090977777
882;10476943000;9590977777;10090977777
883;10513453000;9632344444;10132344444
884;10513457000;9632344444;10132344444
885;10513458000;9632344444;10132344444
886;10513459000;9632344444;10132344444
887;10513460000;9632344444;10132344444
888;10513460000;9632344444;10132344444
889;10513461000;9632344444;10132344444
890;10513633000;9632355555;10132355555
891;10513637000;9632633333;10132633333
892;10513638000;9632633333;10132633333
893;10513639000;9632633333;10132633333
894;10550589000;9674011111;10174011111
895;10550592000;9674011111;10174011111
896;10550594000;9674011111;10174011111
897;10550595000;9674011111;10174011111
898;10550595000;9674011111;10174011111
899;10550597000;9674011111;10174011111
900;10550597000;9674011111;10174011111
901;10550797000;9674022222;10174022222
902;10550812000;9674288888;10174288888
903;10550813000;9674288888;10174288888
904;10550814000;9674288888;10174288888
905;10588606000;9715677777;10215677777
906;10588609000;9715677777;10215677777
907;10588610000;9715677777;10215677777
908;10588611000;9715677777;10215677777
909;10588612000;9715677777;10215677777
910;10588613000;9715677777;10215677777
911;10588614000;9715677777;10215677777
912;10588813000;9715688888;10215688888
913;10588829000;9715977777;10215977777
914;10588830000;9715977777;10215977777
915;10588831000;9715977777;10215977777
916;10626995000;9757344444;10257344444
917;10626999000;9757344444;10257344444
918;10627000000;9757344444;10257344444
919;10627001000;9757344444;10257344444
920;10627002000;9757344444;10257344444
921;10627003000;9757344444;10257344444
922;10627003000;9757344444;10257344444
923;10627208000;9757355555;10257355555
924;10627215000;9757644444;10257644444
925;10627216000;9757644444;10257644444
926;10627217000;9757644444;10257644444
927;10665963000;9799011111;10299011111
928;10665966000;9799011111;10299011111
929;10665967000;9799011111;10299011111
930;10665968000;9799011111;10299011111
931;10665969000;9799011111;10299011111
932;10665970000;9799011111;10299011111
933;10665971000;9799011111;10299011111
934;10666193000;9799022222;10299022222
935;10666208000;9799322222;10299322222
936;10666209000;9799322222;10299322222
937;10666210000;9799322222;10299322222
938;10702722000;9840677777;10340677777
940;10702733000;9840677777;10340677777
941;10702734000;9840677777;10340677777
942;10702735000;9840677777;10340677777
943;10702736000;9840677777;10340677777
944;10702737000;9840677777;10340677777
945;10702973000;9840688888;10340688888
946;10702989000;9840988888;10340988888
947;10702990000;9840988888;10340988888
948;10702991000;9840988888;10340988888
949;10738117000;9882344444;10382344444
950;10738121000;9882344444;10382344444
951;10738122000;9882344444;10382344444
952;10738123000;9882344444;10382344444
953;10738124000;9882344444;10382344444
954;10738125000;9882344444;10382344444
955;10738125000;9882344444;10382344444
956;10738331000;9882355555;10382355555
957;10738347000;9882644444;10382644444
958;10738348000;9882644444;10382644444
959;10738349000;9882644444;10382644444
960;10768635000;9924011111;10424011111
961;10768638000;9924011111;10424011111
962;10768640000;9924011111;10424011111
963;10768641000;9924011111;10424011111
964;10768642000;9924011111;10424011111
965;10768642000;9924011111;10424011111
966;10768643000;9924011111;10424011111
967;10768866000;9924022222;10424022222
968;10768872000;9924322222;10424322222
969;10768873000;9924322222;10424322222
970;10768874000;9924322222;10424322222
971;10794195000;9965677777;10465677777
972;10794198000;9965677777;10465677777
973;10794199000;9965677777;10465677777
974;10794200000;9965677777;10465677777
975;10794202000;9965677777;10465677777
976;10794203000;9965677777;10465677777
977;10794203000;9965677777;10465677777
978;10794449000;9965688888;10465688888
979;10794456000;9965966666;10465966666
980;10794457000;9965966666;10465966666
981;10794458000;9965966666;10465966666
982;10827886000;10007344444;10507344444
983;10827889000;10007344444;10507344444
984;10827890000;10007344444;10507344444
985;10827891000;10007344444;10507344444
986;10827892000;10007344444;10507344444
987;10827893000;10007344444;10507344444
988;10827894000;10007344444;10507344444
989;10828123000;10007355555;10507355555
990;10828129000;10007622222;10507622222
991;10828130000;10007622222;10507622222
992;10828131000;10007622222;10507622222
993;10861467000;10049011111;10549011111
997;10861470000;10049011111;10549011111
998;10861471000;10049011111;10549011111
999;10861472000;10049011111;10549011111
1000;10861672000;10049022222;10549022222
1001;10861687000;10049311111;10549311111
1002;10861689000;10049311111;10549311111
1003;10861690000;10049311111;10549311111
1004;10895923000;10090711111;10590711111
1005;10895926000;10090711111;10590711111
1006;10895927000;10090711111;10590711111
1007;10895928000;10090711111;10590711111
1008;10895929000;10090711111;10590711111
1009;10895930000;10090711111;10590711111
1010;10895931000;10090711111;10590711111
1011;10896147000;10090722222;10590722222
1013;10896163000;10091044444;10591044444
1014;10896164000;10091044444;10591044444
1015;10923390000;10132366666;10632366666
1016;10923393000;10132366666;10632366666
1017;10923394000;10132366666;10632366666
1018;10923395000;10132366666;10632366666
1019;10923396000;10132366666;10632366666
1020;10923397000;10132366666;10632366666
1021;10923398000;10132366666;10632366666
1022;10923540000;10132377777;10632377777
1023;10923542000;10132688888;10632688888
1024;10923543000;10132688888;10632688888
1025;10923544000;10132688888;10632688888
1026;10948788000;10174044444;10674044444
1027;10948791000;10174044444;10674044444
1028;10948792000;10174044444;10674044444
1029;10948793000;10174044444;10674044444
1030;10948794000;10174044444;10674044444
1031;10948795000;10174044444;10674044444
1032;10948796000;10174044444;10674044444
1033;10948995000;10174055555;10674055555
1034;10949011000;10174388888;10674388888
1035;10949012000;10174388888;10674388888
1036;10949013000;10174388888;10674388888
1037;10984920000;10215700000;10715700000
1038;10984923000;10215700000;10715700000
1039;10984924000;10215700000;10715700000
1040;10984925000;10215700000;10715700000
1041;10984926000;10215700000;10715700000
1042;10984927000;10215700000;10715700000
1043;10984928000;10215700000;10715700000
1044;10985143000;10215711111;10715711111
1045;10985159000;10216044444;10716044444
1046;10985168000;10216044444;10716044444
1047;10985169000;10216044444;10716044444
1048;11017394000;10257377777;10757377777
1056;11017506000;10257666666;10757666666
1057;11017509000;10257666666;10757666666
1058;11017511000;10257666666;10757666666
1059;11051474000;10299044444;10799044444
1061;11051478000;10299044444;10799044444
1062;11051479000;10299044444;10799044444
1063;11051480000;10299044444;10799044444
1064;11051481000;10299044444;10799044444
1065;11051482000;10299044444;10799044444
1066;11051681000;10299055555;10799055555
1067;11051696000;10299333333;10799333333
1068;11051697000;10299333333;10799333333
1069;11051698000;10299333333;10799333333
1070;11077373000;10340711111;10840711111
1071;11077376000;10340711111;10840711111
1072;11077377000;10340711111;10840711111
1073;11077378000;10340711111;10840711111
1074;11077379000;10340711111;10840711111
1075;11077380000;10340711111;10840711111
1076;11077381000;10340711111;10840711111
1077;11077580000;10340722222;10840722222
1078;11077596000;10341022222;10841022222
1079;11077597000;10341022222;10841022222
1080;11077598000;10341022222;10841022222
1081;11099391000;10382366666;10882366666
1087;11099393000;10382366666;10882366666
1088;11099536000;10382377777;10882377777
1089;11099538000;10382655555;10882655555
1090;11099539000;10382655555;10882655555
1091;11099540000;10382655555;10882655555
1092;11134223000;10424033333;10924033333
1093;11134225000;10424033333;10924033333
1094;11134226000;10424033333;10924033333
1095;11134227000;10424033333;10924033333
1096;11134228000;10424033333;10924033333
1097;11134229000;10424033333;10924033333
1098;11134230000;10424033333;10924033333
1099;11134377000;10424044444;10924044444
1100;11134380000;10424333333;10924333333
1101;11134380000;10424333333;10924333333
1102;11134381000;10424333333;10924333333
1103;11155787000;10465711111;10965711111
1104;11155791000;10465711111;10965711111
1105;11155792000;10465711111;10965711111
1106;11155793000;10465711111;10965711111
1107;11155794000;10465711111;10965711111
1108;11155794000;10465711111;10965711111
1109;11155795000;10465711111;10965711111
1110;11155995000;10465722222;10965722222
1111;11156010000;10466022222;10966022222
1112;11156012000;10466022222;10966022222
1113;11156013000;10466022222;10966022222
1114;11184957000;10507377777;11007377777
1119;11184960000;10507377777;11007377777
1120;11184961000;10507377777;11007377777
1121;11185162000;10507388888;11007388888
1122;11185177000;10507666666;11007666666
1123;11185178000;10507666666;11007666666
1124;11185179000;10507666666;11007666666
1125;11223756000;10549044444;11049044444
1126;11223758000;10549044444;11049044444
1127;11223759000;10549044444;11049044444
1128;11223760000;10549044444;11049044444
1129;11223761000;10549044444;11049044444
1130;11223762000;10549044444;11049044444
1131;11223763000;10549044444;11049044444
1132;11223911000;10549055555;11049055555
1133;11223913000;10549355555;11049355555
1134;11223914000;10549355555;11049355555
1135;11223915000;10549355555;11049355555
1136;11235572000;10590711111;11090711111
1137;11235574000;10590711111;11090711111
1138;11235575000;10590711111;11090711111
1139;11235576000;10590711111;11090711111
1140;11235577000;10590711111;11090711111
1141;11235578000;10590711111;11090711111
1142;11235579000;10590711111;11090711111
1143;11235693000;10590722222;11090722222
1144;11235695000;10591033333;11091033333
1145;11235696000;10591033333;11091033333
1146;11235697000;10591033333;11091033333
1147;11264830000;10632377777;11132377777
1151;11264833000;10632377777;11132377777
1152;11264834000;10632377777;11132377777
1153;11264835000;10632377777;11132377777
1154;11265035000;10632388888;11132388888
1155;11265057000;10632666666;11132666666
1156;11265058000;10632666666;11132666666
1157;11265059000;10632666666;11132666666
1158;11303850000;10674044444;11174044444
1159;11303853000;10674044444;11174044444
1160;11303854000;10674044444;11174044444
1161;11303855000;10674044444;11174044444
1162;11303856000;10674044444;11174044444
1163;11303857000;10674044444;11174044444
1164;11303858000;10674044444;11174044444
1165;11304065000;10674055555;11174055555
1166;11304089000;10674311111;11174311111
1167;11304091000;10674311111;11174311111
1168;11304092000;10674311111;11174311111
1169;11311762000;10715711111;11215711111
1170;11311764000;10715711111;11215711111
1171;11311765000;10715711111;11215711111
1172;11311766000;10715711111;11215711111
1173;11311768000;10715711111;11215711111
1174;11311769000;10715711111;11215711111
1175;11311770000;10715711111;11215711111
1176;11311918000;10715722222;11215722222
1177;11311920000;10716011111;11216011111
1178;11311921000;10716011111;11216011111
1179;11311922000;10716011111;11216011111
1180;11345118000;10757388888;11257388888
1185;11345121000;10757388888;11257388888
1186;11345122000;10757388888;11257388888
1187;11345329000;10757400000;11257400000
1188;11345344000;10757688888;11257688888
1189;11345346000;10757688888;11257688888
1190;11345347000;10757688888;11257688888
1191;11383772000;10799055555;11299055555
1192;11383775000;10799055555;11299055555
1193;11383776000;10799055555;11299055555
1194;11383777000;10799055555;11299055555
1195;11383778000;10799055555;11299055555
1196;11383779000;10799055555;11299055555
1197;11383780000;10799055555;11299055555
1198;11383957000;10799077777;11299077777
1199;11383962000;10799355555;11299355555
1200;11383963000;10799355555;11299355555
1201;11383964000;10799355555;11299355555
1202;11387393000;10840711111;11340711111
1203;11387397000;10840711111;11340711111
1204;11387398000;10840711111;11340711111
1205;11387398000;10840711111;11340711111
1206;11387399000;10840711111;11340711111
1207;11387401000;10840711111;11340711111
1208;11387401000;10840711111;11340711111
1209;11387607000;10840733333;11340733333
1210;11387614000;10841066666;11341066666
1211;11387615000;10841066666;11341066666
1212;11387616000;10841066666;11341066666
1213;11425194000;10882377777;11382377777
1219;11425197000;10882377777;11382377777
1220;11425396000;10882388888;11382388888
1221;11425402000;10882688888;11382688888
1222;11425403000;10882688888;11382688888
1223;11425404000;10882688888;11382688888
1224;11463648000;10924044444;11424044444
1226;11463652000;10924044444;11424044444
1227;11463653000;10924044444;11424044444
1228;11463654000;10924044444;11424044444
1229;11463655000;10924044444;11424044444
1230;11463656000;10924044444;11424044444
1231;11463863000;10924055555;11424055555
1232;11463879000;10924377777;11424377777
1233;11463880000;10924377777;11424377777
1234;11463881000;10924377777;11424377777
1235;11504609000;10965711111;11465711111
1253;11545314000;11007388888;11507388888
1260;11545317000;11049044444;11549044444
1261;11545318000;11049044444;11549044444
1262;11545319000;11049044444;11549044444
1268;11626099000;11090711111;11590711111
1280;11665518000;11132377777;11632377777
1299;11704894000;11174333333;11674333333
1300;11704898000;11174333333;11674333333
1301;11744146000;11215711111;11715711111
1318;11781070000;11257366666;11757366666
1321;11781187000;11257666666;11757666666
1322;11781190000;11257666666;11757666666
1323;11820072000;11299044444;11799044444
1340;11858990000;11340700000;11840700000
1341;11859207000;11340722222;11840722222
1342;11859222000;11341033333;11841033333
1343;11859223000;11341033333;11841033333
1344;11859224000;11341033333;11841033333
1345;11898069000;11382377777;11882377777
1363;11937257000;11424044444;11924044444
1364;11937273000;11424344444;11924344444
1365;11937275000;11424344444;11924344444
1366;11937276000;11424344444;11924344444
1367;11976343000;11465711111;11965711111
1387;12015612000;11507677777;12007677777
1388;12015615000;11507677777;12007677777
1389;12054896000;11549044444;12049044444
1391;12054899000;11549044444;12049044444
1392;12054900000;11549044444;12049044444
1393;12054901000;11549044444;12049044444
1394;12054902000;11549044444;12049044444
1395;12054903000;11549044444;12049044444
1396;12055212000;11549055555;12049055555
1400;12055227000;11590711111;12090711111
1401;12055229000;11590711111;12090711111
1402;12055230000;11590711111;12090711111
1403;12055230000;11590711111;12090711111
1404;12055232000;11590711111;12090711111
1405;12055233000;11590711111;12090711111
1406;12055234000;11590711111;12090711111
1407;12094375000;11590722222;12090722222
1412;12094390000;11632377777;12132377777
1413;12094391000;11632377777;12132377777
1414;12094393000;11632377777;12132377777
1415;12094394000;11632377777;12132377777
1416;12094395000;11632377777;12132377777
1417;12094395000;11632377777;12132377777
1418;12133712000;11632388888;12132388888
1422;12133716000;11674044444;12174044444
1423;12133717000;11674044444;12174044444
1424;12133719000;11674044444;12174044444
1425;12133719000;11674044444;12174044444
1426;12133720000;11674044444;12174044444
1427;12133721000;11674044444;12174044444
1428;12133722000;11674044444;12174044444
1429;12173212000;11674055555;12174055555
1438;12173227000;11715711111;12215711111
1439;12173229000;11715711111;12215711111
1440;12212572000;11715722222;12215722222
1443;12212587000;11716011111;12216011111
1444;12251636000;11757377777;12257377777
1465;12290810000;11799344444;12299344444
1467;12330006000;11840711111;12340711111
1493;12408660000;11924044444;12424044444
1521;12525228000;12049111111;12549111111
1543;12601746000;12132377777;12632377777
1558;12639114000;12174044444;12674044444
1574;12675371000;12216066666;12716066666
1576;12713245000;12257400000;12757400000
1591;12751104000;12299033333;12799033333
1594;12751306000;12299044444;12799044444
1595;12751321000;12299355555;12799355555
1596;12751322000;12299355555;12799355555
1597;12751323000;12299355555;12799355555
1598;12789075000;12340711111;12840711111
1609;12827030000;12382366666;12882366666
1614;12827050000;12382366666;12882366666
1615;12827052000;12382366666;12882366666
1616;12827200000;12382377777;12882377777
1618;12827203000;12382666666;12882666666
1619;12827205000;12382666666;12882666666
1620;12865235000;12424044444;12924044444
1621;12865239000;12424044444;12924044444
1622;12865240000;12424044444;12924044444
1623;12865241000;12424044444;12924044444
1624;12865242000;12424044444;12924044444
1625;12865243000;12424044444;12924044444
1626;12865244000;12424044444;12924044444
1627;12865443000;12424055555;12924055555
1628;12865458000;12424366666;12924366666
1629;12865459000;12424366666;12924366666
1630;12865460000;12424366666;12924366666
1631;12903496000;12465700000;12965700000
1632;12903500000;12465700000;12965700000
1633;12903501000;12465700000;12965700000
1634;12903502000;12465700000;12965700000
1635;12903503000;12465700000;12965700000
1636;12903504000;12465700000;12965700000
1637;12903504000;12465700000;12965700000
1638;12903721000;12465711111;12965711111
1639;12903736000;12466033333;12966033333
1640;12903737000;12466033333;12966033333
1641;12903738000;12466033333;12966033333
1642;13035034000;12507377777;13007377777
1644;13035037000;12507377777;13007377777
1645;13035038000;12507377777;13007377777
1646;13035039000;12507377777;13007377777
1647;13035040000;12507377777;13007377777
1648;13035041000;12507377777;13007377777
1649;13035249000;12507388888;13007388888
1650;13035264000;12507688888;13007688888
1651;13035265000;12507688888;13007688888
1652;13035266000;12507688888;13007688888
1653;13074897000;12549033333;13049033333
1654;13074901000;12549033333;13049033333
1655;13074902000;12549033333;13049033333
1656;13074903000;12549033333;13049033333
1657;13074904000;12549033333;13049033333
1658;13074905000;12549033333;13049033333
1659;13074906000;12549033333;13049033333
1660;13075104000;12549044444;13049044444
1661;13075119000;12549366666;13049366666
1662;13075120000;12549366666;13049366666
1663;13075121000;12549366666;13049366666
1664;13114462000;12590711111;13090711111
1665;13114466000;12590711111;13090711111
1666;13114467000;12590711111;13090711111
1667;13114468000;12590711111;13090711111
1668;13114468000;12590711111;13090711111
1669;13114470000;12590711111;13090711111
1670;13114471000;12590711111;13090711111
1671;13114669000;12590722222;13090722222
1672;13114684000;12591033333;13091033333
1673;13114686000;12591033333;13091033333
1674;13114686000;12591033333;13091033333
1676;13153016000;12632366666;13132366666
1677;13153019000;12632366666;13132366666
1678;13153030000;12632366666;13132366666
1679;13153031000;12632366666;13132366666
1680;13153033000;12632366666;13132366666
1681;13153052000;12632366666;13132366666
1682;13205713000;12632377777;13132377777
1683;13205729000;12632677777;13132677777
1684;13205730000;12632677777;13132677777
1685;13205731000;12632677777;13132677777
1686;13247240000;12674044444;13174044444
1687;13247244000;12674044444;13174044444
1688;13247245000;12674044444;13174044444
1689;13247245000;12674044444;13174044444
1690;13247246000;12674044444;13174044444
1691;13247247000;12674044444;13174044444
1692;13247248000;12674044444;13174044444
1693;13247448000;12674055555;13174055555
1694;13247463000;12674333333;13174333333
1695;13247464000;12674333333;13174333333
1696;13247465000;12674333333;13174333333
1697;13288868000;12715711111;13215711111
1698;13288871000;12715711111;13215711111
1699;13288872000;12715711111;13215711111
1700;13288873000;12715711111;13215711111
1701;13288874000;12715711111;13215711111
1702;13288875000;12715711111;13215711111
1703;13288876000;12715711111;13215711111
1704;13289013000;12715722222;13215722222
1705;13289016000;12716022222;13216022222
1706;13289017000;12716022222;13216022222
1707;13289018000;12716022222;13216022222
1708;13330362000;12757377777;13257377777
1709;13330365000;12757377777;13257377777
1710;13330365000;12757377777;13257377777
1711;13330366000;12757377777;13257377777
1712;13330367000;12757377777;13257377777
1713;13330368000;12757377777;13257377777
1714;13341802000;12757377777;13257377777
1715;13392193000;12757388888;13257388888
1716;13392197000;12757688888;13257688888
1717;13392199000;12757688888;13257688888
1718;13392199000;12757688888;13257688888
1719;13433782000;12799044444;13299044444
1722;13433785000;12799044444;13299044444
1723;13433787000;12799044444;13299044444
1724;13433788000;12799044444;13299044444
1725;13433788000;12799044444;13299044444
1726;13433987000;12799055555;13299055555
1727;13434002000;12799355555;13299355555
1728;13434003000;12799355555;13299355555
1729;13434004000;12799355555;13299355555
1730;13475284000;12840711111;13340711111
1731;13475288000;12840711111;13340711111
1732;13475289000;12840711111;13340711111
1733;13475299000;12840711111;13340711111
1734;13475300000;12840711111;13340711111
1735;13475301000;12840711111;13340711111
1736;13475302000;12840711111;13340711111
1737;13475438000;12840722222;13340722222
1738;13475440000;12841033333;13341033333
1739;13475441000;12841033333;13341033333
1740;13475442000;12841033333;13341033333
1741;13516666000;12882377777;13382377777
1742;13516669000;12882377777;13382377777
1743;13516670000;12882377777;13382377777
1744;13516671000;12882377777;13382377777
1745;13516672000;12882377777;13382377777
1746;13516673000;12882377777;13382377777
1747;13516674000;12882377777;13382377777
1748;13516817000;12882388888;13382388888
1749;13516819000;12882700000;13382700000
1750;13516820000;12882700000;13382700000
1751;13516821000;12882700000;13382700000
1752;13557735000;12924044444;13424044444
1753;13557738000;12924044444;13424044444
1754;13557739000;12924044444;13424044444
1755;13557740000;12924044444;13424044444
1756;13557741000;12924044444;13424044444
1757;13557742000;12924044444;13424044444
1758;13557743000;12924044444;13424044444
1759;13557885000;12924055555;13424055555
1760;13557887000;12924366666;13424366666
1761;13557888000;12924366666;13424366666
1762;13557889000;12924366666;13424366666
1763;13598419000;12965711111;13465711111
1764;13598421000;12965711111;13465711111
1765;13598422000;12965711111;13465711111
1766;13598423000;12965711111;13465711111
1767;13598424000;12965711111;13465711111
1768;13598425000;12965711111;13465711111
1769;13598426000;12965711111;13465711111
1770;13598568000;12965722222;13465722222
1771;13598571000;12966022222;13466022222
1772;13598571000;12966022222;13466022222
1773;13598572000;12966022222;13466022222
1774;13638639000;13007377777;13507377777
1775;13638642000;13007377777;13507377777
1776;13638643000;13007377777;13507377777
1777;13638644000;13007377777;13507377777
1778;13638645000;13007377777;13507377777
1779;13638646000;13007377777;13507377777
1780;13638647000;13007377777;13507377777
1781;13638789000;13007388888;13507388888
1782;13638791000;13007677777;13507677777
1783;13638799000;13007677777;13507677777
1784;13638800000;13007677777;13507677777
1785;13678293000;13049044444;13549044444
1786;13678296000;13049044444;13549044444
1787;13678297000;13049044444;13549044444
1788;13678298000;13049044444;13549044444
1789;13678299000;13049044444;13549044444
1790;13678300000;13049044444;13549044444
1791;13678301000;13049044444;13549044444
1792;13678500000;13049055555;13549055555
1793;13678515000;13049355555;13549355555
1794;13678516000;13049355555;13549355555
1795;13678517000;13049355555;13549355555
1796;13717604000;13090711111;13590711111
1797;13717607000;13090711111;13590711111
1798;13717608000;13090711111;13590711111
1799;13717609000;13090711111;13590711111
1800;13717610000;13090711111;13590711111
1801;13717611000;13090711111;13590711111
1802;13717612000;13090711111;13590711111
1803;13717811000;13090722222;13590722222
1804;13717826000;13091033333;13591033333
1805;13717827000;13091033333;13591033333
1806;13743460000;13091033333;13591033333
1807;13756172000;13132377777;13632377777
1808;13756175000;13132377777;13632377777
1809;13756176000;13132377777;13632377777
1810;13756177000;13132377777;13632377777
1811;13756178000;13132377777;13632377777
1812;13756179000;13132377777;13632377777
1813;13756180000;13132377777;13632377777
1814;13756350000;13132388888;13632388888
1815;13756354000;13132688888;13632688888
1816;13756355000;13132688888;13632688888
1817;13756356000;13132688888;13632688888
1818;13794500000;13174044444;13674044444
1819;13794503000;13174044444;13674044444
1820;13794505000;13174044444;13674044444
1821;13794506000;13174044444;13674044444
1822;13794517000;13174044444;13674044444
1823;13794518000;13174044444;13674044444
1824;13794520000;13174044444;13674044444
1825;13847923000;13174055555;13674055555
1829;13847929000;13215711111;13715711111
1830;13847930000;13215711111;13715711111
1831;13847931000;13215711111;13715711111
1832;13847932000;13215711111;13715711111
1833;13847933000;13215711111;13715711111
1834;13847934000;13215711111;13715711111
1835;13847935000;13215711111;13715711111
1836;13889532000;13215722222;13715722222
1837;13889547000;13216044444;13716044444
1838;13889548000;13216044444;13716044444
1839;13889549000;13216044444;13716044444
1840;13930986000;13257377777;13757377777
1850;13931105000;13257666666;13757666666
1851;13972268000;13299044444;13799044444
1853;13984672000;13299044444;13799044444
1855;13984675000;13299044444;13799044444
1856;13984680000;13299044444;13799044444
1857;13984683000;13299044444;13799044444
1858;13984861000;13299055555;13799055555
1870;13984866000;13341022222;13841022222
1872;13984868000;13341022222;13841022222
1873;14053649000;13382377777;13882377777
1876;14053653000;13382377777;13882377777
1877;14053654000;13382377777;13882377777
1878;14053655000;13382377777;13882377777
1879;14053656000;13382377777;13882377777
1880;14053855000;13382388888;13882388888
1881;14053870000;13382655555;13882655555
1882;14053871000;13382655555;13882655555
1883;14053872000;13382655555;13882655555
1884;14093148000;13424033333;13924033333
1897;14132061000;13465711111;13965711111
1900;14132065000;13465711111;13965711111
1901;14132066000;13465711111;13965711111
1902;14132242000;13465722222;13965722222
1903;14132247000;13466011111;13966011111
1904;14132248000;13466011111;13966011111
1905;14132249000;13466011111;13966011111
1906;14170077000;13507366666;14007366666
1922;14205909000;13549044444;14049044444
1926;14205986000;13549366666;14049366666
1927;14205988000;13549366666;14049366666
1928;14238403000;13590700000;14090700000
1949;14269920000;13632655555;14132655555
1950;14300750000;13674033333;14174033333
1951;14300754000;13674033333;14174033333
1952;14300754000;13674033333;14174033333
1953;14300756000;13674033333;14174033333
1954;14300756000;13674033333;14174033333
1955;14300757000;13674033333;14174033333
1956;14300758000;13674033333;14174033333
1957;14300958000;13674044444;14174044444
1958;14300974000;13674300000;14174300000
1959;14300975000;13674300000;14174300000
1960;14300976000;13674300000;14174300000
1961;14330676000;13715711111;14215711111
1976;14360642000;13757366666;14257366666
1977;14360653000;13757366666;14257366666
1978;14360654000;13757366666;14257366666
1979;14360730000;13757377777;14257377777
1980;14360733000;13757655555;14257655555
1981;14360734000;13757655555;14257655555
1982;14360735000;13757655555;14257655555
1983;14391671000;13799044444;14299044444
2003;14419156000;13841022222;14341022222
2004;14419160000;13841022222;14341022222
2005;14441693000;13882377777;14382377777
2006;14441697000;13882377777;14382377777
2007;14441698000;13882377777;14382377777
2008;14441708000;13882377777;14382377777
2009;14441709000;13882377777;14382377777
2010;14441710000;13882377777;14382377777
2011;14441711000;13882377777;14382377777
2012;14441849000;13882388888;14382388888
2013;14441852000;13882677777;14382677777
2014;14441853000;13882677777;14382677777
2015;14441854000;13882677777;14382677777
2016;14468377000;13924044444;14424044444
2033;14498364000;13965700000;14465700000
2034;14498537000;13965711111;14465711111
2035;14498542000;13966000000;14466000000
2036;14498543000;13966000000;14466000000
2037;14498544000;13966000000;14466000000
2038;14531436000;14007377777;14507377777
2039;14531438000;14007377777;14507377777
2040;14531439000;14007377777;14507377777
2041;14531440000;14007377777;14507377777
2042;14531441000;14007377777;14507377777
2043;14531442000;14007377777;14507377777
2044;14531453000;14007377777;14507377777
2045;14531587000;14007388888;14507388888
2046;14531589000;14007655555;14507655555
2047;14531590000;14007655555;14507655555
2048;14531591000;14007655555;14507655555
2049;14559198000;14049044444;14549044444
2062;14581147000;14090711111;14590711111
2063;14581151000;14090711111;14590711111
2064;14581152000;14090711111;14590711111
2065;14581153000;14090711111;14590711111
2066;14581153000;14090711111;14590711111
2067;14581352000;14090722222;14590722222
2068;14581368000;14091022222;14591022222
2069;14581369000;14091022222;14591022222
2070;14581370000;14091022222;14591022222
2071;14610927000;14132377777;14632377777
2072;14610931000;14132377777;14632377777
2073;14610932000;14132377777;14632377777
2074;14610943000;14132377777;14632377777
2075;14610944000;14132377777;14632377777
2076;14610945000;14132377777;14632377777
2077;14610945000;14132377777;14632377777
2078;14611083000;14132388888;14632388888
2079;14611085000;14132666666;14632666666
2080;14611086000;14132666666;14632666666
2081;14611087000;14132666666;14632666666
2082;14635350000;14174044444;14674044444
2093;14654853000;14215711111;14715711111
2094;14654856000;14215711111;14715711111
2095;14654857000;14215711111;14715711111
2096;14654858000;14215711111;14715711111
2097;14654859000;14215711111;14715711111
2098;14654860000;14215711111;14715711111
2099;14654861000;14215711111;14715711111
2100;14655060000;14215722222;14715722222
2101;14655067000;14216022222;14716022222
2102;14655068000;14216022222;14716022222
2103;14655069000;14216022222;14716022222
2104;14685972000;14257377777;14757377777
2105;14685976000;14257377777;14757377777
2106;14685986000;14257377777;14757377777
2107;14685987000;14257377777;14757377777
2108;14685988000;14257377777;14757377777
2109;14685989000;14257377777;14757377777
2110;14685990000;14257377777;14757377777
2111;14686120000;14257388888;14757388888
2112;14686123000;14257711111;14757711111
2113;14686124000;14257711111;14757711111
2114;14686125000;14257711111;14757711111
2115;14709381000;14299044444;14799044444
2125;14709493000;14299366666;14799366666
2126;14729575000;14340700000;14840700000
2127;14729579000;14340700000;14840700000
2128;14729580000;14340700000;14840700000
2129;14729581000;14340700000;14840700000
2130;14729582000;14340700000;14840700000
2131;14729583000;14340700000;14840700000
2132;14729584000;14340700000;14840700000
2133;14729754000;14340711111;14840711111
2134;14729758000;14341055555;14841055555
2135;14729759000;14341055555;14841055555
2136;14729760000;14341055555;14841055555
2137;14763175000;14382377777;14882377777
2138;14763178000;14382377777;14882377777
2139;14763179000;14382377777;14882377777
2140;14763190000;14382377777;14882377777
2141;14763191000;14382377777;14882377777
2142;14763192000;14382377777;14882377777
2143;14763202000;14382377777;14882377777
2144;14763341000;14382388888;14882388888
2145;14763344000;14382677777;14882677777
2146;14763344000;14382677777;14882677777
2147;14763346000;14382677777;14882677777
2148;14801209000;14424033333;14924033333
2158;14801321000;14424355555;14924355555
2159;14840909000;14465711111;14965711111
2160;14840913000;14465711111;14965711111
2161;14840914000;14465711111;14965711111
2162;14840924000;14465711111;14965711111
2163;14840925000;14465711111;14965711111
2164;14840926000;14465711111;14965711111
2165;14840927000;14465711111;14965711111
2166;14841073000;14465733333;14965733333
2167;14841075000;14466044444;14966044444
2168;14841077000;14466044444;14966044444
2169;14841077000;14466044444;14966044444
2170;14862813000;14507377777;15007377777
2171;14862815000;14507377777;15007377777
2172;14862816000;14507377777;15007377777
2173;14862817000;14507377777;15007377777
2174;14862818000;14507377777;15007377777
2175;14862819000;14507377777;15007377777
2176;14862820000;14507377777;15007377777
2177;14862963000;14507388888;15007388888
2178;14862966000;14507688888;15007688888
2179;14862966000;14507688888;15007688888
2180;14862968000;14507688888;15007688888
2181;14884600000;14549033333;15049033333
2192;14921391000;14590711111;15090711111
2193;14921404000;14590711111;15090711111
2194;14921406000;14590711111;15090711111
2195;14921407000;14590711111;15090711111
2196;14921409000;14590711111;15090711111
2197;14921410000;14590711111;15090711111
2198;14921412000;14590711111;15090711111
2199;14921558000;14590722222;15090722222
2200;14921561000;14591033333;15091033333
2201;14921563000;14591033333;15091033333
2202;14921564000;14591033333;15091033333
2203;14939548000;14632366666;15132366666
2204;14939551000;14632366666;15132366666
2205;14939552000;14632366666;15132366666
2206;14939554000;14632366666;15132366666
2207;14939555000;14632366666;15132366666
2208;14939566000;14632366666;15132366666
2209;14939567000;14632366666;15132366666
2210;14939710000;14632377777;15132377777
2211;14939714000;14632688888;15132688888
2212;14939715000;14632688888;15132688888
2213;14939717000;14632688888;15132688888
2214;14955503000;14674044444;15174044444
2226;14989476000;14715700000;15215700000
2227;14989479000;14715700000;15215700000
2228;14989480000;14715700000;15215700000
2229;14989481000;14715700000;15215700000
2230;14989482000;14715700000;15215700000
2231;14989483000;14715700000;15215700000
2232;14989606000;14715711111;15215711111
2233;14989611000;14716033333;15216033333
2234;14989612000;14716033333;15216033333
2235;14989613000;14716033333;15216033333
2236;15011419000;14757377777;15257377777
2237;15011422000;14757377777;15257377777
2238;15011423000;14757377777;15257377777
2239;15011424000;14757377777;15257377777
2241;15011570000;14757377777;15257377777
2242;15011574000;14757377777;15257377777
2243;15011786000;14757388888;15257388888
2244;15011801000;14757688888;15257688888
2245;15011802000;14757688888;15257688888
2246;15011803000;14757688888;15257688888
2247;15014788000;14799033333;15299033333
2248;15014791000;14799033333;15299033333
2249;15014792000;14799033333;15299033333
2250;15029739000;14799033333;15299033333
2251;15029745000;14799033333;15299033333
2252;15029747000;14799033333;15299033333
2253;15029753000;14799033333;15299033333
2254;15080160000;14799044444;15299044444
2258;15080165000;14840711111;15340711111
2259;15080167000;14840711111;15340711111
2260;15080169000;14840711111;15340711111
2261;15080170000;14840711111;15340711111
2262;15080172000;14840711111;15340711111
2263;15080173000;14840711111;15340711111
2264;15080184000;14840711111;15340711111
2265;15121834000;14840722222;15340722222
2274;15121850000;14882366666;15382366666
2275;15121851000;14882366666;15382366666
2276;15163247000;14882377777;15382377777
2277;15163252000;14882700000;15382700000
2278;15163253000;14882700000;15382700000
2279;15163255000;14882700000;15382700000
2280;15245915000;14924044444;15424044444
2294;15285020000;14965711111;15465711111
2315;15358193000;15049044444;15549044444
2330;15392493000;15090711111;15590711111
2331;15392643000;15090722222;15590722222
2332;15392654000;15091044444;15591044444
2333;15392655000;15091044444;15591044444
2334;15392656000;15091044444;15591044444
2335;15425111000;15132366666;15632366666
2336;15425113000;15132366666;15632366666
2337;15425115000;15132366666;15632366666
2338;15425116000;15132366666;15632366666
2339;15425116000;15132366666;15632366666
2340;15425117000;15132366666;15632366666
2341;15425118000;15132366666;15632366666
2342;15425262000;15132377777;15632377777
2343;15425264000;15132688888;15632688888
2344;15425265000;15132688888;15632688888
2345;15425266000;15132688888;15632688888
2346;15456291000;15174044444;15674044444
2347;15456294000;15174044444;15674044444
2348;15456295000;15174044444;15674044444
2349;15456296000;15174044444;15674044444
2350;15456297000;15174044444;15674044444
2351;15456298000;15174044444;15674044444
2352;15456299000;15174044444;15674044444
2353;15456441000;15174055555;15674055555
2354;15456443000;15174355555;15674355555
2355;15456444000;15174355555;15674355555
2356;15456445000;15174355555;15674355555
2357;15481138000;15215700000;15715700000
2358;15481140000;15215700000;15715700000
2359;15481141000;15215700000;15715700000
2360;15481142000;15215700000;15715700000
2361;15481143000;15215700000;15715700000
2362;15481144000;15215700000;15715700000
2363;15512158000;15215700000;15715700000
2364;15562560000;15215711111;15715711111
2365;15562565000;15216044444;15716044444
2366;15562566000;15216044444;15716044444
2367;15562568000;15216044444;15716044444
2368;15604151000;15257377777;15757377777
2369;15604154000;15257377777;15757377777
2370;15604155000;15257377777;15757377777
2371;15604156000;15257377777;15757377777
2372;15604157000;15257377777;15757377777
2373;15604158000;15257377777;15757377777
2374;15604159000;15257377777;15757377777
2375;15604358000;15257400000;15757400000
2376;15604373000;15257688888;15757688888
2377;15604374000;15257688888;15757688888
2378;15604375000;15257688888;15757688888
2379;15645636000;15299033333;15799033333
2380;15645638000;15299033333;15799033333
2381;15645639000;15299033333;15799033333
2382;15645640000;15299033333;15799033333
2383;15645641000;15299033333;15799033333
2384;15645642000;15299033333;15799033333
2385;15645652000;15299033333;15799033333
2386;15645786000;15299044444;15799044444
2387;15645788000;15299355555;15799355555
2388;15645789000;15299355555;15799355555
2389;15645790000;15299355555;15799355555
2390;15686963000;15340711111;15840711111
2391;15686966000;15340711111;15840711111
2392;15686967000;15340711111;15840711111
2393;15686968000;15340711111;15840711111
2394;15686969000;15340711111;15840711111
2395;15686970000;15340711111;15840711111
2396;15686971000;15340711111;15840711111
2397;15687172000;15340733333;15840733333
2398;15687188000;15341033333;15841033333
2399;15687189000;15341033333;15841033333
2400;15687190000;15341033333;15841033333
2401;15728132000;15382366666;15882366666
2402;15728136000;15382366666;15882366666
2403;15728137000;15382366666;15882366666
2404;15728148000;15382366666;15882366666
2405;15753545000;15382366666;15882366666
2406;15753552000;15382366666;15882366666
2407;15753557000;15382366666;15882366666
2408;15803949000;15382377777;15882377777
2409;15803953000;15382666666;15882666666
2410;15803954000;15382666666;15882666666
2411;15803955000;15382666666;15882666666
2412;15845546000;15424044444;15924044444
2417;15845549000;15424044444;15924044444
2418;15845550000;15424044444;15924044444
2419;15845749000;15424055555;15924055555
2420;15845764000;15424344444;15924344444
2421;15845765000;15424344444;15924344444
2422;15845766000;15424344444;15924344444
2423;15887040000;15465700000;15965700000
2424;15887062000;15465700000;15965700000
2425;15887064000;15465700000;15965700000
2426;15887066000;15465700000;15965700000
2427;15887067000;15465700000;15965700000
2428;15887068000;15465700000;15965700000
2429;15887070000;15465700000;15965700000
2430;15887214000;15465711111;15965711111
2431;15887217000;15466033333;15966033333
2432;15887219000;15466033333;15966033333
2433;15887221000;15466033333;15966033333
2434;15928429000;15507377777;16007377777
2435;15928449000;15507377777;16007377777
2436;15928450000;15507377777;16007377777
2437;15928451000;15507377777;16007377777
2438;15928452000;15507377777;16007377777
2439;15928453000;15507377777;16007377777
2440;15928454000;15507377777;16007377777
2441;15928588000;15507388888;16007388888
2442;15928590000;15507677777;16007677777
2443;15928591000;15507677777;16007677777
2444;15928592000;15507677777;16007677777
2445;15969470000;15549033333;16049033333
2446;15969473000;15549033333;16049033333
2447;15969474000;15549033333;16049033333
2448;15969475000;15549033333;16049033333
2449;15969476000;15549033333;16049033333
2450;15969477000;15549033333;16049033333
2451;15969478000;15549033333;16049033333
2452;15969619000;15549044444;16049044444
2453;15969622000;15549355555;16049355555
2454;15969622000;15549355555;16049355555
2455;15969624000;15549355555;16049355555
2456;16010208000;15590711111;16090711111
2457;16010211000;15590711111;16090711111
2458;16010212000;15590711111;16090711111
2459;16010213000;15590711111;16090711111
2460;16010214000;15590711111;16090711111
2461;16010215000;15590711111;16090711111
2462;16010216000;15590711111;16090711111
2463;16010415000;15590733333;16090733333
2464;16010430000;15591033333;16091033333
2465;16010431000;15591033333;16091033333
2466;16010432000;15591033333;16091033333
2467;16050256000;15632366666;16132366666
2468;16050259000;15632366666;16132366666
2469;16050260000;15632366666;16132366666
2470;16050261000;15632366666;16132366666
2471;16050262000;15632366666;16132366666
2472;16050272000;15632366666;16132366666
2473;16050273000;15632366666;16132366666
2474;16050409000;15632377777;16132377777
2475;16050412000;15632677777;16132677777
2476;16050413000;15632677777;16132677777
2477;16050414000;15632677777;16132677777
2478;16089805000;15674055555;16174055555
2479;16089809000;15674055555;16174055555
2480;16089810000;15674055555;16174055555
2481;16089811000;15674055555;16174055555
2482;16089812000;15674055555;16174055555
2483;16089813000;15674055555;16174055555
2484;16089813000;15674055555;16174055555
2485;16090014000;15674066666;16174066666
2486;16090029000;15674377777;16174377777
2487;16090030000;15674377777;16174377777
2488;16090031000;15674377777;16174377777
2489;16128887000;15715711111;16215711111
2490;16128900000;15715711111;16215711111
2491;16128902000;15715711111;16215711111
2492;16128904000;15715711111;16215711111
2493;16128905000;15715711111;16215711111
2494;16128906000;15715711111;16215711111
2495;16128908000;15715711111;16215711111
2496;16129065000;15715722222;16215722222
2497;16129069000;15716022222;16216022222
2498;16129070000;15716022222;16216022222
2499;16155659000;15716022222;16216022222
2500;16167302000;15757366666;16257366666
2501;16167305000;15757366666;16257366666
2502;16167306000;15757366666;16257366666
2503;16167307000;15757366666;16257366666
2504;16167308000;15757366666;16257366666
2505;16167309000;15757366666;16257366666
2506;16167310000;15757366666;16257366666
2507;16167509000;15757377777;16257377777
2508;16167525000;15757677777;16257677777
2509;16167526000;15757677777;16257677777
2510;16167527000;15757677777;16257677777
2511;16205424000;15799044444;16299044444
2512;16205428000;15799044444;16299044444
2513;16205429000;15799044444;16299044444
2514;16205439000;15799044444;16299044444
2515;16205440000;15799044444;16299044444
2516;16205441000;15799044444;16299044444
2517;16205442000;15799044444;16299044444
2518;16205580000;15799055555;16299055555
2519;16205583000;15799355555;16299355555
2520;16205584000;15799355555;16299355555
2521;16235912000;15799355555;16299355555
2522;16243022000;15840700000;16340700000
2523;16243025000;15840700000;16340700000
2524;16243026000;15840700000;16340700000
2525;16243027000;15840700000;16340700000
2526;16243028000;15840700000;16340700000
2527;16243029000;15840700000;16340700000
2528;16243030000;15840700000;16340700000
2529;16243215000;15840711111;16340711111
2530;16243220000;15841033333;16341033333
2531;16243221000;15841033333;16341033333
2532;16243222000;15841033333;16341033333
2533;16280568000;15882377777;16382377777
2534;16280571000;15882377777;16382377777
2535;16280590000;15882377777;16382377777
2536;16280592000;15882377777;16382377777
2537;16280593000;15882377777;16382377777
2539;16280595000;15882377777;16382377777
2540;16280750000;15882388888;16382388888
2541;16280753000;15882688888;16382688888
2542;16280755000;15882688888;16382688888
2543;16280756000;15882688888;16382688888
2544;16317623000;15924033333;16424033333
2545;16317626000;15924033333;16424033333
2546;16317627000;15924033333;16424033333
2547;16317628000;15924033333;16424033333
2548;16317629000;15924033333;16424033333
2549;16317630000;15924033333;16424033333
2550;16317640000;15924033333;16424033333
2551;16317780000;15924055555;16424055555
2552;16317783000;15924366666;16424366666
2553;16317784000;15924366666;16424366666
2554;16317785000;15924366666;16424366666
2555;16355331000;15965711111;16465711111
2556;16355335000;15965711111;16465711111
2557;16355336000;15965711111;16465711111
2558;16355337000;15965711111;16465711111
2559;16355338000;15965711111;16465711111
2560;16355339000;15965711111;16465711111
2561;16355340000;15965711111;16465711111
2562;16355545000;15965722222;16465722222
2563;16355552000;15966022222;16466022222
2564;16396804000;15966022222;16466022222
2565;16396807000;15966022222;16466022222
2566;16516942000;16007366666;16507366666
2568;16516946000;16007366666;16507366666
2569;16516947000;16007366666;16507366666
2570;16516948000;16007366666;16507366666
2571;16516949000;16007366666;16507366666
2572;16516950000;16007366666;16507366666
2573;16517126000;16007377777;16507377777
2574;16517130000;16007666666;16507666666
2575;16517131000;16007666666;16507666666
2576;16517132000;16007666666;16507666666
2577;16557189000;16049044444;16549044444
2578;16557191000;16049044444;16549044444
2579;16557192000;16049044444;16549044444
2580;16557193000;16049044444;16549044444
2581;16557194000;16049044444;16549044444
2582;16557195000;16049044444;16549044444
2583;16557205000;16049044444;16549044444
2584;16557389000;16049055555;16549055555
2585;16557397000;16049355555;16549355555
2586;16557399000;16049355555;16549355555
2587;16557401000;16049355555;16549355555
2588;16597311000;16090700000;16590700000
2589;16597324000;16090700000;16590700000
2590;16597325000;16090700000;16590700000
2591;16597326000;16090700000;16590700000
2592;16597327000;16090700000;16590700000
2593;16597328000;16090700000;16590700000
2594;16597329000;16090700000;16590700000
2595;16597472000;16090711111;16590711111
2596;16597475000;16091033333;16591033333
2597;16597476000;16091033333;16591033333
2598;16597477000;16091033333;16591033333
2599;16636559000;16132377777;16632377777
2600;16636561000;16132377777;16632377777
2601;16636562000;16132377777;16632377777
2602;16636563000;16132377777;16632377777
2603;16636564000;16132377777;16632377777
2604;16636565000;16132377777;16632377777
2605;16637539000;16132377777;16632377777
2606;16688028000;16132388888;16632388888
2607;16688051000;16132688888;16632688888
2608;16688052000;16132688888;16632688888
2609;16688053000;16132688888;16632688888
2610;16729522000;16174033333;16674033333
2615;16729525000;16174033333;16674033333
2616;16729526000;16174033333;16674033333
2617;16729727000;16174044444;16674044444
2618;16729742000;16174344444;16674344444
2619;16729743000;16174344444;16674344444
2620;16729744000;16174344444;16674344444
2621;16770995000;16215711111;16715711111
2622;16770998000;16215711111;16715711111
2623;16770999000;16215711111;16715711111
2624;16771010000;16215711111;16715711111
2625;16771011000;16215711111;16715711111
2626;16771012000;16215711111;16715711111
2627;16771013000;16215711111;16715711111
2628;16771151000;16215722222;16715722222
2629;16771154000;16216033333;16716033333
2630;16771155000;16216033333;16716033333
2631;16771156000;16216033333;16716033333
2632;16812325000;16257366666;16757366666
2633;16812328000;16257366666;16757366666
2634;16812329000;16257366666;16757366666
2635;16812330000;16257366666;16757366666
2636;16812331000;16257366666;16757366666
2637;16812332000;16257366666;16757366666
2638;16812333000;16257366666;16757366666
2639;16812532000;16257377777;16757377777
2640;16812539000;16257666666;16757666666
2641;16812547000;16257666666;16757666666
2642;16812548000;16257666666;16757666666
2643;16853143000;16299044444;16799044444
2644;16853146000;16299044444;16799044444
2645;16853156000;16299044444;16799044444
2646;16853157000;16299044444;16799044444
2647;16853158000;16299044444;16799044444
2648;16853159000;16299044444;16799044444
2649;16853160000;16299044444;16799044444
2650;16853297000;16299055555;16799055555
2651;16853299000;16299333333;16799333333
2652;16853300000;16299333333;16799333333
2653;16853301000;16299333333;16799333333
2654;16893625000;16340700000;16840700000
2655;16893628000;16340700000;16840700000
2656;16893629000;16340700000;16840700000
2657;16893630000;16340700000;16840700000
2658;16893631000;16340700000;16840700000
2659;16893632000;16340700000;16840700000
2660;16893633000;16340700000;16840700000
2661;16893833000;16340711111;16840711111
2662;16893848000;16341011111;16841011111
2663;16893849000;16341011111;16841011111
2664;16893850000;16341011111;16841011111
2665;16933378000;16382377777;16882377777
2666;16933381000;16382377777;16882377777
2667;16933382000;16382377777;16882377777
2668;16933383000;16382377777;16882377777
2669;16933384000;16382377777;16882377777
2670;16933385000;16382377777;16882377777
2671;16933395000;16382377777;16882377777
2672;16933529000;16382388888;16882388888
2673;16933532000;16382655555;16882655555
2674;16933533000;16382655555;16882655555
2675;16933534000;16382655555;16882655555
2676;16972588000;16424033333;16924033333
2677;16972592000;16424033333;16924033333
2678;16972593000;16424033333;16924033333
2679;16972594000;16424033333;16924033333
2680;16972595000;16424033333;16924033333
2681;16972595000;16424033333;16924033333
2682;16972596000;16424033333;16924033333
2683;16972796000;16424044444;16924044444
2684;16972802000;16424322222;16924322222
2685;16972803000;16424322222;16924322222
2686;16972804000;16424322222;16924322222
2687;17010993000;16465711111;16965711111
2688;17011006000;16465711111;16965711111
2689;17011008000;16465711111;16965711111
2690;17011009000;16465711111;16965711111
2691;17011010000;16465711111;16965711111
2692;17011012000;16465711111;16965711111
2693;17011013000;16465711111;16965711111
2694;17011161000;16465722222;16965722222
2695;17011164000;16466022222;16966022222
2696;17011166000;16466022222;16966022222
2697;17012283000;16466022222;16966022222
2698;17048901000;16507366666;17007366666
2699;17048904000;16507366666;17007366666
2700;17048905000;16507366666;17007366666
2701;17048906000;16507366666;17007366666
2702;17048907000;16507366666;17007366666
2703;17048908000;16507366666;17007366666
2704;17048909000;16507366666;17007366666
2705;17049109000;16507377777;17007377777
2706;17049115000;16507666666;17007666666
2707;17049116000;16507666666;17007666666
2708;17049117000;16507666666;17007666666
2709;17086142000;16549044444;17049044444
2711;17086180000;16549044444;17049044444
2712;17086182000;16549044444;17049044444
2713;17086184000;16549044444;17049044444
2714;17086185000;16549044444;17049044444
2715;17086187000;16549044444;17049044444
2716;17086342000;16549055555;17049055555
2717;17086346000;16549366666;17049366666
2718;17086347000;16549366666;17049366666
2719;17092521000;16549366666;17049366666
2720;17122975000;16590700000;17090700000
2721;17122978000;16590700000;17090700000
2722;17122979000;16590700000;17090700000
2723;17122980000;16590700000;17090700000
2725;17122981000;16590700000;17090700000
2726;17122982000;16590700000;17090700000
2727;17123174000;16590711111;17090711111
2728;17123189000;16591011111;17091011111
2729;17123190000;16591011111;17091011111
2730;17123191000;16591011111;17091011111
2731;17159730000;16632377777;17132377777
2732;17159743000;16632377777;17132377777
2733;17159745000;16632377777;17132377777
2734;17159746000;16632377777;17132377777
2735;17159747000;16632377777;17132377777
2736;17159749000;16632377777;17132377777
2737;17159750000;16632377777;17132377777
2738;17159897000;16632388888;17132388888
2739;17159901000;16632655555;17132655555
2740;17159902000;16632655555;17132655555
2741;17159904000;16632655555;17132655555
2742;17196003000;16674033333;17174033333
2743;17199530000;16674033333;17174033333
2744;17199534000;16674033333;17174033333
2745;17199537000;16674033333;17174033333
2746;17199563000;16674033333;17174033333
2747;17199565000;16674033333;17174033333
2749;17250002000;16674044444;17174044444
2750;17250006000;16674300000;17174300000
2751;17250007000;16674300000;17174300000
2752;17250008000;16674300000;17174300000
2753;17291556000;16715711111;17215711111
2763;17291668000;16716000000;17216000000
2764;17333105000;16757377777;17257377777
2766;17333109000;16757377777;17257377777
2767;17333110000;16757377777;17257377777
2768;17333111000;16757377777;17257377777
2769;17333112000;16757377777;17257377777
2770;17333113000;16757377777;17257377777
2771;17333314000;16757388888;17257388888
2772;17333330000;16757666666;17257666666
2773;17333332000;16757666666;17257666666
2774;17333334000;16757666666;17257666666
2775;17374413000;16799033333;17299033333
2786;17415262000;16840711111;17340711111
2791;17415266000;16840711111;17340711111
2792;17415267000;16840711111;17340711111
2793;17415470000;16840722222;17340722222
2794;17415487000;16841022222;17341022222
2795;17415488000;16841022222;17341022222
2796;17415489000;16841022222;17341022222
2797;17455598000;16882366666;17382366666
2809;17495205000;16924044444;17424044444
2815;17495365000;16924055555;17424055555
2816;17495369000;16924344444;17424344444
2817;17495371000;16924344444;17424344444
2818;17495372000;16924344444;17424344444
2819;17534145000;16965700000;17465700000
2833;17571471000;17007377777;17507377777
2840;17571551000;17007655555;17507655555
2841;17606647000;17049033333;17549033333
2860;17640710000;17091033333;17591033333
2865;17673739000;17132366666;17632366666
2866;17673752000;17132366666;17632366666
2867;17673753000;17132366666;17632366666
2868;17673755000;17132366666;17632366666
2869;17673757000;17132366666;17632366666
2870;17673905000;17132377777;17632377777
2871;17673908000;17132677777;17632677777
2872;17673910000;17132677777;17632677777
2873;17673911000;17132677777;17632677777
2874;17706077000;17174044444;17674044444
2886;17736408000;17215711111;17715711111
2895;17736495000;17216022222;17716022222
2896;17765624000;17257377777;17757377777
2913;17796545000;17299044444;17799044444
2921;17820560000;17340711111;17840711111
2922;17820573000;17340711111;17840711111
2923;17820575000;17340711111;17840711111
2924;17820576000;17340711111;17840711111
2925;17820723000;17340722222;17840722222
2926;17820727000;17341011111;17841011111
2927;17820728000;17341011111;17841011111
2928;17820730000;17341011111;17841011111
2929;17847681000;17382377777;17882377777
2941;17875387000;17424044444;17924044444
2951;17903453000;17465700000;17965700000
2952;17903466000;17465700000;17965700000
2953;17903467000;17465700000;17965700000
2954;17903469000;17465700000;17965700000
2955;17903470000;17465700000;17965700000
2956;17903472000;17465700000;17965700000
2957;17903473000;17465700000;17965700000
2958;17903620000;17465711111;17965711111
2959;17903623000;17466000000;17966000000
2960;17903625000;17466000000;17966000000
2961;17903627000;17466000000;17966000000
2962;17930952000;17507377777;18007377777
2971;17931075000;17507655555;18007655555
2972;17931078000;17507655555;18007655555
2973;17955989000;17549033333;18049033333
2980;17956227000;17549044444;18049044444
2981;17956243000;17549333333;18049333333
2982;17956244000;17549333333;18049333333
2983;17956245000;17549333333;18049333333
2984;17986921000;17590711111;18090711111
2985;17986934000;17590711111;18090711111
2986;17986936000;17590711111;18090711111
2987;17986938000;17590711111;18090711111
2988;17986939000;17590711111;18090711111
2989;17986940000;17590711111;18090711111
2990;17986942000;17590711111;18090711111
2991;17987089000;17590722222;18090722222
2992;17987093000;17591000000;18091000000
2993;17987095000;17591000000;18091000000
2994;17987096000;17591000000;18091000000
2995;18018235000;17632366666;18132366666
2999;18018238000;17632366666;18132366666
3000;18018239000;17632366666;18132366666
3001;18018240000;17632366666;18132366666
3002;18018383000;17632377777;18132377777
3003;18018385000;17632644444;18132644444
3004;18018395000;17632644444;18132644444
3005;18018396000;17632644444;18132644444
3006;18049715000;17674055555;18174055555
3011;18049718000;17674055555;18174055555
3012;18049719000;17674055555;18174055555
3013;18049864000;17674066666;18174066666
3014;18049867000;17674333333;18174333333
3015;18049868000;17674333333;18174333333
3016;18049869000;17674333333;18174333333
3017;18078436000;17715700000;18215700000
3018;18078439000;17715700000;18215700000
3019;18078440000;17715700000;18215700000
3020;18078441000;17715700000;18215700000
3021;18078442000;17715700000;18215700000
3022;18078443000;17715700000;18215700000
3023;18078444000;17715700000;18215700000
3024;18078588000;17715711111;18215711111
3025;18078590000;17715988888;18215988888
3026;18078591000;17715988888;18215988888
3027;18078592000;17715988888;18215988888
3028;18100190000;17757377777;18257377777
3030;18100192000;17757377777;18257377777
3031;18100193000;17757377777;18257377777
3032;18100194000;17757377777;18257377777
3033;18100195000;17757377777;18257377777
3034;18100196000;17757377777;18257377777
3035;18100338000;17757388888;18257388888
3036;18100340000;17757655555;18257655555
3037;18100341000;17757655555;18257655555
3038;18100342000;17757655555;18257655555
3039;18128578000;17799033333;18299033333
3042;18128580000;17799033333;18299033333
3043;18128581000;17799033333;18299033333
3044;18128582000;17799033333;18299033333
3045;18128583000;17799033333;18299033333
3046;18128726000;17799044444;18299044444
3047;18128728000;17799322222;18299322222
3048;18128729000;17799322222;18299322222
3049;18128730000;17799322222;18299322222
3050;18155678000;17840711111;18340711111
3051;18155691000;17840711111;18340711111
3052;18155693000;17840711111;18340711111
3053;18155694000;17840711111;18340711111
3054;18155696000;17840711111;18340711111
3055;18155697000;17840711111;18340711111
3056;18155699000;17840711111;18340711111
3057;18155846000;17840722222;18340722222
3058;18155850000;17841011111;18341011111
3059;18155852000;17841011111;18341011111
3060;18155853000;17841011111;18341011111
3061;18176422000;17882366666;18382366666
3062;18176425000;17882366666;18382366666
3063;18176426000;17882366666;18382366666
3064;18176427000;17882366666;18382366666
3067;18176428000;17882366666;18382366666
3068;18176628000;17882377777;18382377777
3069;18176634000;17882666666;18382666666
3070;18176636000;17882666666;18382666666
3071;18176637000;17882666666;18382666666
3072;18206166000;17924033333;18424033333
3074;18206179000;17924033333;18424033333
3075;18206180000;17924033333;18424033333
3076;18206182000;17924033333;18424033333
3077;18206183000;17924033333;18424033333
3078;18206185000;17924033333;18424033333
3079;18206325000;17924044444;18424044444
3080;18206328000;17924333333;18424333333
3081;18206330000;17924333333;18424333333
3082;18206331000;17924333333;18424333333
3083;18232763000;17965711111;18465711111
3084;18232766000;17965711111;18465711111
3085;18232767000;17965711111;18465711111
3086;18232768000;17965711111;18465711111
3087;18232769000;17965711111;18465711111
3088;18232769000;17965711111;18465711111
3089;18232780000;17965711111;18465711111
3090;18232914000;17965722222;18465722222
3091;18232916000;17965988888;18465988888
3092;18232917000;17965988888;18465988888
3093;18232918000;17965988888;18465988888
3094;18253219000;18007366666;18507366666
3095;18253222000;18007366666;18507366666
3096;18253223000;18007366666;18507366666
3097;18253224000;18007366666;18507366666
3098;18253225000;18007366666;18507366666
3099;18253226000;18007366666;18507366666
3100;18271077000;18007366666;18507366666
3101;18420365000;18007377777;18507377777
3114;18420380000;18049322222;18549322222
3115;18420381000;18049322222;18549322222
3116;18498507000;18090700000;18590700000
3134;18535460000;18132388888;18632388888
3145;18570640000;18174044444;18674044444
3155;18570646000;18215711111;18715711111
3156;18604356000;18215722222;18715722222
3166;18604372000;18257377777;18757377777
3167;18636278000;18257388888;18757388888
3168;18636284000;18257666666;18757666666
3169;18636285000;18257666666;18757666666
3170;18636286000;18257666666;18757666666
3171;18666871000;18299044444;18799044444
3177;18666874000;18299044444;18799044444
3179;18667146000;18299333333;18799333333
3180;18667150000;18299333333;18799333333
3181;18667151000;18299333333;18799333333
3182;18700074000;18340711111;18840711111
3183;18700077000;18340711111;18840711111
3184;18700078000;18340711111;18840711111
3185;18700079000;18340711111;18840711111
3186;18700080000;18340711111;18840711111
3187;18700081000;18340711111;18840711111
3188;18700082000;18340711111;18840711111
3189;18700281000;18340722222;18840722222
3190;18700296000;18341022222;18841022222
3191;18700297000;18341022222;18841022222
3192;18700298000;18341022222;18841022222
3193;18728071000;18382377777;18882377777
3194;18728074000;18382377777;18882377777
3195;18728075000;18382377777;18882377777
3196;18728076000;18382377777;18882377777
3197;18728077000;18382377777;18882377777
3198;18728078000;18382377777;18882377777
3199;18728079000;18382377777;18882377777
3200;18728278000;18382388888;18882388888
3201;18728293000;18382655555;18882655555
3202;18728294000;18382655555;18882655555
3203;18728295000;18382655555;18882655555
3204;18848183000;18424044444;18924044444
3205;18848186000;18424044444;18924044444
3206;18848197000;18424044444;18924044444
3207;18848198000;18424044444;18924044444
3208;18848200000;18424044444;18924044444
3209;18848201000;18424044444;18924044444
3210;18848203000;18424044444;18924044444
3211;18848347000;18424055555;18924055555
3212;18848350000;18424333333;18924333333
3213;18848351000;18424333333;18924333333
3214;18848353000;18424333333;18924333333
3215;18888122000;18465711111;18965711111
3216;18888125000;18465711111;18965711111
3217;18888126000;18465711111;18965711111
3218;18888127000;18465711111;18965711111
3219;18888128000;18465711111;18965711111
3220;18888129000;18465711111;18965711111
3221;18888130000;18465711111;18965711111
3222;18888272000;18465722222;18965722222
3223;18888274000;18466011111;18966011111
3224;18888275000;18466011111;18966011111
3225;18888276000;18466011111;18966011111
3226;18928210000;18507377777;19007377777
3227;18928213000;18507377777;19007377777
3228;18928214000;18507377777;19007377777
3229;18928215000;18507377777;19007377777
3230;18928216000;18507377777;19007377777
3231;18928217000;18507377777;19007377777
3232;18928218000;18507377777;19007377777
3233;18928359000;18507388888;19007388888
3234;18928362000;18507666666;19007666666
3235;18928363000;18507666666;19007666666
3236;18940213000;18507666666;19007666666
3237;19017788000;18549044444;19049044444
3238;19017801000;18549044444;19049044444
3239;19017802000;18549044444;19049044444
3240;19017804000;18549044444;19049044444
3241;19017805000;18549044444;19049044444
3242;19017807000;18549044444;19049044444
3243;19017808000;18549044444;19049044444
3244;19017955000;18549055555;19049055555
3245;19017958000;18549344444;19049344444
3246;19017960000;18549344444;19049344444
3247;19017961000;18549344444;19049344444
3248;19059466000;18590711111;19090711111
3249;19059469000;18590711111;19090711111
3250;19059470000;18590711111;19090711111
3251;19059471000;18590711111;19090711111
3252;19059472000;18590711111;19090711111
3253;19059473000;18590711111;19090711111
3254;19059474000;18590711111;19090711111
3255;19059674000;18590722222;19090722222
3256;19059689000;18591011111;19091011111
3257;19059690000;18591011111;19091011111
3258;19059691000;18591011111;19091011111
3259;19101118000;18632377777;19132377777
3260;19101121000;18632377777;19132377777
3261;19101122000;18632377777;19132377777
3262;19101123000;18632377777;19132377777
3263;19101124000;18632377777;19132377777
3267;19178580000;18632677777;19132677777
3268;19178584000;18632677777;19132677777
3269;19178584000;18632677777;19132677777
3270;19219827000;18674033333;19174033333
3275;19219830000;18674033333;19174033333
3276;19219831000;18674033333;19174033333
3277;19220031000;18674044444;19174044444
3278;19220053000;18674311111;19174311111
3279;19220054000;18674311111;19174311111
3280;19220055000;18674311111;19174311111
3281;19261328000;18715711111;19215711111
3282;19261331000;18715711111;19215711111
3283;19261332000;18715711111;19215711111
3284;19261350000;18715711111;19215711111
3285;19261351000;18715711111;19215711111
3286;19261353000;18715711111;19215711111
3287;19261353000;18715711111;19215711111
3288;19261492000;18715722222;19215722222
3289;19261494000;18716000000;19216000000
3290;19261495000;18716000000;19216000000
3291;19261496000;18716000000;19216000000
3292;19302762000;18757388888;19257388888
3293;19302765000;18757388888;19257388888
3294;19302766000;18757388888;19257388888
3295;19302767000;18757388888;19257388888
3296;19302768000;18757388888;19257388888
3297;19302769000;18757388888;19257388888
3298;19302770000;18757388888;19257388888
3299;19302969000;18757400000;19257400000
3301;19302975000;18757688888;19257688888
3302;19302976000;18757688888;19257688888
3303;19343748000;18799044444;19299044444
3304;19343761000;18799044444;19299044444
3305;19343763000;18799044444;19299044444
3306;19343764000;18799044444;19299044444
3307;19343766000;18799044444;19299044444
3308;19343767000;18799044444;19299044444
3309;19343769000;18799044444;19299044444
3310;19343914000;18799055555;19299055555
3311;19343918000;18799355555;19299355555
3312;19343919000;18799355555;19299355555
3313;19343920000;18799355555;19299355555
3316;19384469000;18840711111;19340711111
3317;19384472000;18840711111;19340711111
3318;19384473000;18840711111;19340711111
3319;19384474000;18840711111;19340711111
3320;19384475000;18840711111;19340711111
3321;19384596000;18840722222;19340722222
3322;19384612000;18841022222;19341022222
3323;19384613000;18841022222;19341022222
3324;19384614000;18841022222;19341022222
3325;19424704000;18882377777;19382377777
3326;19424717000;18882377777;19382377777
3327;19424718000;18882377777;19382377777
3328;19424720000;18882377777;19382377777
3329;19424721000;18882377777;19382377777
3330;19424722000;18882377777;19382377777
3331;19424724000;18882377777;19382377777
3332;19499739000;18882400000;19382400000
3335;19499743000;18882688888;19382688888
3336;19541350000;18924066666;19424066666
3347;19582753000;18965711111;19465711111
3348;19582756000;18965711111;19465711111
3349;19582767000;18965711111;19465711111
3350;19582768000;18965711111;19465711111
3351;19582768000;18965711111;19465711111
3352;19582769000;18965711111;19465711111
3353;19582770000;18965711111;19465711111
3354;19582908000;18965722222;19465722222
3355;19582911000;18966000000;19466000000
3356;19582912000;18966000000;19466000000
3357;19582913000;18966000000;19466000000
3358;19623934000;19007377777;19507377777
3367;19624054000;19007677777;19507677777
3368;19624057000;19007677777;19507677777
3369;19664472000;19049033333;19549033333
3370;19664476000;19049033333;19549033333
3371;19664477000;19049033333;19549033333
3372;19664478000;19049033333;19549033333
3373;19664479000;19049033333;19549033333
3374;19664480000;19049033333;19549033333
3375;19664481000;19049033333;19549033333
3376;19664680000;19049044444;19549044444
3377;19664695000;19049333333;19549333333
3378;19664696000;19049333333;19549333333
3379;19664697000;19049333333;19549333333
3380;19704291000;19090711111;19590711111
3387;19704509000;19090722222;19590722222
3388;19704524000;19091022222;19591022222
3389;19704526000;19091022222;19591022222
3390;19704526000;19091022222;19591022222
3391;19743172000;19132366666;19632366666
3392;19743175000;19132366666;19632366666
3393;19743176000;19132366666;19632366666
3394;19743177000;19132366666;19632366666
3395;19743187000;19132366666;19632366666
3396;19743188000;19132366666;19632366666
3397;19743189000;19132366666;19632366666
3398;19743326000;19132377777;19632377777
3399;19743329000;19132666666;19632666666
3400;19743330000;19132666666;19632666666
3401;19743331000;19132666666;19632666666
3402;19781253000;19174044444;19674044444
3409;19781456000;19174055555;19674055555
3410;19781471000;19174322222;19674322222
3411;19781472000;19174322222;19674322222
3412;19781473000;19174322222;19674322222
3413;19818208000;19215700000;19715700000
3414;19818211000;19215700000;19715700000
3415;19818222000;19215700000;19715700000
3416;19818223000;19215700000;19715700000
3417;19818225000;19215700000;19715700000
3418;19818226000;19215700000;19715700000
3419;19818238000;19215700000;19715700000
3420;19818403000;19215711111;19715711111
3421;19818407000;19216011111;19716011111
3422;19818408000;19216011111;19716011111
3423;19818410000;19216011111;19716011111
3424;19854365000;19257377777;19757377777
3432;19854478000;19257666666;19757666666
3433;19854481000;19257666666;19757666666
3434;19854482000;19257666666;19757666666
3435;19889671000;19299033333;19799033333
3436;19889675000;19299033333;19799033333
3437;19889676000;19299033333;19799033333
3438;19889677000;19299033333;19799033333
3439;19889677000;19299033333;19799033333
3440;19889678000;19299033333;19799033333
3441;19889679000;19299033333;19799033333
3442;19889880000;19299055555;19799055555
3443;19889895000;19299355555;19799355555
3444;19889896000;19299355555;19799355555
3445;19889897000;19299355555;19799355555
3446;19924332000;19340711111;19840711111
3447;19924346000;19340711111;19840711111
3448;19924347000;19340711111;19840711111
3449;19924349000;19340711111;19840711111
3450;19924350000;19340711111;19840711111
3451;19924352000;19340711111;19840711111
3452;19924353000;19340711111;19840711111
3453;19924496000;19340722222;19840722222
3454;19924500000;19341033333;19841033333
3455;19931419000;19341033333;19841033333
3456;19931426000;19341033333;19841033333
3457;19958746000;19382366666;19882366666
3458;19958749000;19382366666;19882366666
3459;19958750000;19382366666;19882366666
3460;19958752000;19382366666;19882366666
3461;19958753000;19382366666;19882366666
3462;19958754000;19382366666;19882366666
3463;19958754000;19382366666;19882366666
3464;19958955000;19382377777;19882377777
3465;19958970000;19382655555;19882655555
3466;19958971000;19382655555;19882655555
3467;19958972000;19382655555;19882655555
3468;19992828000;19424044444;19924044444
3469;19992831000;19424044444;19924044444
3470;19992832000;19424044444;19924044444
3471;19992833000;19424044444;19924044444
3472;19992834000;19424044444;19924044444
3473;19992835000;19424044444;19924044444
3474;19992836000;19424044444;19924044444
3475;19993059000;19424055555;19924055555
3476;19993075000;19424333333;19924333333
3477;19993076000;19424333333;19924333333
3478;19993077000;19424333333;19924333333
3479;20026982000;19465700000;19965700000
3481;20026995000;19465700000;19965700000
3482;20026996000;19465700000;19965700000
3483;20026997000;19465700000;19965700000
3484;20026998000;19465700000;19965700000
3485;20026999000;19465700000;19965700000
3486;20027221000;19465711111;19965711111
3487;20027236000;19466022222;19966022222
3488;20027237000;19466022222;19966022222
3489;20027238000;19466022222;19966022222
3490;20062115000;19507377777;20007377777
3491;20062119000;19507377777;20007377777
3492;20062120000;19507377777;20007377777
3493;20062130000;19507377777;20007377777
3494;20062131000;19507377777;20007377777
3495;20062132000;19507377777;20007377777
3496;20062132000;19507377777;20007377777
3497;20062270000;19507388888;20007388888
3498;20062273000;19507700000;20007700000
3499;20062274000;19507700000;20007700000
3500;20062275000;19507700000;20007700000
3501;20095937000;19549033333;20049033333
3508;20096147000;19549044444;20049044444
3509;20096154000;19549355555;20049355555
3510;20096155000;19549355555;20049355555
3511;20096156000;19549355555;20049355555
3512;20127388000;19590711111;20090711111
3513;20127391000;19590711111;20090711111
3514;20127392000;19590711111;20090711111
3515;20127393000;19590711111;20090711111
3516;20127394000;19590711111;20090711111
3517;20127404000;19590711111;20090711111
3518;20127405000;19590711111;20090711111
3519;20127616000;19590722222;20090722222
3520;20127622000;19591011111;20091011111
3521;20127623000;19591011111;20091011111
3522;20127624000;19591011111;20091011111
3523;20160836000;19632366666;20132366666
3524;20160840000;19632366666;20132366666
3525;20160842000;19632366666;20132366666
3526;20160843000;19632366666;20132366666
3527;20160845000;19632366666;20132366666
3528;20160846000;19632366666;20132366666
3529;20172911000;19632366666;20132366666
3530;20223314000;19632377777;20132377777
3534;20223319000;19674044444;20174044444
3535;20223321000;19674044444;20174044444
3536;20223341000;19674044444;20174044444
3537;20223343000;19674044444;20174044444
3538;20223344000;19674044444;20174044444
3539;20223346000;19674044444;20174044444
3540;20223347000;19674044444;20174044444
3541;20264984000;19674055555;20174055555
3560;20265000000;19757377777;20257377777
3561;20265001000;19757377777;20257377777
3562;20265002000;19757377777;20257377777
3563;20347792000;19757388888;20257388888
3588;20347807000;19841022222;20341022222
3589;20465175000;19882366666;20382366666
3620;20534830000;19966011111;20466011111
3648;20623620000;20090711111;20590711111
3679;20683299000;20215700000;20715700000
3711;20731876000;20340700000;20840700000
3712;20731889000;20340700000;20840700000
3713;20731890000;20340700000;20840700000
3714;20731892000;20340700000;20840700000
3715;20731893000;20340700000;20840700000
3716;20731895000;20340700000;20840700000
3717;20732049000;20340711111;20840711111
3718;20732053000;20341011111;20841011111
3719;20732055000;20341011111;20841011111
3720;20732056000;20341011111;20841011111
3721;20751641000;20382377777;20882377777
3740;20770419000;20424322222;20924322222
3744;20786477000;20465711111;20965711111
3745;20786491000;20465711111;20965711111
3746;20786492000;20465711111;20965711111
3747;20786494000;20465711111;20965711111
3748;20786495000;20465711111;20965711111
3749;20786497000;20465711111;20965711111
3750;20786645000;20465733333;20965733333
3751;20786648000;20466022222;20966022222
3752;20786650000;20466022222;20966022222
3755;20811320000;20507366666;21007366666
3756;20811322000;20507366666;21007366666
3757;20811324000;20507366666;21007366666
3758;20811325000;20507366666;21007366666
3759;20811327000;20507366666;21007366666
3760;20811328000;20507366666;21007366666
3761;20811433000;20507377777;21007377777
3762;20811436000;20507666666;21007666666
3763;20811438000;20507666666;21007666666
3764;20811439000;20507666666;21007666666
3765;20838203000;20549044444;21049044444
3766;20838206000;20549044444;21049044444
3767;20838207000;20549044444;21049044444
3768;20838208000;20549044444;21049044444
3769;20838209000;20549044444;21049044444
3770;20838210000;20549044444;21049044444
3771;20838211000;20549044444;21049044444
3772;20838411000;20549055555;21049055555
3773;20838426000;20549366666;21049366666
3774;20838427000;20549366666;21049366666
3775;20838428000;20549366666;21049366666
3776;20866920000;20590711111;21090711111
3777;20866933000;20590711111;21090711111
3778;20866935000;20590711111;21090711111
3779;20866936000;20590711111;21090711111
3780;20866938000;20590711111;21090711111
3781;20866939000;20590711111;21090711111
3782;20866941000;20590711111;21090711111
3783;20867096000;20590722222;21090722222
3784;20867100000;20591011111;21091011111
3785;20867102000;20591011111;21091011111
3786;20867103000;20591011111;21091011111
3787;20894515000;20632377777;21132377777
3788;20897049000;20632377777;21132377777
3789;20897070000;20632377777;21132377777
3790;20897073000;20632377777;21132377777
3791;20897079000;20632377777;21132377777
3792;20897083000;20632377777;21132377777
3793;20897161000;20632377777;21132377777
3794;21033727000;20632388888;21132388888
3802;21033731000;20674033333;21174033333
3803;21033732000;20674033333;21174033333
3804;21033733000;20674033333;21174033333
3805;21072597000;20674044444;21174044444
3821;21072613000;20757366666;21257366666
3822;21072614000;20757366666;21257366666
3823;21072615000;20757366666;21257366666
3824;21072616000;20757366666;21257366666
3825;21072617000;20757366666;21257366666
3826;21072618000;20757366666;21257366666
3827;21146037000;20757377777;21257377777
3840;21146059000;20799333333;21299333333
3841;21146060000;20799333333;21299333333
3842;21212687000;20840711111;21340711111
3843;21212691000;20840711111;21340711111
3844;21212692000;20840711111;21340711111
3845;21212693000;20840711111;21340711111
3846;21212694000;20840711111;21340711111
3847;21212695000;20840711111;21340711111
3848;21212696000;20840711111;21340711111
3849;21212896000;20840722222;21340722222
3850;21212911000;20841011111;21341011111
3851;21212913000;20841011111;21341011111
3852;21212913000;20841011111;21341011111
3853;21243602000;20882377777;21382377777
3862;21243714000;20882666666;21382666666
3865;21274056000;20924033333;21424033333
3866;21274059000;20924033333;21424033333
3867;21274060000;20924033333;21424033333
3868;21274061000;20924033333;21424033333
3869;21274062000;20924033333;21424033333
3870;21274063000;20924033333;21424033333
3871;21274183000;20924044444;21424044444
3872;21274198000;20924344444;21424344444
3873;21274199000;20924344444;21424344444
3874;21274200000;20924344444;21424344444
3875;21303314000;20965711111;21465711111
3876;21303317000;20965711111;21465711111
3877;21303318000;20965711111;21465711111
3878;21303319000;20965711111;21465711111
3879;21303320000;20965711111;21465711111
3880;21303321000;20965711111;21465711111
3881;21303322000;20965711111;21465711111
3882;21303492000;20965722222;21465722222
3883;21303496000;20966000000;21466000000
3884;21303497000;20966000000;21466000000
3885;21303498000;20966000000;21466000000
3886;21473665000;21007366666;21507366666
3895;21473777000;21007644444;21507644444
3896;21473781000;21007644444;21507644444
3897;21512944000;21049044444;21549044444
3898;21512948000;21049044444;21549044444
3899;21512958000;21049044444;21549044444
3900;21512959000;21049044444;21549044444
3901;21512960000;21049044444;21549044444
3902;21512961000;21049044444;21549044444
3903;21512962000;21049044444;21549044444
3904;21513103000;21049055555;21549055555
3905;21513107000;21049333333;21549333333
3906;21513108000;21049333333;21549333333
3907;21513109000;21049333333;21549333333
3908;21551906000;21090700000;21590700000
3909;21551910000;21090700000;21590700000
3910;21551911000;21090700000;21590700000
3911;21551912000;21090700000;21590700000
3912;21551913000;21090700000;21590700000
3913;21551913000;21090700000;21590700000
3914;21551914000;21090700000;21590700000
3915;21552143000;21090711111;21590711111
3916;21552158000;21091011111;21591011111
3917;21552159000;21091011111;21591011111
3918;21552160000;21091011111;21591011111
3919;21589457000;21132377777;21632377777
3920;21589460000;21132377777;21632377777
3921;21589462000;21132377777;21632377777
3922;21589463000;21132377777;21632377777
3923;21589464000;21132377777;21632377777
3924;21589465000;21132377777;21632377777
3925;21589466000;21132377777;21632377777
3926;21589673000;21132388888;21632388888
3927;21589679000;21132666666;21632666666
3928;21589680000;21132666666;21632666666
3929;21589681000;21132666666;21632666666
3930;21625554000;21174044444;21674044444
3931;21625557000;21174044444;21674044444
3932;21625558000;21174044444;21674044444
3933;21625568000;21174044444;21674044444
3934;21625569000;21174044444;21674044444
3935;21625570000;21174044444;21674044444
3936;21625571000;21174044444;21674044444
3937;21625705000;21174055555;21674055555
3938;21625707000;21174322222;21674322222
3939;21625708000;21174322222;21674322222
3940;21625709000;21174322222;21674322222
3941;21660266000;21215711111;21715711111
3942;21660269000;21215711111;21715711111
3943;21660270000;21215711111;21715711111
3944;21660271000;21215711111;21715711111
3945;21673054000;21215711111;21715711111
3946;21700007000;21215711111;21715711111
3947;21700011000;21215711111;21715711111
3948;21750486000;21215722222;21715722222
3949;21750501000;21216022222;21716022222
3950;21750502000;21216022222;21716022222
3951;21750504000;21216022222;21716022222
3952;21792004000;21257377777;21757377777
3955;21792007000;21257377777;21757377777
3956;21792008000;21257377777;21757377777
3957;21792009000;21257377777;21757377777
3958;21792010000;21257377777;21757377777
3959;21792211000;21257388888;21757388888
3960;21792226000;21257688888;21757688888
3961;21792227000;21257688888;21757688888
3962;21792228000;21257688888;21757688888
3963;21833483000;21299033333;21799033333
3964;21833496000;21299033333;21799033333
3965;21833497000;21299033333;21799033333
3966;21833499000;21299033333;21799033333
3967;21833500000;21299033333;21799033333
3968;21833502000;21299033333;21799033333
3969;21833503000;21299033333;21799033333
3970;21833646000;21299055555;21799055555
3971;21833650000;21299344444;21799344444
3972;21833660000;21299344444;21799344444
3973;21833661000;21299344444;21799344444
3974;21874927000;21340711111;21840711111
3975;21874930000;21340711111;21840711111
3976;21874931000;21340711111;21840711111
3977;21874932000;21340711111;21840711111
3978;21874934000;21340711111;21840711111
3979;21874934000;21340711111;21840711111
3980;21874935000;21340711111;21840711111
3981;21875141000;21340722222;21840722222
3982;21875147000;21341022222;21841022222
3983;21875148000;21341022222;21841022222
3984;21875149000;21341022222;21841022222
3985;21915891000;21382366666;21882366666
3986;21915903000;21382366666;21882366666
3987;21915904000;21382366666;21882366666
3988;21915905000;21382366666;21882366666
3989;21915906000;21382366666;21882366666
3990;21915907000;21382366666;21882366666
3991;21915908000;21382366666;21882366666
3992;21916050000;21382377777;21882377777
3993;21916053000;21382655555;21882655555
3994;21916054000;21382655555;21882655555
3995;21917038000;21382655555;21882655555
3996;21956567000;21424044444;21924044444
3997;21956570000;21424044444;21924044444
3998;21956571000;21424044444;21924044444
3999;21956572000;21424044444;21924044444
4000;21956573000;21424044444;21924044444
4001;21956574000;21424044444;21924044444
4002;21956575000;21424044444;21924044444
4003;21956775000;21424055555;21924055555
4004;21956782000;21424333333;21924333333
4005;21956783000;21424333333;21924333333
4006;21956784000;21424333333;21924333333
4007;21996798000;21465700000;21965700000
4008;21996811000;21465700000;21965700000
4009;21996812000;21465700000;21965700000
4010;21996813000;21465700000;21965700000
4011;21996813000;21465700000;21965700000
4012;21996814000;21465700000;21965700000
4013;21996815000;21465700000;21965700000
4014;22047970000;21465711111;21965711111
4018;22047986000;21507377777;22007377777
4019;22047987000;21507377777;22007377777
4020;22047988000;21507377777;22007377777
4021;22047989000;21507377777;22007377777
4022;22047990000;21507377777;22007377777
4023;22047991000;21507377777;22007377777
4024;22047992000;21507377777;22007377777
4025;22089488000;21507388888;22007388888
4026;22089492000;21507666666;22007666666
4027;22089493000;21507666666;22007666666
4028;22089494000;21507666666;22007666666
4032;22130964000;21549033333;22049033333
4037;22131069000;21549344444;22049344444
4038;22131082000;21549344444;22049344444
4039;22131083000;21549344444;22049344444
4040;22172361000;21590711111;22090711111
4041;22172365000;21590711111;22090711111
4042;22172366000;21590711111;22090711111
4043;22172366000;21590711111;22090711111
4044;22172367000;21590711111;22090711111
4045;22172368000;21590711111;22090711111
4046;22172369000;21590711111;22090711111
4047;22172568000;21590722222;22090722222
4048;22172584000;21591011111;22091011111
4049;22172585000;21591011111;22091011111
4050;22172586000;21591011111;22091011111
4051;22213172000;21632366666;22132366666
4057;22213175000;21632366666;22132366666
4058;22213375000;21632377777;22132377777
4059;22213390000;21632655555;22132655555
4060;22213391000;21632655555;22132655555
4061;22213392000;21632655555;22132655555
4062;22253392000;21674055555;22174055555
4063;22253396000;21674055555;22174055555
4064;22253406000;21674055555;22174055555
4065;22253407000;21674055555;22174055555
4066;22253408000;21674055555;22174055555
4067;22253409000;21674055555;22174055555
4068;22253410000;21674055555;22174055555
4069;22253568000;21674077777;22174077777
4070;22253571000;21674344444;22174344444
4071;22253572000;21674344444;22174344444
4072;22253573000;21674344444;22174344444
4073;22293009000;21715700000;22215700000
4080;22293212000;21715711111;22215711111
4081;22293227000;21716000000;22216000000
4082;22293229000;21716000000;22216000000
4083;22293230000;21716000000;22216000000
4084;22331727000;21757377777;22257377777
4085;22331730000;21757377777;22257377777
4086;22331740000;21757377777;22257377777
4087;22331742000;21757377777;22257377777
4088;22331744000;21757377777;22257377777
4089;22331745000;21757377777;22257377777
4090;22331747000;21757377777;22257377777
4091;22331894000;21757388888;22257388888
4092;22331908000;21757666666;22257666666
4093;22331918000;21757666666;22257666666
4094;22331928000;21757666666;22257666666
4095;22369700000;21799033333;22299033333
4104;22369812000;21799333333;22299333333
4105;22369816000;21799333333;22299333333
4106;22406747000;21840711111;22340711111
4107;22406750000;21840711111;22340711111
4108;22406751000;21840711111;22340711111
4109;22406753000;21840711111;22340711111
4110;22406753000;21840711111;22340711111
4111;22406754000;21840711111;22340711111
4112;22406755000;21840711111;22340711111
4113;22406955000;21840722222;22340722222
4114;22406970000;21841022222;22341022222
4115;22406971000;21841022222;22341022222
4116;22406972000;21841022222;22341022222
4117;22442963000;21882377777;22382377777
4124;22443165000;21882388888;22382388888
4125;22443180000;21882677777;22382677777
4126;22443181000;21882677777;22382677777
4127;22443182000;21882677777;22382677777
4128;22478465000;21924044444;22424044444
4129;22478468000;21924044444;22424044444
4130;22478469000;21924044444;22424044444
4131;22478470000;21924044444;22424044444
4132;22478471000;21924044444;22424044444
4133;22478472000;21924044444;22424044444
4134;22478473000;21924044444;22424044444
4135;22478672000;21924055555;22424055555
4136;22478678000;21924344444;22424344444
4137;22478680000;21924344444;22424344444
4138;22478681000;21924344444;22424344444
4139;22513200000;21965711111;22465711111
4150;22547545000;22007377777;22507377777
4155;22547548000;22007377777;22507377777
4156;22547549000;22007377777;22507377777
4157;22547750000;22007388888;22507388888
4158;22547765000;22007655555;22507655555
4159;22547766000;22007655555;22507655555
4160;22547767000;22007655555;22507655555
4161;22581964000;22049033333;22549033333
4162;22581968000;22049033333;22549033333
4163;22581969000;22049033333;22549033333
4164;22581970000;22049033333;22549033333
4165;22581971000;22049033333;22549033333
4166;22581972000;22049033333;22549033333
4167;22581972000;22049033333;22549033333
4168;22582173000;22049044444;22549044444
4169;22582188000;22049344444;22549344444
4170;22582189000;22049344444;22549344444
4171;22582190000;22049344444;22549344444
4172;22615180000;22090711111;22590711111
4180;22615255000;22091022222;22591022222
4181;22615257000;22091022222;22591022222
4182;22615258000;22091022222;22591022222
4183;22647073000;22132366666;22632366666
4184;22647076000;22132366666;22632366666
4185;22647077000;22132366666;22632366666
4186;22647079000;22132366666;22632366666
4187;22647089000;22132366666;22632366666
4188;22647090000;22132366666;22632366666
4189;22647092000;22132366666;22632366666
4190;22647237000;22132377777;22632377777
4191;22647240000;22132666666;22632666666
4192;22647242000;22132666666;22632666666
4193;22647243000;22132666666;22632666666
4194;22677368000;22174044444;22674044444
4201;22677570000;22174055555;22674055555
4202;22677585000;22174344444;22674344444
4203;22677586000;22174344444;22674344444
4204;22677587000;22174344444;22674344444
4205;22704377000;22215700000;22715700000
4207;22704380000;22215700000;22715700000
4208;22704381000;22215700000;22715700000
4209;22704382000;22215700000;22715700000
4210;22704392000;22215700000;22715700000
4211;22704393000;22215700000;22715700000
4212;22704529000;22215711111;22715711111
4213;22704532000;22216022222;22716022222
4214;22704533000;22216022222;22716022222
4215;22704534000;22216022222;22716022222
4216;22734977000;22257377777;22757377777
4217;22734979000;22257377777;22757377777
4218;22734980000;22257377777;22757377777
4219;22734981000;22257377777;22757377777
4220;22734982000;22257377777;22757377777
4221;22734983000;22257377777;22757377777
4222;22734984000;22257377777;22757377777
4225;22735107000;22257700000;22757700000
4226;22735109000;22257700000;22757700000
4227;22767914000;22299033333;22799033333
4229;22767918000;22299033333;22799033333
4230;22767919000;22299033333;22799033333
4231;22767920000;22299033333;22799033333
4232;22767921000;22299033333;22799033333
4233;22767922000;22299033333;22799033333
4234;22768128000;22299044444;22799044444
4235;22768143000;22299344444;22799344444
4236;22768144000;22299344444;22799344444
4237;22768145000;22299344444;22799344444
4238;22797293000;22340711111;22840711111
4239;22797306000;22340711111;22840711111
4240;22797307000;22340711111;22840711111
4241;22797309000;22340711111;22840711111
4242;22797310000;22340711111;22840711111
4243;22797312000;22340711111;22840711111
4244;22797313000;22340711111;22840711111
4245;22797460000;22340722222;22840722222
4246;22797463000;22341022222;22841022222
4247;22797465000;22341022222;22841022222
4248;22797466000;22341022222;22841022222
4249;22825722000;22382366666;22882366666
4250;22825725000;22382366666;22882366666
4251;22825726000;22382366666;22882366666
4252;22825727000;22382366666;22882366666
4253;22825728000;22382366666;22882366666
4254;22825729000;22382366666;22882366666
4255;22825730000;22382366666;22882366666
4256;22945047000;22382377777;22882377777
4262;22945052000;22424033333;22924033333
4263;22945053000;22424033333;22924033333
4264;22945054000;22424033333;22924033333
4265;22945055000;22424033333;22924033333
4266;22945056000;22424033333;22924033333
4267;22985089000;22424044444;22924044444
4268;22985095000;22424333333;22924333333
4269;22985097000;22424333333;22924333333
4270;22985099000;22424333333;22924333333
4271;23024248000;22465711111;22965711111
4280;23024360000;22466033333;22966033333
4281;23024363000;22466033333;22966033333
4282;23062248000;22507366666;23007366666
4283;23062251000;22507366666;23007366666
4284;23062252000;22507366666;23007366666
4285;23062253000;22507366666;23007366666
4286;23062254000;22507366666;23007366666
4287;23062255000;22507366666;23007366666
4288;23062256000;22507366666;23007366666
4289;23062455000;22507388888;23007388888
4290;23062470000;22507677777;23007677777
4291;23062471000;22507677777;23007677777
4292;23062472000;22507677777;23007677777
4293;23098943000;22549044444;23049044444
4297;23098946000;22549044444;23049044444
4298;23098947000;22549044444;23049044444
4299;23098948000;22549044444;23049044444
4300;23099154000;22549055555;23049055555
4301;23099170000;22549377777;23049377777
4302;23099171000;22549377777;23049377777
4303;23099172000;22549377777;23049377777
4304;23134247000;22590700000;23090700000
4305;23134250000;22590700000;23090700000
4306;23134251000;22590700000;23090700000
4307;23134252000;22590700000;23090700000
4308;23134253000;22590700000;23090700000
4309;23134254000;22590700000;23090700000
4310;23134264000;22590700000;23090700000
4311;23134398000;22590711111;23090711111
4312;23134401000;22591022222;23091022222
4313;23134402000;22591022222;23091022222
4314;23134402000;22591022222;23091022222
4315;23168439000;22632377777;23132377777
4316;23168442000;22632377777;23132377777
4317;23168443000;22632377777;23132377777
4318;23168444000;22632377777;23132377777
4319;23168445000;22632377777;23132377777
4320;23168446000;22632377777;23132377777
4321;23168447000;22632377777;23132377777
4322;23168673000;22632388888;23132388888
4323;23168679000;22632688888;23132688888
4324;23168680000;22632688888;23132688888
4325;23168681000;22632688888;23132688888
4326;23201443000;22674033333;23174033333
4327;23201446000;22674033333;23174033333
4328;23201447000;22674033333;23174033333
4329;23201448000;22674033333;23174033333
4330;23201449000;22674033333;23174033333
4331;23201450000;22674033333;23174033333
4332;23201451000;22674033333;23174033333
4333;23201651000;22674044444;23174044444
4334;23201657000;22674322222;23174322222
4335;23201658000;22674322222;23174322222
4336;23201659000;22674322222;23174322222
4337;23233619000;22715711111;23215711111
4338;23233621000;22715711111;23215711111
4339;23233622000;22715711111;23215711111
4340;23233623000;22715711111;23215711111
4341;23233634000;22715711111;23215711111
4342;23233634000;22715711111;23215711111
4343;23233635000;22715711111;23215711111
4344;23233769000;22715722222;23215722222
4345;23233771000;22716022222;23216022222
4346;23233772000;22716022222;23216022222
4347;23233773000;22716022222;23216022222
4348;23265430000;22757366666;23257366666
4349;23265433000;22757366666;23257366666
4351;23265435000;22757366666;23257366666
4352;23265436000;22757366666;23257366666
4353;23265436000;22757366666;23257366666
4354;23265438000;22757366666;23257366666
4355;23265646000;22757377777;23257377777
4356;23265661000;22757677777;23257677777
4357;23265662000;22757677777;23257677777
4358;23265663000;22757677777;23257677777
4359;23296938000;22799044444;23299044444
4360;23306292000;22799044444;23299044444
4361;23306295000;22799044444;23299044444
4362;23306302000;22799044444;23299044444
4363;23306307000;22799044444;23299044444
4364;23306315000;22799044444;23299044444
4365;23306337000;22799044444;23299044444
4366;23356757000;22799055555;23299055555
4367;23356762000;22799344444;23299344444
4368;23356764000;22799344444;23299344444
4369;23356765000;22799344444;23299344444
4370;23398320000;22840700000;23340700000
4380;23398431000;22841033333;23341033333
4381;23439795000;22882377777;23382377777
4382;23439808000;22882377777;23382377777
4383;23439809000;22882377777;23382377777
4384;23439811000;22882377777;23382377777
4385;23439812000;22882377777;23382377777
4386;23439814000;22882377777;23382377777
4387;23439815000;22882377777;23382377777
4388;23439963000;22882400000;23382400000
4389;23439966000;22882688888;23382688888
4390;23439968000;22882688888;23382688888
4391;23439969000;22882688888;23382688888
4392;23481120000;22924033333;23424033333
4403;23521997000;22965711111;23465711111
4405;23522001000;22965711111;23465711111
4406;23522002000;22965711111;23465711111
4407;23522003000;22965711111;23465711111
4408;23522004000;22965711111;23465711111
4409;23522004000;22965711111;23465711111
4410;23522185000;22965722222;23465722222
4411;23522189000;22966011111;23466011111
4412;23522190000;22966011111;23466011111
4413;23522191000;22966011111;23466011111
4414;23562328000;23007377777;23507377777
4426;23601946000;23049044444;23549044444
4429;23601949000;23049044444;23549044444
4430;23601950000;23049044444;23549044444
4431;23601951000;23049044444;23549044444
4432;23602159000;23049055555;23549055555
4433;23602174000;23049344444;23549344444
4434;23602175000;23049344444;23549344444
4435;23602176000;23049344444;23549344444
4436;23640797000;23090711111;23590711111
4451;23678080000;23132377777;23632377777
4452;23678094000;23132377777;23632377777
4453;23678095000;23132377777;23632377777
4454;23678243000;23132388888;23632388888
4455;23678247000;23132677777;23632677777
4456;23678249000;23132677777;23632677777
4457;23678250000;23132677777;23632677777
4458;23713218000;23174033333;23674033333
4476;23747394000;23215722222;23715722222
4478;23747409000;23216033333;23716033333
4479;23747410000;23216033333;23716033333
4480;23780433000;23257366666;23757366666
4481;23780437000;23257366666;23757366666
4482;23780438000;23257366666;23757366666
4483;23780439000;23257366666;23757366666
4484;23780440000;23257366666;23757366666
4485;23780441000;23257366666;23757366666
4487;23780766000;23257377777;23757377777
4488;23780781000;23257644444;23757644444
4489;23780783000;23257644444;23757644444
4490;23780783000;23257644444;23757644444
4491;23812941000;23299044444;23799044444
4503;23844504000;23340700000;23840700000
4507;23844507000;23340700000;23840700000
4508;23844508000;23340700000;23840700000
4509;23844729000;23340711111;23840711111
4510;23844744000;23341011111;23841011111
4511;23844745000;23341011111;23841011111
4512;23844746000;23341011111;23841011111
4513;23876442000;23382377777;23882377777
4530;23904930000;23424033333;23924033333
4532;23905050000;23424311111;23924311111
4533;23905054000;23424311111;23924311111
4534;23905055000;23424311111;23924311111
4535;23928583000;23465711111;23965711111
4536;23928587000;23465711111;23965711111
4537;23928588000;23465711111;23965711111
4538;23928589000;23465711111;23965711111
4539;23928590000;23465711111;23965711111
4540;23928590000;23465711111;23965711111
4541;23928591000;23465711111;23965711111
4542;23928792000;23465722222;23965722222
4543;23928807000;23466000000;23966000000
4544;23928808000;23466000000;23966000000
4545;23928809000;23466000000;23966000000
4546;23955264000;23507377777;24007377777
4558;23984722000;23549033333;24049033333
4561;23984725000;23549033333;24049033333
4562;23984726000;23549033333;24049033333
4563;23984727000;23549033333;24049033333
4564;23984927000;23549044444;24049044444
4565;23984949000;23549333333;24049333333
4566;23984950000;23549333333;24049333333
4567;23984951000;23549333333;24049333333
4568;24017073000;23590711111;24090711111
4569;24017077000;23590711111;24090711111
4570;24017078000;23590711111;24090711111
4571;24017088000;23590711111;24090711111
4572;24017089000;23590711111;24090711111
4573;24017090000;23590711111;24090711111
4574;24017091000;23590711111;24090711111
4575;24017290000;23590722222;24090722222
4576;24017305000;23591000000;24091000000
4577;24017306000;23591000000;24091000000
4578;24017307000;23591000000;24091000000
4579;24044552000;23632366666;24132366666
4580;24044556000;23632366666;24132366666
4581;24044557000;23632366666;24132366666
4582;24044558000;23632366666;24132366666
4583;24044559000;23632366666;24132366666
4584;24044560000;23632366666;24132366666
4585;24044561000;23632366666;24132366666
4586;24044761000;23632377777;24132377777
4587;24044767000;23632644444;24132644444
4588;24044768000;23632644444;24132644444
4589;24044769000;23632644444;24132644444
4590;24204335000;23674044444;24174044444
4601;24243712000;23715700000;24215700000
4607;24243716000;23715700000;24215700000
4608;24243931000;23715711111;24215711111
4609;24243946000;23716000000;24216000000
4610;24243947000;23716000000;24216000000
4611;24243948000;23716000000;24216000000
4612;24282618000;23757377777;24257377777
4618;24282621000;23757377777;24257377777
4619;24282821000;23757388888;24257388888
4620;24282837000;23757655555;24257655555
4621;24282838000;23757655555;24257655555
4622;24299189000;23757655555;24257655555
4623;24320062000;23799033333;24299033333
4624;24320065000;23799033333;24299033333
4625;24320076000;23799033333;24299033333
4626;24320077000;23799033333;24299033333
4627;24320079000;23799033333;24299033333
4628;24320080000;23799033333;24299033333
4629;24320082000;23799033333;24299033333
4630;24320228000;23799044444;24299044444
4631;24320231000;23799322222;24299322222
4632;24320233000;23799322222;24299322222
4633;24320234000;23799322222;24299322222
4634;24356377000;23840711111;24340711111
4635;24356380000;23840711111;24340711111
4636;24356381000;23840711111;24340711111
4637;24356382000;23840711111;24340711111
4638;24356383000;23840711111;24340711111
4639;24356384000;23840711111;24340711111
4640;24356385000;23840711111;24340711111
4641;24432751000;23840722222;24340722222
4644;24432766000;23841011111;24341011111
4645;24473812000;23882377777;24382377777
4646;24473815000;23882377777;24382377777
4647;24473816000;23882377777;24382377777
4648;24473818000;23882377777;24382377777
4649;24473819000;23882377777;24382377777
4650;24473819000;23882377777;24382377777
4651;24473820000;23882377777;24382377777
4652;24474019000;23882388888;24382388888
4653;24474035000;23882666666;24382666666
4654;24474036000;23882666666;24382666666
4655;24474037000;23882666666;24382666666
4656;24514501000;23924044444;24424044444
4657;24514505000;23924044444;24424044444
4658;24514506000;23924044444;24424044444
4659;24514507000;23924044444;24424044444
4660;24514508000;23924044444;24424044444
4661;24514509000;23924044444;24424044444
4662;24514510000;23924044444;24424044444
4663;24514709000;23924055555;24424055555
4664;24514724000;23924333333;24424333333
4665;24514725000;23924333333;24424333333
4666;24514726000;23924333333;24424333333
4667;24554518000;23965711111;24465711111
4668;24554522000;23965711111;24465711111
4669;24554523000;23965711111;24465711111
4670;24554524000;23965711111;24465711111
4671;24591335000;23965711111;24465711111
4672;24591339000;23965711111;24465711111
4673;24591341000;23965711111;24465711111
4674;24641832000;23965722222;24465722222
4675;24641847000;23965988888;24465988888
4676;24641848000;23965988888;24465988888
4677;24641849000;23965988888;24465988888
4678;24683335000;24007377777;24507377777
4679;24683338000;24007377777;24507377777
4680;24683340000;24007377777;24507377777
4681;24683341000;24007377777;24507377777
4682;24683341000;24007377777;24507377777
4683;24683342000;24007377777;24507377777
4684;24683343000;24007377777;24507377777
4685;24683543000;24007388888;24507388888
4686;24683558000;24007644444;24507644444
4687;24683567000;24007644444;24507644444
4688;24683568000;24007644444;24507644444
4689;24724885000;24049044444;24549044444
4690;24724889000;24049044444;24549044444
4691;24724890000;24049044444;24549044444
4692;24724891000;24049044444;24549044444
4693;24724891000;24049044444;24549044444
4694;24724892000;24049044444;24549044444
4695;24724893000;24049044444;24549044444
4696;24802374000;24049055555;24549055555
4697;24802389000;24049322222;24549322222
4698;24802390000;24049322222;24549322222
4699;24802391000;24049322222;24549322222
4700;24843862000;24090711111;24590711111
4701;24843866000;24090711111;24590711111
4702;24843867000;24090711111;24590711111
4703;24843868000;24090711111;24590711111
4704;24843869000;24090711111;24590711111
4705;24843870000;24090711111;24590711111
4706;24843870000;24090711111;24590711111
4707;24844077000;24090722222;24590722222
4708;24844092000;24091022222;24591022222
4709;24844093000;24091022222;24591022222
4710;24844094000;24091022222;24591022222
4711;24885365000;24132377777;24632377777
4712;24885368000;24132377777;24632377777
4713;24885369000;24132377777;24632377777
4714;24885380000;24132377777;24632377777
4715;24885381000;24132377777;24632377777
4716;24885381000;24132377777;24632377777
4717;24885382000;24132377777;24632377777
4718;24885520000;24132388888;24632388888
4719;24885523000;24132666666;24632666666
4720;24885524000;24132666666;24632666666
4721;24885525000;24132666666;24632666666
4722;24926756000;24174044444;24674044444
4723;24926759000;24174044444;24674044444
4724;24926760000;24174044444;24674044444
4725;24926760000;24174044444;24674044444
4726;24926762000;24174044444;24674044444
4727;24926763000;24174044444;24674044444
4728;24926763000;24174044444;24674044444
4729;24926905000;24174055555;24674055555
4730;24926908000;24174311111;24674311111
4731;24926909000;24174311111;24674311111
4732;24926910000;24174311111;24674311111
4733;24967851000;24215711111;24715711111
4734;24967854000;24215711111;24715711111
4735;24967856000;24215711111;24715711111
4736;24967867000;24215711111;24715711111
4737;24967868000;24215711111;24715711111
4738;24967870000;24215711111;24715711111
4739;24967871000;24215711111;24715711111
4740;25022788000;24215722222;24715722222
4743;25022803000;24216011111;24716011111
4744;25064316000;24257377777;24757377777
4745;25064320000;24257377777;24757377777
4746;25064321000;24257377777;24757377777
4747;25064322000;24257377777;24757377777
4748;25064322000;24257377777;24757377777
4749;25064323000;24257377777;24757377777
4750;25064324000;24257377777;24757377777
4751;25064546000;24257388888;24757388888
4752;25064551000;24257677777;24757677777
4753;25064552000;24257677777;24757677777
4754;25064553000;24257677777;24757677777
4755;25105909000;24299055555;24799055555
4756;25105913000;24299055555;24799055555
4757;25105914000;24299055555;24799055555
4758;25105915000;24299055555;24799055555
4759;25105916000;24299055555;24799055555
4760;25105917000;24299055555;24799055555
4761;25105918000;24299055555;24799055555
4762;25106117000;24299077777;24799077777
4763;25106133000;24299388888;24799388888
4764;25106134000;24299388888;24799388888
4765;25106135000;24299388888;24799388888
4766;25147339000;24340711111;24840711111
4768;25147444000;24340711111;24840711111
4769;25147447000;24340711111;24840711111
4770;25147458000;24340711111;24840711111
4771;25147460000;24340711111;24840711111
4772;25147460000;24340711111;24840711111
4773;25147661000;24340722222;24840722222
4774;25147667000;24341033333;24841033333
4775;25147669000;24341033333;24841033333
4776;25147669000;24341033333;24841033333
4777;25188517000;24382377777;24882377777
4778;25188520000;24382377777;24882377777
4779;25188521000;24382377777;24882377777
4780;25188522000;24382377777;24882377777
4781;25188523000;24382377777;24882377777
4782;25188524000;24382377777;24882377777
4783;25188525000;24382377777;24882377777
4785;25188635000;24382666666;24882666666
4786;25188638000;24382666666;24882666666
4787;25188639000;24382666666;24882666666
4788;25229688000;24424044444;24924044444
4789;25229691000;24424044444;24924044444
4790;25229692000;24424044444;24924044444
4791;25229702000;24424044444;24924044444
4792;25229703000;24424044444;24924044444
4793;25229704000;24424044444;24924044444
4794;25229705000;24424044444;24924044444
4795;25229903000;24424055555;24924055555
4796;25229919000;24424366666;24924366666
4797;25233875000;24424366666;24924366666
4798;25233878000;24424366666;24924366666
4799;25270213000;24465700000;24965700000
4800;25270216000;24465700000;24965700000
4801;25270217000;24465700000;24965700000
4802;25270219000;24465700000;24965700000
4804;25270220000;24465700000;24965700000
4807;25270330000;24466055555;24966055555
4808;25270333000;24466055555;24966055555
4809;25270334000;24466055555;24966055555
4810;25310878000;24507377777;25007377777
4811;25310881000;24507377777;25007377777
4812;25310882000;24507377777;25007377777
4813;25310883000;24507377777;25007377777
4814;25310884000;24507377777;25007377777
4815;25310885000;24507377777;25007377777
4816;25314168000;24507377777;25007377777
4817;25364547000;24507388888;25007388888
4820;25364552000;24507688888;25007688888
4821;25406125000;24549033333;25049033333
4831;25406237000;24549366666;25049366666
4832;25447651000;24590711111;25090711111
4834;25447654000;24590711111;25090711111
4835;25447656000;24590711111;25090711111
4836;25447657000;24590711111;25090711111
4837;25447657000;24590711111;25090711111
4838;25447658000;24590711111;25090711111
4839;25447858000;24590722222;25090722222
4840;25447873000;24591033333;25091033333
4841;25447874000;24591033333;25091033333
4842;25447875000;24591033333;25091033333
4843;25488752000;24632377777;25132377777
4852;25488865000;24632700000;25132700000
4853;25488868000;24632700000;25132700000
4854;25529290000;24674033333;25174033333
4855;25529293000;24674033333;25174033333
4856;25529294000;24674033333;25174033333
4857;25529295000;24674033333;25174033333
4858;25529296000;24674033333;25174033333
4859;25529297000;24674033333;25174033333
4860;25529298000;24674033333;25174033333
4861;25529435000;24674044444;25174044444
4862;25529437000;24674322222;25174322222
4863;25529438000;24674322222;25174322222
4864;25529439000;24674322222;25174322222
4865;25569133000;24715711111;25215711111
4872;25569335000;24715722222;25215722222
4873;25569350000;24716033333;25216033333
4874;25569351000;24716033333;25216033333
4875;25569352000;24716033333;25216033333
4876;25608072000;24757366666;25257366666
4877;25608076000;24757366666;25257366666
4878;25608077000;24757366666;25257366666
4879;25608078000;24757366666;25257366666
4883;25608278000;24757377777;25257377777
4884;25608284000;24757688888;25257688888
4885;25608285000;24757688888;25257688888
4886;25608286000;24757688888;25257688888
4887;25646067000;24799044444;25299044444
4895;25646181000;24799355555;25299355555
4896;25646184000;24799355555;25299355555
4897;25646185000;24799355555;25299355555
4898;25683066000;24840711111;25340711111
4899;25683070000;24840711111;25340711111
4900;25683071000;24840711111;25340711111
4901;25683072000;24840711111;25340711111
4902;25683073000;24840711111;25340711111
4903;25683074000;24840711111;25340711111
4904;25683075000;24840711111;25340711111
4905;25683215000;24840722222;25340722222
4906;25683218000;24841044444;25341044444
4907;25683219000;24841044444;25341044444
4908;25683220000;24841044444;25341044444
4909;25719235000;24882377777;25382377777
4917;25719357000;24882711111;25382711111
4918;25719360000;24882711111;25382711111
4919;25719361000;24882711111;25382711111
4920;25754505000;24924033333;25424033333
4921;25754508000;24924033333;25424033333
4922;25754509000;24924033333;25424033333
4923;25754510000;24924033333;25424033333
4924;25754511000;24924033333;25424033333
4925;25754512000;24924033333;25424033333
4926;25754513000;24924033333;25424033333
4927;25754712000;24924044444;25424044444
4928;25754727000;24924366666;25424366666
4929;25754728000;24924366666;25424366666
4930;25754729000;24924366666;25424366666
4931;25789231000;24965711111;25465711111
4933;25789365000;24965711111;25465711111
4934;25789368000;24965711111;25465711111
4935;25789380000;24965711111;25465711111
4936;25789381000;24965711111;25465711111
4937;25789382000;24965711111;25465711111
4938;25789590000;24965722222;25465722222
4939;25789605000;24966022222;25466022222
4940;25789606000;24966022222;25466022222
4941;25789607000;24966022222;25466022222
4942;25823626000;25007366666;25507366666
4943;25823641000;25007366666;25507366666
4944;25823643000;25007366666;25507366666
4945;25823645000;25007366666;25507366666
4946;25823646000;25007366666;25507366666
4947;25823648000;25007366666;25507366666
4948;25823650000;25007366666;25507366666
4949;25823867000;25007377777;25507377777
4951;25823870000;25007677777;25507677777
4952;25823872000;25007677777;25507677777
4953;25857651000;25049044444;25549044444
4954;25857654000;25049044444;25549044444
4955;25857655000;25049044444;25549044444
4956;25857656000;25049044444;25549044444
4957;25857657000;25049044444;25549044444
4958;25857658000;25049044444;25549044444
4959;25857659000;25049044444;25549044444
4960;25857858000;25049055555;25549055555
4961;25857873000;25049355555;25549355555
4962;25857874000;25049355555;25549355555
4963;25857875000;25049355555;25549355555
4964;25891952000;25090711111;25590711111
4966;25891956000;25090711111;25590711111
4967;25891957000;25090711111;25590711111
4968;25891957000;25090711111;25590711111
4969;25891958000;25090711111;25590711111
4970;25891959000;25090711111;25590711111
4971;25892165000;25090722222;25590722222
4972;25892180000;25091044444;25591044444
4973;25892182000;25091044444;25591044444
4974;25892183000;25091044444;25591044444
4975;25926969000;25132377777;25632377777
4976;25926972000;25132377777;25632377777
4977;25926983000;25132377777;25632377777
4978;25926984000;25132377777;25632377777
4979;25926986000;25132377777;25632377777
4980;25926987000;25132377777;25632377777
4981;25926989000;25132377777;25632377777
4982;25927136000;25132388888;25632388888
4983;25927140000;25132688888;25632688888
4984;25927141000;25132688888;25632688888
4985;25927143000;25132688888;25632688888
4986;25960753000;25174044444;25674044444
4991;25960756000;25174044444;25674044444
4992;25960757000;25174044444;25674044444
4993;25960958000;25174055555;25674055555
4994;25960973000;25174344444;25674344444
4995;25960974000;25174344444;25674344444
4996;25960975000;25174344444;25674344444
4997;25992098000;25215711111;25715711111
4998;25992101000;25215711111;25715711111
4999;25992102000;25215711111;25715711111
5000;25992103000;25215711111;25715711111
5001;25992104000;25215711111;25715711111
5002;25992105000;25215711111;25715711111
5003;25992106000;25215711111;25715711111
5004;25992305000;25215722222;25715722222
5005;25992321000;25216044444;25716044444
5006;25992322000;25216044444;25716044444
5007;25992323000;25216044444;25716044444
5008;26025328000;25257377777;25757377777
5009;26025331000;25257377777;25757377777
5010;26025332000;25257377777;25757377777
5011;26025333000;25257377777;25757377777
5012;26025334000;25257377777;25757377777
5013;26025335000;25257377777;25757377777
5014;26025345000;25257377777;25757377777
5015;26025478000;25257388888;25757388888
5016;26025481000;25257677777;25757677777
5017;26025482000;25257677777;25757677777
5018;26025483000;25257677777;25757677777
5019;26060199000;25299044444;25799044444
5020;26060202000;25299044444;25799044444
5021;26060203000;25299044444;25799044444
5022;26060204000;25299044444;25799044444
5023;26060205000;25299044444;25799044444
5024;26060206000;25299044444;25799044444
5025;26060207000;25299044444;25799044444
5026;26060406000;25299066666;25799066666
5027;26060421000;25299355555;25799355555
5028;26060422000;25299355555;25799355555
5029;26060423000;25299355555;25799355555
5030;26096749000;25340711111;25840711111
5031;26096753000;25340711111;25840711111
5032;26096754000;25340711111;25840711111
5033;26096755000;25340711111;25840711111
5034;26096756000;25340711111;25840711111
5035;26096757000;25340711111;25840711111
5036;26096758000;25340711111;25840711111
5037;26096957000;25340722222;25840722222
5038;26096972000;25341033333;25841033333
5039;26096973000;25341033333;25841033333
5040;26096974000;25341033333;25841033333
5041;26134190000;25382377777;25882377777
5043;26134193000;25382377777;25882377777
5044;26134194000;25382377777;25882377777
5045;26134211000;25382377777;25882377777
5046;26134212000;25382377777;25882377777
5047;26134213000;25382377777;25882377777
5048;26134349000;25382388888;25882388888
5049;26134352000;25382666666;25882666666
5050;26134353000;25382666666;25882666666
5051;26134354000;25382666666;25882666666
5052;26172760000;25424044444;25924044444
5053;26172764000;25424044444;25924044444
5054;26172765000;25424044444;25924044444
5055;26172766000;25424044444;25924044444
5056;26172767000;25424044444;25924044444
5057;26172768000;25424044444;25924044444
5058;26172769000;25424044444;25924044444
5059;26172941000;25424055555;25924055555
5060;26172948000;25424333333;25924333333
5061;26172949000;25424333333;25924333333
5062;26172950000;25424333333;25924333333
5063;26202491000;25465711111;25965711111
5071;26202603000;25466022222;25966022222
5072;26202606000;25466022222;25966022222
5073;26202607000;25466022222;25966022222
5074;26225301000;25507377777;26007377777
5075;26225305000;25507377777;26007377777
5076;26225306000;25507377777;26007377777
5077;26225307000;25507377777;26007377777
5078;26225308000;25507377777;26007377777
5079;26225309000;25507377777;26007377777
5080;26225310000;25507377777;26007377777
5081;26225448000;25507388888;26007388888
5082;26225451000;25507677777;26007677777
5083;26225452000;25507677777;26007677777
5084;26225453000;25507677777;26007677777
5085;26256657000;25549044444;26049044444
5086;26256660000;25549044444;26049044444
5087;26256661000;25549044444;26049044444
5088;26256662000;25549044444;26049044444
5089;26256663000;25549044444;26049044444
5090;26256663000;25549044444;26049044444
5091;26256665000;25549044444;26049044444
5092;26256864000;25549055555;26049055555
5093;26256879000;25549377777;26049377777
5094;26256880000;25549377777;26049377777
5095;26256881000;25549377777;26049377777
5096;26292838000;25590711111;26090711111
5100;26292842000;25590711111;26090711111
5101;26292843000;25590711111;26090711111
5102;26292844000;25590711111;26090711111
5103;26293050000;25590722222;26090722222
5104;26293056000;25591033333;26091033333
5105;26293057000;25591033333;26091033333
5106;26293058000;25591033333;26091033333
5107;26331238000;25632377777;26132377777
5111;26331241000;25632377777;26132377777
5112;26331252000;25632377777;26132377777
5113;26331253000;25632377777;26132377777
5114;26331386000;25632388888;26132388888
5115;26331389000;25632666666;26132666666
5116;26331390000;25632666666;26132666666
5117;26331391000;25632666666;26132666666
5118;26356607000;25674044444;26174044444
5119;26356611000;25674044444;26174044444
5120;26356612000;25674044444;26174044444
5121;26356613000;25674044444;26174044444
5122;26356614000;25674044444;26174044444
5123;26356615000;25674044444;26174044444
5124;26356616000;25674044444;26174044444
5125;26356815000;25674055555;26174055555
5126;26356822000;25674344444;26174344444
5127;26356823000;25674344444;26174344444
5128;26356824000;25674344444;26174344444
5129;26377718000;25715700000;26215700000
5131;26377721000;25715700000;26215700000
5132;26377722000;25715700000;26215700000
5133;26377723000;25715700000;26215700000
5134;26377724000;25715700000;26215700000
5135;26377734000;25715700000;26215700000
5136;26377872000;25715722222;26215722222
5137;26377874000;25716011111;26216011111
5138;26377875000;25716011111;26216011111
5139;26377876000;25716011111;26216011111
5140;26412264000;25757377777;26257377777
5143;26412267000;25757377777;26257377777
5144;26412268000;25757377777;26257377777
5145;26412269000;25757377777;26257377777
5146;26412270000;25757377777;26257377777
5147;26412485000;25757388888;26257388888
5148;26412500000;25757677777;26257677777
5149;26412501000;25757677777;26257677777
5150;26412502000;25757677777;26257677777
5151;26433711000;25799033333;26299033333
5152;26433715000;25799033333;26299033333
5153;26433716000;25799033333;26299033333
5154;26433717000;25799033333;26299033333
5155;26433718000;25799033333;26299033333
5156;26433719000;25799033333;26299033333
5157;26433720000;25799033333;26299033333
5158;26433920000;25799044444;26299044444
5159;26433935000;25799344444;26299344444
5160;26433936000;25799344444;26299344444
5161;26433944000;25799344444;26299344444
5162;26454944000;25840711111;26340711111
5163;26454947000;25840711111;26340711111
5164;26454948000;25840711111;26340711111
5165;26454949000;25840711111;26340711111
5166;26454959000;25840711111;26340711111
5167;26454960000;25840711111;26340711111
5168;26454961000;25840711111;26340711111
5169;26455100000;25840722222;26340722222
5170;26455103000;25841022222;26341022222
5171;26455104000;25841022222;26341022222
5172;26455105000;25841022222;26341022222
5173;26491121000;25882366666;26382366666
5175;26491125000;25882366666;26382366666
5176;26491126000;25882366666;26382366666
5177;26491127000;25882366666;26382366666
5178;26491128000;25882366666;26382366666
5179;26491129000;25882366666;26382366666
5180;26491328000;25882377777;26382377777
5181;26491343000;25882677777;26382677777
5182;26491344000;25882677777;26382677777
5183;26491345000;25882677777;26382677777
5184;26510108000;25924044444;26424044444
5185;26510110000;25924044444;26424044444
5186;26510111000;25924044444;26424044444
5187;26510112000;25924044444;26424044444
5188;26510113000;25924044444;26424044444
5189;26510114000;25924044444;26424044444
5190;26510115000;25924044444;26424044444
5191;26510257000;25924055555;26424055555
5192;26510259000;25924377777;26424377777
5193;26510260000;25924377777;26424377777
5194;26510261000;25924377777;26424377777
5195;26532950000;25965700000;26465700000
5196;26532953000;25965700000;26465700000
5197;26532964000;25965700000;26465700000
5198;26532965000;25965700000;26465700000
5199;26532967000;25965700000;26465700000
5200;26532968000;25965700000;26465700000
5201;26532970000;25965700000;26465700000
5202;26533124000;25965711111;26465711111
5203;26533128000;25966011111;26466011111
5204;26533130000;25966011111;26466011111
5205;26533131000;25966011111;26466011111
5206;26570558000;26007377777;26507377777
5209;26570562000;26007377777;26507377777
5210;26570572000;26007377777;26507377777
5211;26570573000;26007377777;26507377777
5212;26570574000;26007377777;26507377777
5213;26570712000;26007388888;26507388888
5214;26570715000;26007688888;26507688888
5215;26570716000;26007688888;26507688888
5216;26570717000;26007688888;26507688888
5217;26602228000;26049055555;26549055555
5228;26626959000;26090711111;26590711111
5231;26626972000;26090711111;26590711111
5232;26626974000;26090711111;26590711111
5233;26626975000;26090711111;26590711111
5234;26626977000;26090711111;26590711111
5235;26627158000;26090722222;26590722222
5236;26627162000;26091044444;26591044444
5237;26627163000;26091044444;26591044444
5238;26627165000;26091044444;26591044444
5239;26653678000;26132377777;26632377777
5243;26653681000;26132377777;26632377777
5244;26653683000;26132377777;26632377777
5245;26653693000;26132377777;26632377777
5246;26653837000;26132388888;26632388888
5247;26653841000;26132677777;26632677777
5248;26653842000;26132677777;26632677777
5249;26653843000;26132677777;26632677777
5250;26662169000;26174044444;26674044444
5251;26662172000;26174044444;26674044444
5252;26662173000;26174044444;26674044444
5253;26662174000;26174044444;26674044444
5254;26662176000;26174044444;26674044444
5255;26662177000;26174044444;26674044444
5256;26662188000;26174044444;26674044444
5257;26662329000;26174055555;26674055555
5258;26662332000;26174333333;26674333333
5259;26662333000;26174333333;26674333333
5260;26662335000;26174333333;26674333333
5261;26691227000;26215711111;26715711111
5263;26691230000;26215711111;26715711111
5264;26691231000;26215711111;26715711111
5265;26691232000;26215711111;26715711111
5266;26691233000;26215711111;26715711111
5267;26691234000;26215711111;26715711111
5268;26691376000;26215722222;26715722222
5269;26691378000;26216022222;26716022222
5270;26691379000;26216022222;26716022222
5271;26691380000;26216022222;26716022222
5272;26730173000;26257377777;26757377777
5279;26730359000;26257388888;26757388888
5280;26730362000;26257700000;26757700000
5281;26730364000;26257700000;26757700000
5282;26730366000;26257700000;26757700000
5283;26737991000;26299044444;26799044444
5284;26737993000;26299044444;26799044444
5285;26738012000;26299044444;26799044444
5286;26738014000;26299044444;26799044444
5287;26738015000;26299044444;26799044444
5288;26738016000;26299044444;26799044444
5289;26738018000;26299044444;26799044444
5290;26738162000;26299055555;26799055555
5291;26738165000;26299344444;26799344444
5292;26738167000;26299344444;26799344444
5293;26738168000;26299344444;26799344444
5294;26771168000;26340700000;26840700000
5299;26771171000;26340700000;26840700000
5300;26771181000;26340700000;26840700000
5301;26771324000;26340711111;26840711111
5302;26771327000;26341022222;26841022222
5303;26771329000;26341022222;26841022222
5304;26771331000;26341022222;26841022222
5305;26810027000;26382377777;26882377777
5306;26810030000;26382377777;26882377777
5307;26810031000;26382377777;26882377777
5308;26810042000;26382377777;26882377777
5309;26810050000;26382377777;26882377777
5310;26810051000;26382377777;26882377777
5311;26810053000;26382377777;26882377777
5312;26810231000;26382388888;26882388888
5313;26810236000;26382666666;26882666666
5314;26810238000;26382666666;26882666666
5315;26810240000;26382666666;26882666666
5316;26813649000;26424033333;26924033333
5317;26813652000;26424033333;26924033333
5318;26813653000;26424033333;26924033333
5319;26813655000;26424033333;26924033333
5320;26813656000;26424033333;26924033333
5321;26813667000;26424033333;26924033333
5322;26813668000;26424033333;26924033333
5323;26813806000;26424044444;26924044444
5324;26813809000;26424333333;26924333333
5325;26813810000;26424333333;26924333333
5326;26813812000;26424333333;26924333333
5327;26851438000;26465711111;26965711111
5336;26851664000;26466055555;26966055555
5337;26851666000;26466055555;26966055555
5338;26889912000;26507377777;27007377777
5339;26889915000;26507377777;27007377777
5340;26889917000;26507377777;27007377777
5341;26889918000;26507377777;27007377777
5342;26889920000;26507377777;27007377777
5343;26889930000;26507377777;27007377777
5344;26889932000;26507377777;27007377777
5345;26890074000;26507400000;27007400000
5346;26890077000;26507677777;27007677777
5347;26890079000;26507677777;27007677777
5348;26890080000;26507677777;27007677777
5349;26931193000;26549044444;27049044444
5353;26931196000;26549044444;27049044444
5354;26931197000;26549044444;27049044444
5355;26931199000;26549044444;27049044444
5356;26931348000;26549055555;27049055555
5357;26931351000;26549355555;27049355555
5358;26931353000;26549355555;27049355555
5359;26931354000;26549355555;27049355555
5360;26971874000;26590711111;27090711111
5368;26971955000;26591022222;27091022222
5369;26971958000;26591022222;27091022222
5370;26971959000;26591022222;27091022222
5371;27107178000;26632377777;27132377777
5394;27182472000;26715711111;27215711111
5417;27251530000;26799044444;27299044444
5441;27313505000;26882377777;27382377777
5448;27342608000;26924044444;27424044444
5453;27342611000;26924044444;27424044444
5454;27342612000;26924044444;27424044444
5455;27342812000;26924055555;27424055555
5456;27342827000;26924355555;27424355555
5457;27342829000;26924355555;27424355555
5458;27342830000;26924355555;27424355555
5459;27370547000;26965711111;27465711111
5460;27370553000;26965711111;27465711111
5461;27370555000;26965711111;27465711111
5462;27370557000;26965711111;27465711111
5463;27370558000;26965711111;27465711111
5464;27370560000;26965711111;27465711111
5465;27370561000;26965711111;27465711111
5466;27370768000;26965722222;27465722222
5467;27370784000;26966011111;27466011111
5468;27370785000;26966011111;27466011111
5469;27370786000;26966011111;27466011111
5470;27467195000;27007377777;27507377777
5474;27467199000;27007377777;27507377777
5475;27467201000;27007377777;27507377777
5476;27467202000;27007377777;27507377777
5477;27467403000;27007388888;27507388888
5478;27467409000;27007666666;27507666666
5479;27467410000;27007666666;27507666666
5480;27467411000;27007666666;27507666666
5481;27507209000;27049044444;27549044444
5482;27507212000;27049044444;27549044444
5483;27507214000;27049044444;27549044444
5484;27507215000;27049044444;27549044444
5485;27507217000;27049044444;27549044444
5486;27507218000;27049044444;27549044444
5487;27507235000;27049044444;27549044444
5488;27507383000;27049055555;27549055555
5489;27507387000;27049366666;27549366666
5490;27507388000;27049366666;27549366666
5491;27507390000;27049366666;27549366666
5492;27546735000;27090711111;27590711111
5493;27546738000;27090711111;27590711111
5494;27546748000;27090711111;27590711111
5495;27546750000;27090711111;27590711111
5496;27546751000;27090711111;27590711111
5497;27546753000;27090711111;27590711111
5498;27546754000;27090711111;27590711111
5499;27546898000;27090722222;27590722222
