seqnum;now;rtptime;deadline;packet_len;payload_len
0;2071675000;2035600000;2535600000;10240;10228
2;2071822000;2035600000;2535600000;10240;10228
4;2071858000;2067000000;2567000000;10240;10228
6;2071863000;2067000000;2567000000;10240;10228
1;2071871000;2035600000;2535600000;10240;10228
3;2072040000;2067000000;2567000000;10240;10228
5;2072240000;2067000000;2567000000;10240;10228
7;2072263000;2067000000;2567000000;10240;10228
8;2081912000;2067000000;2567000000;10240;10228
9;2081924000;2067000000;2567000000;10240;10228
10;2081932000;2067033333;2567033333;10240;10228
12;2113354000;2067388888;2567388888;10240;10228
14;2113376000;2108666666;2608666666;10240;10228
16;2113383000;2108666666;2608666666;10240;10228
18;2113401000;2108666666;2608666666;10240;10228
20;2113408000;2108666666;2608666666;10240;10228
21;2113414000;2108711111;2608711111;10240;10228
11;2113483000;2067388888;2567388888;10240;10228
13;2113690000;2067388888;2567388888;10240;10228
15;2113891000;2108666666;2608666666;10240;10228
17;2113902000;2108666666;2608666666;10240;10228
19;2114085000;2108666666;2608666666;10240;10228
22;2154981000;2109088888;2609088888;10240;10228
24;2155001000;2109088888;2609088888;10240;10228
26;2155024000;2150322222;2650322222;10240;10228
30;2155035000;2150322222;2650322222;10240;10228
32;2155040000;2150366666;2650366666;10240;10228
23;2155203000;2109088888;2609088888;10240;10228
25;2155430000;2150322222;2650322222;10240;10228
27;2155463000;2150322222;2650322222;10240;10228
29;2155564000;2150322222;2650322222;10240;10228
31;2155775000;2150322222;2650322222;10240;10228
34;2196686000;2150700000;2650700000;10240;10228
36;2196708000;2191988888;2691988888;10240;10228
38;2196713000;2191988888;2691988888;10240;10228
40;2196727000;2191988888;2691988888;10240;10228
42;2196731000;2191988888;2691988888;10240;10228
33;2196845000;2150700000;2650700000;10240;10228
35;2197068000;2150700000;2650700000;10240;10228
37;2197088000;2191988888;2691988888;10240;10228
39;2197258000;2191988888;2691988888;10240;10228
41;2197463000;2191988888;2691988888;10240;10228
43;2197482000;2192033333;2692033333;10240;10228
28;2206929000;2150322222;2650322222;10240;10228
44;2238304000;2192422222;2692422222;10240;10228
46;2238328000;2192422222;2692422222;10240;10228
48;2238346000;2233655555;2733655555;10240;10228
50;2238351000;2233655555;2733655555;10240;10228
52;2238367000;2233655555;2733655555;10240;10228
45;2238502000;2192422222;2692422222;10240;10228
47;2238704000;2233655555;2733655555;10240;10228
49;2238901000;2233655555;2733655555;10240;10228
51;2238922000;2233655555;2733655555;10240;10228
53;2239076000;2233655555;2733655555;10240;10228
54;2239082000;2233700000;2733700000;10240;10228
56;2280033000;2234011111;2734011111;10240;10228
58;2280089000;2275322222;2775322222;10240;10228
60;2280110000;2275322222;2775322222;10240;10228
62;2280123000;2275322222;2775322222;10240;10228
64;2280128000;2275322222;2775322222;10240;10228
59;2280203000;2275322222;2775322222;10240;10228
61;2280400000;2275322222;2775322222;10240;10228
63;2280410000;2275322222;2775322222;10240;10228
65;2280600000;2275366666;2775366666;10240;10228
55;2290854000;2234011111;2734011111;10240;10228
57;2291021000;2234011111;2734011111;10240;10228
66;2321637000;2275655555;2775655555;10240;10228
68;2321646000;2275655555;2775655555;10240;10228
70;2321669000;2316988888;2816988888;10240;10228
72;2321673000;2316988888;2816988888;10240;10228
74;2321697000;2316988888;2816988888;10240;10228
67;2321841000;2275655555;2775655555;10240;10228
69;2322015000;2316988888;2816988888;10240;10228
71;2322258000;2316988888;2816988888;10240;10228
73;2322299000;2316988888;2816988888;10240;10228
75;2331885000;2316988888;2816988888;10240;10228
76;2331898000;2317033333;2817033333;10240;10228
78;2363272000;2317388888;2817388888;10240;10228
80;2363297000;2358633333;2858633333;10240;10228
82;2363309000;2358633333;2858633333;10240;10228
84;2363313000;2358633333;2858633333;10240;10228
86;2363328000;2358633333;2858633333;10240;10228
77;2363473000;2317388888;2817388888;10240;10228
79;2363682000;2317388888;2817388888;10240;10228
81;2363698000;2358633333;2858633333;10240;10228
83;2363831000;2358633333;2858633333;10240;10228
85;2364070000;2358633333;2858633333;10240;10228
87;2373547000;2358677777;2858677777;10240;10228
88;2404972000;2358977777;2858977777;10240;10228
90;2404987000;2358977777;2858977777;10240;10228
92;2404995000;2400333333;2900333333;10240;10228
94;2405010000;2400333333;2900333333;10240;10228
96;2405016000;2400333333;2900333333;10240;10228
89;2405185000;2358977777;2858977777;10240;10228
91;2405395000;2400333333;2900333333;10240;10228
93;2405431000;2400333333;2900333333;10240;10228
95;2405599000;2400333333;2900333333;10240;10228
97;2405753000;2400333333;2900333333;10240;10228
98;2415222000;2400377777;2900377777;10240;10228
100;2446645000;2400688888;2900688888;10240;10228
102;2446674000;2441988888;2941988888;10240;10228
104;2446680000;2441988888;2941988888;10240;10228
106;2446685000;2441988888;2941988888;10240;10228
108;2446698000;2441988888;2941988888;10240;10228
101;2446851000;2400688888;2900688888;10240;10228
103;2447078000;2441988888;2941988888;10240;10228
105;2447096000;2441988888;2941988888;10240;10228
107;2447269000;2441988888;2941988888;10240;10228
109;2456889000;2442033333;2942033333;10240;10228
99;2457293000;2400688888;2900688888;10240;10228
110;2488284000;2442333333;2942333333;10240;10228
112;2488296000;2442333333;2942333333;10240;10228
114;2488303000;2483666666;2983666666;10240;10228
116;2488318000;2483666666;2983666666;10240;10228
111;2488509000;2442333333;2942333333;10240;10228
113;2488711000;2483666666;2983666666;10240;10228
115;2488749000;2483666666;2983666666;10240;10228
118;2498615000;2483666666;2983666666;10240;10228
119;2498644000;2483666666;2983666666;10240;10228
120;2498659000;2483700000;2983700000;10240;10228
117;2508898000;2483666666;2983666666;10240;10228
121;2529964000;2483988888;2983988888;10240;10228
123;2529976000;2483988888;2983988888;10240;10228
125;2529983000;2525322222;3025322222;10240;10228
122;2530168000;2483988888;2983988888;10240;10228
124;2530369000;2525322222;3025322222;10240;10228
126;2530565000;2525322222;3025322222;10240;10228
127;2530585000;2525322222;3025322222;10240;10228
128;2540289000;2525322222;3025322222;10240;10228
129;2540300000;2525322222;3025322222;10240;10228
130;2540304000;2525322222;3025322222;10240;10228
131;2540308000;2525355555;3025355555;10240;10228
133;2571640000;2525644444;3025644444;10240;10228
135;2571664000;2567000000;3067000000;10240;10228
137;2571676000;2567000000;3067000000;10240;10228
139;2571682000;2567000000;3067000000;10240;10228
140;2571696000;2567000000;3067000000;10240;10228
132;2571846000;2525644444;3025644444;10240;10228
134;2572014000;2525644444;3025644444;10240;10228
136;2572260000;2567000000;3067000000;10240;10228
138;2572278000;2567000000;3067000000;10240;10228
141;2581942000;2567000000;3067000000;10240;10228
142;2581952000;2567033333;3067033333;10240;10228
144;2613270000;2567333333;3067333333;10240;10228
146;2613301000;2608633333;3108633333;10240;10228
148;2613307000;2608633333;3108633333;10240;10228
150;2613313000;2608633333;3108633333;10240;10228
151;2613326000;2608633333;3108633333;10240;10228
143;2613476000;2567333333;3067333333;10240;10228
145;2613679000;2567333333;3067333333;10240;10228
147;2613716000;2608633333;3108633333;10240;10228
149;2613880000;2608633333;3108633333;10240;10228
152;2623549000;2608633333;3108633333;10240;10228
153;2623569000;2608677777;3108677777;10240;10228
155;2655019000;2608977777;3108977777;10240;10228
157;2655053000;2650344444;3150344444;10240;10228
159;2655071000;2650344444;3150344444;10240;10228
161;2655077000;2650344444;3150344444;10240;10228
162;2655090000;2650344444;3150344444;10240;10228
154;2655191000;2608977777;3108977777;10240;10228
156;2655389000;2608977777;3108977777;10240;10228
158;2655417000;2650344444;3150344444;10240;10228
160;2655601000;2650344444;3150344444;10240;10228
163;2665273000;2650344444;3150344444;10240;10228
164;2665291000;2650388888;3150388888;10240;10228
166;2696700000;2650722222;3150722222;10240;10228
168;2696725000;2692000000;3192000000;10240;10228
170;2696732000;2692000000;3192000000;10240;10228
172;2696738000;2692000000;3192000000;10240;10228
173;2696772000;2692000000;3192000000;10240;10228
165;2696850000;2650722222;3150722222;10240;10228
167;2697012000;2650722222;3150722222;10240;10228
169;2697263000;2692000000;3192000000;10240;10228
171;2697283000;2692000000;3192000000;10240;10228
174;2706989000;2692000000;3192000000;10240;10228
175;2706998000;2692033333;3192033333;10240;10228
177;2738347000;2692377777;3192377777;10240;10228
179;2738369000;2733655555;3233655555;10240;10228
181;2738374000;2733655555;3233655555;10240;10228
183;2738378000;2733655555;3233655555;10240;10228
184;2738383000;2733655555;3233655555;10240;10228
176;2738508000;2692377777;3192377777;10240;10228
178;2738711000;2692377777;3192377777;10240;10228
180;2738729000;2733655555;3233655555;10240;10228
182;2738879000;2733655555;3233655555;10240;10228
185;2748591000;2733655555;3233655555;10240;10228
186;2748610000;2733700000;3233700000;10240;10228
188;2779957000;2733988888;3233988888;10240;10228
190;2779980000;2775322222;3275322222;10240;10228
192;2779987000;2775322222;3275322222;10240;10228
194;2779992000;2775322222;3275322222;10240;10228
195;2779997000;2775322222;3275322222;10240;10228
187;2780139000;2733988888;3233988888;10240;10228
189;2780363000;2733988888;3233988888;10240;10228
191;2780562000;2775322222;3275322222;10240;10228
193;2780589000;2775322222;3275322222;10240;10228
196;2790205000;2775322222;3275322222;10240;10228
197;2790214000;2775366666;3275366666;10240;10228
199;2821635000;2775633333;3275633333;10240;10228
201;2821648000;2817000000;3317000000;10240;10228
203;2821654000;2817000000;3317000000;10240;10228
205;2821658000;2817000000;3317000000;10240;10228
206;2821672000;2817000000;3317000000;10240;10228
198;2821837000;2775633333;3275633333;10240;10228
200;2822032000;2775633333;3275633333;10240;10228
202;2822244000;2817000000;3317000000;10240;10228
204;2822273000;2817000000;3317000000;10240;10228
207;2831818000;2817000000;3317000000;10240;10228
208;2831840000;2817033333;3317033333;10240;10228
210;2863258000;2817333333;3317333333;10240;10228
212;2863267000;2858622222;3358622222;10240;10228
214;2863276000;2858622222;3358622222;10240;10228
216;2863282000;2858622222;3358622222;10240;10228
217;2863287000;2858622222;3358622222;10240;10228
209;2863442000;2817333333;3317333333;10240;10228
211;2863670000;2817333333;3317333333;10240;10228
213;2863863000;2858622222;3358622222;10240;10228
215;2863890000;2858622222;3358622222;10240;10228
218;2873510000;2858622222;3358622222;10240;10228
219;2873521000;2858666666;3358666666;10240;10228
221;2904969000;2858988888;3358988888;10240;10228
223;2904981000;2900322222;3400322222;10240;10228
225;2904987000;2900322222;3400322222;10240;10228
227;2904991000;2900322222;3400322222;10240;10228
228;2904996000;2900322222;3400322222;10240;10228
220;2905161000;2858988888;3358988888;10240;10228
222;2905365000;2858988888;3358988888;10240;10228
224;2905569000;2900322222;3400322222;10240;10228
226;2905597000;2900322222;3400322222;10240;10228
229;2915215000;2900322222;3400322222;10240;10228
230;2915238000;2900366666;3400366666;10240;10228
232;2946598000;2900655555;3400655555;10240;10228
234;2946614000;2941988888;3441988888;10240;10228
236;2946620000;2941988888;3441988888;10240;10228
238;2946625000;2941988888;3441988888;10240;10228
239;2946633000;2941988888;3441988888;10240;10228
231;2946812000;2900655555;3400655555;10240;10228
233;2947008000;2900655555;3400655555;10240;10228
235;2947241000;2941988888;3441988888;10240;10228
237;2947269000;2941988888;3441988888;10240;10228
240;2956829000;2941988888;3441988888;10240;10228
241;2956849000;2942033333;3442033333;10240;10228
243;2988263000;2942355555;3442355555;10240;10228
245;2988287000;2983633333;3483633333;10240;10228
247;2988315000;2983633333;3483633333;10240;10228
249;2988320000;2983633333;3483633333;10240;10228
250;2988334000;2983633333;3483633333;10240;10228
242;2988480000;2942355555;3442355555;10240;10228
244;2988680000;2942355555;3442355555;10240;10228
246;2988716000;2983633333;3483633333;10240;10228
248;2988884000;2983633333;3483633333;10240;10228
251;2998483000;2983633333;3483633333;10240;10228
252;2998513000;2983666666;3483666666;10240;10228
254;3029972000;2983988888;3483988888;10240;10228
256;3029995000;3025333333;3525333333;10240;10228
258;3030007000;3025333333;3525333333;10240;10228
260;3030011000;3025333333;3525333333;10240;10228
261;3030024000;3025333333;3525333333;10240;10228
253;3030182000;2983988888;3483988888;10240;10228
255;3030396000;2983988888;3483988888;10240;10228
257;3030432000;3025333333;3525333333;10240;10228
259;3030603000;3025333333;3525333333;10240;10228
262;3040215000;3025333333;3525333333;10240;10228
263;3040235000;3025377777;3525377777;10240;10228
265;3071634000;3025677777;3525677777;10240;10228
267;3071660000;3066988888;3566988888;10240;10228
269;3071670000;3066988888;3566988888;10240;10228
271;3071687000;3066988888;3566988888;10240;10228
272;3071691000;3066988888;3566988888;10240;10228
264;3071862000;3025677777;3525677777;10240;10228
266;3072071000;3025677777;3525677777;10240;10228
268;3072115000;3066988888;3566988888;10240;10228
270;3072317000;3066988888;3566988888;10240;10228
273;3081865000;3066988888;3566988888;10240;10228
274;3081944000;3067033333;3567033333;10240;10228
276;3113309000;3067322222;3567322222;10240;10228
278;3113335000;3108633333;3608633333;10240;10228
280;3113340000;3108633333;3608633333;10240;10228
282;3113345000;3108633333;3608633333;10240;10228
283;3113349000;3108633333;3608633333;10240;10228
275;3113528000;3067322222;3567322222;10240;10228
277;3113699000;3067322222;3567322222;10240;10228
279;3113736000;3108633333;3608633333;10240;10228
281;3113909000;3108633333;3608633333;10240;10228
284;3123603000;3108633333;3608633333;10240;10228
285;3123623000;3108666666;3608666666;10240;10228
287;3154979000;3108966666;3608966666;10240;10228
289;3154995000;3150333333;3650333333;10240;10228
291;3155000000;3150333333;3650333333;10240;10228
293;3155005000;3150333333;3650333333;10240;10228
294;3155009000;3150333333;3650333333;10240;10228
286;3155192000;3108966666;3608966666;10240;10228
292;3155394000;3150333333;3650333333;10240;10228
295;3165285000;3150333333;3650333333;10240;10228
296;3165296000;3150366666;3650366666;10240;10228
298;3196650000;3150633333;3650633333;10240;10228
300;3196662000;3191988888;3691988888;10240;10228
301;3196668000;3191988888;3691988888;10240;10228
302;3196675000;3191988888;3691988888;10240;10228
303;3196679000;3191988888;3691988888;10240;10228
297;3196835000;3150633333;3650633333;10240;10228
299;3197027000;3150633333;3650633333;10240;10228
304;3206917000;3191988888;3691988888;10240;10228
305;3206926000;3191988888;3691988888;10240;10228
306;3206931000;3191988888;3691988888;10240;10228
307;3206935000;3192022222;3692022222;10240;10228
288;3207236000;3108966666;3608966666;10240;10228
290;3207248000;3150333333;3650333333;10240;10228
308;3238261000;3192333333;3692333333;10240;10228
310;3238273000;3192333333;3692333333;10240;10228
312;3238289000;3233633333;3733633333;10240;10228
314;3238295000;3233633333;3733633333;10240;10228
315;3238305000;3233633333;3733633333;10240;10228
316;3238311000;3233633333;3733633333;10240;10228
317;3238315000;3233633333;3733633333;10240;10228
309;3238483000;3192333333;3692333333;10240;10228
311;3238684000;3233633333;3733633333;10240;10228
313;3238722000;3233633333;3733633333;10240;10228
318;3248560000;3233677777;3733677777;10240;10228
320;3280017000;3233966666;3733966666;10240;10228
322;3280065000;3275322222;3775322222;10240;10228
327;3280071000;3275322222;3775322222;10240;10228
328;3280077000;3275322222;3775322222;10240;10228
329;3280092000;3275377777;3775377777;10240;10228
319;3280207000;3233966666;3733966666;10240;10228
321;3280376000;3233966666;3733966666;10240;10228
323;3280403000;3275322222;3775322222;10240;10228
325;3280547000;3275322222;3775322222;10240;10228
324;3290290000;3275322222;3775322222;10240;10228
326;3290316000;3275322222;3775322222;10240;10228
330;3321678000;3275655555;3775655555;10240;10228
332;3321687000;3275655555;3775655555;10240;10228
334;3321694000;3316988888;3816988888;10240;10228
336;3321708000;3316988888;3816988888;10240;10228
331;3321846000;3275655555;3775655555;10240;10228
333;3322071000;3316988888;3816988888;10240;10228
335;3322114000;3316988888;3816988888;10240;10228
337;3322271000;3316988888;3816988888;10240;10228
338;3331913000;3316988888;3816988888;10240;10228
339;3331921000;3316988888;3816988888;10240;10228
340;3331926000;3317022222;3817022222;10240;10228
342;3363315000;3317355555;3817355555;10240;10228
344;3363337000;3358655555;3858655555;10240;10228
346;3363343000;3358655555;3858655555;10240;10228
348;3363348000;3358655555;3858655555;10240;10228
349;3363352000;3358655555;3858655555;10240;10228
350;3363356000;3358655555;3858655555;10240;10228
341;3363505000;3317355555;3817355555;10240;10228
343;3363711000;3317355555;3817355555;10240;10228
345;3363748000;3358655555;3858655555;10240;10228
347;3363914000;3358655555;3858655555;10240;10228
351;3373559000;3358700000;3858700000;10240;10228
352;3404959000;3359000000;3859000000;10240;10228
354;3404972000;3359000000;3859000000;10240;10228
356;3404990000;3400322222;3900322222;10240;10228
358;3405000000;3400322222;3900322222;10240;10228
360;3405006000;3400322222;3900322222;10240;10228
361;3405010000;3400322222;3900322222;10240;10228
353;3405178000;3359000000;3859000000;10240;10228
355;3405382000;3400322222;3900322222;10240;10228
357;3405400000;3400322222;3900322222;10240;10228
359;3405596000;3400322222;3900322222;10240;10228
362;3415264000;3400366666;3900366666;10240;10228
364;3446663000;3400644444;3900644444;10240;10228
366;3446678000;3442000000;3942000000;10240;10228
368;3446684000;3442000000;3942000000;10240;10228
370;3446697000;3442000000;3942000000;10240;10228
371;3446702000;3442000000;3942000000;10240;10228
372;3446706000;3442000000;3942000000;10240;10228
363;3446847000;3400644444;3900644444;10240;10228
365;3447069000;3400644444;3900644444;10240;10228
367;3447097000;3442000000;3942000000;10240;10228
369;3447262000;3442000000;3942000000;10240;10228
373;3456911000;3442044444;3942044444;10240;10228
374;3488281000;3442333333;3942333333;10240;10228
376;3488292000;3442333333;3942333333;10240;10228
378;3488301000;3483633333;3983633333;10240;10228
380;3488306000;3483633333;3983633333;10240;10228
382;3488311000;3483633333;3983633333;10240;10228
383;3488324000;3483633333;3983633333;10240;10228
375;3488483000;3442333333;3942333333;10240;10228
377;3488680000;3483633333;3983633333;10240;10228
379;3488703000;3483633333;3983633333;10240;10228
381;3488879000;3483633333;3983633333;10240;10228
384;3498574000;3483666666;3983666666;10240;10228
386;3530012000;3483955555;3983955555;10240;10228
388;3530037000;3525333333;4025333333;10240;10228
390;3530076000;3525333333;4025333333;10240;10228
392;3530091000;3525333333;4025333333;10240;10228
393;3530096000;3525333333;4025333333;10240;10228
394;3530109000;3525333333;4025333333;10240;10228
385;3530223000;3483955555;3983955555;10240;10228
387;3530380000;3483955555;3983955555;10240;10228
389;3530407000;3525333333;4025333333;10240;10228
391;3530610000;3525333333;4025333333;10240;10228
395;3540284000;3525377777;4025377777;10240;10228
396;3571695000;3525655555;4025655555;10240;10228
398;3571714000;3525655555;4025655555;10240;10228
400;3571736000;3567000000;4067000000;10240;10228
402;3571741000;3567000000;4067000000;10240;10228
404;3571765000;3567000000;4067000000;10240;10228
405;3571770000;3567000000;4067000000;10240;10228
397;3571863000;3525655555;4025655555;10240;10228
399;3572136000;3567000000;4067000000;10240;10228
401;3572170000;3567000000;4067000000;10240;10228
403;3572258000;3567000000;4067000000;10240;10228
406;3581942000;3567033333;4067033333;10240;10228
408;3613319000;3567322222;4067322222;10240;10228
410;3613353000;3608633333;4108633333;10240;10228
412;3613359000;3608633333;4108633333;10240;10228
414;3613364000;3608633333;4108633333;10240;10228
415;3613377000;3608633333;4108633333;10240;10228
416;3613381000;3608633333;4108633333;10240;10228
407;3613490000;3567322222;4067322222;10240;10228
409;3613683000;3567322222;4067322222;10240;10228
411;3613712000;3608633333;4108633333;10240;10228
413;3613885000;3608633333;4108633333;10240;10228
417;3623569000;3608677777;4108677777;10240;10228
418;3654979000;3608977777;4108977777;10240;10228
420;3654998000;3608977777;4108977777;10240;10228
422;3655039000;3650322222;4150322222;10240;10228
424;3655064000;3650322222;4150322222;10240;10228
426;3655082000;3650322222;4150322222;10240;10228
427;3655087000;3650322222;4150322222;10240;10228
419;3655213000;3608977777;4108977777;10240;10228
421;3655421000;3650322222;4150322222;10240;10228
423;3655452000;3650322222;4150322222;10240;10228
425;3655604000;3650322222;4150322222;10240;10228
428;3665252000;3650366666;4150366666;10240;10228
430;3696696000;3650655555;4150655555;10240;10228
432;3696731000;3691988888;4191988888;10240;10228
434;3696747000;3691988888;4191988888;10240;10228
436;3696761000;3691988888;4191988888;10240;10228
437;3696765000;3691988888;4191988888;10240;10228
429;3696858000;3650655555;4150655555;10240;10228
431;3697059000;3650655555;4150655555;10240;10228
433;3697095000;3691988888;4191988888;10240;10228
435;3697269000;3691988888;4191988888;10240;10228
440;3738322000;3692366666;4192366666;10240;10228
442;3738362000;3692366666;4192366666;10240;10228
444;3738383000;3733655555;4233655555;10240;10228
446;3738388000;3733655555;4233655555;10240;10228
441;3738522000;3692366666;4192366666;10240;10228
443;3738724000;3733655555;4233655555;10240;10228
445;3738913000;3733655555;4233655555;10240;10228
447;3738924000;3733655555;4233655555;10240;10228
448;3748650000;3733655555;4233655555;10240;10228
449;3748667000;3733655555;4233655555;10240;10228
438;3748672000;3691988888;4191988888;10240;10228
439;3748696000;3692033333;4192033333;10240;10228
450;3748935000;3733700000;4233700000;10240;10228
452;3780002000;3733966666;4233966666;10240;10228
454;3780034000;3775322222;4275322222;10240;10228
456;3780040000;3775322222;4275322222;10240;10228
458;3780071000;3775322222;4275322222;10240;10228
451;3780177000;3733966666;4233966666;10240;10228
453;3780377000;3733966666;4233966666;10240;10228
455;3780403000;3775322222;4275322222;10240;10228
457;3780589000;3775322222;4275322222;10240;10228
459;3780745000;3775322222;4275322222;10240;10228
460;3790283000;3775322222;4275322222;10240;10228
461;3790297000;3775366666;4275366666;10240;10228
463;3821675000;3775633333;4275633333;10240;10228
465;3821700000;3816988888;4316988888;10240;10228
467;3821721000;3816988888;4316988888;10240;10228
469;3821727000;3816988888;4316988888;10240;10228
462;3821831000;3775633333;4275633333;10240;10228
464;3822037000;3775633333;4275633333;10240;10228
466;3822100000;3816988888;4316988888;10240;10228
468;3822207000;3816988888;4316988888;10240;10228
470;3822460000;3816988888;4316988888;10240;10228
471;3831962000;3816988888;4316988888;10240;10228
472;3831971000;3817033333;4317033333;10240;10228
474;3863279000;3817288888;4317288888;10240;10228
476;3863303000;3858633333;4358633333;10240;10228
478;3863330000;3858633333;4358633333;10240;10228
480;3863347000;3858633333;4358633333;10240;10228
473;3863478000;3817288888;4317288888;10240;10228
475;3863684000;3817288888;4317288888;10240;10228
477;3863720000;3858633333;4358633333;10240;10228
479;3863886000;3858633333;4358633333;10240;10228
481;3864072000;3858633333;4358633333;10240;10228
482;3873561000;3858633333;4358633333;10240;10228
483;3873580000;3858677777;4358677777;10240;10228
485;3904978000;3859000000;4359000000;10240;10228
487;3904992000;3900322222;4400322222;10240;10228
489;3904997000;3900322222;4400322222;10240;10228
491;3905001000;3900322222;4400322222;10240;10228
484;3905161000;3859000000;4359000000;10240;10228
486;3905357000;3859000000;4359000000;10240;10228
488;3905541000;3900322222;4400322222;10240;10228
490;3905567000;3900322222;4400322222;10240;10228
492;3905764000;3900322222;4400322222;10240;10228
493;3915235000;3900322222;4400322222;10240;10228
494;3915254000;3900366666;4400366666;10240;10228
496;3946685000;3900655555;4400655555;10240;10228
498;3946697000;3941988888;4441988888;10240;10228
500;3946702000;3941988888;4441988888;10240;10228
502;3946710000;3941988888;4441988888;10240;10228
495;3946835000;3900655555;4400655555;10240;10228
497;3947017000;3900655555;4400655555;10240;10228
499;3947244000;3941988888;4441988888;10240;10228
501;3947272000;3941988888;4441988888;10240;10228
503;3947427000;3941988888;4441988888;10240;10228
504;3956981000;3941988888;4441988888;10240;10228
505;3956990000;3942033333;4442033333;10240;10228
507;3988308000;3942344444;4442344444;10240;10228
509;3988321000;3983633333;4483633333;10240;10228
511;3988328000;3983633333;4483633333;10240;10228
513;3988332000;3983633333;4483633333;10240;10228
506;3988471000;3942344444;4442344444;10240;10228
508;3988674000;3942344444;4442344444;10240;10228
510;3988872000;3983633333;4483633333;10240;10228
512;3988909000;3983633333;4483633333;10240;10228
514;3989109000;3983633333;4483633333;10240;10228
515;3998571000;3983633333;4483633333;10240;10228
516;3998590000;3983677777;4483677777;10240;10228
518;4030015000;3983977777;4483977777;10240;10228
520;4030027000;4025322222;4525322222;10240;10228
522;4030032000;4025322222;4525322222;10240;10228
524;4030039000;4025322222;4525322222;10240;10228
517;4030174000;3983977777;4483977777;10240;10228
519;4030382000;3983977777;4483977777;10240;10228
521;4030400000;4025322222;4525322222;10240;10228
523;4030588000;4025322222;4525322222;10240;10228
525;4030809000;4025322222;4525322222;10240;10228
526;4040301000;4025322222;4525322222;10240;10228
527;4040311000;4025366666;4525366666;10240;10228
529;4071673000;4025655555;4525655555;10240;10228
531;4071686000;4067000000;4567000000;10240;10228
533;4071691000;4067000000;4567000000;10240;10228
535;4071695000;4067000000;4567000000;10240;10228
528;4071830000;4025655555;4525655555;10240;10228
530;4072095000;4025655555;4525655555;10240;10228
532;4072134000;4067000000;4567000000;10240;10228
534;4072282000;4067000000;4567000000;10240;10228
536;4072532000;4067000000;4567000000;10240;10228
537;4081969000;4067000000;4567000000;10240;10228
538;4081980000;4067033333;4567033333;10240;10228
540;4113304000;4067333333;4567333333;10240;10228
542;4113320000;4108655555;4608655555;10240;10228
544;4113326000;4108655555;4608655555;10240;10228
546;4113330000;4108655555;4608655555;10240;10228
539;4113560000;4067333333;4567333333;10240;10228
541;4113746000;4067333333;4567333333;10240;10228
543;4113774000;4108655555;4608655555;10240;10228
545;4113938000;4108655555;4608655555;10240;10228
547;4114139000;4108655555;4608655555;10240;10228
548;4123573000;4108655555;4608655555;10240;10228
549;4123594000;4108700000;4608700000;10240;10228
551;4154984000;4109011111;4609011111;10240;10228
553;4154998000;4150322222;4650322222;10240;10228
555;4155004000;4150322222;4650322222;10240;10228
557;4155008000;4150322222;4650322222;10240;10228
550;4155185000;4109011111;4609011111;10240;10228
552;4155394000;4109011111;4609011111;10240;10228
554;4155602000;4150322222;4650322222;10240;10228
556;4155638000;4150322222;4650322222;10240;10228
558;4155807000;4150322222;4650322222;10240;10228
559;4165285000;4150322222;4650322222;10240;10228
560;4165294000;4150366666;4650366666;10240;10228
562;4196630000;4150644444;4650644444;10240;10228
564;4196646000;4191988888;4691988888;10240;10228
566;4196654000;4191988888;4691988888;10240;10228
561;4196831000;4150644444;4650644444;10240;10228
563;4197040000;4150644444;4650644444;10240;10228
565;4197245000;4191988888;4691988888;10240;10228
567;4197282000;4191988888;4691988888;10240;10228
569;4197450000;4191988888;4691988888;10240;10228
571;4206905000;4192033333;4692033333;10240;10228
573;4238286000;4192355555;4692355555;10240;10228
575;4238301000;4233655555;4733655555;10240;10228
572;4238471000;4192355555;4692355555;10240;10228
574;4238665000;4192355555;4692355555;10240;10228
576;4238870000;4233655555;4733655555;10240;10228
577;4238875000;4233655555;4733655555;10240;10228
578;4239081000;4233655555;4733655555;10240;10228
579;4248556000;4233655555;4733655555;10240;10228
580;4248567000;4233655555;4733655555;10240;10228
581;4248573000;4233655555;4733655555;10240;10228
568;4248740000;4191988888;4691988888;10240;10228
570;4248933000;4191988888;4691988888;10240;10228
582;4249145000;4233688888;4733688888;10240;10228
584;4279964000;4234022222;4734022222;10240;10228
586;4279980000;4275333333;4775333333;10240;10228
588;4279986000;4275333333;4775333333;10240;10228
590;4279998000;4275333333;4775333333;10240;10228
583;4280141000;4234022222;4734022222;10240;10228
585;4280386000;4234022222;4734022222;10240;10228
587;4280403000;4275333333;4775333333;10240;10228
589;4280590000;4275333333;4775333333;10240;10228
591;4280797000;4275333333;4775333333;10240;10228
592;4280806000;4275333333;4775333333;10240;10228
593;4290278000;4275377777;4775377777;10240;10228
594;4321680000;4275666666;4775666666;10240;10228
598;4321692000;4317011111;4817011111;10240;10228
600;4321708000;4317011111;4817011111;10240;10228
595;4321877000;4275666666;4775666666;10240;10228
597;4322112000;4317011111;4817011111;10240;10228
599;4322133000;4317011111;4817011111;10240;10228
601;4322282000;4317011111;4817011111;10240;10228
602;4322494000;4317011111;4817011111;10240;10228
603;4322505000;4317011111;4817011111;10240;10228
604;4331960000;4317055555;4817055555;10240;10228
596;4342413000;4275666666;4775666666;10240;10228
606;4363303000;4317366666;4817366666;10240;10228
608;4363331000;4358633333;4858633333;10240;10228
610;4363355000;4358633333;4858633333;10240;10228
605;4363479000;4317366666;4817366666;10240;10228
607;4363685000;4317366666;4817366666;10240;10228
609;4363722000;4358633333;4858633333;10240;10228
611;4363882000;4358633333;4858633333;10240;10228
612;4364074000;4358633333;4858633333;10240;10228
613;4364093000;4358633333;4858633333;10240;10228
614;4373557000;4358633333;4858633333;10240;10228
615;4373567000;4358666666;4858666666;10240;10228
616;4404956000;4358977777;4858977777;10240;10228
618;4404968000;4358977777;4858977777;10240;10228
620;4404979000;4400322222;4900322222;10240;10228
622;4404986000;4400322222;4900322222;10240;10228
617;4405179000;4358977777;4858977777;10240;10228
619;4405387000;4400322222;4900322222;10240;10228
621;4405414000;4400322222;4900322222;10240;10228
623;4405612000;4400322222;4900322222;10240;10228
624;4405792000;4400322222;4900322222;10240;10228
625;4405812000;4400322222;4900322222;10240;10228
626;4415199000;4400366666;4900366666;10240;10228
628;4446629000;4400655555;4900655555;10240;10228
630;4446643000;4441988888;4941988888;10240;10228
632;4446648000;4441988888;4941988888;10240;10228
634;4446654000;4441988888;4941988888;10240;10228
627;4446818000;4400655555;4900655555;10240;10228
629;4447072000;4400655555;4900655555;10240;10228
631;4447107000;4441988888;4941988888;10240;10228
633;4447237000;4441988888;4941988888;10240;10228
635;4447421000;4441988888;4941988888;10240;10228
636;4447428000;4441988888;4941988888;10240;10228
637;4456900000;4442033333;4942033333;10240;10228
638;4488312000;4442344444;4942344444;10240;10228
640;4488328000;4442344444;4942344444;10240;10228
642;4488345000;4483655555;4983655555;10240;10228
644;4488350000;4483655555;4983655555;10240;10228
639;4488513000;4442344444;4942344444;10240;10228
641;4488716000;4483655555;4983655555;10240;10228
643;4488753000;4483655555;4983655555;10240;10228
645;4488924000;4483655555;4983655555;10240;10228
646;4489154000;4483655555;4983655555;10240;10228
647;4489174000;4483655555;4983655555;10240;10228
648;4498553000;4483700000;4983700000;10240;10228
650;4530021000;4484000000;4984000000;10240;10228
652;4530033000;4525333333;5025333333;10240;10228
654;4530039000;4525333333;5025333333;10240;10228
656;4530056000;4525333333;5025333333;10240;10228
649;4530175000;4484000000;4984000000;10240;10228
651;4530384000;4484000000;4984000000;10240;10228
653;4530402000;4525333333;5025333333;10240;10228
655;4530591000;4525333333;5025333333;10240;10228
657;4530787000;4525333333;5025333333;10240;10228
658;4530808000;4525333333;5025333333;10240;10228
659;4540299000;4525388888;5025388888;10240;10228
660;4571684000;4525677777;5025677777;10240;10228
662;4571694000;4525677777;5025677777;10240;10228
664;4571711000;4566988888;5066988888;10240;10228
666;4571716000;4566988888;5066988888;10240;10228
661;4571847000;4525677777;5025677777;10240;10228
663;4572084000;4566988888;5066988888;10240;10228
665;4572116000;4566988888;5066988888;10240;10228
667;4572271000;4566988888;5066988888;10240;10228
668;4572469000;4566988888;5066988888;10240;10228
669;4572490000;4566988888;5066988888;10240;10228
670;4581936000;4567033333;5067033333;10240;10228
672;4613311000;4567333333;5067333333;10240;10228
674;4613323000;4608666666;5108666666;10240;10228
676;4613328000;4608666666;5108666666;10240;10228
678;4613333000;4608666666;5108666666;10240;10228
671;4613521000;4567333333;5067333333;10240;10228
673;4613711000;4567333333;5067333333;10240;10228
675;4613748000;4608666666;5108666666;10240;10228
677;4613913000;4608666666;5108666666;10240;10228
679;4614153000;4608666666;5108666666;10240;10228
680;4614173000;4608666666;5108666666;10240;10228
681;4623572000;4608711111;5108711111;10240;10228
682;4654974000;4609022222;5109022222;10240;10228
684;4654984000;4609022222;5109022222;10240;10228
686;4654992000;4650322222;5150322222;10240;10228
688;4654996000;4650322222;5150322222;10240;10228
683;4655181000;4609022222;5109022222;10240;10228
685;4655384000;4650322222;5150322222;10240;10228
687;4655403000;4650322222;5150322222;10240;10228
689;4655608000;4650322222;5150322222;10240;10228
690;4655790000;4650322222;5150322222;10240;10228
691;4655810000;4650322222;5150322222;10240;10228
692;4665242000;4650366666;5150366666;10240;10228
694;4696644000;4650666666;5150666666;10240;10228
696;4696655000;4691988888;5191988888;10240;10228
700;4696661000;4691988888;5191988888;10240;10228
693;4696845000;4650666666;5150666666;10240;10228
695;4697067000;4650666666;5150666666;10240;10228
697;4697097000;4691988888;5191988888;10240;10228
701;4697283000;4691988888;5191988888;10240;10228
702;4697463000;4691988888;5191988888;10240;10228
703;4706899000;4692033333;5192033333;10240;10228
704;4738289000;4692377777;5192377777;10240;10228
706;4738300000;4692377777;5192377777;10240;10228
708;4738321000;4733655555;5233655555;10240;10228
705;4738514000;4692377777;5192377777;10240;10228
707;4738721000;4733655555;5233655555;10240;10228
709;4738912000;4733655555;5233655555;10240;10228
710;4738919000;4733655555;5233655555;10240;10228
711;4739146000;4733655555;5233655555;10240;10228
712;4748601000;4733655555;5233655555;10240;10228
713;4748607000;4733655555;5233655555;10240;10228
714;4748615000;4733688888;5233688888;10240;10228
698;4748775000;4691988888;5191988888;10240;10228
699;4748980000;4691988888;5191988888;10240;10228
715;4779966000;4734011111;5234011111;10240;10228
717;4779975000;4734011111;5234011111;10240;10228
719;4779982000;4775333333;5275333333;10240;10228
721;4779995000;4775333333;5275333333;10240;10228
716;4780172000;4734011111;5234011111;10240;10228
718;4780370000;4775333333;5275333333;10240;10228
720;4780571000;4775333333;5275333333;10240;10228
722;4780607000;4775333333;5275333333;10240;10228
723;4790261000;4775333333;5275333333;10240;10228
724;4790271000;4775333333;5275333333;10240;10228
725;4790276000;4775366666;5275366666;10240;10228
726;4821652000;4775633333;5275633333;10240;10228
728;4821664000;4775633333;5275633333;10240;10228
730;4821671000;4816988888;5316988888;10240;10228
732;4821683000;4816988888;5316988888;10240;10228
734;4821687000;4816988888;5316988888;10240;10228
727;4821837000;4775633333;5275633333;10240;10228
729;4822035000;4816988888;5316988888;10240;10228
731;4822244000;4816988888;5316988888;10240;10228
733;4822264000;4816988888;5316988888;10240;10228
735;4831863000;4816988888;5316988888;10240;10228
736;4831878000;4817033333;5317033333;10240;10228
738;4863270000;4817333333;5317333333;10240;10228
740;4863289000;4858633333;5358633333;10240;10228
742;4863300000;4858633333;5358633333;10240;10228
744;4863305000;4858633333;5358633333;10240;10228
745;4863310000;4858633333;5358633333;10240;10228
737;4863444000;4817333333;5317333333;10240;10228
739;4863668000;4817333333;5317333333;10240;10228
741;4863867000;4858633333;5358633333;10240;10228
743;4863889000;4858633333;5358633333;10240;10228
746;4873507000;4858633333;5358633333;10240;10228
747;4873519000;4858666666;5358666666;10240;10228
749;4904989000;4858988888;5358988888;10240;10228
751;4905004000;4900322222;5400322222;10240;10228
753;4905009000;4900322222;5400322222;10240;10228
755;4905013000;4900322222;5400322222;10240;10228
756;4905017000;4900322222;5400322222;10240;10228
748;4905173000;4858988888;5358988888;10240;10228
750;4905383000;4858988888;5358988888;10240;10228
752;4905411000;4900322222;5400322222;10240;10228
754;4905588000;4900322222;5400322222;10240;10228
757;4915248000;4900322222;5400322222;10240;10228
758;4915267000;4900366666;5400366666;10240;10228
760;4946651000;4900655555;5400655555;10240;10228
762;4946667000;4941988888;5441988888;10240;10228
764;4946673000;4941988888;5441988888;10240;10228
766;4946678000;4941988888;5441988888;10240;10228
767;4946682000;4941988888;5441988888;10240;10228
759;4946838000;4900655555;5400655555;10240;10228
761;4947031000;4900655555;5400655555;10240;10228
763;4947242000;4941988888;5441988888;10240;10228
765;4947271000;4941988888;5441988888;10240;10228
768;4956863000;4941988888;5441988888;10240;10228
769;4956871000;4942033333;5442033333;10240;10228
771;4988263000;4942377777;5442377777;10240;10228
773;4988278000;4983633333;5483633333;10240;10228
775;4988284000;4983633333;5483633333;10240;10228
777;4988289000;4983633333;5483633333;10240;10228
778;4988293000;4983633333;5483633333;10240;10228
770;4988474000;4942377777;5442377777;10240;10228
772;4988672000;4942377777;5442377777;10240;10228
774;4988869000;4983633333;5483633333;10240;10228
776;4988897000;4983633333;5483633333;10240;10228
779;4998499000;4983633333;5483633333;10240;10228
780;4998508000;4983666666;5483666666;10240;10228
782;5029962000;4983977777;5483977777;10240;10228
784;5029975000;5025333333;5525333333;10240;10228
786;5029980000;5025333333;5525333333;10240;10228
788;5029985000;5025333333;5525333333;10240;10228
789;5029989000;5025333333;5525333333;10240;10228
781;5030184000;4983977777;5483977777;10240;10228
783;5030392000;4983977777;5483977777;10240;10228
785;5030413000;5025333333;5525333333;10240;10228
787;5030597000;5025333333;5525333333;10240;10228
790;5040247000;5025333333;5525333333;10240;10228
791;5040265000;5025377777;5525377777;10240;10228
793;5071682000;5025677777;5525677777;10240;10228
795;5071695000;5067000000;5567000000;10240;10228
797;5071700000;5067000000;5567000000;10240;10228
799;5071704000;5067000000;5567000000;10240;10228
800;5071708000;5067000000;5567000000;10240;10228
792;5071849000;5025677777;5525677777;10240;10228
794;5072069000;5025677777;5525677777;10240;10228
796;5072105000;5067000000;5567000000;10240;10228
798;5072273000;5067000000;5567000000;10240;10228
801;5081915000;5067000000;5567000000;10240;10228
802;5081933000;5067033333;5567033333;10240;10228
804;5113277000;5067344444;5567344444;10240;10228
806;5113289000;5108633333;5608633333;10240;10228
808;5113294000;5108633333;5608633333;10240;10228
810;5113298000;5108633333;5608633333;10240;10228
811;5113302000;5108633333;5608633333;10240;10228
805;5113534000;5067344444;5567344444;10240;10228
807;5113723000;5108633333;5608633333;10240;10228
809;5113747000;5108633333;5608633333;10240;10228
812;5123598000;5108633333;5608633333;10240;10228
813;5123619000;5108677777;5608677777;10240;10228
803;5123980000;5067344444;5567344444;10240;10228
815;5154985000;5108988888;5608988888;10240;10228
817;5154998000;5150322222;5650322222;10240;10228
819;5155003000;5150322222;5650322222;10240;10228
820;5155008000;5150322222;5650322222;10240;10228
821;5155012000;5150322222;5650322222;10240;10228
814;5155217000;5108988888;5608988888;10240;10228
816;5155416000;5108988888;5608988888;10240;10228
818;5155454000;5150322222;5650322222;10240;10228
822;5165274000;5150322222;5650322222;10240;10228
823;5165286000;5150322222;5650322222;10240;10228
824;5165299000;5150366666;5650366666;10240;10228
825;5196655000;5150666666;5650666666;10240;10228
827;5196664000;5150666666;5650666666;10240;10228
829;5196678000;5191988888;5691988888;10240;10228
831;5196683000;5191988888;5691988888;10240;10228
833;5196688000;5191988888;5691988888;10240;10228
826;5196875000;5150666666;5650666666;10240;10228
828;5197069000;5191988888;5691988888;10240;10228
830;5197252000;5191988888;5691988888;10240;10228
832;5197271000;5191988888;5691988888;10240;10228
834;5206891000;5191988888;5691988888;10240;10228
835;5206898000;5192033333;5692033333;10240;10228
837;5238239000;5192366666;5692366666;10240;10228
839;5238262000;5233633333;5733633333;10240;10228
841;5238277000;5233633333;5733633333;10240;10228
843;5238287000;5233633333;5733633333;10240;10228
844;5238293000;5233633333;5733633333;10240;10228
836;5238446000;5192366666;5692366666;10240;10228
838;5238673000;5192366666;5692366666;10240;10228
840;5238866000;5233633333;5733633333;10240;10228
842;5238896000;5233633333;5733633333;10240;10228
845;5248506000;5233633333;5733633333;10240;10228
846;5248528000;5233666666;5733666666;10240;10228
848;5279996000;5233977777;5733977777;10240;10228
850;5280008000;5275322222;5775322222;10240;10228
852;5280014000;5275322222;5775322222;10240;10228
854;5280028000;5275322222;5775322222;10240;10228
855;5280033000;5275322222;5775322222;10240;10228
847;5280175000;5233977777;5733977777;10240;10228
849;5280382000;5233977777;5733977777;10240;10228
851;5280420000;5275322222;5775322222;10240;10228
853;5280574000;5275322222;5775322222;10240;10228
856;5290305000;5275322222;5775322222;10240;10228
857;5290325000;5275366666;5775366666;10240;10228
859;5321710000;5275655555;5775655555;10240;10228
861;5321734000;5316988888;5816988888;10240;10228
863;5321742000;5316988888;5816988888;10240;10228
865;5321761000;5316988888;5816988888;10240;10228
866;5321765000;5316988888;5816988888;10240;10228
858;5321891000;5275655555;5775655555;10240;10228
860;5322059000;5275655555;5775655555;10240;10228
862;5322095000;5316988888;5816988888;10240;10228
864;5322261000;5316988888;5816988888;10240;10228
867;5331993000;5316988888;5816988888;10240;10228
868;5332004000;5317033333;5817033333;10240;10228
870;5363347000;5317355555;5817355555;10240;10228
872;5363372000;5358633333;5858633333;10240;10228
874;5363383000;5358633333;5858633333;10240;10228
876;5363400000;5358633333;5858633333;10240;10228
877;5363404000;5358633333;5858633333;10240;10228
869;5363507000;5317355555;5817355555;10240;10228
871;5363681000;5317355555;5817355555;10240;10228
873;5363718000;5358633333;5858633333;10240;10228
875;5363886000;5358633333;5858633333;10240;10228
881;5405017000;5359000000;5859000000;10240;10228
883;5405049000;5400322222;5900322222;10240;10228
885;5405062000;5400322222;5900322222;10240;10228
880;5405173000;5359000000;5859000000;10240;10228
882;5405385000;5359000000;5859000000;10240;10228
884;5405406000;5400322222;5900322222;10240;10228
886;5405591000;5400322222;5900322222;10240;10228
887;5415338000;5400322222;5900322222;10240;10228
888;5415358000;5400322222;5900322222;10240;10228
878;5415362000;5358633333;5858633333;10240;10228
879;5415385000;5358666666;5858666666;10240;10228
889;5415608000;5400322222;5900322222;10240;10228
890;5415823000;5400355555;5900355555;10240;10228
892;5446717000;5400633333;5900633333;10240;10228
894;5446741000;5442000000;5942000000;10240;10228
896;5446764000;5442000000;5942000000;10240;10228
898;5446779000;5442000000;5942000000;10240;10228
891;5446893000;5400633333;5900633333;10240;10228
893;5447054000;5400633333;5900633333;10240;10228
895;5447260000;5442000000;5942000000;10240;10228
897;5447288000;5442000000;5942000000;10240;10228
899;5447493000;5442000000;5942000000;10240;10228
900;5457006000;5442000000;5942000000;10240;10228
901;5457017000;5442044444;5942044444;10240;10228
903;5488304000;5442366666;5942366666;10240;10228
905;5488329000;5483633333;5983633333;10240;10228
907;5488350000;5483633333;5983633333;10240;10228
909;5488355000;5483633333;5983633333;10240;10228
902;5488477000;5442366666;5942366666;10240;10228
904;5488686000;5442366666;5942366666;10240;10228
906;5488713000;5483633333;5983633333;10240;10228
908;5488884000;5483633333;5983633333;10240;10228
910;5489061000;5483633333;5983633333;10240;10228
911;5498587000;5483633333;5983633333;10240;10228
912;5498605000;5483666666;5983666666;10240;10228
914;5529956000;5483977777;5983977777;10240;10228
916;5529970000;5525322222;6025322222;10240;10228
918;5529974000;5525322222;6025322222;10240;10228
920;5529979000;5525322222;6025322222;10240;10228
913;5530141000;5483977777;5983977777;10240;10228
915;5530386000;5483977777;5983977777;10240;10228
917;5530412000;5525322222;6025322222;10240;10228
919;5530587000;5525322222;6025322222;10240;10228
921;5530746000;5525322222;6025322222;10240;10228
922;5540234000;5525322222;6025322222;10240;10228
923;5540247000;5525366666;6025366666;10240;10228
925;5571642000;5525666666;6025666666;10240;10228
927;5571657000;5566988888;6066988888;10240;10228
929;5571662000;5566988888;6066988888;10240;10228
931;5571666000;5566988888;6066988888;10240;10228
924;5571847000;5525666666;6025666666;10240;10228
926;5572067000;5525666666;6025666666;10240;10228
928;5572102000;5566988888;6066988888;10240;10228
930;5572315000;5566988888;6066988888;10240;10228
932;5572502000;5566988888;6066988888;10240;10228
933;5581918000;5566988888;6066988888;10240;10228
934;5581938000;5567033333;6067033333;10240;10228
936;5613292000;5567355555;6067355555;10240;10228
938;5613307000;5608633333;6108633333;10240;10228
940;5613312000;5608633333;6108633333;10240;10228
942;5613316000;5608633333;6108633333;10240;10228
935;5613470000;5567355555;6067355555;10240;10228
937;5613677000;5567355555;6067355555;10240;10228
939;5613870000;5608633333;6108633333;10240;10228
941;5613900000;5608633333;6108633333;10240;10228
943;5614060000;5608633333;6108633333;10240;10228
944;5623538000;5608633333;6108633333;10240;10228
945;5623548000;5608677777;6108677777;10240;10228
947;5654971000;5608988888;6108988888;10240;10228
949;5654985000;5650322222;6150322222;10240;10228
951;5654990000;5650322222;6150322222;10240;10228
953;5654995000;5650322222;6150322222;10240;10228
946;5655163000;5608988888;6108988888;10240;10228
948;5655370000;5608988888;6108988888;10240;10228
950;5655543000;5650322222;6150322222;10240;10228
952;5655569000;5650322222;6150322222;10240;10228
954;5655763000;5650322222;6150322222;10240;10228
955;5665240000;5650322222;6150322222;10240;10228
956;5665245000;5650366666;6150366666;10240;10228
958;5696648000;5650666666;6150666666;10240;10228
960;5696660000;5692000000;6192000000;10240;10228
962;5696665000;5692000000;6192000000;10240;10228
964;5696669000;5692000000;6192000000;10240;10228
957;5696851000;5650666666;6150666666;10240;10228
959;5697069000;5650666666;6150666666;10240;10228
961;5697105000;5692000000;6192000000;10240;10228
963;5697290000;5692000000;6192000000;10240;10228
965;5697476000;5692000000;6192000000;10240;10228
966;5706945000;5692000000;6192000000;10240;10228
967;5706954000;5692033333;6192033333;10240;10228
969;5738306000;5692388888;6192388888;10240;10228
973;5738317000;5733655555;6233655555;10240;10228
975;5738323000;5733655555;6233655555;10240;10228
968;5738506000;5692388888;6192388888;10240;10228
970;5738710000;5692388888;6192388888;10240;10228
972;5738746000;5733655555;6233655555;10240;10228
974;5738914000;5733655555;6233655555;10240;10228
976;5739165000;5733655555;6233655555;10240;10228
977;5748554000;5733655555;6233655555;10240;10228
978;5748575000;5733700000;6233700000;10240;10228
971;5759072000;5733655555;6233655555;10240;10228
980;5779981000;5734000000;6234000000;10240;10228
982;5779992000;5775333333;6275333333;10240;10228
984;5779998000;5775333333;6275333333;10240;10228
979;5780176000;5734000000;6234000000;10240;10228
981;5780385000;5734000000;6234000000;10240;10228
983;5780401000;5775333333;6275333333;10240;10228
985;5780619000;5775333333;6275333333;10240;10228
986;5780796000;5775333333;6275333333;10240;10228
987;5790227000;5775333333;6275333333;10240;10228
988;5790239000;5775333333;6275333333;10240;10228
989;5790255000;5775366666;6275366666;10240;10228
991;5821628000;5775666666;6275666666;10240;10228
993;5821646000;5816988888;6316988888;10240;10228
995;5821653000;5816988888;6316988888;10240;10228
997;5821658000;5816988888;6316988888;10240;10228
990;5821817000;5775666666;6275666666;10240;10228
992;5822072000;5775666666;6275666666;10240;10228
994;5822108000;5816988888;6316988888;10240;10228
996;5822275000;5816988888;6316988888;10240;10228
998;5822480000;5816988888;6316988888;10240;10228
999;5831927000;5816988888;6316988888;10240;10228
1000;5831938000;5817033333;6317033333;10240;10228
1002;5863278000;5817311111;6317311111;10240;10228
1004;5863291000;5858633333;6358633333;10240;10228
1006;5863298000;5858633333;6358633333;10240;10228
1008;5863302000;5858633333;6358633333;10240;10228
1001;5863482000;5817311111;6317311111;10240;10228
1003;5863685000;5817311111;6317311111;10240;10228
1005;5863714000;5858633333;6358633333;10240;10228
1007;5863886000;5858633333;6358633333;10240;10228
1009;5864065000;5858633333;6358633333;10240;10228
1010;5873529000;5858633333;6358633333;10240;10228
1011;5873538000;5858666666;6358666666;10240;10228
1013;5905013000;5858988888;6358988888;10240;10228
1015;5905027000;5900322222;6400322222;10240;10228
1017;5905032000;5900322222;6400322222;10240;10228
1019;5905036000;5900322222;6400322222;10240;10228
1012;5905177000;5858988888;6358988888;10240;10228
1014;5905379000;5858988888;6358988888;10240;10228
1016;5905398000;5900322222;6400322222;10240;10228
1018;5905573000;5900322222;6400322222;10240;10228
1020;5905776000;5900322222;6400322222;10240;10228
1021;5915291000;5900322222;6400322222;10240;10228
1022;5915302000;5900366666;6400366666;10240;10228
1024;5946629000;5900666666;6400666666;10240;10228
1026;5946642000;5942000000;6442000000;10240;10228
1028;5946647000;5942000000;6442000000;10240;10228
1030;5946652000;5942000000;6442000000;10240;10228
1023;5946841000;5900666666;6400666666;10240;10228
1025;5947035000;5900666666;6400666666;10240;10228
1027;5947245000;5942000000;6442000000;10240;10228
1029;5947261000;5942000000;6442000000;10240;10228
1031;5947448000;5942000000;6442000000;10240;10228
1032;5956799000;5942000000;6442000000;10240;10228
1033;5956811000;5942033333;6442033333;10240;10228
1035;5988289000;5942366666;6442366666;10240;10228
1037;5988309000;5983633333;6483633333;10240;10228
1039;5988315000;5983633333;6483633333;10240;10228
1041;5988319000;5983633333;6483633333;10240;10228
1034;5988469000;5942366666;6442366666;10240;10228
1036;5988672000;5942366666;6442366666;10240;10228
1038;5988862000;5983633333;6483633333;10240;10228
1040;5988885000;5983633333;6483633333;10240;10228
1042;5989066000;5983633333;6483633333;10240;10228
1043;5998547000;5983633333;6483633333;10240;10228
1044;5998556000;5983666666;6483666666;10240;10228
1046;6030028000;5984011111;6484011111;10240;10228
1048;6030042000;6025333333;6525333333;10240;10228
1050;6030054000;6025333333;6525333333;10240;10228
1052;6030059000;6025333333;6525333333;10240;10228
1045;6030177000;5984011111;6484011111;10240;10228
1047;6030383000;5984011111;6484011111;10240;10228
1049;6030400000;6025333333;6525333333;10240;10228
1051;6030593000;6025333333;6525333333;10240;10228
1053;6030818000;6025333333;6525333333;10240;10228
1054;6040327000;6025333333;6525333333;10240;10228
1055;6040349000;6025366666;6525366666;10240;10228
1057;6071682000;6025644444;6525644444;10240;10228
1059;6071696000;6066988888;6566988888;10240;10228
1061;6071701000;6066988888;6566988888;10240;10228
1063;6071705000;6066988888;6566988888;10240;10228
1056;6071847000;6025644444;6525644444;10240;10228
1058;6072067000;6025644444;6525644444;10240;10228
1060;6072096000;6066988888;6566988888;10240;10228
1062;6072280000;6066988888;6566988888;10240;10228
1064;6072440000;6066988888;6566988888;10240;10228
1065;6081903000;6066988888;6566988888;10240;10228
1066;6081913000;6067033333;6567033333;10240;10228
1068;6113279000;6067322222;6567322222;10240;10228
1070;6113293000;6108633333;6608633333;10240;10228
1072;6113298000;6108633333;6608633333;10240;10228
1074;6113302000;6108633333;6608633333;10240;10228
1067;6113505000;6067322222;6567322222;10240;10228
1069;6113720000;6067322222;6567322222;10240;10228
1071;6113756000;6108633333;6608633333;10240;10228
1073;6113910000;6108633333;6608633333;10240;10228
1075;6114090000;6108633333;6608633333;10240;10228
1076;6123507000;6108633333;6608633333;10240;10228
1077;6123526000;6108666666;6608666666;10240;10228
1079;6154971000;6108977777;6608977777;10240;10228
1081;6154989000;6150333333;6650333333;10240;10228
1083;6154993000;6150333333;6650333333;10240;10228
1085;6154998000;6150333333;6650333333;10240;10228
1078;6155178000;6108977777;6608977777;10240;10228
1080;6155386000;6108977777;6608977777;10240;10228
1082;6155413000;6150333333;6650333333;10240;10228
1084;6155596000;6150333333;6650333333;10240;10228
1086;6155784000;6150333333;6650333333;10240;10228
1087;6165236000;6150333333;6650333333;10240;10228
1088;6165246000;6150366666;6650366666;10240;10228
1090;6196681000;6150633333;6650633333;10240;10228
1092;6196706000;6191988888;6691988888;10240;10228
1094;6196730000;6191988888;6691988888;10240;10228
1096;6196735000;6191988888;6691988888;10240;10228
1089;6196842000;6150633333;6650633333;10240;10228
1091;6197033000;6150633333;6650633333;10240;10228
1093;6197244000;6191988888;6691988888;10240;10228
1095;6197274000;6191988888;6691988888;10240;10228
1097;6197455000;6191988888;6691988888;10240;10228
1098;6206912000;6191988888;6691988888;10240;10228
1099;6206921000;6192033333;6692033333;10240;10228
1101;6238291000;6192366666;6692366666;10240;10228
1103;6238322000;6233633333;6733633333;10240;10228
1105;6238332000;6233633333;6733633333;10240;10228
1107;6238347000;6233633333;6733633333;10240;10228
1100;6238445000;6192366666;6692366666;10240;10228
1102;6238673000;6192366666;6692366666;10240;10228
1104;6238870000;6233633333;6733633333;10240;10228
1106;6238901000;6233633333;6733633333;10240;10228
1108;6239057000;6233633333;6733633333;10240;10228
1109;6248602000;6233633333;6733633333;10240;10228
1110;6248620000;6233677777;6733677777;10240;10228
1112;6280015000;6233977777;6733977777;10240;10228
1114;6280038000;6275322222;6775322222;10240;10228
1116;6280053000;6275322222;6775322222;10240;10228
1118;6280059000;6275322222;6775322222;10240;10228
1111;6280182000;6233977777;6733977777;10240;10228
1113;6280371000;6233977777;6733977777;10240;10228
1115;6280567000;6275322222;6775322222;10240;10228
1117;6280606000;6275322222;6775322222;10240;10228
1119;6280784000;6275322222;6775322222;10240;10228
1120;6290371000;6275322222;6775322222;10240;10228
1121;6290378000;6275366666;6775366666;10240;10228
1123;6321722000;6275655555;6775655555;10240;10228
1125;6321751000;6316988888;6816988888;10240;10228
1127;6321775000;6316988888;6816988888;10240;10228
1129;6321790000;6316988888;6816988888;10240;10228
1122;6321881000;6275655555;6775655555;10240;10228
1124;6322073000;6275655555;6775655555;10240;10228
1126;6322110000;6316988888;6816988888;10240;10228
1128;6322268000;6316988888;6816988888;10240;10228
1130;6322483000;6316988888;6816988888;10240;10228
1131;6331931000;6316988888;6816988888;10240;10228
1132;6331941000;6317033333;6817033333;10240;10228
1134;6363265000;6317333333;6817333333;10240;10228
1136;6363278000;6358633333;6858633333;10240;10228
1138;6363284000;6358633333;6858633333;10240;10228
1140;6363288000;6358633333;6858633333;10240;10228
1133;6363448000;6317333333;6817333333;10240;10228
1135;6363679000;6317333333;6817333333;10240;10228
1137;6363717000;6358633333;6858633333;10240;10228
1139;6363883000;6358633333;6858633333;10240;10228
1141;6364071000;6358633333;6858633333;10240;10228
1145;6405000000;6358966666;6858966666;10240;10228
1147;6405014000;6400322222;6900322222;10240;10228
1144;6405167000;6358966666;6858966666;10240;10228
1146;6405368000;6358966666;6858966666;10240;10228
1148;6405566000;6400322222;6900322222;10240;10228
1149;6405586000;6400322222;6900322222;10240;10228
1150;6405780000;6400322222;6900322222;10240;10228
1151;6415248000;6400322222;6900322222;10240;10228
1152;6415259000;6400322222;6900322222;10240;10228
1153;6415621000;6400322222;6900322222;10240;10228
1154;6415832000;6400355555;6900355555;10240;10228
1142;6425714000;6358633333;6858633333;10240;10228
1143;6425914000;6358666666;6858666666;10240;10228
1155;6446688000;6400655555;6900655555;10240;10228
1157;6446697000;6400655555;6900655555;10240;10228
1159;6446714000;6441988888;6941988888;10240;10228
1156;6446847000;6400655555;6900655555;10240;10228
1160;6447083000;6441988888;6941988888;10240;10228
1161;6447107000;6441988888;6941988888;10240;10228
1162;6447264000;6441988888;6941988888;10240;10228
1163;6447471000;6441988888;6941988888;10240;10228
1164;6456937000;6441988888;6941988888;10240;10228
1165;6456947000;6442033333;6942033333;10240;10228
1158;6457698000;6441988888;6941988888;10240;10228
1167;6488281000;6442333333;6942333333;10240;10228
1169;6488294000;6483633333;6983633333;10240;10228
1171;6488299000;6483633333;6983633333;10240;10228
1172;6488321000;6483633333;6983633333;10240;10228
1166;6488483000;6442333333;6942333333;10240;10228
1168;6488687000;6442333333;6942333333;10240;10228
1170;6488715000;6483633333;6983633333;10240;10228
1177;6530008000;6483955555;6983955555;10240;10228
1178;6530182000;6483955555;6983955555;10240;10228
1179;6530389000;6483955555;6983955555;10240;10228
1180;6530410000;6525322222;7025322222;10240;10228
1182;6540324000;6525322222;7025322222;10240;10228
1183;6540621000;6525322222;7025322222;10240;10228
1184;6540827000;6525322222;7025322222;10240;10228
1185;6541027000;6525322222;7025322222;10240;10228
1186;6541038000;6525322222;7025322222;10240;10228
1187;6550564000;6525344444;7025344444;10240;10228
1181;6551488000;6525322222;7025322222;10240;10228
1173;6560847000;6483633333;6983633333;10240;10228
1174;6560867000;6483633333;6983633333;10240;10228
1175;6560889000;6483633333;6983633333;10240;10228
1176;6560905000;6483666666;6983666666;10240;10228
1189;6571625000;6525633333;7025633333;10240;10228
1191;6571640000;6567000000;7067000000;10240;10228
1193;6571650000;6567000000;7067000000;10240;10228
1194;6571655000;6567000000;7067000000;10240;10228
1188;6571814000;6525633333;7025633333;10240;10228
1190;6572008000;6525633333;7025633333;10240;10228
1192;6572221000;6567000000;7067000000;10240;10228
1195;6581880000;6567000000;7067000000;10240;10228
1196;6581891000;6567000000;7067000000;10240;10228
1197;6581896000;6567000000;7067000000;10240;10228
1198;6581910000;6567022222;7067022222;10240;10228
1200;6613346000;6567311111;7067311111;10240;10228
1202;6613360000;6608655555;7108655555;10240;10228
1204;6613365000;6608655555;7108655555;10240;10228
1206;6613369000;6608655555;7108655555;10240;10228
1207;6613373000;6608655555;7108655555;10240;10228
1199;6613509000;6567311111;7067311111;10240;10228
1201;6613714000;6567311111;7067311111;10240;10228
1203;6613751000;6608655555;7108655555;10240;10228
1205;6613919000;6608655555;7108655555;10240;10228
1208;6623581000;6608655555;7108655555;10240;10228
1209;6623593000;6608700000;7108700000;10240;10228
1211;6654957000;6609022222;7109022222;10240;10228
1213;6654971000;6650333333;7150333333;10240;10228
1217;6654976000;6650333333;7150333333;10240;10228
1218;6654981000;6650333333;7150333333;10240;10228
1210;6655181000;6609022222;7109022222;10240;10228
1212;6655384000;6609022222;7109022222;10240;10228
1214;6655412000;6650333333;7150333333;10240;10228
1216;6655595000;6650333333;7150333333;10240;10228
1219;6665255000;6650333333;7150333333;10240;10228
1220;6665274000;6650366666;7150366666;10240;10228
1215;6675517000;6650333333;7150333333;10240;10228
1222;6696691000;6650666666;7150666666;10240;10228
1224;6696705000;6692000000;7192000000;10240;10228
1226;6696709000;6692000000;7192000000;10240;10228
1221;6696853000;6650666666;7150666666;10240;10228
1223;6697066000;6650666666;7150666666;10240;10228
1227;6697095000;6692000000;7192000000;10240;10228
1228;6706953000;6692000000;7192000000;10240;10228
1229;6706969000;6692000000;7192000000;10240;10228
1230;6706975000;6692000000;7192000000;10240;10228
1231;6706979000;6692022222;7192022222;10240;10228
1232;6738335000;6692366666;7192366666;10240;10228
1234;6738345000;6692366666;7192366666;10240;10228
1236;6738361000;6733655555;7233655555;10240;10228
1238;6738368000;6733655555;7233655555;10240;10228
1233;6738515000;6692366666;7192366666;10240;10228
1235;6738717000;6733655555;7233655555;10240;10228
1237;6738738000;6733655555;7233655555;10240;10228
1239;6748579000;6733655555;7233655555;10240;10228
1240;6748592000;6733655555;7233655555;10240;10228
1241;6748596000;6733655555;7233655555;10240;10228
1242;6748600000;6733688888;7233688888;10240;10228
1225;6748968000;6692000000;7192000000;10240;10228
1243;6779976000;6733977777;7233977777;10240;10228
1245;6779988000;6733977777;7233977777;10240;10228
1247;6779994000;6775333333;7275333333;10240;10228
1249;6780011000;6775333333;7275333333;10240;10228
1250;6780016000;6775333333;7275333333;10240;10228
1251;6780020000;6775333333;7275333333;10240;10228
1244;6780180000;6733977777;7233977777;10240;10228
1246;6780396000;6775333333;7275333333;10240;10228
1248;6780413000;6775333333;7275333333;10240;10228
1252;6790265000;6775333333;7275333333;10240;10228
1253;6790285000;6775366666;7275366666;10240;10228
1255;6821685000;6775633333;7275633333;10240;10228
1257;6821701000;6816988888;7316988888;10240;10228
1259;6821706000;6816988888;7316988888;10240;10228
1261;6821712000;6816988888;7316988888;10240;10228
1262;6821716000;6816988888;7316988888;10240;10228
1263;6821722000;6816988888;7316988888;10240;10228
1254;6821852000;6775633333;7275633333;10240;10228
1256;6822072000;6775633333;7275633333;10240;10228
1258;6822107000;6816988888;7316988888;10240;10228
1260;6822279000;6816988888;7316988888;10240;10228
1264;6831897000;6817033333;7317033333;10240;10228
1265;6863268000;6817333333;7317333333;10240;10228
1267;6863280000;6817333333;7317333333;10240;10228
1269;6863301000;6858622222;7358622222;10240;10228
1271;6863309000;6858622222;7358622222;10240;10228
1273;6863314000;6858622222;7358622222;10240;10228
1274;6863327000;6858622222;7358622222;10240;10228
1266;6863487000;6817333333;7317333333;10240;10228
1268;6863690000;6858622222;7358622222;10240;10228
1270;6863727000;6858622222;7358622222;10240;10228
1272;6863895000;6858622222;7358622222;10240;10228
1275;6873525000;6858666666;7358666666;10240;10228
1277;6904976000;6858977777;7358977777;10240;10228
1279;6904991000;6900322222;7400322222;10240;10228
1281;6904997000;6900322222;7400322222;10240;10228
1283;6905002000;6900322222;7400322222;10240;10228
1284;6905006000;6900322222;7400322222;10240;10228
1285;6905009000;6900322222;7400322222;10240;10228
1276;6905175000;6858977777;7358977777;10240;10228
1278;6905346000;6858977777;7358977777;10240;10228
1280;6905543000;6900322222;7400322222;10240;10228
1282;6905569000;6900322222;7400322222;10240;10228
1286;6915245000;6900366666;7400366666;10240;10228
1287;6946680000;6900655555;7400655555;10240;10228
1289;6946690000;6900655555;7400655555;10240;10228
1291;6946699000;6942000000;7442000000;10240;10228
1296;6946703000;6942000000;7442000000;10240;10228
1288;6946818000;6900655555;7400655555;10240;10228
1290;6947034000;6942000000;7442000000;10240;10228
1292;6947248000;6942000000;7442000000;10240;10228
1294;6947267000;6942000000;7442000000;10240;10228
1297;6957001000;6942044444;7442044444;10240;10228
1299;6988274000;6942355555;7442355555;10240;10228
1301;6988292000;6983633333;7483633333;10240;10228
1303;6988305000;6983633333;7483633333;10240;10228
1305;6988311000;6983633333;7483633333;10240;10228
1298;6988471000;6942355555;7442355555;10240;10228
1300;6988641000;6942355555;7442355555;10240;10228
1302;6988846000;6983633333;7483633333;10240;10228
1304;6988853000;6983633333;7483633333;10240;10228
1293;6998530000;6942000000;7442000000;10240;10228
1295;6998543000;6942000000;7442000000;10240;10228
1306;6998554000;6983633333;7483633333;10240;10228
1307;6998560000;6983633333;7483633333;10240;10228
1308;6998836000;6983666666;7483666666;10240;10228
1309;7029976000;6983977777;7483977777;10240;10228
1311;7029986000;6983977777;7483977777;10240;10228
1313;7029994000;7025322222;7525322222;10240;10228
1315;7029998000;7025322222;7525322222;10240;10228
1310;7030182000;6983977777;7483977777;10240;10228
1312;7030392000;7025322222;7525322222;10240;10228
1314;7030432000;7025322222;7525322222;10240;10228
1316;7030553000;7025322222;7525322222;10240;10228
1317;7030751000;7025322222;7525322222;10240;10228
1318;7040202000;7025322222;7525322222;10240;10228
1319;7040215000;7025366666;7525366666;10240;10228
1321;7071688000;7025655555;7525655555;10240;10228
1323;7071699000;7066988888;7566988888;10240;10228
1325;7071704000;7066988888;7566988888;10240;10228
1327;7071708000;7066988888;7566988888;10240;10228
1320;7071849000;7025655555;7525655555;10240;10228
1322;7072068000;7025655555;7525655555;10240;10228
1324;7072105000;7066988888;7566988888;10240;10228
1326;7072272000;7066988888;7566988888;10240;10228
1328;7072474000;7066988888;7566988888;10240;10228
1329;7081911000;7066988888;7566988888;10240;10228
1330;7081922000;7067033333;7567033333;10240;10228
1332;7113284000;7067333333;7567333333;10240;10228
1334;7113306000;7108633333;7608633333;10240;10228
1336;7113312000;7108633333;7608633333;10240;10228
1338;7113316000;7108633333;7608633333;10240;10228
1331;7113471000;7067333333;7567333333;10240;10228
1333;7113672000;7067333333;7567333333;10240;10228
1335;7113863000;7108633333;7608633333;10240;10228
1337;7113886000;7108633333;7608633333;10240;10228
1339;7114068000;7108633333;7608633333;10240;10228
1340;7123565000;7108633333;7608633333;10240;10228
1341;7123571000;7108666666;7608666666;10240;10228
1343;7155019000;7108977777;7608977777;10240;10228
1345;7155052000;7150333333;7650333333;10240;10228
1347;7155080000;7150333333;7650333333;10240;10228
1349;7155085000;7150333333;7650333333;10240;10228
1342;7155179000;7108977777;7608977777;10240;10228
1344;7155363000;7108977777;7608977777;10240;10228
1346;7155569000;7150333333;7650333333;10240;10228
1348;7155596000;7150333333;7650333333;10240;10228
1350;7155751000;7150333333;7650333333;10240;10228
1351;7165337000;7150333333;7650333333;10240;10228
1352;7165357000;7150366666;7650366666;10240;10228
1354;7196692000;7150644444;7650644444;10240;10228
1356;7196718000;7192000000;7692000000;10240;10228
1358;7196741000;7192000000;7692000000;10240;10228
1360;7196745000;7192000000;7692000000;10240;10228
1355;7196852000;7150644444;7650644444;10240;10228
1357;7197052000;7192000000;7692000000;10240;10228
1359;7197264000;7192000000;7692000000;10240;10228
1361;7197283000;7192000000;7692000000;10240;10228
1362;7206958000;7192000000;7692000000;10240;10228
1363;7206968000;7192033333;7692033333;10240;10228
1353;7207652000;7150644444;7650644444;10240;10228
1365;7238289000;7192355555;7692355555;10240;10228
1367;7238318000;7233633333;7733633333;10240;10228
1369;7238323000;7233633333;7733633333;10240;10228
1370;7238330000;7233633333;7733633333;10240;10228
1364;7238443000;7192355555;7692355555;10240;10228
1366;7238672000;7192355555;7692355555;10240;10228
1368;7238877000;7233633333;7733633333;10240;10228
1371;7248577000;7233633333;7733633333;10240;10228
1372;7248587000;7233633333;7733633333;10240;10228
1373;7248596000;7233633333;7733633333;10240;10228
1374;7248602000;7233655555;7733655555;10240;10228
1376;7279984000;7233966666;7733966666;10240;10228
1378;7280010000;7275322222;7775322222;10240;10228
1380;7280016000;7275322222;7775322222;10240;10228
1382;7280021000;7275322222;7775322222;10240;10228
1383;7280038000;7275322222;7775322222;10240;10228
1375;7280139000;7233966666;7733966666;10240;10228
1377;7280344000;7233966666;7733966666;10240;10228
1379;7280589000;7275322222;7775322222;10240;10228
1384;7290309000;7275322222;7775322222;10240;10228
1385;7290328000;7275366666;7775366666;10240;10228
1387;7321722000;7275655555;7775655555;10240;10228
1389;7321751000;7316988888;7816988888;10240;10228
1391;7321767000;7316988888;7816988888;10240;10228
1392;7321775000;7316988888;7816988888;10240;10228
1393;7321780000;7316988888;7816988888;10240;10228
1388;7321904000;7275655555;7775655555;10240;10228
1390;7322072000;7316988888;7816988888;10240;10228
1394;7331987000;7316988888;7816988888;10240;10228
1395;7331999000;7316988888;7816988888;10240;10228
1396;7332003000;7317033333;7817033333;10240;10228
1398;7363309000;7317344444;7817344444;10240;10228
1400;7363320000;7358633333;7858633333;10240;10228
1401;7363325000;7358633333;7858633333;10240;10228
1402;7363330000;7358633333;7858633333;10240;10228
1403;7363334000;7358633333;7858633333;10240;10228
1404;7363349000;7358633333;7858633333;10240;10228
1397;7363478000;7317344444;7817344444;10240;10228
1399;7363694000;7317344444;7817344444;10240;10228
1405;7373582000;7358633333;7858633333;10240;10228
1406;7373607000;7358633333;7858633333;10240;10228
1407;7373611000;7358666666;7858666666;10240;10228
1381;7373729000;7275322222;7775322222;10240;10228
1386;7373757000;7275655555;7775655555;10240;10228
1409;7405000000;7358966666;7858966666;10240;10228
1411;7405030000;7400322222;7900322222;10240;10228
1413;7405037000;7400322222;7900322222;10240;10228
1414;7405064000;7400322222;7900322222;10240;10228
1415;7405080000;7400322222;7900322222;10240;10228
1416;7405087000;7400322222;7900322222;10240;10228
1417;7405112000;7400322222;7900322222;10240;10228
1408;7405174000;7358966666;7858966666;10240;10228
1410;7405385000;7358966666;7858966666;10240;10228
1412;7405414000;7400322222;7900322222;10240;10228
1418;7415250000;7400366666;7900366666;10240;10228
1419;7446718000;7400655555;7900655555;10240;10228
1421;7446728000;7400655555;7900655555;10240;10228
1423;7446735000;7442000000;7942000000;10240;10228
1425;7446751000;7442000000;7942000000;10240;10228
1427;7446756000;7442000000;7942000000;10240;10228
1428;7446761000;7442000000;7942000000;10240;10228
1429;7446777000;7442044444;7942044444;10240;10228
1420;7446885000;7400655555;7900655555;10240;10228
1422;7447066000;7442000000;7942000000;10240;10228
1424;7447097000;7442000000;7942000000;10240;10228
1426;7447268000;7442000000;7942000000;10240;10228
1431;7488280000;7442355555;7942355555;10240;10228
1433;7488296000;7483633333;7983633333;10240;10228
1435;7488303000;7483633333;7983633333;10240;10228
1437;7488308000;7483633333;7983633333;10240;10228
1438;7488312000;7483633333;7983633333;10240;10228
1439;7488316000;7483633333;7983633333;10240;10228
1440;7488320000;7483677777;7983677777;10240;10228
1430;7488482000;7442355555;7942355555;10240;10228
1432;7488683000;7442355555;7942355555;10240;10228
1434;7488722000;7483633333;7983633333;10240;10228
1436;7488847000;7483633333;7983633333;10240;10228
1441;7529962000;7483977777;7983977777;10240;10228
1443;7529971000;7483977777;7983977777;10240;10228
1445;7529980000;7525333333;8025333333;10240;10228
1447;7529984000;7525333333;8025333333;10240;10228
1449;7529988000;7525333333;8025333333;10240;10228
1450;7530002000;7525333333;8025333333;10240;10228
1451;7530007000;7525377777;8025377777;10240;10228
1442;7530186000;7483977777;7983977777;10240;10228
1444;7530390000;7525333333;8025333333;10240;10228
1446;7530429000;7525333333;8025333333;10240;10228
1448;7530595000;7525333333;8025333333;10240;10228
1453;7571615000;7525666666;8025666666;10240;10228
1455;7571627000;7566966666;8066966666;10240;10228
1457;7571632000;7566966666;8066966666;10240;10228
1459;7571637000;7566966666;8066966666;10240;10228
1460;7571646000;7566966666;8066966666;10240;10228
1461;7571652000;7566966666;8066966666;10240;10228
1462;7571656000;7567000000;8067000000;10240;10228
1452;7571817000;7525666666;8025666666;10240;10228
1454;7572021000;7525666666;8025666666;10240;10228
1456;7572061000;7566966666;8066966666;10240;10228
1458;7572264000;7566966666;8066966666;10240;10228
1463;7613273000;7567300000;8067300000;10240;10228
1465;7613283000;7567300000;8067300000;10240;10228
1467;7613294000;7608633333;8108633333;10240;10228
1469;7613300000;7608633333;8108633333;10240;10228
1471;7613305000;7608633333;8108633333;10240;10228
1472;7613310000;7608633333;8108633333;10240;10228
1473;7613316000;7608677777;8108677777;10240;10228
1464;7613485000;7567300000;8067300000;10240;10228
1466;7613679000;7608633333;8108633333;10240;10228
1468;7613702000;7608633333;8108633333;10240;10228
1470;7613883000;7608633333;8108633333;10240;10228
1475;7654975000;7608988888;8108988888;10240;10228
1477;7654992000;7650333333;8150333333;10240;10228
1479;7654999000;7650333333;8150333333;10240;10228
1481;7655004000;7650333333;8150333333;10240;10228
1482;7655010000;7650333333;8150333333;10240;10228
1483;7655014000;7650333333;8150333333;10240;10228
1484;7655020000;7650377777;8150377777;10240;10228
1474;7655180000;7608988888;8108988888;10240;10228
1476;7655390000;7608988888;8108988888;10240;10228
1478;7655406000;7650333333;8150333333;10240;10228
1480;7655596000;7650333333;8150333333;10240;10228
1485;7696644000;7650677777;8150677777;10240;10228
1487;7696656000;7650677777;8150677777;10240;10228
1489;7696665000;7692000000;8192000000;10240;10228
1491;7696669000;7692000000;8192000000;10240;10228
1493;7696674000;7692000000;8192000000;10240;10228
1494;7696679000;7692000000;8192000000;10240;10228
1495;7696684000;7692033333;8192033333;10240;10228
1486;7696850000;7650677777;8150677777;10240;10228
1488;7697075000;7692000000;8192000000;10240;10228
1490;7697111000;7692000000;8192000000;10240;10228
1492;7697279000;7692000000;8192000000;10240;10228
1497;7738346000;7692388888;8192388888;10240;10228
1499;7738359000;7733666666;8233666666;10240;10228
1501;7738363000;7733666666;8233666666;10240;10228
1503;7738368000;7733666666;8233666666;10240;10228
1504;7738381000;7733666666;8233666666;10240;10228
1505;7738386000;7733666666;8233666666;10240;10228
1506;7738391000;7733700000;8233700000;10240;10228
1496;7738479000;7692388888;8192388888;10240;10228
1498;7738717000;7692388888;8192388888;10240;10228
1500;7738753000;7733666666;8233666666;10240;10228
1502;7738919000;7733666666;8233666666;10240;10228
1507;7779947000;7734000000;8234000000;10240;10228
1509;7779958000;7734000000;8234000000;10240;10228
1511;7779971000;7775322222;8275322222;10240;10228
1513;7779976000;7775322222;8275322222;10240;10228
1515;7779981000;7775322222;8275322222;10240;10228
1516;7779991000;7775322222;8275322222;10240;10228
1517;7779996000;7775366666;8275366666;10240;10228
1508;7780180000;7734000000;8234000000;10240;10228
1510;7780389000;7775322222;8275322222;10240;10228
1512;7780425000;7775322222;8275322222;10240;10228
1514;7780600000;7775322222;8275322222;10240;10228
1519;7821636000;7775644444;8275644444;10240;10228
1521;7821650000;7816988888;8316988888;10240;10228
1523;7821660000;7816988888;8316988888;10240;10228
1525;7821665000;7816988888;8316988888;10240;10228
1526;7821670000;7816988888;8316988888;10240;10228
1527;7821674000;7816988888;8316988888;10240;10228
1528;7821687000;7817033333;8317033333;10240;10228
1518;7821843000;7775644444;8275644444;10240;10228
1520;7822065000;7775644444;8275644444;10240;10228
1522;7822100000;7816988888;8316988888;10240;10228
1524;7822272000;7816988888;8316988888;10240;10228
1529;7863269000;7817322222;8317322222;10240;10228
1531;7863282000;7817322222;8317322222;10240;10228
1533;7863288000;7858633333;8358633333;10240;10228
1535;7863303000;7858633333;8358633333;10240;10228
1537;7863307000;7858633333;8358633333;10240;10228
1538;7863312000;7858633333;8358633333;10240;10228
1539;7863315000;7858677777;8358677777;10240;10228
1530;7863488000;7817322222;8317322222;10240;10228
1532;7863691000;7858633333;8358633333;10240;10228
1534;7863730000;7858633333;8358633333;10240;10228
1536;7863896000;7858633333;8358633333;10240;10228
1541;7904957000;7859022222;8359022222;10240;10228
1543;7904972000;7900322222;8400322222;10240;10228
1545;7904979000;7900322222;8400322222;10240;10228
1547;7904984000;7900322222;8400322222;10240;10228
1548;7904993000;7900322222;8400322222;10240;10228
1549;7904999000;7900322222;8400322222;10240;10228
1550;7905006000;7900366666;8400366666;10240;10228
1540;7905176000;7859022222;8359022222;10240;10228
1542;7905378000;7859022222;8359022222;10240;10228
1546;7905396000;7900322222;8400322222;10240;10228
1551;7946688000;7900666666;8400666666;10240;10228
1553;7946700000;7900666666;8400666666;10240;10228
1555;7946714000;7941988888;8441988888;10240;10228
1557;7946724000;7941988888;8441988888;10240;10228
1558;7946729000;7941988888;8441988888;10240;10228
1559;7946733000;7941988888;8441988888;10240;10228
1560;7946747000;7941988888;8441988888;10240;10228
1552;7946854000;7900666666;8400666666;10240;10228
1554;7947067000;7941988888;8441988888;10240;10228
1556;7947075000;7941988888;8441988888;10240;10228
1561;7957301000;7942033333;8442033333;10240;10228
1544;7957312000;7900322222;8400322222;10240;10228
1563;7988334000;7942366666;8442366666;10240;10228
1565;7988347000;7983633333;8483633333;10240;10228
1567;7988352000;7983633333;8483633333;10240;10228
1568;7988357000;7983633333;8483633333;10240;10228
1569;7988362000;7983633333;8483633333;10240;10228
1570;7988367000;7983633333;8483633333;10240;10228
1572;7988371000;7983677777;8483677777;10240;10228
1562;7988487000;7942366666;8442366666;10240;10228
1564;7988688000;7942366666;8442366666;10240;10228
1566;7988726000;7983633333;8483633333;10240;10228
1573;8029953000;7984000000;8484000000;10240;10228
1575;8029964000;7984000000;8484000000;10240;10228
1577;8029969000;8025333333;8525333333;10240;10228
1579;8029973000;8025333333;8525333333;10240;10228
1581;8029982000;8025333333;8525333333;10240;10228
1582;8029987000;8025333333;8525333333;10240;10228
1583;8029999000;8025377777;8525377777;10240;10228
1574;8030188000;7984000000;8484000000;10240;10228
1576;8030400000;8025333333;8525333333;10240;10228
1578;8030420000;8025333333;8525333333;10240;10228
1580;8030605000;8025333333;8525333333;10240;10228
1571;8040207000;7983633333;8483633333;10240;10228
1585;8071619000;8025677777;8525677777;10240;10228
1587;8071636000;8066955555;8566955555;10240;10228
1589;8071642000;8066955555;8566955555;10240;10228
1591;8071646000;8066955555;8566955555;10240;10228
1592;8071650000;8066955555;8566955555;10240;10228
1584;8071821000;8025677777;8525677777;10240;10228
1586;8072022000;8025677777;8525677777;10240;10228
1588;8072063000;8066955555;8566955555;10240;10228
1590;8072257000;8066955555;8566955555;10240;10228
1593;8081863000;8066955555;8566955555;10240;10228
1594;8081882000;8067000000;8567000000;10240;10228
1596;8113357000;8067311111;8567311111;10240;10228
1598;8113368000;8108655555;8608655555;10240;10228
1600;8113374000;8108655555;8608655555;10240;10228
1602;8113379000;8108655555;8608655555;10240;10228
1603;8113383000;8108655555;8608655555;10240;10228
1595;8113512000;8067311111;8567311111;10240;10228
1597;8113714000;8067311111;8567311111;10240;10228
1599;8113753000;8108655555;8608655555;10240;10228
1601;8113917000;8108655555;8608655555;10240;10228
1604;8123614000;8108655555;8608655555;10240;10228
1605;8123624000;8108700000;8608700000;10240;10228
1607;8155003000;8109022222;8609022222;10240;10228
1609;8155020000;8150322222;8650322222;10240;10228
1611;8155027000;8150322222;8650322222;10240;10228
1613;8155031000;8150322222;8650322222;10240;10228
1614;8155036000;8150322222;8650322222;10240;10228
1606;8155192000;8109022222;8609022222;10240;10228
1608;8155400000;8109022222;8609022222;10240;10228
1610;8155436000;8150322222;8650322222;10240;10228
1612;8155587000;8150322222;8650322222;10240;10228
1615;8165210000;8150322222;8650322222;10240;10228
1616;8165216000;8150366666;8650366666;10240;10228
1618;8196629000;8150655555;8650655555;10240;10228
1620;8196641000;8191988888;8691988888;10240;10228
1622;8196647000;8191988888;8691988888;10240;10228
1624;8196651000;8191988888;8691988888;10240;10228
1625;8196662000;8191988888;8691988888;10240;10228
1617;8196879000;8150655555;8650655555;10240;10228
1619;8197093000;8150655555;8650655555;10240;10228
1621;8197125000;8191988888;8691988888;10240;10228
1623;8197276000;8191988888;8691988888;10240;10228
1626;8206835000;8191988888;8691988888;10240;10228
1627;8206855000;8192033333;8692033333;10240;10228
1628;8238326000;8192366666;8692366666;10240;10228
1630;8238335000;8192366666;8692366666;10240;10228
1632;8238348000;8233655555;8733655555;10240;10228
1634;8238353000;8233655555;8733655555;10240;10228
1636;8238359000;8233655555;8733655555;10240;10228
1629;8238542000;8192366666;8692366666;10240;10228
1631;8238743000;8233655555;8733655555;10240;10228
1633;8238770000;8233655555;8733655555;10240;10228
1635;8238935000;8233655555;8733655555;10240;10228
1637;8248653000;8233655555;8733655555;10240;10228
1638;8248673000;8233700000;8733700000;10240;10228
1640;8280017000;8234011111;8734011111;10240;10228
1642;8280030000;8275322222;8775322222;10240;10228
1644;8280036000;8275322222;8775322222;10240;10228
1646;8280041000;8275322222;8775322222;10240;10228
1647;8280056000;8275322222;8775322222;10240;10228
1639;8280176000;8234011111;8734011111;10240;10228
1641;8280385000;8234011111;8734011111;10240;10228
1643;8280402000;8275322222;8775322222;10240;10228
1645;8280593000;8275322222;8775322222;10240;10228
1648;8290268000;8275322222;8775322222;10240;10228
1649;8290309000;8275366666;8775366666;10240;10228
1651;8321680000;8275666666;8775666666;10240;10228
1653;8321703000;8316988888;8816988888;10240;10228
1655;8321728000;8316988888;8816988888;10240;10228
1657;8321743000;8316988888;8816988888;10240;10228
1658;8321747000;8316988888;8816988888;10240;10228
1650;8321860000;8275666666;8775666666;10240;10228
1652;8322073000;8275666666;8775666666;10240;10228
1654;8322108000;8316988888;8816988888;10240;10228
1656;8322278000;8316988888;8816988888;10240;10228
1659;8331876000;8316988888;8816988888;10240;10228
1660;8331904000;8317033333;8817033333;10240;10228
1662;8363279000;8317355555;8817355555;10240;10228
1664;8363294000;8358633333;8858633333;10240;10228
1666;8363299000;8358633333;8858633333;10240;10228
1668;8363309000;8358633333;8858633333;10240;10228
1669;8363313000;8358633333;8858633333;10240;10228
1661;8363481000;8317355555;8817355555;10240;10228
1663;8363685000;8317355555;8817355555;10240;10228
1665;8363721000;8358633333;8858633333;10240;10228
1667;8363850000;8358633333;8858633333;10240;10228
1670;8373564000;8358633333;8858633333;10240;10228
1671;8373587000;8358666666;8858666666;10240;10228
1673;8405016000;8358988888;8858988888;10240;10228
1675;8405030000;8400333333;8900333333;10240;10228
1677;8405035000;8400333333;8900333333;10240;10228
1679;8405039000;8400333333;8900333333;10240;10228
1680;8405052000;8400333333;8900333333;10240;10228
1672;8405178000;8358988888;8858988888;10240;10228
1674;8405382000;8358988888;8858988888;10240;10228
1676;8405399000;8400333333;8900333333;10240;10228
1678;8405594000;8400333333;8900333333;10240;10228
1681;8415323000;8400333333;8900333333;10240;10228
1682;8415332000;8400366666;8900366666;10240;10228
1684;8446695000;8400666666;8900666666;10240;10228
1686;8446710000;8441988888;8941988888;10240;10228
1688;8446717000;8441988888;8941988888;10240;10228
1690;8446727000;8441988888;8941988888;10240;10228
1691;8446732000;8441988888;8941988888;10240;10228
1683;8446839000;8400666666;8900666666;10240;10228
1685;8447034000;8400666666;8900666666;10240;10228
1687;8447247000;8441988888;8941988888;10240;10228
1689;8447277000;8441988888;8941988888;10240;10228
1692;8456960000;8441988888;8941988888;10240;10228
1693;8456971000;8442033333;8942033333;10240;10228
1695;8488269000;8442344444;8942344444;10240;10228
1697;8488288000;8483633333;8983633333;10240;10228
1699;8488294000;8483633333;8983633333;10240;10228
1701;8488304000;8483633333;8983633333;10240;10228
1702;8488309000;8483633333;8983633333;10240;10228
1694;8488473000;8442344444;8942344444;10240;10228
1696;8488674000;8442344444;8942344444;10240;10228
1698;8488870000;8483633333;8983633333;10240;10228
1700;8488899000;8483633333;8983633333;10240;10228
1703;8498504000;8483633333;8983633333;10240;10228
1704;8498515000;8483666666;8983666666;10240;10228
1706;8529976000;8483977777;8983977777;10240;10228
1708;8529990000;8525333333;9025333333;10240;10228
1710;8530000000;8525333333;9025333333;10240;10228
1712;8530005000;8525333333;9025333333;10240;10228
1713;8530009000;8525333333;9025333333;10240;10228
1705;8530181000;8483977777;8983977777;10240;10228
1707;8530394000;8483977777;8983977777;10240;10228
1709;8530413000;8525333333;9025333333;10240;10228
1711;8530594000;8525333333;9025333333;10240;10228
1714;8540238000;8525333333;9025333333;10240;10228
1715;8540246000;8525366666;9025366666;10240;10228
1717;8571646000;8525666666;9025666666;10240;10228
1719;8571661000;8567000000;9067000000;10240;10228
1721;8571668000;8567000000;9067000000;10240;10228
1723;8571674000;8567000000;9067000000;10240;10228
1724;8571688000;8567000000;9067000000;10240;10228
1716;8571841000;8525666666;9025666666;10240;10228
1718;8572034000;8525666666;9025666666;10240;10228
1720;8572251000;8567000000;9067000000;10240;10228
1722;8572278000;8567000000;9067000000;10240;10228
1725;8581813000;8567000000;9067000000;10240;10228
1726;8581821000;8567033333;9067033333;10240;10228
1728;8613298000;8567344444;9067344444;10240;10228
1730;8613312000;8608666666;9108666666;10240;10228
1732;8613318000;8608666666;9108666666;10240;10228
1734;8613323000;8608666666;9108666666;10240;10228
1735;8613327000;8608666666;9108666666;10240;10228
1727;8613483000;8567344444;9067344444;10240;10228
1729;8613707000;8567344444;9067344444;10240;10228
1731;8613905000;8608666666;9108666666;10240;10228
1733;8613933000;8608666666;9108666666;10240;10228
1736;8623547000;8608666666;9108666666;10240;10228
1737;8623557000;8608700000;9108700000;10240;10228
1739;8654980000;8609022222;9109022222;10240;10228
1741;8654992000;8650322222;9150322222;10240;10228
1743;8655000000;8650322222;9150322222;10240;10228
1745;8655004000;8650322222;9150322222;10240;10228
1746;8655017000;8650322222;9150322222;10240;10228
1738;8655171000;8609022222;9109022222;10240;10228
1740;8655370000;8609022222;9109022222;10240;10228
1742;8655570000;8650322222;9150322222;10240;10228
1744;8655607000;8650322222;9150322222;10240;10228
1747;8665241000;8650322222;9150322222;10240;10228
1748;8665250000;8650366666;9150366666;10240;10228
1750;8696667000;8650677777;9150677777;10240;10228
1752;8696680000;8691988888;9191988888;10240;10228
1754;8696686000;8691988888;9191988888;10240;10228
1756;8696690000;8691988888;9191988888;10240;10228
1757;8696695000;8691988888;9191988888;10240;10228
1749;8696849000;8650677777;9150677777;10240;10228
1751;8697068000;8650677777;9150677777;10240;10228
1753;8697105000;8691988888;9191988888;10240;10228
1755;8697289000;8691988888;9191988888;10240;10228
1758;8706942000;8691988888;9191988888;10240;10228
1759;8706951000;8692033333;9192033333;10240;10228
1761;8738326000;8692377777;9192377777;10240;10228
1763;8738337000;8733655555;9233655555;10240;10228
1765;8738346000;8733655555;9233655555;10240;10228
1767;8738351000;8733655555;9233655555;10240;10228
1768;8738355000;8733655555;9233655555;10240;10228
1760;8738507000;8692377777;9192377777;10240;10228
1762;8738712000;8692377777;9192377777;10240;10228
1764;8738749000;8733655555;9233655555;10240;10228
1766;8738913000;8733655555;9233655555;10240;10228
1769;8748593000;8733655555;9233655555;10240;10228
1770;8748601000;8733700000;9233700000;10240;10228
1772;8780020000;8734000000;9234000000;10240;10228
1774;8780031000;8775322222;9275322222;10240;10228
1776;8780037000;8775322222;9275322222;10240;10228
1778;8780041000;8775322222;9275322222;10240;10228
1779;8780065000;8775322222;9275322222;10240;10228
1771;8780179000;8734000000;9234000000;10240;10228
1773;8780386000;8734000000;9234000000;10240;10228
1775;8780404000;8775322222;9275322222;10240;10228
1777;8780592000;8775322222;9275322222;10240;10228
1780;8790248000;8775322222;9275322222;10240;10228
1781;8790257000;8775366666;9275366666;10240;10228
1783;8821658000;8775655555;9275655555;10240;10228
1785;8821671000;8816988888;9316988888;10240;10228
1787;8821680000;8816988888;9316988888;10240;10228
1789;8821684000;8816988888;9316988888;10240;10228
1790;8821689000;8816988888;9316988888;10240;10228
1782;8821837000;8775655555;9275655555;10240;10228
1784;8822034000;8775655555;9275655555;10240;10228
1786;8822244000;8816988888;9316988888;10240;10228
1788;8822274000;8816988888;9316988888;10240;10228
1791;8831860000;8816988888;9316988888;10240;10228
1792;8831871000;8817033333;9317033333;10240;10228
1794;8863263000;8817333333;9317333333;10240;10228
1796;8863277000;8858633333;9358633333;10240;10228
1798;8863283000;8858633333;9358633333;10240;10228
1800;8863288000;8858633333;9358633333;10240;10228
1801;8863293000;8858633333;9358633333;10240;10228
1793;8863470000;8817333333;9317333333;10240;10228
1795;8863676000;8817333333;9317333333;10240;10228
1797;8863869000;8858633333;9358633333;10240;10228
1799;8863899000;8858633333;9358633333;10240;10228
1802;8873479000;8858633333;9358633333;10240;10228
1803;8873489000;8858666666;9358666666;10240;10228
1805;8904927000;8859000000;9359000000;10240;10228
1807;8904941000;8900300000;9400300000;10240;10228
1809;8904946000;8900300000;9400300000;10240;10228
1811;8904953000;8900300000;9400300000;10240;10228
1812;8904957000;8900300000;9400300000;10240;10228
1804;8905129000;8859000000;9359000000;10240;10228
1806;8905319000;8859000000;9359000000;10240;10228
1808;8905519000;8900300000;9400300000;10240;10228
1810;8905538000;8900300000;9400300000;10240;10228
1813;8915190000;8900300000;9400300000;10240;10228
1814;8915201000;8900333333;9400333333;10240;10228
1816;8946625000;8900644444;9400644444;10240;10228
1818;8946640000;8941955555;9441955555;10240;10228
1820;8946645000;8941955555;9441955555;10240;10228
1822;8946649000;8941955555;9441955555;10240;10228
1823;8946653000;8941955555;9441955555;10240;10228
1815;8946808000;8900644444;9400644444;10240;10228
1817;8947004000;8900644444;9400644444;10240;10228
1819;8947215000;8941955555;9441955555;10240;10228
1821;8947234000;8941955555;9441955555;10240;10228
1824;8956877000;8941955555;9441955555;10240;10228
1825;8956899000;8942000000;9442000000;10240;10228
1827;8988292000;8942333333;9442333333;10240;10228
1829;8988307000;8983633333;9483633333;10240;10228
1831;8988319000;8983633333;9483633333;10240;10228
1833;8988324000;8983633333;9483633333;10240;10228
1834;8988328000;8983633333;9483633333;10240;10228
1826;8988479000;8942333333;9442333333;10240;10228
1828;8988678000;8942333333;9442333333;10240;10228
1830;8988874000;8983633333;9483633333;10240;10228
1832;8988897000;8983633333;9483633333;10240;10228
1835;8998561000;8983633333;9483633333;10240;10228
1836;8998582000;8983666666;9483666666;10240;10228
1838;9030006000;8983988888;9483988888;10240;10228
1840;9030020000;9025322222;9525322222;10240;10228
1842;9030025000;9025322222;9525322222;10240;10228
1844;9030030000;9025322222;9525322222;10240;10228
1845;9030034000;9025322222;9525322222;10240;10228
1837;9030162000;8983988888;9483988888;10240;10228
1839;9030365000;8983988888;9483988888;10240;10228
1841;9030394000;9025322222;9525322222;10240;10228
1843;9030580000;9025322222;9525322222;10240;10228
1846;9040313000;9025322222;9525322222;10240;10228
1847;9040323000;9025366666;9525366666;10240;10228
1849;9071683000;9025655555;9525655555;10240;10228
1851;9071698000;9066988888;9566988888;10240;10228
1853;9071702000;9066988888;9566988888;10240;10228
1855;9071710000;9066988888;9566988888;10240;10228
1856;9071714000;9066988888;9566988888;10240;10228
1848;9071852000;9025655555;9525655555;10240;10228
1850;9072074000;9025655555;9525655555;10240;10228
1852;9072110000;9066988888;9566988888;10240;10228
1854;9072265000;9066988888;9566988888;10240;10228
1857;9081919000;9066988888;9566988888;10240;10228
1858;9081930000;9067033333;9567033333;10240;10228
1860;9113308000;9067322222;9567322222;10240;10228
1862;9113321000;9108655555;9608655555;10240;10228
1864;9113326000;9108655555;9608655555;10240;10228
1866;9113336000;9108655555;9608655555;10240;10228
1867;9113341000;9108655555;9608655555;10240;10228
1859;9113512000;9067322222;9567322222;10240;10228
1861;9113718000;9067322222;9567322222;10240;10228
1863;9113756000;9108655555;9608655555;10240;10228
1865;9113917000;9108655555;9608655555;10240;10228
1868;9123559000;9108655555;9608655555;10240;10228
1869;9123568000;9108700000;9608700000;10240;10228
1871;9155011000;9109000000;9609000000;10240;10228
1873;9155026000;9150322222;9650322222;10240;10228
1875;9155030000;9150322222;9650322222;10240;10228
1877;9155035000;9150322222;9650322222;10240;10228
1878;9155039000;9150322222;9650322222;10240;10228
1870;9155215000;9109000000;9609000000;10240;10228
1872;9155417000;9109000000;9609000000;10240;10228
1874;9155453000;9150322222;9650322222;10240;10228
1876;9155641000;9150322222;9650322222;10240;10228
1879;9165248000;9150322222;9650322222;10240;10228
1880;9165256000;9150366666;9650366666;10240;10228
1882;9196675000;9150633333;9650633333;10240;10228
1884;9196689000;9192000000;9692000000;10240;10228
1886;9196694000;9192000000;9692000000;10240;10228
1888;9196699000;9192000000;9692000000;10240;10228
1889;9196703000;9192000000;9692000000;10240;10228
1881;9196880000;9150633333;9650633333;10240;10228
1883;9197066000;9150633333;9650633333;10240;10228
1885;9197288000;9192000000;9692000000;10240;10228
1887;9197314000;9192000000;9692000000;10240;10228
1890;9206988000;9192000000;9692000000;10240;10228
1891;9206997000;9192033333;9692033333;10240;10228
1893;9238322000;9192344444;9692344444;10240;10228
1895;9238336000;9233666666;9733666666;10240;10228
1897;9238341000;9233666666;9733666666;10240;10228
1899;9238351000;9233666666;9733666666;10240;10228
1900;9238356000;9233666666;9733666666;10240;10228
1892;9238545000;9192344444;9692344444;10240;10228
1894;9238730000;9192344444;9692344444;10240;10228
1896;9238937000;9233666666;9733666666;10240;10228
1898;9238955000;9233666666;9733666666;10240;10228
1901;9248559000;9233666666;9733666666;10240;10228
1902;9248567000;9233700000;9733700000;10240;10228
1904;9279977000;9233988888;9733988888;10240;10228
1906;9279990000;9275322222;9775322222;10240;10228
1908;9279996000;9275322222;9775322222;10240;10228
1910;9280009000;9275322222;9775322222;10240;10228
1911;9280013000;9275322222;9775322222;10240;10228
1903;9280172000;9233988888;9733988888;10240;10228
1905;9280368000;9233988888;9733988888;10240;10228
1907;9280569000;9275322222;9775322222;10240;10228
1909;9280606000;9275322222;9775322222;10240;10228
1912;9290244000;9275322222;9775322222;10240;10228
1913;9290252000;9275366666;9775366666;10240;10228
1915;9321688000;9275644444;9775644444;10240;10228
1917;9321717000;9316988888;9816988888;10240;10228
1919;9321724000;9316988888;9816988888;10240;10228
1921;9321739000;9316988888;9816988888;10240;10228
1922;9321755000;9316988888;9816988888;10240;10228
1918;9321853000;9316988888;9816988888;10240;10228
1920;9322051000;9316988888;9816988888;10240;10228
1923;9331963000;9316988888;9816988888;10240;10228
1924;9331974000;9317033333;9817033333;10240;10228
1926;9363350000;9317333333;9817333333;10240;10228
1928;9363360000;9358655555;9858655555;10240;10228
1929;9363367000;9358655555;9858655555;10240;10228
1930;9363371000;9358655555;9858655555;10240;10228
1931;9363376000;9358655555;9858655555;10240;10228
1925;9363494000;9317333333;9817333333;10240;10228
1927;9363702000;9317333333;9817333333;10240;10228
1932;9373659000;9358655555;9858655555;10240;10228
1933;9373680000;9358655555;9858655555;10240;10228
1934;9373685000;9358655555;9858655555;10240;10228
1935;9373689000;9358688888;9858688888;10240;10228
1914;9373704000;9275644444;9775644444;10240;10228
1916;9373708000;9275644444;9775644444;10240;10228
1936;9405034000;9358977777;9858977777;10240;10228
1938;9405052000;9358977777;9858977777;10240;10228
1940;9405071000;9400322222;9900322222;10240;10228
1942;9405087000;9400322222;9900322222;10240;10228
1943;9405092000;9400322222;9900322222;10240;10228
1944;9405108000;9400322222;9900322222;10240;10228
1937;9405194000;9358977777;9858977777;10240;10228
1939;9405394000;9400322222;9900322222;10240;10228
1941;9405413000;9400322222;9900322222;10240;10228
1945;9415280000;9400322222;9900322222;10240;10228
1946;9415291000;9400366666;9900366666;10240;10228
1948;9446719000;9400633333;9900633333;10240;10228
1950;9446741000;9441988888;9941988888;10240;10228
1952;9446755000;9441988888;9941988888;10240;10228
1954;9446760000;9441988888;9941988888;10240;10228
1955;9446774000;9441988888;9941988888;10240;10228
1956;9446777000;9441988888;9941988888;10240;10228
1947;9446928000;9400633333;9900633333;10240;10228
1949;9447057000;9400633333;9900633333;10240;10228
1951;9447263000;9441988888;9941988888;10240;10228
1953;9447289000;9441988888;9941988888;10240;10228
1957;9457011000;9442033333;9942033333;10240;10228
1958;9488333000;9442333333;9942333333;10240;10228
1960;9488344000;9442333333;9942333333;10240;10228
1964;9488361000;9483666666;9983666666;10240;10228
1966;9488366000;9483666666;9983666666;10240;10228
1967;9488390000;9483666666;9983666666;10240;10228
1959;9488519000;9442333333;9942333333;10240;10228
1961;9488724000;9483666666;9983666666;10240;10228
1963;9488761000;9483666666;9983666666;10240;10228
1968;9498648000;9483711111;9983711111;10240;10228
1962;9498667000;9483666666;9983666666;10240;10228
1970;9529980000;9483988888;9983988888;10240;10228
1972;9529998000;9525333333;10025333333;10240;10228
1974;9530006000;9525333333;10025333333;10240;10228
1969;9530177000;9483988888;9983988888;10240;10228
1971;9530382000;9483988888;9983988888;10240;10228
1973;9530393000;9525333333;10025333333;10240;10228
1975;9540253000;9525333333;10025333333;10240;10228
1976;9540264000;9525333333;10025333333;10240;10228
1977;9540269000;9525333333;10025333333;10240;10228
1978;9540274000;9525333333;10025333333;10240;10228
1979;9540564000;9525355555;10025355555;10240;10228
1965;9540595000;9483666666;9983666666;10240;10228
1981;9571612000;9525633333;10025633333;10240;10228
1983;9571626000;9566966666;10066966666;10240;10228
1985;9571631000;9566966666;10066966666;10240;10228
1986;9571636000;9566966666;10066966666;10240;10228
1987;9571642000;9566966666;10066966666;10240;10228
1988;9571647000;9566966666;10066966666;10240;10228
1980;9571847000;9525633333;10025633333;10240;10228
1982;9572018000;9525633333;10025633333;10240;10228
1984;9572261000;9566966666;10066966666;10240;10228
1989;9581861000;9566966666;10066966666;10240;10228
1990;9581881000;9567000000;10067000000;10240;10228
1992;9613304000;9567288888;10067288888;10240;10228
1994;9613319000;9608655555;10108655555;10240;10228
1996;9613324000;9608655555;10108655555;10240;10228
1998;9613329000;9608655555;10108655555;10240;10228
1999;9613333000;9608655555;10108655555;10240;10228
2000;9613354000;9608655555;10108655555;10240;10228
1991;9613538000;9567288888;10067288888;10240;10228
1993;9613738000;9567288888;10067288888;10240;10228
1995;9613767000;9608655555;10108655555;10240;10228
1997;9613953000;9608655555;10108655555;10240;10228
2001;9623568000;9608700000;10108700000;10240;10228
2002;9655003000;9609000000;10109000000;10240;10228
2004;9655015000;9609000000;10109000000;10240;10228
2006;9655025000;9650322222;10150322222;10240;10228
2008;9655032000;9650322222;10150322222;10240;10228
2010;9655036000;9650322222;10150322222;10240;10228
2011;9655051000;9650322222;10150322222;10240;10228
2003;9655227000;9609000000;10109000000;10240;10228
2005;9655469000;9650322222;10150322222;10240;10228
2007;9655506000;9650322222;10150322222;10240;10228
2009;9655619000;9650322222;10150322222;10240;10228
2012;9665296000;9650366666;10150366666;10240;10228
2014;9696655000;9650655555;10150655555;10240;10228
2016;9696669000;9692000000;10192000000;10240;10228
2018;9696674000;9692000000;10192000000;10240;10228
2020;9696681000;9692000000;10192000000;10240;10228
2021;9696685000;9692000000;10192000000;10240;10228
2022;9696690000;9692000000;10192000000;10240;10228
2013;9696899000;9650655555;10150655555;10240;10228
2015;9697086000;9650655555;10150655555;10240;10228
2017;9697104000;9692000000;10192000000;10240;10228
2019;9697228000;9692000000;10192000000;10240;10228
2023;9706896000;9692033333;10192033333;10240;10228
2024;9738292000;9692366666;10192366666;10240;10228
2026;9738309000;9692366666;10192366666;10240;10228
2028;9738321000;9733655555;10233655555;10240;10228
2030;9738328000;9733655555;10233655555;10240;10228
2032;9738333000;9733655555;10233655555;10240;10228
2033;9738338000;9733655555;10233655555;10240;10228
2025;9738514000;9692366666;10192366666;10240;10228
2027;9738722000;9733655555;10233655555;10240;10228
2029;9738749000;9733655555;10233655555;10240;10228
2031;9738922000;9733655555;10233655555;10240;10228
2034;9748556000;9733700000;10233700000;10240;10228
2036;9780016000;9733977777;10233977777;10240;10228
2038;9780030000;9775322222;10275322222;10240;10228
2040;9780035000;9775322222;10275322222;10240;10228
2042;9780041000;9775322222;10275322222;10240;10228
2043;9780063000;9775322222;10275322222;10240;10228
2044;9780068000;9775322222;10275322222;10240;10228
2035;9780180000;9733977777;10233977777;10240;10228
2037;9780376000;9733977777;10233977777;10240;10228
2039;9780582000;9775322222;10275322222;10240;10228
2041;9780620000;9775322222;10275322222;10240;10228
2046;9821653000;9775622222;10275622222;10240;10228
2048;9821675000;9775622222;10275622222;10240;10228
2050;9821679000;9816988888;10316988888;10240;10228
2052;9821683000;9816988888;10316988888;10240;10228
2054;9821688000;9816988888;10316988888;10240;10228
2047;9821843000;9775622222;10275622222;10240;10228
2049;9822038000;9816988888;10316988888;10240;10228
2051;9822250000;9816988888;10316988888;10240;10228
2053;9822273000;9816988888;10316988888;10240;10228
2055;9831944000;9816988888;10316988888;10240;10228
2056;9831956000;9817033333;10317033333;10240;10228
2045;9831960000;9775366666;10275366666;10240;10228
2057;9863301000;9817322222;10317322222;10240;10228
2059;9863311000;9817322222;10317322222;10240;10228
2061;9863318000;9858655555;10358655555;10240;10228
2063;9863328000;9858655555;10358655555;10240;10228
2058;9863517000;9817322222;10317322222;10240;10228
2060;9863721000;9858655555;10358655555;10240;10228
2062;9863758000;9858655555;10358655555;10240;10228
2064;9863943000;9858655555;10358655555;10240;10228
2065;9864154000;9858655555;10358655555;10240;10228
2066;9873607000;9858655555;10358655555;10240;10228
2067;9873626000;9858700000;10358700000;10240;10228
2069;9904985000;9859011111;10359011111;10240;10228
2071;9904998000;9900322222;10400322222;10240;10228
2073;9905004000;9900322222;10400322222;10240;10228
2075;9905008000;9900322222;10400322222;10240;10228
2068;9905167000;9859011111;10359011111;10240;10228
2070;9905370000;9859011111;10359011111;10240;10228
2072;9905570000;9900322222;10400322222;10240;10228
2074;9905609000;9900322222;10400322222;10240;10228
2076;9905771000;9900322222;10400322222;10240;10228
2077;9915288000;9900322222;10400322222;10240;10228
2078;9915297000;9900366666;10400366666;10240;10228
2080;9946668000;9900644444;10400644444;10240;10228
2082;9946681000;9942000000;10442000000;10240;10228
2084;9946687000;9942000000;10442000000;10240;10228
2086;9946691000;9942000000;10442000000;10240;10228
2079;9946843000;9900644444;10400644444;10240;10228
2081;9947037000;9900644444;10400644444;10240;10228
2083;9947241000;9942000000;10442000000;10240;10228
2085;9947269000;9942000000;10442000000;10240;10228
2087;9947444000;9942000000;10442000000;10240;10228
2088;9956932000;9942000000;10442000000;10240;10228
2089;9956938000;9942033333;10442033333;10240;10228
2091;9988277000;9942344444;10442344444;10240;10228
2093;9988289000;9983633333;10483633333;10240;10228
2095;9988295000;9983633333;10483633333;10240;10228
2097;9988300000;9983633333;10483633333;10240;10228
2090;9988447000;9942344444;10442344444;10240;10228
2092;9988651000;9942344444;10442344444;10240;10228
2094;9988839000;9983633333;10483633333;10240;10228
2096;9988863000;9983633333;10483633333;10240;10228
2098;9989024000;9983633333;10483633333;10240;10228
2099;9998522000;9983633333;10483633333;10240;10228
2100;9998529000;9983666666;10483666666;10240;10228
2102;10030032000;9983977777;10483977777;10240;10228
2104;10030053000;10025322222;10525322222;10240;10228
2106;10030059000;10025322222;10525322222;10240;10228
2108;10030064000;10025322222;10525322222;10240;10228
2101;10030230000;9983977777;10483977777;10240;10228
2103;10030412000;9983977777;10483977777;10240;10228
2105;10030449000;10025322222;10525322222;10240;10228
2107;10030610000;10025322222;10525322222;10240;10228
2109;10030835000;10025322222;10525322222;10240;10228
2110;10040321000;10025322222;10525322222;10240;10228
2113;10071692000;10025666666;10525666666;10240;10228
2115;10071706000;10067000000;10567000000;10240;10228
2112;10071905000;10025666666;10525666666;10240;10228
2114;10072113000;10025666666;10525666666;10240;10228
2116;10072131000;10067000000;10567000000;10240;10228
2118;10072322000;10067000000;10567000000;10240;10228
2119;10072526000;10067000000;10567000000;10240;10228
2121;10081961000;10067000000;10567000000;10240;10228
2122;10082242000;10067033333;10567033333;10240;10228
2111;10092429000;10025366666;10525366666;10240;10228
2123;10113312000;10067355555;10567355555;10240;10228
2124;10113571000;10067355555;10567355555;10240;10228
2125;10113746000;10067355555;10567355555;10240;10228
2126;10113765000;10108655555;10608655555;10240;10228
2127;10113938000;10108655555;10608655555;10240;10228
2128;10114193000;10108655555;10608655555;10240;10228
2129;10114213000;10108655555;10608655555;10240;10228
2130;10123579000;10108655555;10608655555;10240;10228
2131;10124070000;10108655555;10608655555;10240;10228
2132;10124260000;10108655555;10608655555;10240;10228
2133;10124280000;10108688888;10608688888;10240;10228
2117;10134057000;10067000000;10567000000;10240;10228
2120;10134271000;10067000000;10567000000;10240;10228
2135;10154976000;10109011111;10609011111;10240;10228
2137;10154990000;10150322222;10650322222;10240;10228
2139;10154995000;10150322222;10650322222;10240;10228
2134;10155204000;10109011111;10609011111;10240;10228
2136;10155390000;10109011111;10609011111;10240;10228
2138;10155418000;10150322222;10650322222;10240;10228
2140;10155603000;10150322222;10650322222;10240;10228
2141;10155790000;10150322222;10650322222;10240;10228
2142;10155812000;10150322222;10650322222;10240;10228
2143;10155994000;10150322222;10650322222;10240;10228
2144;10165260000;10150366666;10650366666;10240;10228
2145;10196635000;10150666666;10650666666;10240;10228
2147;10196655000;10150666666;10650666666;10240;10228
2149;10196671000;10191988888;10691988888;10240;10228
2151;10196686000;10191988888;10691988888;10240;10228
2146;10196844000;10150666666;10650666666;10240;10228
2148;10197067000;10191988888;10691988888;10240;10228
2150;10197104000;10191988888;10691988888;10240;10228
2152;10197262000;10191988888;10691988888;10240;10228
2153;10197450000;10191988888;10691988888;10240;10228
2154;10197455000;10191988888;10691988888;10240;10228
2155;10197653000;10192033333;10692033333;10240;10228
2157;10238368000;10192377777;10692377777;10240;10228
2159;10238391000;10233666666;10733666666;10240;10228
2161;10238396000;10233666666;10733666666;10240;10228
2163;10238410000;10233666666;10733666666;10240;10228
2156;10238513000;10192377777;10692377777;10240;10228
2158;10238722000;10192377777;10692377777;10240;10228
2160;10238759000;10233666666;10733666666;10240;10228
2162;10238924000;10233666666;10733666666;10240;10228
2164;10239125000;10233666666;10733666666;10240;10228
2165;10239145000;10233666666;10733666666;10240;10228
2166;10239336000;10233711111;10733711111;10240;10228
2167;10279991000;10234044444;10734044444;10240;10228
2169;10280003000;10234044444;10734044444;10240;10228
2171;10280020000;10275322222;10775322222;10240;10228
2173;10280025000;10275322222;10775322222;10240;10228
2168;10280182000;10234044444;10734044444;10240;10228
2170;10280401000;10275322222;10775322222;10240;10228
2172;10280427000;10275322222;10775322222;10240;10228
2174;10280623000;10275322222;10775322222;10240;10228
2175;10280794000;10275322222;10775322222;10240;10228
2176;10280805000;10275322222;10775322222;10240;10228
2177;10280962000;10275366666;10775366666;10240;10228
2179;10321702000;10275688888;10775688888;10240;10228
2181;10321726000;10316988888;10816988888;10240;10228
2183;10321750000;10316988888;10816988888;10240;10228
2185;10321765000;10316988888;10816988888;10240;10228
2178;10321859000;10275688888;10775688888;10240;10228
2180;10322074000;10275688888;10775688888;10240;10228
2182;10322109000;10316988888;10816988888;10240;10228
2184;10322278000;10316988888;10816988888;10240;10228
2186;10322468000;10316988888;10816988888;10240;10228
2187;10322491000;10316988888;10816988888;10240;10228
2188;10322675000;10317033333;10817033333;10240;10228
2189;10363329000;10317377777;10817377777;10240;10228
2191;10363340000;10317377777;10817377777;10240;10228
2193;10363347000;10358666666;10858666666;10240;10228
2195;10363362000;10358666666;10858666666;10240;10228
2190;10363520000;10317377777;10817377777;10240;10228
2192;10363722000;10358666666;10858666666;10240;10228
2194;10363759000;10358666666;10858666666;10240;10228
2196;10363926000;10358666666;10858666666;10240;10228
2197;10364124000;10358666666;10858666666;10240;10228
2198;10364145000;10358666666;10858666666;10240;10228
2199;10364334000;10358711111;10858711111;10240;10228
2201;10404946000;10359033333;10859033333;10240;10228
2203;10404969000;10400288888;10900288888;10240;10228
2205;10404983000;10400288888;10900288888;10240;10228
2207;10404988000;10400288888;10900288888;10240;10228
2200;10405126000;10359033333;10859033333;10240;10228
2202;10405330000;10359033333;10859033333;10240;10228
2204;10405347000;10400288888;10900288888;10240;10228
2206;10405540000;10400288888;10900288888;10240;10228
2208;10405736000;10400288888;10900288888;10240;10228
2209;10405758000;10400288888;10900288888;10240;10228
2210;10405936000;10400333333;10900333333;10240;10228
2211;10446674000;10400644444;10900644444;10240;10228
2213;10446684000;10400644444;10900644444;10240;10228
2215;10446701000;10442000000;10942000000;10240;10228
2217;10446706000;10442000000;10942000000;10240;10228
2212;10446855000;10400644444;10900644444;10240;10228
2214;10447067000;10442000000;10942000000;10240;10228
2216;10447094000;10442000000;10942000000;10240;10228
2218;10447261000;10442000000;10942000000;10240;10228
2219;10447458000;10442000000;10942000000;10240;10228
2220;10447465000;10442000000;10942000000;10240;10228
2221;10447658000;10442044444;10942044444;10240;10228
2223;10488333000;10442366666;10942366666;10240;10228
2225;10488353000;10483655555;10983655555;10240;10228
2227;10488367000;10483655555;10983655555;10240;10228
2229;10488381000;10483655555;10983655555;10240;10228
2222;10488501000;10442366666;10942366666;10240;10228
2224;10488710000;10442366666;10942366666;10240;10228
2226;10488748000;10483655555;10983655555;10240;10228
2228;10488934000;10483655555;10983655555;10240;10228
2230;10489127000;10483655555;10983655555;10240;10228
2231;10489149000;10483655555;10983655555;10240;10228
2232;10489328000;10483700000;10983700000;10240;10228
2233;10529917000;10484022222;10984022222;10240;10228
2235;10529926000;10484022222;10984022222;10240;10228
2237;10529934000;10525300000;11025300000;10240;10228
2239;10529939000;10525300000;11025300000;10240;10228
2234;10530143000;10484022222;10984022222;10240;10228
2236;10530302000;10525300000;11025300000;10240;10228
2238;10530547000;10525300000;11025300000;10240;10228
2240;10530584000;10525300000;11025300000;10240;10228
2241;10530745000;10525300000;11025300000;10240;10228
2242;10530765000;10525300000;11025300000;10240;10228
2243;10530951000;10525344444;11025344444;10240;10228
2245;10571700000;10525655555;11025655555;10240;10228
2247;10571712000;10567000000;11067000000;10240;10228
2249;10571717000;10567000000;11067000000;10240;10228
2251;10571721000;10567000000;11067000000;10240;10228
2244;10571855000;10525655555;11025655555;10240;10228
2246;10572070000;10525655555;11025655555;10240;10228
2248;10572098000;10567000000;11067000000;10240;10228
2250;10572260000;10567000000;11067000000;10240;10228
2252;10572463000;10567000000;11067000000;10240;10228
2253;10572482000;10567000000;11067000000;10240;10228
2254;10572675000;10567033333;11067033333;10240;10228
2255;10613321000;10567366666;11067366666;10240;10228
2257;10613330000;10567366666;11067366666;10240;10228
2259;10613338000;10608655555;11108655555;10240;10228
2261;10613348000;10608655555;11108655555;10240;10228
2256;10613495000;10567366666;11067366666;10240;10228
2258;10613689000;10608655555;11108655555;10240;10228
2260;10613712000;10608655555;11108655555;10240;10228
2262;10613890000;10608655555;11108655555;10240;10228
2263;10614061000;10608655555;11108655555;10240;10228
2264;10614081000;10608655555;11108655555;10240;10228
2265;10614301000;10608700000;11108700000;10240;10228
2267;10655024000;10609033333;11109033333;10240;10228
2269;10655035000;10650333333;11150333333;10240;10228
2271;10655041000;10650333333;11150333333;10240;10228
2273;10655066000;10650333333;11150333333;10240;10228
2266;10655171000;10609033333;11109033333;10240;10228
2268;10655378000;10609033333;11109033333;10240;10228
2270;10655574000;10650333333;11150333333;10240;10228
2272;10655611000;10650333333;11150333333;10240;10228
2275;10655778000;10650333333;11150333333;10240;10228
2276;10655809000;10650377777;11150377777;10240;10228
2277;10696662000;10650688888;11150688888;10240;10228
2279;10696673000;10650688888;11150688888;10240;10228
2281;10696678000;10692000000;11192000000;10240;10228
2283;10696683000;10692000000;11192000000;10240;10228
2278;10696852000;10650688888;11150688888;10240;10228
2280;10697078000;10692000000;11192000000;10240;10228
2282;10697089000;10692000000;11192000000;10240;10228
2284;10697258000;10692000000;11192000000;10240;10228
2285;10697471000;10692000000;11192000000;10240;10228
2286;10697491000;10692000000;11192000000;10240;10228
2287;10706927000;10692033333;11192033333;10240;10228
2274;10707336000;10650333333;11150333333;10240;10228
2289;10738310000;10692400000;11192400000;10240;10228
2291;10738323000;10733655555;11233655555;10240;10228
2293;10738328000;10733655555;11233655555;10240;10228
2295;10738332000;10733655555;11233655555;10240;10228
2297;10738341000;10733655555;11233655555;10240;10228
2288;10738514000;10692400000;11192400000;10240;10228
2290;10738719000;10692400000;11192400000;10240;10228
2292;10738755000;10733655555;11233655555;10240;10228
2294;10738921000;10733655555;11233655555;10240;10228
2296;10739163000;10733655555;11233655555;10240;10228
2298;10748548000;10733700000;11233700000;10240;10228
2300;10779993000;10734011111;11234011111;10240;10228
2302;10780008000;10775322222;11275322222;10240;10228
2304;10780034000;10775322222;11275322222;10240;10228
2308;10780039000;10775322222;11275322222;10240;10228
2299;10780182000;10734011111;11234011111;10240;10228
2301;10780388000;10734011111;11234011111;10240;10228
2303;10780415000;10775322222;11275322222;10240;10228
2305;10780552000;10775322222;11275322222;10240;10228
2307;10780758000;10775322222;11275322222;10240;10228
2309;10790264000;10775366666;11275366666;10240;10228
2310;10821625000;10775666666;11275666666;10240;10228
2312;10821635000;10775666666;11275666666;10240;10228
2314;10821648000;10816988888;11316988888;10240;10228
2316;10821654000;10816988888;11316988888;10240;10228
2311;10821815000;10775666666;11275666666;10240;10228
2313;10822009000;10816988888;11316988888;10240;10228
2315;10822220000;10816988888;11316988888;10240;10228
2317;10822231000;10816988888;11316988888;10240;10228
2318;10822424000;10816988888;11316988888;10240;10228
2306;10831847000;10775322222;11275322222;10240;10228
2319;10831858000;10816988888;11316988888;10240;10228
2320;10831863000;10817022222;11317022222;10240;10228
2321;10863265000;10817344444;11317344444;10240;10228
2323;10863271000;10817344444;11317344444;10240;10228
2325;10863291000;10858666666;11358666666;10240;10228
2327;10863297000;10858666666;11358666666;10240;10228
2322;10863487000;10817344444;11317344444;10240;10228
2324;10863686000;10858666666;11358666666;10240;10228
2326;10863910000;10858666666;11358666666;10240;10228
2328;10863940000;10858666666;11358666666;10240;10228
2329;10864114000;10858666666;11358666666;10240;10228
2330;10864125000;10858666666;11358666666;10240;10228
2331;10873538000;10858711111;11358711111;10240;10228
2333;10905014000;10859044444;11359044444;10240;10228
2335;10905029000;10900322222;11400322222;10240;10228
2337;10905033000;10900322222;11400322222;10240;10228
2339;10905038000;10900322222;11400322222;10240;10228
2332;10905187000;10859044444;11359044444;10240;10228
2334;10905412000;10859044444;11359044444;10240;10228
2336;10905438000;10900322222;11400322222;10240;10228
2338;10905594000;10900322222;11400322222;10240;10228
2340;10905791000;10900322222;11400322222;10240;10228
2341;10905801000;10900322222;11400322222;10240;10228
2342;10915305000;10900366666;11400366666;10240;10228
2343;10946683000;10900677777;11400677777;10240;10228
2345;10946696000;10900677777;11400677777;10240;10228
2347;10946703000;10941988888;11441988888;10240;10228
2349;10946708000;10941988888;11441988888;10240;10228
2344;10946853000;10900677777;11400677777;10240;10228
2346;10947070000;10941988888;11441988888;10240;10228
2348;10947098000;10941988888;11441988888;10240;10228
2350;10947279000;10941988888;11441988888;10240;10228
2351;10947467000;10941988888;11441988888;10240;10228
2352;10947487000;10941988888;11441988888;10240;10228
2353;10956954000;10942033333;11442033333;10240;10228
2355;10988310000;10942377777;11442377777;10240;10228
2357;10988324000;10983666666;11483666666;10240;10228
2359;10988329000;10983666666;11483666666;10240;10228
2361;10988334000;10983666666;11483666666;10240;10228
2354;10988512000;10942377777;11442377777;10240;10228
2356;10988719000;10942377777;11442377777;10240;10228
2358;10988755000;10983666666;11483666666;10240;10228
2360;10988882000;10983666666;11483666666;10240;10228
2362;10989153000;10983666666;11483666666;10240;10228
2363;10989173000;10983666666;11483666666;10240;10228
2364;10998576000;10983711111;11483711111;10240;10228
2365;11029922000;10984033333;11484033333;10240;10228
2367;11029931000;10984033333;11484033333;10240;10228
2369;11029937000;11025300000;11525300000;10240;10228
2371;11029947000;11025300000;11525300000;10240;10228
2366;11030139000;10984033333;11484033333;10240;10228
2368;11030336000;11025300000;11525300000;10240;10228
2370;11030363000;11025300000;11525300000;10240;10228
2372;11030563000;11025300000;11525300000;10240;10228
2373;11030743000;11025300000;11525300000;10240;10228
2374;11030764000;11025300000;11525300000;10240;10228
2375;11040181000;11025344444;11525344444;10240;10228
2377;11071651000;11025644444;11525644444;10240;10228
2379;11071662000;11067000000;11567000000;10240;10228
2381;11071687000;11067000000;11567000000;10240;10228
2383;11071692000;11067000000;11567000000;10240;10228
2376;11071855000;11025644444;11525644444;10240;10228
2378;11072069000;11025644444;11525644444;10240;10228
2380;11072097000;11067000000;11567000000;10240;10228
2382;11072272000;11067000000;11567000000;10240;10228
2384;11072437000;11067000000;11567000000;10240;10228
2385;11072445000;11067000000;11567000000;10240;10228
2386;11081823000;11067044444;11567044444;10240;10228
2387;11113282000;11067355555;11567355555;10240;10228
2389;11113291000;11067355555;11567355555;10240;10228
2391;11113298000;11108655555;11608655555;10240;10228
2393;11113302000;11108655555;11608655555;10240;10228
2388;11113484000;11067355555;11567355555;10240;10228
2390;11113722000;11108655555;11608655555;10240;10228
2392;11113907000;11108655555;11608655555;10240;10228
2394;11113925000;11108655555;11608655555;10240;10228
2395;11114103000;11108655555;11608655555;10240;10228
2396;11114123000;11108655555;11608655555;10240;10228
2397;11123540000;11108700000;11608700000;10240;10228
2399;11154978000;11109022222;11609022222;10240;10228
2401;11154989000;11150322222;11650322222;10240;10228
2403;11154994000;11150322222;11650322222;10240;10228
2405;11154999000;11150322222;11650322222;10240;10228
2398;11155179000;11109022222;11609022222;10240;10228
2400;11155384000;11109022222;11609022222;10240;10228
2402;11155412000;11150322222;11650322222;10240;10228
2404;11155595000;11150322222;11650322222;10240;10228
2406;11155789000;11150322222;11650322222;10240;10228
2407;11155800000;11150322222;11650322222;10240;10228
2408;11165217000;11150366666;11650366666;10240;10228
2409;11196689000;11150655555;11650655555;10240;10228
2411;11196700000;11150655555;11650655555;10240;10228
2413;11196707000;11192000000;11692000000;10240;10228
2415;11196713000;11192000000;11692000000;10240;10228
2410;11196906000;11150655555;11650655555;10240;10228
2412;11197093000;11192000000;11692000000;10240;10228
2414;11197343000;11192000000;11692000000;10240;10228
2416;11197364000;11192000000;11692000000;10240;10228
2417;11197480000;11192000000;11692000000;10240;10228
2418;11197486000;11192000000;11692000000;10240;10228
2419;11206928000;11192044444;11692044444;10240;10228
2421;11238307000;11192366666;11692366666;10240;10228
2423;11238319000;11233655555;11733655555;10240;10228
2425;11238325000;11233655555;11733655555;10240;10228
2427;11238329000;11233655555;11733655555;10240;10228
2420;11238564000;11192366666;11692366666;10240;10228
2422;11238731000;11192366666;11692366666;10240;10228
2424;11238759000;11233655555;11733655555;10240;10228
2426;11238983000;11233655555;11733655555;10240;10228
2428;11239173000;11233655555;11733655555;10240;10228
2429;11239190000;11233655555;11733655555;10240;10228
2430;11248592000;11233700000;11733700000;10240;10228
2431;11279974000;11234011111;11734011111;10240;10228
2433;11279987000;11234011111;11734011111;10240;10228
2435;11279999000;11275322222;11775322222;10240;10228
2437;11280004000;11275322222;11775322222;10240;10228
2432;11280186000;11234011111;11734011111;10240;10228
2434;11280396000;11275322222;11775322222;10240;10228
2436;11280415000;11275322222;11775322222;10240;10228
2438;11280549000;11275322222;11775322222;10240;10228
2439;11280754000;11275322222;11775322222;10240;10228
2440;11280759000;11275322222;11775322222;10240;10228
2441;11290233000;11275366666;11775366666;10240;10228
2443;11321641000;11275666666;11775666666;10240;10228
2445;11321655000;11316988888;11816988888;10240;10228
2447;11321659000;11316988888;11816988888;10240;10228
2449;11321663000;11316988888;11816988888;10240;10228
2442;11321817000;11275666666;11775666666;10240;10228
2444;11322065000;11275666666;11775666666;10240;10228
2446;11322096000;11316988888;11816988888;10240;10228
2448;11322277000;11316988888;11816988888;10240;10228
2450;11322475000;11316988888;11816988888;10240;10228
2451;11322494000;11316988888;11816988888;10240;10228
2452;11331869000;11317033333;11817033333;10240;10228
2453;11363319000;11317366666;11817366666;10240;10228
2455;11363333000;11317366666;11817366666;10240;10228
2457;11363340000;11358655555;11858655555;10240;10228
2459;11363354000;11358655555;11858655555;10240;10228
2454;11363508000;11317366666;11817366666;10240;10228
2456;11363703000;11358655555;11858655555;10240;10228
2458;11363892000;11358655555;11858655555;10240;10228
2460;11363921000;11358655555;11858655555;10240;10228
2461;11364109000;11358655555;11858655555;10240;10228
2462;11364128000;11358655555;11858655555;10240;10228
2463;11373536000;11358700000;11858700000;10240;10228
2465;11404959000;11359011111;11859011111;10240;10228
2467;11404974000;11400322222;11900322222;10240;10228
2469;11404979000;11400322222;11900322222;10240;10228
2471;11404985000;11400322222;11900322222;10240;10228
2464;11405167000;11359011111;11859011111;10240;10228
2466;11405369000;11359011111;11859011111;10240;10228
2468;11405559000;11400322222;11900322222;10240;10228
2470;11405582000;11400322222;11900322222;10240;10228
2472;11405764000;11400322222;11900322222;10240;10228
2473;11405770000;11400322222;11900322222;10240;10228
2474;11415226000;11400366666;11900366666;10240;10228
2475;11446630000;11400666666;11900666666;10240;10228
2477;11446647000;11400666666;11900666666;10240;10228
2479;11446655000;11441988888;11941988888;10240;10228
2481;11446661000;11441988888;11941988888;10240;10228
2476;11446847000;11400666666;11900666666;10240;10228
2478;11447075000;11441988888;11941988888;10240;10228
2480;11447109000;11441988888;11941988888;10240;10228
2482;11447235000;11441988888;11941988888;10240;10228
2483;11447418000;11441988888;11941988888;10240;10228
2484;11447430000;11441988888;11941988888;10240;10228
2485;11456877000;11442033333;11942033333;10240;10228
2487;11488303000;11442355555;11942355555;10240;10228
2489;11488315000;11483655555;11983655555;10240;10228
2491;11488319000;11483655555;11983655555;10240;10228
2493;11488333000;11483655555;11983655555;10240;10228
2486;11488478000;11442355555;11942355555;10240;10228
2488;11488675000;11442355555;11942355555;10240;10228
2490;11488920000;11483655555;11983655555;10240;10228
2492;11488949000;11483655555;11983655555;10240;10228
2494;11489153000;11483655555;11983655555;10240;10228
2495;11489173000;11483655555;11983655555;10240;10228
2496;11498567000;11483700000;11983700000;10240;10228
2497;11530018000;11484011111;11984011111;10240;10228
2499;11530029000;11484011111;11984011111;10240;10228
2501;11530041000;11525322222;12025322222;10240;10228
2503;11530057000;11525322222;12025322222;10240;10228
2498;11530185000;11484011111;11984011111;10240;10228
2500;11530403000;11525322222;12025322222;10240;10228
2502;11530429000;11525322222;12025322222;10240;10228
2504;11530618000;11525322222;12025322222;10240;10228
2505;11530798000;11525322222;12025322222;10240;10228
2506;11530809000;11525322222;12025322222;10240;10228
2507;11540362000;11525366666;12025366666;10240;10228
2509;11571685000;11525666666;12025666666;10240;10228
2511;11571700000;11566988888;12066988888;10240;10228
2513;11571705000;11566988888;12066988888;10240;10228
2515;11571710000;11566988888;12066988888;10240;10228
2508;11571841000;11525666666;12025666666;10240;10228
2510;11572040000;11525666666;12025666666;10240;10228
2512;11572250000;11566988888;12066988888;10240;10228
2514;11572281000;11566988888;12066988888;10240;10228
2516;11572455000;11566988888;12066988888;10240;10228
2517;11572476000;11566988888;12066988888;10240;10228
2518;11581932000;11567033333;12067033333;10240;10228
2519;11613319000;11567344444;12067344444;10240;10228
2521;11613328000;11567344444;12067344444;10240;10228
2523;11613335000;11608655555;12108655555;10240;10228
2525;11613344000;11608655555;12108655555;10240;10228
2520;11613515000;11567344444;12067344444;10240;10228
2522;11613724000;11608655555;12108655555;10240;10228
2524;11613760000;11608655555;12108655555;10240;10228
2526;11613917000;11608655555;12108655555;10240;10228
2527;11614146000;11608655555;12108655555;10240;10228
2528;11614152000;11608655555;12108655555;10240;10228
2529;11623605000;11608700000;12108700000;10240;10228
2531;11654973000;11609022222;12109022222;10240;10228
2533;11654985000;11650322222;12150322222;10240;10228
2535;11654990000;11650322222;12150322222;10240;10228
2537;11655002000;11650322222;12150322222;10240;10228
2530;11655174000;11609022222;12109022222;10240;10228
2532;11655367000;11609022222;12109022222;10240;10228
2534;11655575000;11650322222;12150322222;10240;10228
2536;11655598000;11650322222;12150322222;10240;10228
2538;11655779000;11650322222;12150322222;10240;10228
2539;11655787000;11650322222;12150322222;10240;10228
2540;11665285000;11650366666;12150366666;10240;10228
2541;11696686000;11650677777;12150677777;10240;10228
2543;11696696000;11650677777;12150677777;10240;10228
2545;11696703000;11691988888;12191988888;10240;10228
2547;11696709000;11691988888;12191988888;10240;10228
2542;11696852000;11650677777;12150677777;10240;10228
2544;11697067000;11691988888;12191988888;10240;10228
2546;11697095000;11691988888;12191988888;10240;10228
2548;11697276000;11691988888;12191988888;10240;10228
2549;11697475000;11691988888;12191988888;10240;10228
2550;11697496000;11691988888;12191988888;10240;10228
2551;11706983000;11692033333;12192033333;10240;10228
2553;11738312000;11692388888;12192388888;10240;10228
2555;11738324000;11733655555;12233655555;10240;10228
2557;11738330000;11733655555;12233655555;10240;10228
2559;11738334000;11733655555;12233655555;10240;10228
2552;11738523000;11692388888;12192388888;10240;10228
2554;11738720000;11692388888;12192388888;10240;10228
2558;11738758000;11733655555;12233655555;10240;10228
2560;11738915000;11733655555;12233655555;10240;10228
2561;11739163000;11733655555;12233655555;10240;10228
2562;11748587000;11733700000;12233700000;10240;10228
2556;11749563000;11733655555;12233655555;10240;10228
2563;11779966000;11734000000;12234000000;10240;10228
2565;11779976000;11734000000;12234000000;10240;10228
2567;11779984000;11775322222;12275322222;10240;10228
2569;11779989000;11775322222;12275322222;10240;10228
2564;11780184000;11734000000;12234000000;10240;10228
2566;11780395000;11775322222;12275322222;10240;10228
2568;11780425000;11775322222;12275322222;10240;10228
2570;11790256000;11775322222;12275322222;10240;10228
2571;11790267000;11775322222;12275322222;10240;10228
2572;11790272000;11775322222;12275322222;10240;10228
2573;11790275000;11775355555;12275355555;10240;10228
2575;11821644000;11775644444;12275644444;10240;10228
2577;11821657000;11816988888;12316988888;10240;10228
2579;11821663000;11816988888;12316988888;10240;10228
2581;11821667000;11816988888;12316988888;10240;10228
2582;11821671000;11816988888;12316988888;10240;10228
2574;11821853000;11775644444;12275644444;10240;10228
2576;11822069000;11775644444;12275644444;10240;10228
2578;11822096000;11816988888;12316988888;10240;10228
2580;11822269000;11816988888;12316988888;10240;10228
2583;11831924000;11816988888;12316988888;10240;10228
2584;11831935000;11817033333;12317033333;10240;10228
2586;11863238000;11817344444;12317344444;10240;10228
2588;11863262000;11858633333;12358633333;10240;10228
2590;11863273000;11858633333;12358633333;10240;10228
2592;11863280000;11858633333;12358633333;10240;10228
2593;11863287000;11858633333;12358633333;10240;10228
2585;11863423000;11817344444;12317344444;10240;10228
2589;11863618000;11858633333;12358633333;10240;10228
2591;11863819000;11858633333;12358633333;10240;10228
2594;11873525000;11858633333;12358633333;10240;10228
2595;11873534000;11858666666;12358666666;10240;10228
2597;11904995000;11859000000;12359000000;10240;10228
2599;11905011000;11900333333;12400333333;10240;10228
2601;11905016000;11900333333;12400333333;10240;10228
2602;11905020000;11900333333;12400333333;10240;10228
2603;11905024000;11900333333;12400333333;10240;10228
2596;11905173000;11859000000;12359000000;10240;10228
2598;11905371000;11859000000;12359000000;10240;10228
2600;11905579000;11900333333;12400333333;10240;10228
2604;11915286000;11900333333;12400333333;10240;10228
2605;11915297000;11900333333;12400333333;10240;10228
2606;11915301000;11900366666;12400366666;10240;10228
2587;11915323000;11817344444;12317344444;10240;10228
2608;11946696000;11900666666;12400666666;10240;10228
2610;11946710000;11942000000;12442000000;10240;10228
2612;11946717000;11942000000;12442000000;10240;10228
2613;11946731000;11942000000;12442000000;10240;10228
2614;11946736000;11942000000;12442000000;10240;10228
2615;11946740000;11942000000;12442000000;10240;10228
2616;11946754000;11942000000;12442000000;10240;10228
2607;11946851000;11900666666;12400666666;10240;10228
2609;11947070000;11900666666;12400666666;10240;10228
2611;11947098000;11942000000;12442000000;10240;10228
2617;11957166000;11942044444;12442044444;10240;10228
2618;11988353000;11942366666;12442366666;10240;10228
2620;11988366000;11942366666;12442366666;10240;10228
2622;11988378000;11983666666;12483666666;10240;10228
2624;11988385000;11983666666;12483666666;10240;10228
2626;11988389000;11983666666;12483666666;10240;10228
2627;11988393000;11983666666;12483666666;10240;10228
2628;11988396000;11983700000;12483700000;10240;10228
2619;11988517000;11942366666;12442366666;10240;10228
2621;11988722000;11983666666;12483666666;10240;10228
2623;11988758000;11983666666;12483666666;10240;10228
2625;11988924000;11983666666;12483666666;10240;10228
2630;12029964000;11984033333;12484033333;10240;10228
2632;12029978000;12025322222;12525322222;10240;10228
2634;12029985000;12025322222;12525322222;10240;10228
2636;12029991000;12025322222;12525322222;10240;10228
2637;12029997000;12025322222;12525322222;10240;10228
2638;12030007000;12025322222;12525322222;10240;10228
2639;12030012000;12025366666;12525366666;10240;10228
2629;12030177000;11984033333;12484033333;10240;10228
2631;12030382000;11984033333;12484033333;10240;10228
2633;12030410000;12025322222;12525322222;10240;10228
2635;12030596000;12025322222;12525322222;10240;10228
2640;12071599000;12025655555;12525655555;10240;10228
2642;12071608000;12025655555;12525655555;10240;10228
2644;12071614000;12066988888;12566988888;10240;10228
2646;12071635000;12066988888;12566988888;10240;10228
2648;12071639000;12066988888;12566988888;10240;10228
2649;12071645000;12066988888;12566988888;10240;10228
2650;12071649000;12067033333;12567033333;10240;10228
2641;12071827000;12025655555;12525655555;10240;10228
2643;12072026000;12066988888;12566988888;10240;10228
2645;12072066000;12066988888;12566988888;10240;10228
2647;12072261000;12066988888;12566988888;10240;10228
2652;12113357000;12067344444;12567344444;10240;10228
2654;12113371000;12108655555;12608655555;10240;10228
2656;12113376000;12108655555;12608655555;10240;10228
2658;12113381000;12108655555;12608655555;10240;10228
2659;12113385000;12108655555;12608655555;10240;10228
2660;12113391000;12108655555;12608655555;10240;10228
2661;12113395000;12108700000;12608700000;10240;10228
2651;12113517000;12067344444;12567344444;10240;10228
2653;12113717000;12067344444;12567344444;10240;10228
2655;12113756000;12108655555;12608655555;10240;10228
2657;12113911000;12108655555;12608655555;10240;10228
2662;12155006000;12109011111;12609011111;10240;10228
2664;12155017000;12109011111;12609011111;10240;10228
2666;12155024000;12150333333;12650333333;10240;10228
2668;12155035000;12150333333;12650333333;10240;10228
2670;12155039000;12150333333;12650333333;10240;10228
2671;12155052000;12150333333;12650333333;10240;10228
2672;12155056000;12150377777;12650377777;10240;10228
2663;12155210000;12109011111;12609011111;10240;10228
2665;12155388000;12150333333;12650333333;10240;10228
2667;12155415000;12150333333;12650333333;10240;10228
2669;12155582000;12150333333;12650333333;10240;10228
2674;12196671000;12150644444;12650644444;10240;10228
2676;12196682000;12191988888;12691988888;10240;10228
2678;12196687000;12191988888;12691988888;10240;10228
2680;12196695000;12191988888;12691988888;10240;10228
2681;12196703000;12191988888;12691988888;10240;10228
2682;12196710000;12191988888;12691988888;10240;10228
2683;12196717000;12192033333;12692033333;10240;10228
2673;12196869000;12150644444;12650644444;10240;10228
2675;12197073000;12150644444;12650644444;10240;10228
2677;12197087000;12191988888;12691988888;10240;10228
2679;12197251000;12191988888;12691988888;10240;10228
2684;12238282000;12192355555;12692355555;10240;10228
2686;12238291000;12192355555;12692355555;10240;10228
2688;12238304000;12233655555;12733655555;10240;10228
2690;12238319000;12233655555;12733655555;10240;10228
2692;12238328000;12233655555;12733655555;10240;10228
2693;12238332000;12233655555;12733655555;10240;10228
2694;12238337000;12233700000;12733700000;10240;10228
2685;12238556000;12192355555;12692355555;10240;10228
2687;12238744000;12233655555;12733655555;10240;10228
2689;12238773000;12233655555;12733655555;10240;10228
2691;12238961000;12233655555;12733655555;10240;10228
2696;12279953000;12234011111;12734011111;10240;10228
2698;12279965000;12275322222;12775322222;10240;10228
2700;12279971000;12275322222;12775322222;10240;10228
2702;12279975000;12275322222;12775322222;10240;10228
2703;12279987000;12275322222;12775322222;10240;10228
2704;12279996000;12275322222;12775322222;10240;10228
2705;12280001000;12275366666;12775366666;10240;10228
2695;12280153000;12234011111;12734011111;10240;10228
2697;12280357000;12234011111;12734011111;10240;10228
2699;12280385000;12275322222;12775322222;10240;10228
2701;12280567000;12275322222;12775322222;10240;10228
2706;12321644000;12275655555;12775655555;10240;10228
2708;12321653000;12275655555;12775655555;10240;10228
2710;12321661000;12317000000;12817000000;10240;10228
2712;12321666000;12317000000;12817000000;10240;10228
2714;12321672000;12317000000;12817000000;10240;10228
2715;12321676000;12317000000;12817000000;10240;10228
2716;12321681000;12317033333;12817033333;10240;10228
2707;12321844000;12275655555;12775655555;10240;10228
2709;12322072000;12317000000;12817000000;10240;10228
2711;12322101000;12317000000;12817000000;10240;10228
2713;12322260000;12317000000;12817000000;10240;10228
2718;12363358000;12317344444;12817344444;10240;10228
2720;12363369000;12358655555;12858655555;10240;10228
2722;12363375000;12358655555;12858655555;10240;10228
2724;12363380000;12358655555;12858655555;10240;10228
2725;12363385000;12358655555;12858655555;10240;10228
2726;12363390000;12358655555;12858655555;10240;10228
2727;12363396000;12358700000;12858700000;10240;10228
2717;12363571000;12317344444;12817344444;10240;10228
2719;12363719000;12317344444;12817344444;10240;10228
2721;12363756000;12358655555;12858655555;10240;10228
2723;12363919000;12358655555;12858655555;10240;10228
2728;12404956000;12359000000;12859000000;10240;10228
2730;12404966000;12359000000;12859000000;10240;10228
2732;12404975000;12400322222;12900322222;10240;10228
2734;12404980000;12400322222;12900322222;10240;10228
2736;12404987000;12400322222;12900322222;10240;10228
2737;12404996000;12400322222;12900322222;10240;10228
2738;12405014000;12400377777;12900377777;10240;10228
2729;12405215000;12359000000;12859000000;10240;10228
2731;12405386000;12400322222;12900322222;10240;10228
2733;12405592000;12400322222;12900322222;10240;10228
2735;12405629000;12400322222;12900322222;10240;10228
2740;12446664000;12400655555;12900655555;10240;10228
2742;12446678000;12442000000;12942000000;10240;10228
2744;12446684000;12442000000;12942000000;10240;10228
2746;12446689000;12442000000;12942000000;10240;10228
2747;12446694000;12442000000;12942000000;10240;10228
2748;12446698000;12442000000;12942000000;10240;10228
2749;12446704000;12442044444;12942044444;10240;10228
2739;12446851000;12400655555;12900655555;10240;10228
2741;12447073000;12400655555;12900655555;10240;10228
2743;12447108000;12442000000;12942000000;10240;10228
2745;12447278000;12442000000;12942000000;10240;10228
2750;12488311000;12442344444;12942344444;10240;10228
2752;12488327000;12442344444;12942344444;10240;10228
2754;12488338000;12483655555;12983655555;10240;10228
2756;12488343000;12483655555;12983655555;10240;10228
2758;12488348000;12483655555;12983655555;10240;10228
2759;12488352000;12483655555;12983655555;10240;10228
2760;12488356000;12483700000;12983700000;10240;10228
2751;12488513000;12442344444;12942344444;10240;10228
2753;12488701000;12483655555;12983655555;10240;10228
2755;12488916000;12483655555;12983655555;10240;10228
2757;12488938000;12483655555;12983655555;10240;10228
2762;12529970000;12483988888;12983988888;10240;10228
2764;12529982000;12525322222;13025322222;10240;10228
2766;12529991000;12525322222;13025322222;10240;10228
2768;12530001000;12525322222;13025322222;10240;10228
2769;12530015000;12525322222;13025322222;10240;10228
2770;12530020000;12525322222;13025322222;10240;10228
2771;12530024000;12525366666;13025366666;10240;10228
2761;12530178000;12483988888;12983988888;10240;10228
2763;12530381000;12483988888;12983988888;10240;10228
2765;12530397000;12525322222;13025322222;10240;10228
2767;12530581000;12525322222;13025322222;10240;10228
2772;12571645000;12525644444;13025644444;10240;10228
2774;12571657000;12525644444;13025644444;10240;10228
2776;12571664000;12566988888;13066988888;10240;10228
2778;12571677000;12566988888;13066988888;10240;10228
2780;12571682000;12566988888;13066988888;10240;10228
2781;12571686000;12566988888;13066988888;10240;10228
2782;12571689000;12567033333;13067033333;10240;10228
2773;12571851000;12525644444;13025644444;10240;10228
2775;12572075000;12566988888;13066988888;10240;10228
2777;12572110000;12566988888;13066988888;10240;10228
2779;12572277000;12566988888;13066988888;10240;10228
2784;12613295000;12567333333;13067333333;10240;10228
2786;12613309000;12608655555;13108655555;10240;10228
2788;12613313000;12608655555;13108655555;10240;10228
2790;12613318000;12608655555;13108655555;10240;10228
2791;12613322000;12608655555;13108655555;10240;10228
2792;12613332000;12608655555;13108655555;10240;10228
2793;12613337000;12608700000;13108700000;10240;10228
2783;12613511000;12567333333;13067333333;10240;10228
2785;12613717000;12567333333;13067333333;10240;10228
2787;12613755000;12608655555;13108655555;10240;10228
2789;12613920000;12608655555;13108655555;10240;10228
2794;12654974000;12609011111;13109011111;10240;10228
2796;12654986000;12609011111;13109011111;10240;10228
2798;12654993000;12650333333;13150333333;10240;10228
2800;12655005000;12650333333;13150333333;10240;10228
2802;12655011000;12650333333;13150333333;10240;10228
2803;12655015000;12650333333;13150333333;10240;10228
2804;12655019000;12650377777;13150377777;10240;10228
2795;12655187000;12609011111;13109011111;10240;10228
2797;12655393000;12650333333;13150333333;10240;10228
2799;12655411000;12650333333;13150333333;10240;10228
2801;12655604000;12650333333;13150333333;10240;10228
2806;12696680000;12650677777;13150677777;10240;10228
2808;12696694000;12691988888;13191988888;10240;10228
2810;12696699000;12691988888;13191988888;10240;10228
2812;12696703000;12691988888;13191988888;10240;10228
2813;12696707000;12691988888;13191988888;10240;10228
2814;12696716000;12691988888;13191988888;10240;10228
2815;12696720000;12692033333;13192033333;10240;10228
2805;12696850000;12650677777;13150677777;10240;10228
2807;12697062000;12650677777;13150677777;10240;10228
2809;12697092000;12691988888;13191988888;10240;10228
2811;12697265000;12691988888;13191988888;10240;10228
2816;12738283000;12692377777;13192377777;10240;10228
2818;12738294000;12692377777;13192377777;10240;10228
2820;12738302000;12733655555;13233655555;10240;10228
2822;12738308000;12733655555;13233655555;10240;10228
2824;12738312000;12733655555;13233655555;10240;10228
2825;12738328000;12733655555;13233655555;10240;10228
2826;12738334000;12733700000;13233700000;10240;10228
2817;12738518000;12692377777;13192377777;10240;10228
2819;12738719000;12733655555;13233655555;10240;10228
2821;12738756000;12733655555;13233655555;10240;10228
2823;12738913000;12733655555;13233655555;10240;10228
2828;12779976000;12733988888;13233988888;10240;10228
2830;12779990000;12775322222;13275322222;10240;10228
2832;12779995000;12775322222;13275322222;10240;10228
2834;12780000000;12775322222;13275322222;10240;10228
2835;12780003000;12775322222;13275322222;10240;10228
2836;12780018000;12775322222;13275322222;10240;10228
2837;12780023000;12775366666;13275366666;10240;10228
2827;12780182000;12733988888;13233988888;10240;10228
2829;12780382000;12733988888;13233988888;10240;10228
2831;12780400000;12775322222;13275322222;10240;10228
2833;12780595000;12775322222;13275322222;10240;10228
2838;12821697000;12775644444;13275644444;10240;10228
2840;12821707000;12775644444;13275644444;10240;10228
2842;12821720000;12817000000;13317000000;10240;10228
2844;12821726000;12817000000;13317000000;10240;10228
2846;12821740000;12817000000;13317000000;10240;10228
2847;12821754000;12817000000;13317000000;10240;10228
2848;12821757000;12817033333;13317033333;10240;10228
2839;12821857000;12775644444;13275644444;10240;10228
2841;12822036000;12817000000;13317000000;10240;10228
2843;12822255000;12817000000;13317000000;10240;10228
2845;12822283000;12817000000;13317000000;10240;10228
2850;12863334000;12817333333;13317333333;10240;10228
2852;12863352000;12858655555;13358655555;10240;10228
2854;12863359000;12858655555;13358655555;10240;10228
2857;12863363000;12858655555;13358655555;10240;10228
2858;12863369000;12858655555;13358655555;10240;10228
2859;12863374000;12858700000;13358700000;10240;10228
2849;12863503000;12817333333;13317333333;10240;10228
2851;12863708000;12817333333;13317333333;10240;10228
2853;12863902000;12858655555;13358655555;10240;10228
2855;12863933000;12858655555;13358655555;10240;10228
2856;12873563000;12858655555;13358655555;10240;10228
2860;12904945000;12859022222;13359022222;10240;10228
2862;12904954000;12859022222;13359022222;10240;10228
2864;12904963000;12900322222;13400322222;10240;10228
2866;12904968000;12900322222;13400322222;10240;10228
2861;12905170000;12859022222;13359022222;10240;10228
2863;12905372000;12900322222;13400322222;10240;10228
2865;12905568000;12900322222;13400322222;10240;10228
2867;12905606000;12900322222;13400322222;10240;10228
2868;12915232000;12900322222;13400322222;10240;10228
2869;12915244000;12900322222;13400322222;10240;10228
2870;12915248000;12900355555;13400355555;10240;10228
2874;12946662000;12941988888;13441988888;10240;10228
2876;12946676000;12941988888;13441988888;10240;10228
2878;12946682000;12941988888;13441988888;10240;10228
2879;12946686000;12941988888;13441988888;10240;10228
2880;12946690000;12941988888;13441988888;10240;10228
2871;12946840000;12900644444;13400644444;10240;10228
2873;12947030000;12900644444;13400644444;10240;10228
2875;12947240000;12941988888;13441988888;10240;10228
2877;12947248000;12941988888;13441988888;10240;10228
2881;12956912000;12942033333;13442033333;10240;10228
2872;12956932000;12900644444;13400644444;10240;10228
2882;12988300000;12942355555;13442355555;10240;10228
2884;12988310000;12942355555;13442355555;10240;10228
2886;12988317000;12983655555;13483655555;10240;10228
2888;12988321000;12983655555;13483655555;10240;10228
2883;12988513000;12942355555;13442355555;10240;10228
2885;12988716000;12983655555;13483655555;10240;10228
2887;12988753000;12983655555;13483655555;10240;10228
2889;12988922000;12983655555;13483655555;10240;10228
2890;12998578000;12983655555;13483655555;10240;10228
2891;12998588000;12983655555;13483655555;10240;10228
2892;12998593000;12983700000;13483700000;10240;10228
2893;13030007000;12984000000;13484000000;10240;10228
2895;13030018000;12984000000;13484000000;10240;10228
2897;13030030000;13025322222;13525322222;10240;10228
2899;13030036000;13025322222;13525322222;10240;10228
2901;13030040000;13025322222;13525322222;10240;10228
2894;13030182000;12984000000;13484000000;10240;10228
2896;13030402000;13025322222;13525322222;10240;10228
2898;13030428000;13025322222;13525322222;10240;10228
2900;13030603000;13025322222;13525322222;10240;10228
2902;13040309000;13025322222;13525322222;10240;10228
2903;13040320000;13025366666;13525366666;10240;10228
2905;13071647000;13025633333;13525633333;10240;10228
2907;13071660000;13067000000;13567000000;10240;10228
2909;13071665000;13067000000;13567000000;10240;10228
2911;13071669000;13067000000;13567000000;10240;10228
2912;13071674000;13067000000;13567000000;10240;10228
2904;13071856000;13025633333;13525633333;10240;10228
2906;13072070000;13025633333;13525633333;10240;10228
2908;13072096000;13067000000;13567000000;10240;10228
2910;13072269000;13067000000;13567000000;10240;10228
2913;13081891000;13067000000;13567000000;10240;10228
2914;13081902000;13067033333;13567033333;10240;10228
2916;13113304000;13067311111;13567311111;10240;10228
2918;13113318000;13108655555;13608655555;10240;10228
2920;13113323000;13108655555;13608655555;10240;10228
2922;13113328000;13108655555;13608655555;10240;10228
2923;13113350000;13108655555;13608655555;10240;10228
2915;13113507000;13067311111;13567311111;10240;10228
2917;13113712000;13067311111;13567311111;10240;10228
2919;13113749000;13108655555;13608655555;10240;10228
2921;13113918000;13108655555;13608655555;10240;10228
2924;13123520000;13108655555;13608655555;10240;10228
2925;13123529000;13108700000;13608700000;10240;10228
2927;13154968000;13108988888;13608988888;10240;10228
2929;13154983000;13150333333;13650333333;10240;10228
2931;13154988000;13150333333;13650333333;10240;10228
2933;13154995000;13150333333;13650333333;10240;10228
2934;13154999000;13150333333;13650333333;10240;10228
2926;13155152000;13108988888;13608988888;10240;10228
2928;13155383000;13108988888;13608988888;10240;10228
2930;13155401000;13150333333;13650333333;10240;10228
2932;13155580000;13150333333;13650333333;10240;10228
2935;13165217000;13150333333;13650333333;10240;10228
2936;13165229000;13150366666;13650366666;10240;10228
2938;13196665000;13150622222;13650622222;10240;10228
2940;13196679000;13191988888;13691988888;10240;10228
2942;13196683000;13191988888;13691988888;10240;10228
2944;13196689000;13191988888;13691988888;10240;10228
2945;13196694000;13191988888;13691988888;10240;10228
2937;13196852000;13150622222;13650622222;10240;10228
2939;13197065000;13150622222;13650622222;10240;10228
2941;13197094000;13191988888;13691988888;10240;10228
2943;13197265000;13191988888;13691988888;10240;10228
2946;13206893000;13191988888;13691988888;10240;10228
2947;13206901000;13192033333;13692033333;10240;10228
2949;13238336000;13192333333;13692333333;10240;10228
2951;13238355000;13233655555;13733655555;10240;10228
2953;13238361000;13233655555;13733655555;10240;10228
2955;13238366000;13233655555;13733655555;10240;10228
2956;13238370000;13233655555;13733655555;10240;10228
2948;13238567000;13192333333;13692333333;10240;10228
2950;13238753000;13192333333;13692333333;10240;10228
2952;13238781000;13233655555;13733655555;10240;10228
2954;13238914000;13233655555;13733655555;10240;10228
2957;13248616000;13233655555;13733655555;10240;10228
2958;13248636000;13233700000;13733700000;10240;10228
2960;13279976000;13233977777;13733977777;10240;10228
2962;13279990000;13275333333;13775333333;10240;10228
2964;13279995000;13275333333;13775333333;10240;10228
2966;13280001000;13275333333;13775333333;10240;10228
2967;13280005000;13275333333;13775333333;10240;10228
2959;13280181000;13233977777;13733977777;10240;10228
2961;13280382000;13233977777;13733977777;10240;10228
2963;13280411000;13275333333;13775333333;10240;10228
2965;13280590000;13275333333;13775333333;10240;10228
2968;13290298000;13275333333;13775333333;10240;10228
2969;13290308000;13275366666;13775366666;10240;10228
2971;13321606000;13275633333;13775633333;10240;10228
2973;13321622000;13316955555;13816955555;10240;10228
2975;13321627000;13316955555;13816955555;10240;10228
2977;13321638000;13316955555;13816955555;10240;10228
2978;13321643000;13316955555;13816955555;10240;10228
2970;13321792000;13275633333;13775633333;10240;10228
2972;13321993000;13275633333;13775633333;10240;10228
2974;13322023000;13316955555;13816955555;10240;10228
2976;13322203000;13316955555;13816955555;10240;10228
2979;13331829000;13316955555;13816955555;10240;10228
2980;13331837000;13317000000;13817000000;10240;10228
2982;13363301000;13317288888;13817288888;10240;10228
2984;13363317000;13358655555;13858655555;10240;10228
2986;13363326000;13358655555;13858655555;10240;10228
2988;13363333000;13358655555;13858655555;10240;10228
2989;13363337000;13358655555;13858655555;10240;10228
2981;13363481000;13317288888;13817288888;10240;10228
2983;13363676000;13317288888;13817288888;10240;10228
2985;13363921000;13358655555;13858655555;10240;10228
2987;13363948000;13358655555;13858655555;10240;10228
2990;13373560000;13358655555;13858655555;10240;10228
2991;13373579000;13358700000;13858700000;10240;10228
2993;13404976000;13358977777;13858977777;10240;10228
2995;13404989000;13400322222;13900322222;10240;10228
2997;13404993000;13400322222;13900322222;10240;10228
2999;13404998000;13400322222;13900322222;10240;10228
3000;13405002000;13400322222;13900322222;10240;10228
2992;13405220000;13358977777;13858977777;10240;10228
2994;13405383000;13358977777;13858977777;10240;10228
2996;13405424000;13400322222;13900322222;10240;10228
2998;13405595000;13400322222;13900322222;10240;10228
3001;13415339000;13400322222;13900322222;10240;10228
3002;13415357000;13400366666;13900366666;10240;10228
3006;13446721000;13442000000;13942000000;10240;10228
3008;13446743000;13442000000;13942000000;10240;10228
3010;13446749000;13442000000;13942000000;10240;10228
3011;13446763000;13442000000;13942000000;10240;10228
3003;13446862000;13400622222;13900622222;10240;10228
3005;13447065000;13400622222;13900622222;10240;10228
3007;13447076000;13442000000;13942000000;10240;10228
3009;13447268000;13442000000;13942000000;10240;10228
3012;13456951000;13442000000;13942000000;10240;10228
3013;13456962000;13442033333;13942033333;10240;10228
3004;13456967000;13400622222;13900622222;10240;10228
3015;13488310000;13442322222;13942322222;10240;10228
3017;13488322000;13483655555;13983655555;10240;10228
3019;13488327000;13483655555;13983655555;10240;10228
3021;13488331000;13483655555;13983655555;10240;10228
3014;13488513000;13442322222;13942322222;10240;10228
3016;13488713000;13442322222;13942322222;10240;10228
3018;13488750000;13483655555;13983655555;10240;10228
3020;13488916000;13483655555;13983655555;10240;10228
3022;13498624000;13483655555;13983655555;10240;10228
3023;13498648000;13483655555;13983655555;10240;10228
3024;13498652000;13483700000;13983700000;10240;10228
3025;13529937000;13483966666;13983966666;10240;10228
3027;13529946000;13483966666;13983966666;10240;10228
3029;13529960000;13525288888;14025288888;10240;10228
3031;13529965000;13525288888;14025288888;10240;10228
3033;13529970000;13525288888;14025288888;10240;10228
3026;13530131000;13483966666;13983966666;10240;10228
3028;13530339000;13525288888;14025288888;10240;10228
3030;13530367000;13525288888;14025288888;10240;10228
3032;13530512000;13525288888;14025288888;10240;10228
3034;13540238000;13525288888;14025288888;10240;10228
3035;13540245000;13525333333;14025333333;10240;10228
3037;13571662000;13525600000;14025600000;10240;10228
3039;13571675000;13566988888;14066988888;10240;10228
3041;13571681000;13566988888;14066988888;10240;10228
3043;13571685000;13566988888;14066988888;10240;10228
3044;13571689000;13566988888;14066988888;10240;10228
3036;13571841000;13525600000;14025600000;10240;10228
3038;13572038000;13525600000;14025600000;10240;10228
3040;13572248000;13566988888;14066988888;10240;10228
3042;13572290000;13566988888;14066988888;10240;10228
3045;13581887000;13566988888;14066988888;10240;10228
3046;13581898000;13567033333;14067033333;10240;10228
3048;13613316000;13567311111;14067311111;10240;10228
3050;13613330000;13608666666;14108666666;10240;10228
3052;13613336000;13608666666;14108666666;10240;10228
3054;13613341000;13608666666;14108666666;10240;10228
3055;13613346000;13608666666;14108666666;10240;10228
3047;13613501000;13567311111;14067311111;10240;10228
3049;13613706000;13567311111;14067311111;10240;10228
3053;13613899000;13608666666;14108666666;10240;10228
3056;13623575000;13608666666;14108666666;10240;10228
3057;13623582000;13608700000;14108700000;10240;10228
3059;13654989000;13608988888;14108988888;10240;10228
3061;13655010000;13650322222;14150322222;10240;10228
3063;13655028000;13650322222;14150322222;10240;10228
3064;13655033000;13650322222;14150322222;10240;10228
3065;13655037000;13650322222;14150322222;10240;10228
3058;13655171000;13608988888;14108988888;10240;10228
3060;13655370000;13608988888;14108988888;10240;10228
3062;13655580000;13650322222;14150322222;10240;10228
3066;13665261000;13650322222;14150322222;10240;10228
3067;13665269000;13650322222;14150322222;10240;10228
3068;13665276000;13650366666;14150366666;10240;10228
3051;13665651000;13608666666;14108666666;10240;10228
3070;13696651000;13650633333;14150633333;10240;10228
3072;13696665000;13692000000;14192000000;10240;10228
3074;13696669000;13692000000;14192000000;10240;10228
3075;13696673000;13692000000;14192000000;10240;10228
3076;13696677000;13692000000;14192000000;10240;10228
3077;13696690000;13692000000;14192000000;10240;10228
3069;13696858000;13650633333;14150633333;10240;10228
3071;13697068000;13650633333;14150633333;10240;10228
3073;13697097000;13692000000;14192000000;10240;10228
3078;13706942000;13692000000;14192000000;10240;10228
3079;13706953000;13692033333;14192033333;10240;10228
3081;13738254000;13692355555;14192355555;10240;10228
3083;13738273000;13733633333;14233633333;10240;10228
3085;13738281000;13733633333;14233633333;10240;10228
3087;13738290000;13733633333;14233633333;10240;10228
3088;13738295000;13733633333;14233633333;10240;10228
3089;13738303000;13733633333;14233633333;10240;10228
3080;13738458000;13692355555;14192355555;10240;10228
3082;13738660000;13692355555;14192355555;10240;10228
3084;13738698000;13733633333;14233633333;10240;10228
3086;13738862000;13733633333;14233633333;10240;10228
3090;13748470000;13733677777;14233677777;10240;10228
3091;13779932000;13733944444;14233944444;10240;10228
3093;13779939000;13733944444;14233944444;10240;10228
3095;13779957000;13775322222;14275322222;10240;10228
3097;13779965000;13775322222;14275322222;10240;10228
3099;13779969000;13775322222;14275322222;10240;10228
3100;13779978000;13775322222;14275322222;10240;10228
3092;13780148000;13733944444;14233944444;10240;10228
3094;13780387000;13775322222;14275322222;10240;10228
3096;13780414000;13775322222;14275322222;10240;10228
3098;13780581000;13775322222;14275322222;10240;10228
3101;13790209000;13775366666;14275366666;10240;10228
3103;13821645000;13775622222;14275622222;10240;10228
3105;13821659000;13816988888;14316988888;10240;10228
3107;13821663000;13816988888;14316988888;10240;10228
3109;13821671000;13816988888;14316988888;10240;10228
3110;13821676000;13816988888;14316988888;10240;10228
3111;13821687000;13816988888;14316988888;10240;10228
3102;13821851000;13775622222;14275622222;10240;10228
3104;13822072000;13775622222;14275622222;10240;10228
3106;13822108000;13816988888;14316988888;10240;10228
3108;13822291000;13816988888;14316988888;10240;10228
3112;13831928000;13817033333;14317033333;10240;10228
3113;13863300000;13817311111;14317311111;10240;10228
3115;13863312000;13817311111;14317311111;10240;10228
3117;13863319000;13858655555;14358655555;10240;10228
3119;13863332000;13858655555;14358655555;10240;10228
3121;13863337000;13858655555;14358655555;10240;10228
3122;13863342000;13858655555;14358655555;10240;10228
3114;13863517000;13817311111;14317311111;10240;10228
3116;13863725000;13858655555;14358655555;10240;10228
3118;13863761000;13858655555;14358655555;10240;10228
3120;13863924000;13858655555;14358655555;10240;10228
3123;13873676000;13858700000;14358700000;10240;10228
3125;13904976000;13859000000;14359000000;10240;10228
3127;13904990000;13900322222;14400322222;10240;10228
3129;13904997000;13900322222;14400322222;10240;10228
3131;13905002000;13900322222;14400322222;10240;10228
3132;13905007000;13900322222;14400322222;10240;10228
3133;13905011000;13900322222;14400322222;10240;10228
3124;13905179000;13859000000;14359000000;10240;10228
3126;13905389000;13859000000;14359000000;10240;10228
3128;13905414000;13900322222;14400322222;10240;10228
3130;13905597000;13900322222;14400322222;10240;10228
3134;13915229000;13900366666;14400366666;10240;10228
3135;13946626000;13900644444;14400644444;10240;10228
3137;13946637000;13900644444;14400644444;10240;10228
3139;13946644000;13941955555;14441955555;10240;10228
3141;13946657000;13941955555;14441955555;10240;10228
3143;13946662000;13941955555;14441955555;10240;10228
3144;13946676000;13941955555;14441955555;10240;10228
3136;13946796000;13900644444;14400644444;10240;10228
3138;13947001000;13941955555;14441955555;10240;10228
3140;13947028000;13941955555;14441955555;10240;10228
3142;13947213000;13941955555;14441955555;10240;10228
3145;13956881000;13942000000;14442000000;10240;10228
3147;13988311000;13942311111;14442311111;10240;10228
3149;13988324000;13983655555;14483655555;10240;10228
3151;13988329000;13983655555;14483655555;10240;10228
3153;13988334000;13983655555;14483655555;10240;10228
3154;13988339000;13983655555;14483655555;10240;10228
3155;13988352000;13983655555;14483655555;10240;10228
3146;13988512000;13942311111;14442311111;10240;10228
3148;13988717000;13942311111;14442311111;10240;10228
3150;13988754000;13983655555;14483655555;10240;10228
3152;13988904000;13983655555;14483655555;10240;10228
3156;13998591000;13983700000;14483700000;10240;10228
3157;14029962000;13984000000;14484000000;10240;10228
3159;14029972000;13984000000;14484000000;10240;10228
3161;14029981000;14025322222;14525322222;10240;10228
3163;14029985000;14025322222;14525322222;10240;10228
3165;14029994000;14025322222;14525322222;10240;10228
3166;14029999000;14025322222;14525322222;10240;10228
3158;14030182000;13984000000;14484000000;10240;10228
3160;14030392000;14025322222;14525322222;10240;10228
3162;14030409000;14025322222;14525322222;10240;10228
3164;14030601000;14025322222;14525322222;10240;10228
3167;14040226000;14025366666;14525366666;10240;10228
3168;14071645000;14025644444;14525644444;10240;10228
3170;14071654000;14025644444;14525644444;10240;10228
3172;14071667000;14066988888;14566988888;10240;10228
3174;14071672000;14066988888;14566988888;10240;10228
3176;14071677000;14066988888;14566988888;10240;10228
3177;14071681000;14066988888;14566988888;10240;10228
3169;14071854000;14025644444;14525644444;10240;10228
3171;14072067000;14066988888;14566988888;10240;10228
3173;14072097000;14066988888;14566988888;10240;10228
3175;14072212000;14066988888;14566988888;10240;10228
3178;14081895000;14067033333;14567033333;10240;10228
3180;14113312000;14067322222;14567322222;10240;10228
3182;14113323000;14108655555;14608655555;10240;10228
3184;14113328000;14108655555;14608655555;10240;10228
3186;14113332000;14108655555;14608655555;10240;10228
3187;14113337000;14108655555;14608655555;10240;10228
3188;14113342000;14108655555;14608655555;10240;10228
3179;14113479000;14067322222;14567322222;10240;10228
3181;14113681000;14067322222;14567322222;10240;10228
3183;14113919000;14108655555;14608655555;10240;10228
3185;14113948000;14108655555;14608655555;10240;10228
3189;14123562000;14108700000;14608700000;10240;10228
3190;14154916000;14109011111;14609011111;10240;10228
3192;14154926000;14109011111;14609011111;10240;10228
3194;14154935000;14150300000;14650300000;10240;10228
3196;14154939000;14150300000;14650300000;10240;10228
3198;14154944000;14150300000;14650300000;10240;10228
3199;14154952000;14150300000;14650300000;10240;10228
3191;14155140000;14109011111;14609011111;10240;10228
3193;14155339000;14150300000;14650300000;10240;10228
3195;14155358000;14150300000;14650300000;10240;10228
3197;14155549000;14150300000;14650300000;10240;10228
3200;14165176000;14150344444;14650344444;10240;10228
3202;14196654000;14150600000;14650600000;10240;10228
3204;14196671000;14191988888;14691988888;10240;10228
3206;14196677000;14191988888;14691988888;10240;10228
3208;14196681000;14191988888;14691988888;10240;10228
3209;14196686000;14191988888;14691988888;10240;10228
3210;14196691000;14191988888;14691988888;10240;10228
3201;14196843000;14150600000;14650600000;10240;10228
3203;14197035000;14150600000;14650600000;10240;10228
3205;14197254000;14191988888;14691988888;10240;10228
3207;14197281000;14191988888;14691988888;10240;10228
3211;14206931000;14192033333;14692033333;10240;10228
3212;14238278000;14192344444;14692344444;10240;10228
3214;14238288000;14192344444;14692344444;10240;10228
3216;14238296000;14233666666;14733666666;10240;10228
3218;14238311000;14233666666;14733666666;10240;10228
3220;14238317000;14233666666;14733666666;10240;10228
3221;14238322000;14233666666;14733666666;10240;10228
3213;14238514000;14192344444;14692344444;10240;10228
3215;14238740000;14233666666;14733666666;10240;10228
3217;14238942000;14233666666;14733666666;10240;10228
3219;14238960000;14233666666;14733666666;10240;10228
3222;14248575000;14233711111;14733711111;10240;10228
3224;14279993000;14234000000;14734000000;10240;10228
3226;14280010000;14275322222;14775322222;10240;10228
3228;14280020000;14275322222;14775322222;10240;10228
3230;14280025000;14275322222;14775322222;10240;10228
3231;14280030000;14275322222;14775322222;10240;10228
3232;14280050000;14275322222;14775322222;10240;10228
3223;14280171000;14234000000;14734000000;10240;10228
3225;14280371000;14234000000;14734000000;10240;10228
3227;14280571000;14275322222;14775322222;10240;10228
3229;14280608000;14275322222;14775322222;10240;10228
3233;14290295000;14275366666;14775366666;10240;10228
3234;14321684000;14275644444;14775644444;10240;10228
3236;14321701000;14275644444;14775644444;10240;10228
3238;14321716000;14316988888;14816988888;10240;10228
3240;14321732000;14316988888;14816988888;10240;10228
3242;14321736000;14316988888;14816988888;10240;10228
3243;14321759000;14316988888;14816988888;10240;10228
3235;14321869000;14275644444;14775644444;10240;10228
3237;14322070000;14316988888;14816988888;10240;10228
3239;14322090000;14316988888;14816988888;10240;10228
3241;14322268000;14316988888;14816988888;10240;10228
3244;14331972000;14317033333;14817033333;10240;10228
3246;14363344000;14317344444;14817344444;10240;10228
3248;14363373000;14358655555;14858655555;10240;10228
3250;14363379000;14358655555;14858655555;10240;10228
3252;14363384000;14358655555;14858655555;10240;10228
3253;14363397000;14358655555;14858655555;10240;10228
3254;14363401000;14358655555;14858655555;10240;10228
3245;14363506000;14317344444;14817344444;10240;10228
3247;14363702000;14317344444;14817344444;10240;10228
3249;14363900000;14358655555;14858655555;10240;10228
3251;14363928000;14358655555;14858655555;10240;10228
3255;14373623000;14358700000;14858700000;10240;10228
3256;14405038000;14359000000;14859000000;10240;10228
3258;14405069000;14359000000;14859000000;10240;10228
3260;14405077000;14400322222;14900322222;10240;10228
3262;14405094000;14400322222;14900322222;10240;10228
3264;14405108000;14400322222;14900322222;10240;10228
3265;14405113000;14400322222;14900322222;10240;10228
3257;14405212000;14359000000;14859000000;10240;10228
3259;14405379000;14400322222;14900322222;10240;10228
3261;14405591000;14400322222;14900322222;10240;10228
3263;14405627000;14400322222;14900322222;10240;10228
3266;14415342000;14400366666;14900366666;10240;10228
3268;14446699000;14400644444;14900644444;10240;10228
3270;14446723000;14441988888;14941988888;10240;10228
3272;14446739000;14441988888;14941988888;10240;10228
3274;14446746000;14441988888;14941988888;10240;10228
3275;14446760000;14441988888;14941988888;10240;10228
3276;14446764000;14441988888;14941988888;10240;10228
3267;14446894000;14400644444;14900644444;10240;10228
3269;14447057000;14400644444;14900644444;10240;10228
3271;14447266000;14441988888;14941988888;10240;10228
3273;14447293000;14441988888;14941988888;10240;10228
3277;14456956000;14442033333;14942033333;10240;10228
3278;14488370000;14442333333;14942333333;10240;10228
3280;14488381000;14442333333;14942333333;10240;10228
3282;14488399000;14483655555;14983655555;10240;10228
3284;14488404000;14483655555;14983655555;10240;10228
3286;14488425000;14483655555;14983655555;10240;10228
3287;14488430000;14483655555;14983655555;10240;10228
3279;14488532000;14442333333;14942333333;10240;10228
3281;14488722000;14483655555;14983655555;10240;10228
3283;14488758000;14483655555;14983655555;10240;10228
3285;14488925000;14483655555;14983655555;10240;10228
3288;14498684000;14483700000;14983700000;10240;10228
3290;14530001000;14483988888;14983988888;10240;10228
3292;14530026000;14525333333;15025333333;10240;10228
3294;14530031000;14525333333;15025333333;10240;10228
3296;14530038000;14525333333;15025333333;10240;10228
3297;14530060000;14525333333;15025333333;10240;10228
3298;14530064000;14525333333;15025333333;10240;10228
3289;14530180000;14483988888;14983988888;10240;10228
3291;14530392000;14483988888;14983988888;10240;10228
3293;14530418000;14525333333;15025333333;10240;10228
3295;14530600000;14525333333;15025333333;10240;10228
3299;14540257000;14525377777;15025377777;10240;10228
3300;14571638000;14525655555;15025655555;10240;10228
3302;14571652000;14525655555;15025655555;10240;10228
3304;14571666000;14566988888;15066988888;10240;10228
3306;14571673000;14566988888;15066988888;10240;10228
3308;14571677000;14566988888;15066988888;10240;10228
3309;14571682000;14566988888;15066988888;10240;10228
3301;14571915000;14525655555;15025655555;10240;10228
3303;14572104000;14566988888;15066988888;10240;10228
3305;14572121000;14566988888;15066988888;10240;10228
3307;14572310000;14566988888;15066988888;10240;10228
3310;14581910000;14567033333;15067033333;10240;10228
3312;14613354000;14567322222;15067322222;10240;10228
3314;14613371000;14608666666;15108666666;10240;10228
3316;14613383000;14608666666;15108666666;10240;10228
3318;14613388000;14608666666;15108666666;10240;10228
3319;14613391000;14608666666;15108666666;10240;10228
3320;14613404000;14608666666;15108666666;10240;10228
3311;14613563000;14567322222;15067322222;10240;10228
3313;14613737000;14567322222;15067322222;10240;10228
3315;14613772000;14608666666;15108666666;10240;10228
3317;14613916000;14608666666;15108666666;10240;10228
3321;14623601000;14608700000;15108700000;10240;10228
3322;14654963000;14609011111;15109011111;10240;10228
3324;14654973000;14609011111;15109011111;10240;10228
3326;14654994000;14650333333;15150333333;10240;10228
3328;14654999000;14650333333;15150333333;10240;10228
3330;14655004000;14650333333;15150333333;10240;10228
3331;14655008000;14650333333;15150333333;10240;10228
3323;14655229000;14609011111;15109011111;10240;10228
3325;14655419000;14650333333;15150333333;10240;10228
3327;14655446000;14650333333;15150333333;10240;10228
3329;14655647000;14650333333;15150333333;10240;10228
3332;14665247000;14650377777;15150377777;10240;10228
3334;14696656000;14650666666;15150666666;10240;10228
3336;14696668000;14691988888;15191988888;10240;10228
3338;14696674000;14691988888;15191988888;10240;10228
3340;14696678000;14691988888;15191988888;10240;10228
3341;14696684000;14691988888;15191988888;10240;10228
3342;14696688000;14691988888;15191988888;10240;10228
3333;14696899000;14650666666;15150666666;10240;10228
3335;14697096000;14650666666;15150666666;10240;10228
3337;14697124000;14691988888;15191988888;10240;10228
3339;14697321000;14691988888;15191988888;10240;10228
3343;14706868000;14692033333;15192033333;10240;10228
3344;14738342000;14692366666;15192366666;10240;10228
3346;14738351000;14692366666;15192366666;10240;10228
3348;14738364000;14733655555;15233655555;10240;10228
3350;14738370000;14733655555;15233655555;10240;10228
3352;14738375000;14733655555;15233655555;10240;10228
3353;14738388000;14733655555;15233655555;10240;10228
3345;14738572000;14692366666;15192366666;10240;10228
3347;14738739000;14733655555;15233655555;10240;10228
3349;14738767000;14733655555;15233655555;10240;10228
3351;14738958000;14733655555;15233655555;10240;10228
3354;14748667000;14733700000;15233700000;10240;10228
3356;14779991000;14733988888;15233988888;10240;10228
3358;14780006000;14775322222;15275322222;10240;10228
3360;14780011000;14775322222;15275322222;10240;10228
3362;14780016000;14775322222;15275322222;10240;10228
3363;14780021000;14775322222;15275322222;10240;10228
3364;14780025000;14775322222;15275322222;10240;10228
3355;14780230000;14733988888;15233988888;10240;10228
3357;14780407000;14733988888;15233988888;10240;10228
3359;14780444000;14775322222;15275322222;10240;10228
3361;14780613000;14775322222;15275322222;10240;10228
3365;14790286000;14775366666;15275366666;10240;10228
3366;14821682000;14775633333;15275633333;10240;10228
3368;14821693000;14775633333;15275633333;10240;10228
3370;14821707000;14816988888;15316988888;10240;10228
3372;14821712000;14816988888;15316988888;10240;10228
3374;14821717000;14816988888;15316988888;10240;10228
3375;14821730000;14816988888;15316988888;10240;10228
3367;14821875000;14775633333;15275633333;10240;10228
3369;14822091000;14816988888;15316988888;10240;10228
3371;14822128000;14816988888;15316988888;10240;10228
3373;14822321000;14816988888;15316988888;10240;10228
3376;14831931000;14817033333;15317033333;10240;10228
3378;14863352000;14817333333;15317333333;10240;10228
3380;14863367000;14858666666;15358666666;10240;10228
3382;14863373000;14858666666;15358666666;10240;10228
3384;14863379000;14858666666;15358666666;10240;10228
3385;14863384000;14858666666;15358666666;10240;10228
3386;14863388000;14858666666;15358666666;10240;10228
3377;14863567000;14817333333;15317333333;10240;10228
3379;14863726000;14817333333;15317333333;10240;10228
3381;14863745000;14858666666;15358666666;10240;10228
3383;14863932000;14858666666;15358666666;10240;10228
3387;14873663000;14858711111;15358711111;10240;10228
3388;14904976000;14859011111;15359011111;10240;10228
3390;14904988000;14859011111;15359011111;10240;10228
3392;14904995000;14900322222;15400322222;10240;10228
3394;14905003000;14900322222;15400322222;10240;10228
3396;14905008000;14900322222;15400322222;10240;10228
3397;14905012000;14900322222;15400322222;10240;10228
3389;14905203000;14859011111;15359011111;10240;10228
3391;14905403000;14900322222;15400322222;10240;10228
3393;14905612000;14900322222;15400322222;10240;10228
3395;14905648000;14900322222;15400322222;10240;10228
3398;14915258000;14900366666;15400366666;10240;10228
3400;14946662000;14900655555;15400655555;10240;10228
3402;14946678000;14941988888;15441988888;10240;10228
3404;14946683000;14941988888;15441988888;10240;10228
3406;14946688000;14941988888;15441988888;10240;10228
3407;14946692000;14941988888;15441988888;10240;10228
3408;14946696000;14941988888;15441988888;10240;10228
3399;14946856000;14900655555;15400655555;10240;10228
3401;14947072000;14900655555;15400655555;10240;10228
3403;14947256000;14941988888;15441988888;10240;10228
3405;14947269000;14941988888;15441988888;10240;10228
3409;14956929000;14942033333;15442033333;10240;10228
3410;14988273000;14942355555;15442355555;10240;10228
3412;14988280000;14942355555;15442355555;10240;10228
3414;14988294000;14983655555;15483655555;10240;10228
3416;14988304000;14983655555;15483655555;10240;10228
3418;14988310000;14983655555;15483655555;10240;10228
3419;14988321000;14983655555;15483655555;10240;10228
3411;14988486000;14942355555;15442355555;10240;10228
3413;14988714000;14983655555;15483655555;10240;10228
3415;14988891000;14983655555;15483655555;10240;10228
3417;14988904000;14983655555;15483655555;10240;10228
3420;14998551000;14983700000;15483700000;10240;10228
3422;15030019000;14984000000;15484000000;10240;10228
3424;15030033000;15025333333;15525333333;10240;10228
3426;15030040000;15025333333;15525333333;10240;10228
3428;15030066000;15025333333;15525333333;10240;10228
3429;15030071000;15025333333;15525333333;10240;10228
3430;15030075000;15025333333;15525333333;10240;10228
3421;15030226000;14984000000;15484000000;10240;10228
3423;15030406000;14984000000;15484000000;10240;10228
3425;15030622000;15025333333;15525333333;10240;10228
3427;15030657000;15025333333;15525333333;10240;10228
3431;15040305000;15025366666;15525366666;10240;10228
3432;15071655000;15025655555;15525655555;10240;10228
3434;15071671000;15025655555;15525655555;10240;10228
3436;15071684000;15066988888;15566988888;10240;10228
3438;15071690000;15066988888;15566988888;10240;10228
3440;15071694000;15066988888;15566988888;10240;10228
3441;15071708000;15066988888;15566988888;10240;10228
3433;15071873000;15025655555;15525655555;10240;10228
3435;15072054000;15066988888;15566988888;10240;10228
3437;15072292000;15066988888;15566988888;10240;10228
3439;15072329000;15066988888;15566988888;10240;10228
3442;15081910000;15067033333;15567033333;10240;10228
3444;15113312000;15067333333;15567333333;10240;10228
3446;15113325000;15108666666;15608666666;10240;10228
3448;15113330000;15108666666;15608666666;10240;10228
3450;15113337000;15108666666;15608666666;10240;10228
3451;15113341000;15108666666;15608666666;10240;10228
3452;15113350000;15108666666;15608666666;10240;10228
3443;15113567000;15067333333;15567333333;10240;10228
3445;15113754000;15067333333;15567333333;10240;10228
3447;15113781000;15108666666;15608666666;10240;10228
3449;15113946000;15108666666;15608666666;10240;10228
3453;15123589000;15108711111;15608711111;10240;10228
3454;15154984000;15109022222;15609022222;10240;10228
3456;15154995000;15109022222;15609022222;10240;10228
3458;15155003000;15150333333;15650333333;10240;10228
3460;15155015000;15150333333;15650333333;10240;10228
3462;15155020000;15150333333;15650333333;10240;10228
3463;15155025000;15150333333;15650333333;10240;10228
3455;15155203000;15109022222;15609022222;10240;10228
3457;15155408000;15150333333;15650333333;10240;10228
3459;15155612000;15150333333;15650333333;10240;10228
3461;15155650000;15150333333;15650333333;10240;10228
3464;15165302000;15150366666;15650366666;10240;10228
3466;15196612000;15150644444;15650644444;10240;10228
3468;15196623000;15191955555;15691955555;10240;10228
3470;15196630000;15191955555;15691955555;10240;10228
3472;15196637000;15191955555;15691955555;10240;10228
3473;15196643000;15191955555;15691955555;10240;10228
3474;15196648000;15191955555;15691955555;10240;10228
3465;15196799000;15150644444;15650644444;10240;10228
3467;15196991000;15150644444;15650644444;10240;10228
3469;15197215000;15191955555;15691955555;10240;10228
3471;15197253000;15191955555;15691955555;10240;10228
3475;15206846000;15192000000;15692000000;10240;10228
3476;15238305000;15192322222;15692322222;10240;10228
3478;15238313000;15192322222;15692322222;10240;10228
3480;15238330000;15233655555;15733655555;10240;10228
3482;15238344000;15233655555;15733655555;10240;10228
3484;15238351000;15233655555;15733655555;10240;10228
3485;15238355000;15233655555;15733655555;10240;10228
3477;15238509000;15192322222;15692322222;10240;10228
3479;15238709000;15233655555;15733655555;10240;10228
3481;15238932000;15233655555;15733655555;10240;10228
3483;15238952000;15233655555;15733655555;10240;10228
3486;15248562000;15233700000;15733700000;10240;10228
3488;15280005000;15234011111;15734011111;10240;10228
3490;15280029000;15275322222;15775322222;10240;10228
3492;15280036000;15275322222;15775322222;10240;10228
3494;15280041000;15275322222;15775322222;10240;10228
3495;15280067000;15275322222;15775322222;10240;10228
3496;15280081000;15275322222;15775322222;10240;10228
3487;15280189000;15234011111;15734011111;10240;10228
3489;15280372000;15234011111;15734011111;10240;10228
3491;15280567000;15275322222;15775322222;10240;10228
3493;15280581000;15275322222;15775322222;10240;10228
3497;15290232000;15275366666;15775366666;10240;10228
3498;15321642000;15275655555;15775655555;10240;10228
3500;15321652000;15275655555;15775655555;10240;10228
3502;15321664000;15316988888;15816988888;10240;10228
3504;15321670000;15316988888;15816988888;10240;10228
3506;15321674000;15316988888;15816988888;10240;10228
3507;15321696000;15316988888;15816988888;10240;10228
3499;15321883000;15275655555;15775655555;10240;10228
3501;15322135000;15316988888;15816988888;10240;10228
3503;15322164000;15316988888;15816988888;10240;10228
3505;15322294000;15316988888;15816988888;10240;10228
3508;15331912000;15317033333;15817033333;10240;10228
3510;15363306000;15317344444;15817344444;10240;10228
3512;15363321000;15358655555;15858655555;10240;10228
3514;15363332000;15358655555;15858655555;10240;10228
3516;15363337000;15358655555;15858655555;10240;10228
3517;15363350000;15358655555;15858655555;10240;10228
3518;15363355000;15358655555;15858655555;10240;10228
3509;15363503000;15317344444;15817344444;10240;10228
3511;15363738000;15317344444;15817344444;10240;10228
3513;15363767000;15358655555;15858655555;10240;10228
3515;15363947000;15358655555;15858655555;10240;10228
3519;15373594000;15358700000;15858700000;10240;10228
3520;15405009000;15359000000;15859000000;10240;10228
3522;15405020000;15359000000;15859000000;10240;10228
3524;15405029000;15400322222;15900322222;10240;10228
3526;15405034000;15400322222;15900322222;10240;10228
3529;15405038000;15400322222;15900322222;10240;10228
3521;15405231000;15359000000;15859000000;10240;10228
3523;15405419000;15400322222;15900322222;10240;10228
3525;15405455000;15400322222;15900322222;10240;10228
3527;15405656000;15400322222;15900322222;10240;10228
3530;15415250000;15400366666;15900366666;10240;10228
3532;15446625000;15400644444;15900644444;10240;10228
3534;15446632000;15441988888;15941988888;10240;10228
3536;15446636000;15441988888;15941988888;10240;10228
3538;15446648000;15441988888;15941988888;10240;10228
3539;15446653000;15441988888;15941988888;10240;10228
3531;15446815000;15400644444;15900644444;10240;10228
3533;15447015000;15400644444;15900644444;10240;10228
3535;15447223000;15441988888;15941988888;10240;10228
3537;15447238000;15441988888;15941988888;10240;10228
3528;15456856000;15400322222;15900322222;10240;10228
3540;15456864000;15441988888;15941988888;10240;10228
3541;15456869000;15442033333;15942033333;10240;10228
3543;15488300000;15442333333;15942333333;10240;10228
3545;15488316000;15483655555;15983655555;10240;10228
3547;15488324000;15483655555;15983655555;10240;10228
3549;15488330000;15483655555;15983655555;10240;10228
3542;15488501000;15442333333;15942333333;10240;10228
3544;15488701000;15442333333;15942333333;10240;10228
3546;15488956000;15483655555;15983655555;10240;10228
3548;15488973000;15483655555;15983655555;10240;10228
3550;15489172000;15483655555;15983655555;10240;10228
3551;15498637000;15483655555;15983655555;10240;10228
3552;15498657000;15483700000;15983700000;10240;10228
3554;15529970000;15483988888;15983988888;10240;10228
3556;15529984000;15525322222;16025322222;10240;10228
3558;15529989000;15525322222;16025322222;10240;10228
3560;15529994000;15525322222;16025322222;10240;10228
3553;15530220000;15483988888;15983988888;10240;10228
3555;15530410000;15483988888;15983988888;10240;10228
3557;15530436000;15525322222;16025322222;10240;10228
3559;15530645000;15525322222;16025322222;10240;10228
3561;15530843000;15525322222;16025322222;10240;10228
3562;15540313000;15525322222;16025322222;10240;10228
3563;15540333000;15525366666;16025366666;10240;10228
3565;15571685000;15525644444;16025644444;10240;10228
3567;15571699000;15566988888;16066988888;10240;10228
3569;15571704000;15566988888;16066988888;10240;10228
3571;15571710000;15566988888;16066988888;10240;10228
3564;15571902000;15525644444;16025644444;10240;10228
3566;15572087000;15525644444;16025644444;10240;10228
3568;15572116000;15566988888;16066988888;10240;10228
3570;15572320000;15566988888;16066988888;10240;10228
3572;15572545000;15566988888;16066988888;10240;10228
3573;15581929000;15566988888;16066988888;10240;10228
3574;15581940000;15567033333;16067033333;10240;10228
3576;15613277000;15567333333;16067333333;10240;10228
3578;15613295000;15608655555;16108655555;10240;10228
3580;15613301000;15608655555;16108655555;10240;10228
3582;15613310000;15608655555;16108655555;10240;10228
3575;15613497000;15567333333;16067333333;10240;10228
3577;15613736000;15567333333;16067333333;10240;10228
3579;15613762000;15608655555;16108655555;10240;10228
3581;15613947000;15608655555;16108655555;10240;10228
3583;15614130000;15608655555;16108655555;10240;10228
3584;15623629000;15608655555;16108655555;10240;10228
3585;15623649000;15608700000;16108700000;10240;10228
3587;15655028000;15609000000;16109000000;10240;10228
3589;15655042000;15650322222;16150322222;10240;10228
3591;15655056000;15650322222;16150322222;10240;10228
3593;15655062000;15650322222;16150322222;10240;10228
3586;15655205000;15609000000;16109000000;10240;10228
3588;15655412000;15609000000;16109000000;10240;10228
3590;15655448000;15650322222;16150322222;10240;10228
3592;15655648000;15650322222;16150322222;10240;10228
3594;15655755000;15650322222;16150322222;10240;10228
3595;15665289000;15650322222;16150322222;10240;10228
3596;15665298000;15650366666;16150366666;10240;10228
3598;15696699000;15650655555;16150655555;10240;10228
3600;15696713000;15692000000;16192000000;10240;10228
3602;15696718000;15692000000;16192000000;10240;10228
3604;15696724000;15692000000;16192000000;10240;10228
3597;15696886000;15650655555;16150655555;10240;10228
3599;15697089000;15650655555;16150655555;10240;10228
3601;15697116000;15692000000;16192000000;10240;10228
3603;15697320000;15692000000;16192000000;10240;10228
3605;15697498000;15692000000;16192000000;10240;10228
3606;15706962000;15692000000;16192000000;10240;10228
3607;15706971000;15692033333;16192033333;10240;10228
3609;15738279000;15692377777;16192377777;10240;10228
3611;15738292000;15733655555;16233655555;10240;10228
3613;15738298000;15733655555;16233655555;10240;10228
3615;15738312000;15733655555;16233655555;10240;10228
3608;15738499000;15692377777;16192377777;10240;10228
3610;15738758000;15692377777;16192377777;10240;10228
3612;15738784000;15733655555;16233655555;10240;10228
3614;15738981000;15733655555;16233655555;10240;10228
3616;15739195000;15733655555;16233655555;10240;10228
3617;15748626000;15733655555;16233655555;10240;10228
3618;15748645000;15733700000;16233700000;10240;10228
3620;15779975000;15733988888;16233988888;10240;10228
3622;15779987000;15775322222;16275322222;10240;10228
3624;15779992000;15775322222;16275322222;10240;10228
3626;15779996000;15775322222;16275322222;10240;10228
3619;15780206000;15733988888;16233988888;10240;10228
3621;15780413000;15733988888;16233988888;10240;10228
3623;15780448000;15775322222;16275322222;10240;10228
3625;15780649000;15775322222;16275322222;10240;10228
3627;15780777000;15775322222;16275322222;10240;10228
3628;15790253000;15775322222;16275322222;10240;10228
3629;15790261000;15775366666;16275366666;10240;10228
3631;15821620000;15775644444;16275644444;10240;10228
3633;15821632000;15816988888;16316988888;10240;10228
3635;15821637000;15816988888;16316988888;10240;10228
3637;15821642000;15816988888;16316988888;10240;10228
3630;15821868000;15775644444;16275644444;10240;10228
3632;15822032000;15775644444;16275644444;10240;10228
3634;15822262000;15816988888;16316988888;10240;10228
3636;15822299000;15816988888;16316988888;10240;10228
3638;15822498000;15816988888;16316988888;10240;10228
3639;15831869000;15816988888;16316988888;10240;10228
3640;15831889000;15817022222;16317022222;10240;10228
3642;15863308000;15817322222;16317322222;10240;10228
3644;15863319000;15858655555;16358655555;10240;10228
3646;15863326000;15858655555;16358655555;10240;10228
3648;15863330000;15858655555;16358655555;10240;10228
3641;15863509000;15817322222;16317322222;10240;10228
3643;15863748000;15817322222;16317322222;10240;10228
3645;15863785000;15858655555;16358655555;10240;10228
3647;15863959000;15858655555;16358655555;10240;10228
3649;15864208000;15858655555;16358655555;10240;10228
3650;15873647000;15858655555;16358655555;10240;10228
3651;15873665000;15858700000;16358700000;10240;10228
3655;15904980000;15900322222;16400322222;10240;10228
3657;15904991000;15900322222;16400322222;10240;10228
3659;15904996000;15900322222;16400322222;10240;10228
3652;15905223000;15859022222;16359022222;10240;10228
3654;15905418000;15859022222;16359022222;10240;10228
3656;15905437000;15900322222;16400322222;10240;10228
3658;15905645000;15900322222;16400322222;10240;10228
3660;15905817000;15900322222;16400322222;10240;10228
3661;15915300000;15900322222;16400322222;10240;10228
3662;15915310000;15900366666;16400366666;10240;10228
3653;15915547000;15859022222;16359022222;10240;10228
3664;15946684000;15900655555;16400655555;10240;10228
3666;15946695000;15941988888;16441988888;10240;10228
3668;15946700000;15941988888;16441988888;10240;10228
3663;15946903000;15900655555;16400655555;10240;10228
3665;15947089000;15900655555;16400655555;10240;10228
3667;15947114000;15941988888;16441988888;10240;10228
3669;15947263000;15941988888;16441988888;10240;10228
3670;15947455000;15941988888;16441988888;10240;10228
3671;15956925000;15941988888;16441988888;10240;10228
3672;15956934000;15941988888;16441988888;10240;10228
3673;15956938000;15942033333;16442033333;10240;10228
3675;15988321000;15942355555;16442355555;10240;10228
3677;15988335000;15983655555;16483655555;10240;10228
3679;15988341000;15983655555;16483655555;10240;10228
3681;15988345000;15983655555;16483655555;10240;10228
3674;15988540000;15942355555;16442355555;10240;10228
3676;15988722000;15942355555;16442355555;10240;10228
3678;15988932000;15983655555;16483655555;10240;10228
3680;15988950000;15983655555;16483655555;10240;10228
3682;15989125000;15983655555;16483655555;10240;10228
3683;15998583000;15983655555;16483655555;10240;10228
3684;15998596000;15983700000;16483700000;10240;10228
3686;16029921000;15984011111;16484011111;10240;10228
3688;16029934000;16025288888;16525288888;10240;10228
3690;16029939000;16025288888;16525288888;10240;10228
3692;16029943000;16025288888;16525288888;10240;10228
3685;16030197000;15984011111;16484011111;10240;10228
3687;16030354000;15984011111;16484011111;10240;10228
3689;16030391000;16025288888;16525288888;10240;10228
3691;16030591000;16025288888;16525288888;10240;10228
3693;16030723000;16025288888;16525288888;10240;10228
3694;16040169000;16025288888;16525288888;10240;10228
3695;16040183000;16025333333;16525333333;10240;10228
3697;16071646000;16025611111;16525611111;10240;10228
3699;16071660000;16066988888;16566988888;10240;10228
3703;16071665000;16066988888;16566988888;10240;10228
3696;16071901000;16025611111;16525611111;10240;10228
3698;16072089000;16025611111;16525611111;10240;10228
3700;16072107000;16066988888;16566988888;10240;10228
3702;16072347000;16066988888;16566988888;10240;10228
3704;16072498000;16066988888;16566988888;10240;10228
3705;16081948000;16066988888;16566988888;10240;10228
3706;16081957000;16067033333;16567033333;10240;10228
3701;16092484000;16066988888;16566988888;10240;10228
3708;16113360000;16067333333;16567333333;10240;10228
3710;16113375000;16108655555;16608655555;10240;10228
3712;16113380000;16108655555;16608655555;10240;10228
3707;16113529000;16067333333;16567333333;10240;10228
3709;16113721000;16067333333;16567333333;10240;10228
3711;16113937000;16108655555;16608655555;10240;10228
3713;16113957000;16108655555;16608655555;10240;10228
3714;16114157000;16108655555;16608655555;10240;10228
3715;16123668000;16108655555;16608655555;10240;10228
3716;16123677000;16108655555;16608655555;10240;10228
3717;16123692000;16108700000;16608700000;10240;10228
3719;16154990000;16108988888;16608988888;10240;10228
3723;16155006000;16150333333;16650333333;10240;10228
3725;16155010000;16150333333;16650333333;10240;10228
3718;16155191000;16108988888;16608988888;10240;10228
3720;16155385000;16108988888;16608988888;10240;10228
3722;16155607000;16150333333;16650333333;10240;10228
3724;16155628000;16150333333;16650333333;10240;10228
3726;16155803000;16150333333;16650333333;10240;10228
3727;16165276000;16150333333;16650333333;10240;10228
3728;16165300000;16150366666;16650366666;10240;10228
3721;16175777000;16150333333;16650333333;10240;10228
3730;16196658000;16150622222;16650622222;10240;10228
3732;16196672000;16191988888;16691988888;10240;10228
3734;16196677000;16191988888;16691988888;10240;10228
3729;16196878000;16150622222;16650622222;10240;10228
3731;16197067000;16150622222;16650622222;10240;10228
3733;16197284000;16191988888;16691988888;10240;10228
3735;16197320000;16191988888;16691988888;10240;10228
3736;16197480000;16191988888;16691988888;10240;10228
3737;16206910000;16191988888;16691988888;10240;10228
3738;16206920000;16191988888;16691988888;10240;10228
3739;16206925000;16192033333;16692033333;10240;10228
3741;16238299000;16192333333;16692333333;10240;10228
3743;16238315000;16233655555;16733655555;10240;10228
3745;16238323000;16233655555;16733655555;10240;10228
3747;16238331000;16233655555;16733655555;10240;10228
3740;16238487000;16192333333;16692333333;10240;10228
3742;16238738000;16192333333;16692333333;10240;10228
3744;16238774000;16233655555;16733655555;10240;10228
3746;16238940000;16233655555;16733655555;10240;10228
3748;16239123000;16233655555;16733655555;10240;10228
3749;16248639000;16233655555;16733655555;10240;10228
3750;16248659000;16233700000;16733700000;10240;10228
3752;16280032000;16233988888;16733988888;10240;10228
3754;16280065000;16275333333;16775333333;10240;10228
3756;16280071000;16275333333;16775333333;10240;10228
3758;16280076000;16275333333;16775333333;10240;10228
3751;16280227000;16233988888;16733988888;10240;10228
3753;16280413000;16233988888;16733988888;10240;10228
3755;16280449000;16275333333;16775333333;10240;10228
3757;16280617000;16275333333;16775333333;10240;10228
3759;16280818000;16275333333;16775333333;10240;10228
3760;16290330000;16275333333;16775333333;10240;10228
3761;16290338000;16275377777;16775377777;10240;10228
3763;16321634000;16275644444;16775644444;10240;10228
3765;16321648000;16316988888;16816988888;10240;10228
3767;16321654000;16316988888;16816988888;10240;10228
3769;16321659000;16316988888;16816988888;10240;10228
3762;16321875000;16275644444;16775644444;10240;10228
3764;16322060000;16275644444;16775644444;10240;10228
3766;16322278000;16316988888;16816988888;10240;10228
3768;16322325000;16316988888;16816988888;10240;10228
3770;16322494000;16316988888;16816988888;10240;10228
3771;16331875000;16316988888;16816988888;10240;10228
3772;16331885000;16317033333;16817033333;10240;10228
3774;16363302000;16317333333;16817333333;10240;10228
3776;16363317000;16358655555;16858655555;10240;10228
3778;16363327000;16358655555;16858655555;10240;10228
3780;16363332000;16358655555;16858655555;10240;10228
3773;16363503000;16317333333;16817333333;10240;10228
3775;16363695000;16317333333;16817333333;10240;10228
3777;16363905000;16358655555;16858655555;10240;10228
3779;16363934000;16358655555;16858655555;10240;10228
3781;16364092000;16358655555;16858655555;10240;10228
3782;16373551000;16358655555;16858655555;10240;10228
3783;16373559000;16358700000;16858700000;10240;10228
3785;16404964000;16358988888;16858988888;10240;10228
3787;16404978000;16400333333;16900333333;10240;10228
3789;16404983000;16400333333;16900333333;10240;10228
3791;16404987000;16400333333;16900333333;10240;10228
3784;16405173000;16358988888;16858988888;10240;10228
3786;16405400000;16358988888;16858988888;10240;10228
3788;16405590000;16400333333;16900333333;10240;10228
3790;16405610000;16400333333;16900333333;10240;10228
3792;16405781000;16400333333;16900333333;10240;10228
3793;16415270000;16400333333;16900333333;10240;10228
3794;16415280000;16400366666;16900366666;10240;10228
3795;16446593000;16400644444;16900644444;10240;10228
3797;16446603000;16400644444;16900644444;10240;10228
3799;16446610000;16441955555;16941955555;10240;10228
3801;16446615000;16441955555;16941955555;10240;10228
3796;16446849000;16400644444;16900644444;10240;10228
3798;16447019000;16441955555;16941955555;10240;10228
3800;16447038000;16441955555;16941955555;10240;10228
3802;16447281000;16441955555;16941955555;10240;10228
3803;16447436000;16441955555;16941955555;10240;10228
3804;16456865000;16441955555;16941955555;10240;10228
3805;16456884000;16442000000;16942000000;10240;10228
3807;16488312000;16442288888;16942288888;10240;10228
3809;16488324000;16483666666;16983666666;10240;10228
3811;16488329000;16483666666;16983666666;10240;10228
3813;16488334000;16483666666;16983666666;10240;10228
3806;16488566000;16442288888;16942288888;10240;10228
3808;16488732000;16442288888;16942288888;10240;10228
3810;16488760000;16483666666;16983666666;10240;10228
3812;16488951000;16483666666;16983666666;10240;10228
3814;16489196000;16483666666;16983666666;10240;10228
3815;16498577000;16483666666;16983666666;10240;10228
3816;16498597000;16483700000;16983700000;10240;10228
3818;16530031000;16483977777;16983977777;10240;10228
3822;16530051000;16525322222;17025322222;10240;10228
3824;16530058000;16525322222;17025322222;10240;10228
3817;16530221000;16483977777;16983977777;10240;10228
3819;16530413000;16483977777;16983977777;10240;10228
3821;16530448000;16525322222;17025322222;10240;10228
3823;16530605000;16525322222;17025322222;10240;10228
3825;16530799000;16525322222;17025322222;10240;10228
3826;16540282000;16525322222;17025322222;10240;10228
3827;16540295000;16525366666;17025366666;10240;10228
3820;16550774000;16525322222;17025322222;10240;10228
3829;16571628000;16525633333;17025633333;10240;10228
3831;16571641000;16567000000;17067000000;10240;10228
3833;16571648000;16567000000;17067000000;10240;10228
3828;16571852000;16525633333;17025633333;10240;10228
3830;16572073000;16525633333;17025633333;10240;10228
3832;16572281000;16567000000;17067000000;10240;10228
3834;16572319000;16567000000;17067000000;10240;10228
3835;16572467000;16567000000;17067000000;10240;10228
3836;16581856000;16567000000;17067000000;10240;10228
3837;16581865000;16567000000;17067000000;10240;10228
3838;16581879000;16567033333;17067033333;10240;10228
3840;16613316000;16567311111;17067311111;10240;10228
3842;16613331000;16608655555;17108655555;10240;10228
3844;16613336000;16608655555;17108655555;10240;10228
3846;16613340000;16608655555;17108655555;10240;10228
3839;16613540000;16567311111;17067311111;10240;10228
3841;16613741000;16567311111;17067311111;10240;10228
3843;16613931000;16608655555;17108655555;10240;10228
3845;16613949000;16608655555;17108655555;10240;10228
3847;16614149000;16608655555;17108655555;10240;10228
3848;16623598000;16608655555;17108655555;10240;10228
3849;16623609000;16608700000;17108700000;10240;10228
3857;16654984000;16650288888;17150288888;10240;10228
3850;16655156000;16609000000;17109000000;10240;10228
3852;16655356000;16609000000;17109000000;10240;10228
3854;16655376000;16650288888;17150288888;10240;10228
3856;16655538000;16650288888;17150288888;10240;10228
3858;16655725000;16650288888;17150288888;10240;10228
3859;16665332000;16650288888;17150288888;10240;10228
3860;16665517000;16650333333;17150333333;10240;10228
3862;16696652000;16650611111;17150611111;10240;10228
3861;16696901000;16650611111;17150611111;10240;10228
3863;16697093000;16650611111;17150611111;10240;10228
3864;16697102000;16691988888;17191988888;10240;10228
3865;16697322000;16691988888;17191988888;10240;10228
3866;16697523000;16691988888;17191988888;10240;10228
3867;16706943000;16691988888;17191988888;10240;10228
3868;16706953000;16691988888;17191988888;10240;10228
3869;16706957000;16691988888;17191988888;10240;10228
3851;16707192000;16609000000;17109000000;10240;10228
3853;16707359000;16650288888;17150288888;10240;10228
3855;16707379000;16650288888;17150288888;10240;10228
3870;16707594000;16691988888;17191988888;10240;10228
3871;16707766000;16692022222;17192022222;10240;10228
3872;16738315000;16692344444;17192344444;10240;10228
3874;16738326000;16692344444;17192344444;10240;10228
3876;16738333000;16733655555;17233655555;10240;10228
3878;16738343000;16733655555;17233655555;10240;10228
3873;16738543000;16692344444;17192344444;10240;10228
3875;16738748000;16733655555;17233655555;10240;10228
3877;16738783000;16733655555;17233655555;10240;10228
3879;16738956000;16733655555;17233655555;10240;10228
3880;16739169000;16733655555;17233655555;10240;10228
3881;16739187000;16733655555;17233655555;10240;10228
3882;16739362000;16733700000;17233700000;10240;10228
3884;16780023000;16733977777;17233977777;10240;10228
3886;16780037000;16775333333;17275333333;10240;10228
3888;16780050000;16775333333;17275333333;10240;10228
3890;16780056000;16775333333;17275333333;10240;10228
3883;16780180000;16733977777;17233977777;10240;10228
3885;16780423000;16733977777;17233977777;10240;10228
3887;16780458000;16775333333;17275333333;10240;10228
3889;16780647000;16775333333;17275333333;10240;10228
3891;16780781000;16775333333;17275333333;10240;10228
3892;16780788000;16775333333;17275333333;10240;10228
3893;16780982000;16775377777;17275377777;10240;10228
3894;16821696000;16775644444;17275644444;10240;10228
3896;16821707000;16775644444;17275644444;10240;10228
3898;16821714000;16816988888;17316988888;10240;10228
3900;16821719000;16816988888;17316988888;10240;10228
3895;16821903000;16775644444;17275644444;10240;10228
3897;16822066000;16816988888;17316988888;10240;10228
3899;16822281000;16816988888;17316988888;10240;10228
3901;16822320000;16816988888;17316988888;10240;10228
3902;16822478000;16816988888;17316988888;10240;10228
3903;16822498000;16816988888;17316988888;10240;10228
3904;16822693000;16817033333;17317033333;10240;10228
3906;16863294000;16817333333;17317333333;10240;10228
3908;16863309000;16858622222;17358622222;10240;10228
3910;16863314000;16858622222;17358622222;10240;10228
3912;16863321000;16858622222;17358622222;10240;10228
3905;16863456000;16817333333;17317333333;10240;10228
3907;16863657000;16817333333;17317333333;10240;10228
3909;16863898000;16858622222;17358622222;10240;10228
3911;16863918000;16858622222;17358622222;10240;10228
3913;16864076000;16858622222;17358622222;10240;10228
3914;16864112000;16858622222;17358622222;10240;10228
3915;16864346000;16858666666;17358666666;10240;10228
3916;16904949000;16858977777;17358977777;10240;10228
3918;16904961000;16858977777;17358977777;10240;10228
3920;16904971000;16900322222;17400322222;10240;10228
3922;16904978000;16900322222;17400322222;10240;10228
3917;16905226000;16858977777;17358977777;10240;10228
3919;16905418000;16900322222;17400322222;10240;10228
3921;16905453000;16900322222;17400322222;10240;10228
3923;16905615000;16900322222;17400322222;10240;10228
3924;16905823000;16900322222;17400322222;10240;10228
3925;16905844000;16900322222;17400322222;10240;10228
3926;16906025000;16900377777;17400377777;10240;10228
3928;16946668000;16900655555;17400655555;10240;10228
3930;16946679000;16941988888;17441988888;10240;10228
3932;16946684000;16941988888;17441988888;10240;10228
3934;16946689000;16941988888;17441988888;10240;10228
3927;16946900000;16900655555;17400655555;10240;10228
3929;16947093000;16900655555;17400655555;10240;10228
3931;16947110000;16941988888;17441988888;10240;10228
3933;16947268000;16941988888;17441988888;10240;10228
3935;16947425000;16941988888;17441988888;10240;10228
3936;16947433000;16941988888;17441988888;10240;10228
3937;16947624000;16942033333;17442033333;10240;10228
3938;16988286000;16942355555;17442355555;10240;10228
3940;16988296000;16942355555;17442355555;10240;10228
3942;16988305000;16983655555;17483655555;10240;10228
3944;16988309000;16983655555;17483655555;10240;10228
3939;16988518000;16942355555;17442355555;10240;10228
3941;16988719000;16983655555;17483655555;10240;10228
3943;16988756000;16983655555;17483655555;10240;10228
3945;16988925000;16983655555;17483655555;10240;10228
3946;16989155000;16983655555;17483655555;10240;10228
3947;16989175000;16983655555;17483655555;10240;10228
3948;16989333000;16983700000;17483700000;10240;10228
3950;17029976000;16984011111;17484011111;10240;10228
3952;17029988000;17025322222;17525322222;10240;10228
3954;17029994000;17025322222;17525322222;10240;10228
3956;17030000000;17025322222;17525322222;10240;10228
3949;17030177000;16984011111;17484011111;10240;10228
3951;17030381000;16984011111;17484011111;10240;10228
3953;17030410000;17025322222;17525322222;10240;10228
3955;17030589000;17025322222;17525322222;10240;10228
3957;17030792000;17025322222;17525322222;10240;10228
3958;17030813000;17025322222;17525322222;10240;10228
3959;17030994000;17025366666;17525366666;10240;10228
3960;17071644000;17025655555;17525655555;10240;10228
3962;17071654000;17025655555;17525655555;10240;10228
3964;17071661000;17066988888;17566988888;10240;10228
3966;17071670000;17066988888;17566988888;10240;10228
3961;17071864000;17025655555;17525655555;10240;10228
3963;17072078000;17066988888;17566988888;10240;10228
3965;17072107000;17066988888;17566988888;10240;10228
3967;17072285000;17066988888;17566988888;10240;10228
3968;17072476000;17066988888;17566988888;10240;10228
3969;17072497000;17066988888;17566988888;10240;10228
3970;17072677000;17067044444;17567044444;10240;10228
3972;17113326000;17067344444;17567344444;10240;10228
3974;17113338000;17108622222;17608622222;10240;10228
3978;17113344000;17108622222;17608622222;10240;10228
3971;17113480000;17067344444;17567344444;10240;10228
3973;17113685000;17067344444;17567344444;10240;10228
3975;17113721000;17108622222;17608622222;10240;10228
3977;17113888000;17108622222;17608622222;10240;10228
3979;17114049000;17108622222;17608622222;10240;10228
3980;17114070000;17108622222;17608622222;10240;10228
3981;17114296000;17108677777;17608677777;10240;10228
3982;17155008000;17108977777;17608977777;10240;10228
3984;17155016000;17108977777;17608977777;10240;10228
3986;17155028000;17150333333;17650333333;10240;10228
3983;17155190000;17108977777;17608977777;10240;10228
3985;17155388000;17150333333;17650333333;10240;10228
3987;17155396000;17150333333;17650333333;10240;10228
3988;17155586000;17150333333;17650333333;10240;10228
3989;17155791000;17150333333;17650333333;10240;10228
3990;17155796000;17150333333;17650333333;10240;10228
3991;17155997000;17150333333;17650333333;10240;10228
3992;17165315000;17150377777;17650377777;10240;10228
3976;17165498000;17108622222;17608622222;10240;10228
3994;17196625000;17150644444;17650644444;10240;10228
3996;17196638000;17191988888;17691988888;10240;10228
3998;17196644000;17191988888;17691988888;10240;10228
3993;17196857000;17150644444;17650644444;10240;10228
3995;17197036000;17150644444;17650644444;10240;10228
3997;17197259000;17191988888;17691988888;10240;10228
3999;17197295000;17191988888;17691988888;10240;10228
4000;17197470000;17191988888;17691988888;10240;10228
4001;17197499000;17191988888;17691988888;10240;10228
4002;17197668000;17191988888;17691988888;10240;10228
4003;17197688000;17192033333;17692033333;10240;10228
4004;17238344000;17192355555;17692355555;10240;10228
4006;17238355000;17192355555;17692355555;10240;10228
4008;17238361000;17233655555;17733655555;10240;10228
4010;17238366000;17233655555;17733655555;10240;10228
4005;17238519000;17192355555;17692355555;10240;10228
4007;17238721000;17233655555;17733655555;10240;10228
4009;17238749000;17233655555;17733655555;10240;10228
4011;17238921000;17233655555;17733655555;10240;10228
4012;17239148000;17233655555;17733655555;10240;10228
4013;17239153000;17233655555;17733655555;10240;10228
4014;17239326000;17233700000;17733700000;10240;10228
4016;17280027000;17234000000;17734000000;10240;10228
4018;17280039000;17275333333;17775333333;10240;10228
4020;17280051000;17275333333;17775333333;10240;10228
4022;17280067000;17275333333;17775333333;10240;10228
4015;17280173000;17234000000;17734000000;10240;10228
4017;17280383000;17234000000;17734000000;10240;10228
4019;17280583000;17275333333;17775333333;10240;10228
4021;17280620000;17275333333;17775333333;10240;10228
4023;17280796000;17275333333;17775333333;10240;10228
4024;17280805000;17275333333;17775333333;10240;10228
4025;17280990000;17275377777;17775377777;10240;10228
4026;17321655000;17275655555;17775655555;10240;10228
4028;17321667000;17275655555;17775655555;10240;10228
4030;17321675000;17316988888;17816988888;10240;10228
4032;17321681000;17316988888;17816988888;10240;10228
4027;17321841000;17275655555;17775655555;10240;10228
4029;17322036000;17316988888;17816988888;10240;10228
4031;17322249000;17316988888;17816988888;10240;10228
4033;17322286000;17316988888;17816988888;10240;10228
4034;17322447000;17316988888;17816988888;10240;10228
4035;17322457000;17316988888;17816988888;10240;10228
4036;17322624000;17317033333;17817033333;10240;10228
4038;17363306000;17317344444;17817344444;10240;10228
4040;17363317000;17358655555;17858655555;10240;10228
4042;17363322000;17358655555;17858655555;10240;10228
4044;17363335000;17358655555;17858655555;10240;10228
4037;17363478000;17317344444;17817344444;10240;10228
4039;17363675000;17317344444;17817344444;10240;10228
4041;17363918000;17358655555;17858655555;10240;10228
4043;17363946000;17358655555;17858655555;10240;10228
4045;17364151000;17358655555;17858655555;10240;10228
4046;17364170000;17358655555;17858655555;10240;10228
4047;17364328000;17358700000;17858700000;10240;10228
4048;17404953000;17359000000;17859000000;10240;10228
4050;17404965000;17359000000;17859000000;10240;10228
4052;17404977000;17400333333;17900333333;10240;10228
4054;17404982000;17400333333;17900333333;10240;10228
4049;17405186000;17359000000;17859000000;10240;10228
4051;17405395000;17400333333;17900333333;10240;10228
4053;17405412000;17400333333;17900333333;10240;10228
4055;17405620000;17400333333;17900333333;10240;10228
4056;17405798000;17400333333;17900333333;10240;10228
4057;17405817000;17400333333;17900333333;10240;10228
4058;17406002000;17400377777;17900377777;10240;10228
4060;17446646000;17400655555;17900655555;10240;10228
4062;17446660000;17442000000;17942000000;10240;10228
4064;17446664000;17442000000;17942000000;10240;10228
4066;17446669000;17442000000;17942000000;10240;10228
4059;17446854000;17400655555;17900655555;10240;10228
4061;17447071000;17400655555;17900655555;10240;10228
4063;17447100000;17442000000;17942000000;10240;10228
4065;17447296000;17442000000;17942000000;10240;10228
4067;17447453000;17442000000;17942000000;10240;10228
4068;17447460000;17442000000;17942000000;10240;10228
4069;17447678000;17442044444;17942044444;10240;10228
4070;17488315000;17442355555;17942355555;10240;10228
4072;17488325000;17442355555;17942355555;10240;10228
4074;17488332000;17483644444;17983644444;10240;10228
4076;17488343000;17483644444;17983644444;10240;10228
4071;17488486000;17442355555;17942355555;10240;10228
4073;17488690000;17483644444;17983644444;10240;10228
4075;17488726000;17483644444;17983644444;10240;10228
4078;17488894000;17483644444;17983644444;10240;10228
4079;17489073000;17483644444;17983644444;10240;10228
4080;17489085000;17483700000;17983700000;10240;10228
4077;17499501000;17483644444;17983644444;10240;10228
4082;17529936000;17484000000;17984000000;10240;10228
4084;17529950000;17525300000;18025300000;10240;10228
4086;17529955000;17525300000;18025300000;10240;10228
4088;17529959000;17525300000;18025300000;10240;10228
4081;17530143000;17484000000;17984000000;10240;10228
4083;17530335000;17484000000;17984000000;10240;10228
4085;17530352000;17525300000;18025300000;10240;10228
4087;17530526000;17525300000;18025300000;10240;10228
4089;17540227000;17525300000;18025300000;10240;10228
4090;17540236000;17525300000;18025300000;10240;10228
4091;17540250000;17525333333;18025333333;10240;10228
4092;17571689000;17525611111;18025611111;10240;10228
4094;17571698000;17525611111;18025611111;10240;10228
4096;17571707000;17567000000;18067000000;10240;10228
4098;17571711000;17567000000;18067000000;10240;10228
4100;17571715000;17567000000;18067000000;10240;10228
4093;17571854000;17525611111;18025611111;10240;10228
4095;17572068000;17567000000;18067000000;10240;10228
4097;17572111000;17567000000;18067000000;10240;10228
4099;17572235000;17567000000;18067000000;10240;10228
4101;17572434000;17567000000;18067000000;10240;10228
4102;17581924000;17567044444;18067044444;10240;10228
4104;17613302000;17567322222;18067322222;10240;10228
4106;17613312000;17608655555;18108655555;10240;10228
4108;17613326000;17608655555;18108655555;10240;10228
4110;17613331000;17608655555;18108655555;10240;10228
4112;17613335000;17608655555;18108655555;10240;10228
4103;17613488000;17567322222;18067322222;10240;10228
4105;17613713000;17567322222;18067322222;10240;10228
4107;17613750000;17608655555;18108655555;10240;10228
4109;17613877000;17608655555;18108655555;10240;10228
4111;17614165000;17608655555;18108655555;10240;10228
4113;17623560000;17608700000;18108700000;10240;10228
4114;17654930000;17609011111;18109011111;10240;10228
4116;17654935000;17609011111;18109011111;10240;10228
4118;17654956000;17650333333;18150333333;10240;10228
4120;17654962000;17650333333;18150333333;10240;10228
4122;17654971000;17650333333;18150333333;10240;10228
4115;17655133000;17609011111;18109011111;10240;10228
4117;17655354000;17650333333;18150333333;10240;10228
4119;17655559000;17650333333;18150333333;10240;10228
4121;17655587000;17650333333;18150333333;10240;10228
4123;17655741000;17650333333;18150333333;10240;10228
4124;17665184000;17650377777;18150377777;10240;10228
4126;17696646000;17650655555;18150655555;10240;10228
4128;17696658000;17692000000;18192000000;10240;10228
4130;17696663000;17692000000;18192000000;10240;10228
4132;17696668000;17692000000;18192000000;10240;10228
4134;17696672000;17692000000;18192000000;10240;10228
4125;17696851000;17650655555;18150655555;10240;10228
4127;17697073000;17650655555;18150655555;10240;10228
4129;17697108000;17692000000;18192000000;10240;10228
4131;17697274000;17692000000;18192000000;10240;10228
4133;17697466000;17692000000;18192000000;10240;10228
4135;17706869000;17692055555;18192055555;10240;10228
4136;17738296000;17692388888;18192388888;10240;10228
4138;17738306000;17692388888;18192388888;10240;10228
4140;17738319000;17733655555;18233655555;10240;10228
4142;17738325000;17733655555;18233655555;10240;10228
4144;17738329000;17733655555;18233655555;10240;10228
4137;17738513000;17692388888;18192388888;10240;10228
4139;17738716000;17733655555;18233655555;10240;10228
4141;17738754000;17733655555;18233655555;10240;10228
4143;17738910000;17733655555;18233655555;10240;10228
4145;17739128000;17733655555;18233655555;10240;10228
4146;17748565000;17733700000;18233700000;10240;10228
4148;17780011000;17733977777;18233977777;10240;10228
4150;17780025000;17775322222;18275322222;10240;10228
4152;17780035000;17775322222;18275322222;10240;10228
4154;17780040000;17775322222;18275322222;10240;10228
4156;17780052000;17775322222;18275322222;10240;10228
4149;17780191000;17733977777;18233977777;10240;10228
4151;17780399000;17775322222;18275322222;10240;10228
4153;17780419000;17775322222;18275322222;10240;10228
4155;17780609000;17775322222;18275322222;10240;10228
4157;17790306000;17775366666;18275366666;10240;10228
4147;17790873000;17733977777;18233977777;10240;10228
4158;17821656000;17775633333;18275633333;10240;10228
4160;17821667000;17775633333;18275633333;10240;10228
4162;17821680000;17816988888;18316988888;10240;10228
4164;17821686000;17816988888;18316988888;10240;10228
4165;17821690000;17816988888;18316988888;10240;10228
4159;17821841000;17775633333;18275633333;10240;10228
4161;17822038000;17816988888;18316988888;10240;10228
4163;17822248000;17816988888;18316988888;10240;10228
4166;17831891000;17816988888;18316988888;10240;10228
4167;17831900000;17816988888;18316988888;10240;10228
4168;17831905000;17817033333;18317033333;10240;10228
4169;17863290000;17817322222;18317322222;10240;10228
4171;17863296000;17817322222;18317322222;10240;10228
4173;17863311000;17858655555;18358655555;10240;10228
4175;17863321000;17858655555;18358655555;10240;10228
4177;17863327000;17858655555;18358655555;10240;10228
4170;17863484000;17817322222;18317322222;10240;10228
4172;17863680000;17858655555;18358655555;10240;10228
4174;17863905000;17858655555;18358655555;10240;10228
4176;17863935000;17858655555;18358655555;10240;10228
4178;17873597000;17858655555;18358655555;10240;10228
4179;17873618000;17858700000;18358700000;10240;10228
4181;17904990000;17859011111;18359011111;10240;10228
4183;17905005000;17900322222;18400322222;10240;10228
4185;17905010000;17900322222;18400322222;10240;10228
4187;17905016000;17900322222;18400322222;10240;10228
4188;17905020000;17900322222;18400322222;10240;10228
4180;17905167000;17859011111;18359011111;10240;10228
4182;17905369000;17859011111;18359011111;10240;10228
4184;17905567000;17900322222;18400322222;10240;10228
4186;17905606000;17900322222;18400322222;10240;10228
4189;17915327000;17900322222;18400322222;10240;10228
4190;17915348000;17900366666;18400366666;10240;10228
4192;17946649000;17900666666;18400666666;10240;10228
4194;17946663000;17941988888;18441988888;10240;10228
4196;17946669000;17941988888;18441988888;10240;10228
4198;17946674000;17941988888;18441988888;10240;10228
4199;17946678000;17941988888;18441988888;10240;10228
4191;17946849000;17900666666;18400666666;10240;10228
4193;17947065000;17900666666;18400666666;10240;10228
4195;17947095000;17941988888;18441988888;10240;10228
4197;17947225000;17941988888;18441988888;10240;10228
4200;17956896000;17941988888;18441988888;10240;10228
4201;17956903000;17942033333;18442033333;10240;10228
4203;17988279000;17942344444;18442344444;10240;10228
4205;17988293000;17983633333;18483633333;10240;10228
4207;17988299000;17983633333;18483633333;10240;10228
4209;17988305000;17983633333;18483633333;10240;10228
4210;17988309000;17983633333;18483633333;10240;10228
4202;17988483000;17942344444;18442344444;10240;10228
4204;17988683000;17942344444;18442344444;10240;10228
4206;17988721000;17983633333;18483633333;10240;10228
4208;17988885000;17983633333;18483633333;10240;10228
4211;17998616000;17983633333;18483633333;10240;10228
4212;17998625000;17983666666;18483666666;10240;10228
4214;18029982000;17983977777;18483977777;10240;10228
4216;18029997000;18025333333;18525333333;10240;10228
4218;18030001000;18025333333;18525333333;10240;10228
4220;18030007000;18025333333;18525333333;10240;10228
4221;18030011000;18025333333;18525333333;10240;10228
4213;18030186000;17983977777;18483977777;10240;10228
4215;18030388000;17983977777;18483977777;10240;10228
4217;18030408000;18025333333;18525333333;10240;10228
4219;18030599000;18025333333;18525333333;10240;10228
4222;18040262000;18025333333;18525333333;10240;10228
4223;18040270000;18025366666;18525366666;10240;10228
4225;18071685000;18025655555;18525655555;10240;10228
4227;18071699000;18067000000;18567000000;10240;10228
4229;18071708000;18067000000;18567000000;10240;10228
4231;18071714000;18067000000;18567000000;10240;10228
4232;18071718000;18067000000;18567000000;10240;10228
4224;18071854000;18025655555;18525655555;10240;10228
4226;18072067000;18025655555;18525655555;10240;10228
4228;18072096000;18067000000;18567000000;10240;10228
4230;18072266000;18067000000;18567000000;10240;10228
4233;18081907000;18067000000;18567000000;10240;10228
4234;18081914000;18067033333;18567033333;10240;10228
4236;18113270000;18067333333;18567333333;10240;10228
4238;18113280000;18108633333;18608633333;10240;10228
4240;18113296000;18108633333;18608633333;10240;10228
4242;18113301000;18108633333;18608633333;10240;10228
4243;18113306000;18108633333;18608633333;10240;10228
4235;18113451000;18067333333;18567333333;10240;10228
4237;18113686000;18067333333;18567333333;10240;10228
4239;18113724000;18108633333;18608633333;10240;10228
4241;18113888000;18108633333;18608633333;10240;10228
4244;18123561000;18108633333;18608633333;10240;10228
4245;18123593000;18108666666;18608666666;10240;10228
4247;18155020000;18109000000;18609000000;10240;10228
4249;18155032000;18150333333;18650333333;10240;10228
4251;18155038000;18150333333;18650333333;10240;10228
4253;18155050000;18150333333;18650333333;10240;10228
4254;18155055000;18150333333;18650333333;10240;10228
4246;18155180000;18109000000;18609000000;10240;10228
4248;18155386000;18109000000;18609000000;10240;10228
4250;18155405000;18150333333;18650333333;10240;10228
4252;18155600000;18150333333;18650333333;10240;10228
4255;18165335000;18150333333;18650333333;10240;10228
4256;18165353000;18150366666;18650366666;10240;10228
4258;18196692000;18150644444;18650644444;10240;10228
4260;18196703000;18192000000;18692000000;10240;10228
4262;18196709000;18192000000;18692000000;10240;10228
4264;18196713000;18192000000;18692000000;10240;10228
4265;18196717000;18192000000;18692000000;10240;10228
4257;18196851000;18150644444;18650644444;10240;10228
4259;18197066000;18150644444;18650644444;10240;10228
4261;18197090000;18192000000;18692000000;10240;10228
4263;18197257000;18192000000;18692000000;10240;10228
4266;18206941000;18192000000;18692000000;10240;10228
4267;18206949000;18192033333;18692033333;10240;10228
4269;18238295000;18192355555;18692355555;10240;10228
4271;18238308000;18233666666;18733666666;10240;10228
4273;18238313000;18233666666;18733666666;10240;10228
4275;18238317000;18233666666;18733666666;10240;10228
4276;18238323000;18233666666;18733666666;10240;10228
4268;18238483000;18192355555;18692355555;10240;10228
4270;18238673000;18192355555;18692355555;10240;10228
4272;18238911000;18233666666;18733666666;10240;10228
4274;18238940000;18233666666;18733666666;10240;10228
4277;18248576000;18233666666;18733666666;10240;10228
4278;18248588000;18233700000;18733700000;10240;10228
4280;18280021000;18234011111;18734011111;10240;10228
4282;18280033000;18275322222;18775322222;10240;10228
4284;18280039000;18275322222;18775322222;10240;10228
4286;18280052000;18275322222;18775322222;10240;10228
4287;18280068000;18275322222;18775322222;10240;10228
4279;18280182000;18234011111;18734011111;10240;10228
4281;18280389000;18234011111;18734011111;10240;10228
4283;18280415000;18275322222;18775322222;10240;10228
4285;18280594000;18275322222;18775322222;10240;10228
4288;18290318000;18275322222;18775322222;10240;10228
4289;18290328000;18275366666;18775366666;10240;10228
4291;18321673000;18275655555;18775655555;10240;10228
4293;18321685000;18316988888;18816988888;10240;10228
4295;18321690000;18316988888;18816988888;10240;10228
4297;18321695000;18316988888;18816988888;10240;10228
4298;18321700000;18316988888;18816988888;10240;10228
4290;18321843000;18275655555;18775655555;10240;10228
4292;18322040000;18275655555;18775655555;10240;10228
4294;18322251000;18316988888;18816988888;10240;10228
4296;18322281000;18316988888;18816988888;10240;10228
4299;18331927000;18316988888;18816988888;10240;10228
4300;18331940000;18317033333;18817033333;10240;10228
4302;18363299000;18317366666;18817366666;10240;10228
4304;18363311000;18358655555;18858655555;10240;10228
4306;18363326000;18358655555;18858655555;10240;10228
4308;18363331000;18358655555;18858655555;10240;10228
4309;18363337000;18358655555;18858655555;10240;10228
4301;18363480000;18317366666;18817366666;10240;10228
4303;18363676000;18317366666;18817366666;10240;10228
4305;18363901000;18358655555;18858655555;10240;10228
4307;18363932000;18358655555;18858655555;10240;10228
4310;18373594000;18358655555;18858655555;10240;10228
4311;18373616000;18358700000;18858700000;10240;10228
4313;18404978000;18359000000;18859000000;10240;10228
4315;18404991000;18400322222;18900322222;10240;10228
4317;18404997000;18400322222;18900322222;10240;10228
4319;18405001000;18400322222;18900322222;10240;10228
4320;18405006000;18400322222;18900322222;10240;10228
4312;18405174000;18359000000;18859000000;10240;10228
4314;18405381000;18359000000;18859000000;10240;10228
4316;18405407000;18400322222;18900322222;10240;10228
4318;18405590000;18400322222;18900322222;10240;10228
4321;18415313000;18400322222;18900322222;10240;10228
4322;18415333000;18400355555;18900355555;10240;10228
4324;18446656000;18400644444;18900644444;10240;10228
4326;18446671000;18441988888;18941988888;10240;10228
4328;18446676000;18441988888;18941988888;10240;10228
4330;18446680000;18441988888;18941988888;10240;10228
4331;18446684000;18441988888;18941988888;10240;10228
4323;18446851000;18400644444;18900644444;10240;10228
4325;18447068000;18400644444;18900644444;10240;10228
4327;18447285000;18441988888;18941988888;10240;10228
4329;18447304000;18441988888;18941988888;10240;10228
4332;18456955000;18441988888;18941988888;10240;10228
4333;18456966000;18442033333;18942033333;10240;10228
4335;18488280000;18442344444;18942344444;10240;10228
4337;18488294000;18483633333;18983633333;10240;10228
4339;18488298000;18483633333;18983633333;10240;10228
4341;18488303000;18483633333;18983633333;10240;10228
4342;18488307000;18483633333;18983633333;10240;10228
4334;18488485000;18442344444;18942344444;10240;10228
4336;18488686000;18442344444;18942344444;10240;10228
4338;18488723000;18483633333;18983633333;10240;10228
4340;18488892000;18483633333;18983633333;10240;10228
4343;18498549000;18483633333;18983633333;10240;10228
4344;18498570000;18483677777;18983677777;10240;10228
4346;18529972000;18483966666;18983966666;10240;10228
4348;18529987000;18525322222;19025322222;10240;10228
4350;18529991000;18525322222;19025322222;10240;10228
4352;18529996000;18525322222;19025322222;10240;10228
4353;18530000000;18525322222;19025322222;10240;10228
4345;18530177000;18483966666;18983966666;10240;10228
4347;18530381000;18483966666;18983966666;10240;10228
4349;18530399000;18525322222;19025322222;10240;10228
4351;18530594000;18525322222;19025322222;10240;10228
4354;18540309000;18525322222;19025322222;10240;10228
4355;18540320000;18525366666;19025366666;10240;10228
4357;18571647000;18525677777;19025677777;10240;10228
4359;18571662000;18566988888;19066988888;10240;10228
4361;18571667000;18566988888;19066988888;10240;10228
4363;18571672000;18566988888;19066988888;10240;10228
4364;18571676000;18566988888;19066988888;10240;10228
4356;18571855000;18525677777;19025677777;10240;10228
4358;18572067000;18525677777;19025677777;10240;10228
4360;18572095000;18566988888;19066988888;10240;10228
4362;18572227000;18566988888;19066988888;10240;10228
4365;18581939000;18566988888;19066988888;10240;10228
4366;18581947000;18567033333;19067033333;10240;10228
4368;18613277000;18567333333;19067333333;10240;10228
4370;18613291000;18608633333;19108633333;10240;10228
4372;18613296000;18608633333;19108633333;10240;10228
4374;18613302000;18608633333;19108633333;10240;10228
4375;18613306000;18608633333;19108633333;10240;10228
4367;18613486000;18567333333;19067333333;10240;10228
4369;18613688000;18567333333;19067333333;10240;10228
4371;18613726000;18608633333;19108633333;10240;10228
4373;18613888000;18608633333;19108633333;10240;10228
4376;18623546000;18608633333;19108633333;10240;10228
4377;18623556000;18608666666;19108666666;10240;10228
4379;18655016000;18608988888;19108988888;10240;10228
4381;18655035000;18650322222;19150322222;10240;10228
4383;18655041000;18650322222;19150322222;10240;10228
4385;18655055000;18650322222;19150322222;10240;10228
4386;18655059000;18650322222;19150322222;10240;10228
4378;18655189000;18608988888;19108988888;10240;10228
4380;18655376000;18608988888;19108988888;10240;10228
4382;18655594000;18650322222;19150322222;10240;10228
4384;18655630000;18650322222;19150322222;10240;10228
4387;18665329000;18650322222;19150322222;10240;10228
4388;18665355000;18650366666;19150366666;10240;10228
4390;18696654000;18650666666;19150666666;10240;10228
4392;18696667000;18691988888;19191988888;10240;10228
4394;18696672000;18691988888;19191988888;10240;10228
4396;18696678000;18691988888;19191988888;10240;10228
4397;18696682000;18691988888;19191988888;10240;10228
4389;18696857000;18650666666;19150666666;10240;10228
4391;18697070000;18650666666;19150666666;10240;10228
4393;18697098000;18691988888;19191988888;10240;10228
4395;18697266000;18691988888;19191988888;10240;10228
4398;18706932000;18691988888;19191988888;10240;10228
4399;18706942000;18692033333;19192033333;10240;10228
4401;18738356000;18692377777;19192377777;10240;10228
4403;18738367000;18733655555;19233655555;10240;10228
4405;18738372000;18733655555;19233655555;10240;10228
4407;18738376000;18733655555;19233655555;10240;10228
4408;18738380000;18733655555;19233655555;10240;10228
4400;18738511000;18692377777;19192377777;10240;10228
4402;18738710000;18692377777;19192377777;10240;10228
4404;18738748000;18733655555;19233655555;10240;10228
4406;18738915000;18733655555;19233655555;10240;10228
4409;18748645000;18733655555;19233655555;10240;10228
4410;18748652000;18733700000;19233700000;10240;10228
4412;18780021000;18734011111;19234011111;10240;10228
4414;18780033000;18775322222;19275322222;10240;10228
4416;18780038000;18775322222;19275322222;10240;10228
4418;18780061000;18775322222;19275322222;10240;10228
4419;18780067000;18775322222;19275322222;10240;10228
4411;18780188000;18734011111;19234011111;10240;10228
4413;18780382000;18734011111;19234011111;10240;10228
4415;18780401000;18775322222;19275322222;10240;10228
4417;18780594000;18775322222;19275322222;10240;10228
4420;18790338000;18775322222;19275322222;10240;10228
4421;18790346000;18775366666;19275366666;10240;10228
4423;18821637000;18775644444;19275644444;10240;10228
4425;18821646000;18816988888;19316988888;10240;10228
4427;18821660000;18816988888;19316988888;10240;10228
4429;18821666000;18816988888;19316988888;10240;10228
4430;18821671000;18816988888;19316988888;10240;10228
4422;18821816000;18775644444;19275644444;10240;10228
4424;18822073000;18775644444;19275644444;10240;10228
4426;18822101000;18816988888;19316988888;10240;10228
4428;18822225000;18816988888;19316988888;10240;10228
4434;18863323000;18817311111;19317311111;10240;10228
4436;18863335000;18858655555;19358655555;10240;10228
4438;18863340000;18858655555;19358655555;10240;10228
4433;18863481000;18817311111;19317311111;10240;10228
4435;18863676000;18817311111;19317311111;10240;10228
4437;18863889000;18858655555;19358655555;10240;10228
4439;18863895000;18858655555;19358655555;10240;10228
4440;18873631000;18858655555;19358655555;10240;10228
4441;18873642000;18858655555;19358655555;10240;10228
4431;18873650000;18816988888;19316988888;10240;10228
4432;18873658000;18817033333;19317033333;10240;10228
4442;18873886000;18858655555;19358655555;10240;10228
4443;18874107000;18858688888;19358688888;10240;10228
4445;18904975000;18859011111;19359011111;10240;10228
4447;18904987000;18900333333;19400333333;10240;10228
4449;18904995000;18900333333;19400333333;10240;10228
4451;18904999000;18900333333;19400333333;10240;10228
4444;18905149000;18859011111;19359011111;10240;10228
4446;18905387000;18859011111;19359011111;10240;10228
4448;18905416000;18900333333;19400333333;10240;10228
4450;18905600000;18900333333;19400333333;10240;10228
4452;18905821000;18900333333;19400333333;10240;10228
4453;18915321000;18900333333;19400333333;10240;10228
4454;18915331000;18900366666;19400366666;10240;10228
4456;18946662000;18900666666;19400666666;10240;10228
4458;18946676000;18941988888;19441988888;10240;10228
4460;18946682000;18941988888;19441988888;10240;10228
4462;18946686000;18941988888;19441988888;10240;10228
4455;18946855000;18900666666;19400666666;10240;10228
4457;18947069000;18900666666;19400666666;10240;10228
4459;18947097000;18941988888;19441988888;10240;10228
4461;18947258000;18941988888;19441988888;10240;10228
4463;18947487000;18941988888;19441988888;10240;10228
4464;18956920000;18941988888;19441988888;10240;10228
4465;18956950000;18942033333;19442033333;10240;10228
4467;18988282000;18942355555;19442355555;10240;10228
4469;18988295000;18983622222;19483622222;10240;10228
4473;18988299000;18983622222;19483622222;10240;10228
4466;18988482000;18942355555;19442355555;10240;10228
4468;18988686000;18942355555;19442355555;10240;10228
4470;18988723000;18983622222;19483622222;10240;10228
4472;18988890000;18983622222;19483622222;10240;10228
4474;18989068000;18983622222;19483622222;10240;10228
4475;18998593000;18983622222;19483622222;10240;10228
4476;18998612000;18983666666;19483666666;10240;10228
4471;19009076000;18983622222;19483622222;10240;10228
4478;19029974000;18983977777;19483977777;10240;10228
4480;19029988000;19025322222;19525322222;10240;10228
4482;19029993000;19025322222;19525322222;10240;10228
4477;19030179000;18983977777;19483977777;10240;10228
4479;19030383000;18983977777;19483977777;10240;10228
4481;19030411000;19025322222;19525322222;10240;10228
4483;19030618000;19025322222;19525322222;10240;10228
4484;19030799000;19025322222;19525322222;10240;10228
4485;19040254000;19025322222;19525322222;10240;10228
4486;19040263000;19025322222;19525322222;10240;10228
4487;19040276000;19025366666;19525366666;10240;10228
4489;19071689000;19025633333;19525633333;10240;10228
4491;19071703000;19067000000;19567000000;10240;10228
4493;19071708000;19067000000;19567000000;10240;10228
4495;19071713000;19067000000;19567000000;10240;10228
4488;19071854000;19025633333;19525633333;10240;10228
4490;19072068000;19025633333;19525633333;10240;10228
4492;19072096000;19067000000;19567000000;10240;10228
4494;19072261000;19067000000;19567000000;10240;10228
4496;19072470000;19067000000;19567000000;10240;10228
4497;19081945000;19067000000;19567000000;10240;10228
4498;19081951000;19067033333;19567033333;10240;10228
4500;19113281000;19067311111;19567311111;10240;10228
4502;19113295000;19108633333;19608633333;10240;10228
4504;19113300000;19108633333;19608633333;10240;10228
4506;19113305000;19108633333;19608633333;10240;10228
4499;19113482000;19067311111;19567311111;10240;10228
4501;19113685000;19067311111;19567311111;10240;10228
4503;19113722000;19108633333;19608633333;10240;10228
4505;19113880000;19108633333;19608633333;10240;10228
4507;19114050000;19108633333;19608633333;10240;10228
4508;19123616000;19108633333;19608633333;10240;10228
4509;19123636000;19108666666;19608666666;10240;10228
4511;19154977000;19108955555;19608955555;10240;10228
4513;19154992000;19150333333;19650333333;10240;10228
4515;19154997000;19150333333;19650333333;10240;10228
4517;19155002000;19150333333;19650333333;10240;10228
4510;19155182000;19108955555;19608955555;10240;10228
4512;19155391000;19108955555;19608955555;10240;10228
4514;19155418000;19150333333;19650333333;10240;10228
4516;19155581000;19150333333;19650333333;10240;10228
4518;19155810000;19150333333;19650333333;10240;10228
4519;19165250000;19150333333;19650333333;10240;10228
4520;19165261000;19150366666;19650366666;10240;10228
4522;19196647000;19150622222;19650622222;10240;10228
4524;19196660000;19191988888;19691988888;10240;10228
4526;19196665000;19191988888;19691988888;10240;10228
4521;19196856000;19150622222;19650622222;10240;10228
4523;19197070000;19150622222;19650622222;10240;10228
4525;19197099000;19191988888;19691988888;10240;10228
4527;19197277000;19191988888;19691988888;10240;10228
4529;19197477000;19191988888;19691988888;10240;10228
4530;19206889000;19191988888;19691988888;10240;10228
4531;19206909000;19192033333;19692033333;10240;10228
4533;19238310000;19192333333;19692333333;10240;10228
4535;19238321000;19233655555;19733655555;10240;10228
4537;19238326000;19233655555;19733655555;10240;10228
4532;19238513000;19192333333;19692333333;10240;10228
4534;19238718000;19192333333;19692333333;10240;10228
4536;19238737000;19233655555;19733655555;10240;10228
4538;19238923000;19233655555;19733655555;10240;10228
4539;19239163000;19233655555;19733655555;10240;10228
4540;19248640000;19233655555;19733655555;10240;10228
4541;19248649000;19233655555;19733655555;10240;10228
4542;19248654000;19233700000;19733700000;10240;10228
4528;19248796000;19191988888;19691988888;10240;10228
4544;19279980000;19233977777;19733977777;10240;10228
4546;19279993000;19275333333;19775333333;10240;10228
4548;19279998000;19275333333;19775333333;10240;10228
4550;19280003000;19275333333;19775333333;10240;10228
4543;19280187000;19233977777;19733977777;10240;10228
4545;19280393000;19233977777;19733977777;10240;10228
4547;19280409000;19275333333;19775333333;10240;10228
4549;19280601000;19275333333;19775333333;10240;10228
4551;19280815000;19275333333;19775333333;10240;10228
4552;19280826000;19275333333;19775333333;10240;10228
4553;19290259000;19275377777;19775377777;10240;10228
4554;19321687000;19275644444;19775644444;10240;10228
4556;19321697000;19275644444;19775644444;10240;10228
4558;19321705000;19317000000;19817000000;10240;10228
4560;19321709000;19317000000;19817000000;10240;10228
4555;19321856000;19275644444;19775644444;10240;10228
4557;19322072000;19317000000;19817000000;10240;10228
4559;19322098000;19317000000;19817000000;10240;10228
4561;19322231000;19317000000;19817000000;10240;10228
4562;19322434000;19317000000;19817000000;10240;10228
4563;19322448000;19317000000;19817000000;10240;10228
4564;19331917000;19317033333;19817033333;10240;10228
4566;19363293000;19317333333;19817333333;10240;10228
4568;19363313000;19358655555;19858655555;10240;10228
4570;19363326000;19358655555;19858655555;10240;10228
4572;19363331000;19358655555;19858655555;10240;10228
4565;19363479000;19317333333;19817333333;10240;10228
4567;19363675000;19317333333;19817333333;10240;10228
4569;19363921000;19358655555;19858655555;10240;10228
4571;19363950000;19358655555;19858655555;10240;10228
4573;19364154000;19358655555;19858655555;10240;10228
4574;19364174000;19358655555;19858655555;10240;10228
4575;19373564000;19358700000;19858700000;10240;10228
4576;19405021000;19358988888;19858988888;10240;10228
4582;19405032000;19400333333;19900333333;10240;10228
4577;19405180000;19358988888;19858988888;10240;10228
4579;19405380000;19400333333;19900333333;10240;10228
4581;19405576000;19400333333;19900333333;10240;10228
4583;19405597000;19400333333;19900333333;10240;10228
4584;19405781000;19400333333;19900333333;10240;10228
4585;19405802000;19400333333;19900333333;10240;10228
4586;19415320000;19400377777;19900377777;10240;10228
4588;19446652000;19400633333;19900633333;10240;10228
4590;19446665000;19441988888;19941988888;10240;10228
4587;19446853000;19400633333;19900633333;10240;10228
4589;19447065000;19400633333;19900633333;10240;10228
4591;19447077000;19441988888;19941988888;10240;10228
4592;19447258000;19441988888;19941988888;10240;10228
4593;19447457000;19441988888;19941988888;10240;10228
4594;19447462000;19441988888;19941988888;10240;10228
4595;19456883000;19441988888;19941988888;10240;10228
4596;19456890000;19441988888;19941988888;10240;10228
4597;19456901000;19442033333;19942033333;10240;10228
4599;19488280000;19442333333;19942333333;10240;10228
4601;19488299000;19483633333;19983633333;10240;10228
4603;19488307000;19483633333;19983633333;10240;10228
4605;19488311000;19483633333;19983633333;10240;10228
4598;19488484000;19442333333;19942333333;10240;10228
4600;19488686000;19442333333;19942333333;10240;10228
4602;19488722000;19483633333;19983633333;10240;10228
4604;19488887000;19483633333;19983633333;10240;10228
4606;19489071000;19483633333;19983633333;10240;10228
4607;19498565000;19483633333;19983633333;10240;10228
4608;19498585000;19483666666;19983666666;10240;10228
4609;19530064000;19483944444;19983944444;10240;10228
4611;19530076000;19483944444;19983944444;10240;10228
4613;19530094000;19525322222;20025322222;10240;10228
4615;19530099000;19525322222;20025322222;10240;10228
4617;19530103000;19525322222;20025322222;10240;10228
4610;19530200000;19483944444;19983944444;10240;10228
4612;19530392000;19525322222;20025322222;10240;10228
4614;19530416000;19525322222;20025322222;10240;10228
4616;19530602000;19525322222;20025322222;10240;10228
4618;19530762000;19525322222;20025322222;10240;10228
4619;19530774000;19525366666;20025366666;10240;10228
4621;19571660000;19525644444;20025644444;10240;10228
4623;19571682000;19566988888;20066988888;10240;10228
4625;19571687000;19566988888;20066988888;10240;10228
4627;19571691000;19566988888;20066988888;10240;10228
4629;19571695000;19566988888;20066988888;10240;10228
4620;19571854000;19525644444;20025644444;10240;10228
4622;19572024000;19525644444;20025644444;10240;10228
4624;19572267000;19566988888;20066988888;10240;10228
4626;19572294000;19566988888;20066988888;10240;10228
4628;19572431000;19566988888;20066988888;10240;10228
4630;19572457000;19567033333;20067033333;10240;10228
4631;19613323000;19567322222;20067322222;10240;10228
4633;19613336000;19567322222;20067322222;10240;10228
4635;19613349000;19608633333;20108633333;10240;10228
4637;19613356000;19608633333;20108633333;10240;10228
4639;19613361000;19608633333;20108633333;10240;10228
4641;19613365000;19608677777;20108677777;10240;10228
4632;19613477000;19567322222;20067322222;10240;10228
4634;19613680000;19608633333;20108633333;10240;10228
4636;19613864000;19608633333;20108633333;10240;10228
4638;19613890000;19608633333;20108633333;10240;10228
4640;19614078000;19608633333;20108633333;10240;10228
4643;19654936000;19608966666;20108966666;10240;10228
4645;19654951000;19650288888;20150288888;10240;10228
4647;19654956000;19650288888;20150288888;10240;10228
4649;19654961000;19650288888;20150288888;10240;10228
4651;19654965000;19650288888;20150288888;10240;10228
4642;19655124000;19608966666;20108966666;10240;10228
4644;19655309000;19608966666;20108966666;10240;10228
4646;19655506000;19650288888;20150288888;10240;10228
4648;19655530000;19650288888;20150288888;10240;10228
4650;19655710000;19650288888;20150288888;10240;10228
4652;19655729000;19650333333;20150333333;10240;10228
4653;19696646000;19650622222;20150622222;10240;10228
4655;19696658000;19650622222;20150622222;10240;10228
4657;19696665000;19691988888;20191988888;10240;10228
4659;19696679000;19691988888;20191988888;10240;10228
4661;19696684000;19691988888;20191988888;10240;10228
4663;19696688000;19692033333;20192033333;10240;10228
4654;19696855000;19650622222;20150622222;10240;10228
4656;19697024000;19691988888;20191988888;10240;10228
4658;19697270000;19691988888;20191988888;10240;10228
4660;19697296000;19691988888;20191988888;10240;10228
4662;19697436000;19691988888;20191988888;10240;10228
4665;19738350000;19692377777;20192377777;10240;10228
4667;19738365000;19733655555;20233655555;10240;10228
4669;19738370000;19733655555;20233655555;10240;10228
4671;19738375000;19733655555;20233655555;10240;10228
4673;19738378000;19733655555;20233655555;10240;10228
4664;19738514000;19692377777;20192377777;10240;10228
4666;19738714000;19692377777;20192377777;10240;10228
4668;19738750000;19733655555;20233655555;10240;10228
4670;19738885000;19733655555;20233655555;10240;10228
4672;19739140000;19733655555;20233655555;10240;10228
4674;19739170000;19733700000;20233700000;10240;10228
4675;19779904000;19733977777;20233977777;10240;10228
4677;19779915000;19733977777;20233977777;10240;10228
4679;19779938000;19775300000;20275300000;10240;10228
4681;19779949000;19775300000;20275300000;10240;10228
4683;19779954000;19775300000;20275300000;10240;10228
4685;19779959000;19775344444;20275344444;10240;10228
4676;19780138000;19733977777;20233977777;10240;10228
4678;19780341000;19775300000;20275300000;10240;10228
4680;19780365000;19775300000;20275300000;10240;10228
4682;19780551000;19775300000;20275300000;10240;10228
4684;19780722000;19775300000;20275300000;10240;10228
4687;19821655000;19775600000;20275600000;10240;10228
4689;19821670000;19816988888;20316988888;10240;10228
4691;19821675000;19816988888;20316988888;10240;10228
4693;19821680000;19816988888;20316988888;10240;10228
4695;19821684000;19816988888;20316988888;10240;10228
4686;19821843000;19775600000;20275600000;10240;10228
4688;19822022000;19775600000;20275600000;10240;10228
4690;19822253000;19816988888;20316988888;10240;10228
4692;19822279000;19816988888;20316988888;10240;10228
4694;19822434000;19816988888;20316988888;10240;10228
4696;19822460000;19817033333;20317033333;10240;10228
4697;19863322000;19817322222;20317322222;10240;10228
4699;19863332000;19817322222;20317322222;10240;10228
4701;19863348000;19858655555;20358655555;10240;10228
4703;19863354000;19858655555;20358655555;10240;10228
4705;19863358000;19858655555;20358655555;10240;10228
4707;19863362000;19858700000;20358700000;10240;10228
4698;19863510000;19817322222;20317322222;10240;10228
4700;19863707000;19858655555;20358655555;10240;10228
4702;19863896000;19858655555;20358655555;10240;10228
4704;19863924000;19858655555;20358655555;10240;10228
4706;19864124000;19858655555;20358655555;10240;10228
4709;19904933000;19859011111;20359011111;10240;10228
4711;19904946000;19900300000;20400300000;10240;10228
4713;19904952000;19900300000;20400300000;10240;10228
4715;19904957000;19900300000;20400300000;10240;10228
4708;19905132000;19859011111;20359011111;10240;10228
4710;19905317000;19859011111;20359011111;10240;10228
4712;19905516000;19900300000;20400300000;10240;10228
4714;19905552000;19900300000;20400300000;10240;10228
4716;19905719000;19900300000;20400300000;10240;10228
4718;19905731000;19900344444;20400344444;10240;10228
4719;19946663000;19900622222;20400622222;10240;10228
4721;19946680000;19900622222;20400622222;10240;10228
4723;19946686000;19941988888;20441988888;10240;10228
4725;19946692000;19941988888;20441988888;10240;10228
4727;19946696000;19941988888;20441988888;10240;10228
4729;19946701000;19942033333;20442033333;10240;10228
4720;19946845000;19900622222;20400622222;10240;10228
4722;19947038000;19941988888;20441988888;10240;10228
4724;19947247000;19941988888;20441988888;10240;10228
4726;19947255000;19941988888;20441988888;10240;10228
4728;19947447000;19941988888;20441988888;10240;10228
4717;19957155000;19900300000;20400300000;10240;10228
4731;19988283000;19942355555;20442355555;10240;10228
4733;19988293000;19983633333;20483633333;10240;10228
4735;19988299000;19983633333;20483633333;10240;10228
4737;19988303000;19983633333;20483633333;10240;10228
4730;19988485000;19942355555;20442355555;10240;10228
4732;19988686000;19942355555;20442355555;10240;10228
4734;19988721000;19983633333;20483633333;10240;10228
4736;19988882000;19983633333;20483633333;10240;10228
4738;19989075000;19983633333;20483633333;10240;10228
4739;19989092000;19983633333;20483633333;10240;10228
4740;19989308000;19983677777;20483677777;10240;10228
4741;20029964000;19983977777;20483977777;10240;10228
4743;20029975000;19983977777;20483977777;10240;10228
4745;20029987000;20025322222;20525322222;10240;10228
4747;20029993000;20025322222;20525322222;10240;10228
4749;20029997000;20025322222;20525322222;10240;10228
4742;20030184000;19983977777;20483977777;10240;10228
4744;20030392000;20025322222;20525322222;10240;10228
4746;20030416000;20025322222;20525322222;10240;10228
4748;20030599000;20025322222;20525322222;10240;10228
4750;20030762000;20025322222;20525322222;10240;10228
4751;20030774000;20025366666;20525366666;10240;10228
4753;20071679000;20025666666;20525666666;10240;10228
4755;20071695000;20066988888;20566988888;10240;10228
4757;20071702000;20066988888;20566988888;10240;10228
4759;20071707000;20066988888;20566988888;10240;10228
4761;20071712000;20066988888;20566988888;10240;10228
4752;20071824000;20025666666;20525666666;10240;10228
4754;20072026000;20025666666;20525666666;10240;10228
4756;20072227000;20066988888;20566988888;10240;10228
4758;20072263000;20066988888;20566988888;10240;10228
4760;20072433000;20066988888;20566988888;10240;10228
4762;20072468000;20067033333;20567033333;10240;10228
4763;20113255000;20067366666;20567366666;10240;10228
4765;20113269000;20067366666;20567366666;10240;10228
4767;20113283000;20108633333;20608633333;10240;10228
4769;20113290000;20108633333;20608633333;10240;10228
4771;20113295000;20108633333;20608633333;10240;10228
4773;20113299000;20108677777;20608677777;10240;10228
4764;20113490000;20067366666;20567366666;10240;10228
4766;20113694000;20108633333;20608633333;10240;10228
4768;20113724000;20108633333;20608633333;10240;10228
4770;20113861000;20108633333;20608633333;10240;10228
4772;20114078000;20108633333;20608633333;10240;10228
4775;20154974000;20109000000;20609000000;10240;10228
4777;20154991000;20150322222;20650322222;10240;10228
4779;20155004000;20150322222;20650322222;10240;10228
4781;20155009000;20150322222;20650322222;10240;10228
4783;20155014000;20150322222;20650322222;10240;10228
4774;20155181000;20109000000;20609000000;10240;10228
4776;20155380000;20109000000;20609000000;10240;10228
4778;20155408000;20150322222;20650322222;10240;10228
4780;20155597000;20150322222;20650322222;10240;10228
4782;20155770000;20150322222;20650322222;10240;10228
4784;20155797000;20150366666;20650366666;10240;10228
4785;20196636000;20150655555;20650655555;10240;10228
4787;20196645000;20150655555;20650655555;10240;10228
4789;20196661000;20191966666;20691966666;10240;10228
4791;20196680000;20191966666;20691966666;10240;10228
4793;20196685000;20191966666;20691966666;10240;10228
4795;20196689000;20192011111;20692011111;10240;10228
4786;20196826000;20150655555;20650655555;10240;10228
4788;20196991000;20191966666;20691966666;10240;10228
4790;20197197000;20191966666;20691966666;10240;10228
4792;20197230000;20191966666;20691966666;10240;10228
4794;20197407000;20191966666;20691966666;10240;10228
4797;20238354000;20192344444;20692344444;10240;10228
4799;20238371000;20233655555;20733655555;10240;10228
4801;20238376000;20233655555;20733655555;10240;10228
4803;20238381000;20233655555;20733655555;10240;10228
4805;20238385000;20233655555;20733655555;10240;10228
4796;20238516000;20192344444;20692344444;10240;10228
4798;20238717000;20192344444;20692344444;10240;10228
4800;20238752000;20233655555;20733655555;10240;10228
4802;20238889000;20233655555;20733655555;10240;10228
4804;20239131000;20233655555;20733655555;10240;10228
4806;20239152000;20233700000;20733700000;10240;10228
4807;20279953000;20234022222;20734022222;10240;10228
4809;20279964000;20234022222;20734022222;10240;10228
4811;20279971000;20275322222;20775322222;10240;10228
4813;20279987000;20275322222;20775322222;10240;10228
4815;20279992000;20275322222;20775322222;10240;10228
4817;20279997000;20275366666;20775366666;10240;10228
4808;20280186000;20234022222;20734022222;10240;10228
4810;20280386000;20275322222;20775322222;10240;10228
4812;20280412000;20275322222;20775322222;10240;10228
4814;20280595000;20275322222;20775322222;10240;10228
4816;20280764000;20275322222;20775322222;10240;10228
4819;20321645000;20275677777;20775677777;10240;10228
4821;20321659000;20316988888;20816988888;10240;10228
4823;20321666000;20316988888;20816988888;10240;10228
4825;20321672000;20316988888;20816988888;10240;10228
4827;20321677000;20316988888;20816988888;10240;10228
4818;20321855000;20275677777;20775677777;10240;10228
4820;20322022000;20275677777;20775677777;10240;10228
4822;20322272000;20316988888;20816988888;10240;10228
4824;20322286000;20316988888;20816988888;10240;10228
4826;20322465000;20316988888;20816988888;10240;10228
4828;20322500000;20317033333;20817033333;10240;10228
4829;20363343000;20317366666;20817366666;10240;10228
4831;20363361000;20317366666;20817366666;10240;10228
4833;20363373000;20358655555;20858655555;10240;10228
4835;20363381000;20358655555;20858655555;10240;10228
4837;20363385000;20358655555;20858655555;10240;10228
4839;20363399000;20358711111;20858711111;10240;10228
4830;20363520000;20317366666;20817366666;10240;10228
4832;20363759000;20358655555;20858655555;10240;10228
4834;20363783000;20358655555;20858655555;10240;10228
4836;20363925000;20358655555;20858655555;10240;10228
4838;20364140000;20358655555;20858655555;10240;10228
4841;20404912000;20359022222;20859022222;10240;10228
4843;20404999000;20400300000;20900300000;10240;10228
4845;20405010000;20400300000;20900300000;10240;10228
4847;20405016000;20400300000;20900300000;10240;10228
4849;20405020000;20400300000;20900300000;10240;10228
4840;20405203000;20359022222;20859022222;10240;10228
4842;20405374000;20359022222;20859022222;10240;10228
4844;20405575000;20400300000;20900300000;10240;10228
4846;20405599000;20400300000;20900300000;10240;10228
4848;20405766000;20400300000;20900300000;10240;10228
4850;20405792000;20400344444;20900344444;10240;10228
4852;20446663000;20400633333;20900633333;10240;10228
4854;20446677000;20441955555;20941955555;10240;10228
4856;20446702000;20441955555;20941955555;10240;10228
4851;20446857000;20400633333;20900633333;10240;10228
4853;20447092000;20400633333;20900633333;10240;10228
4855;20447109000;20441955555;20941955555;10240;10228
4857;20447236000;20441955555;20941955555;10240;10228
4859;20447428000;20441955555;20941955555;10240;10228
4861;20447447000;20442000000;20942000000;10240;10228
4864;20488323000;20442322222;20942322222;10240;10228
4866;20488333000;20483655555;20983655555;10240;10228
4868;20488339000;20483655555;20983655555;10240;10228
4870;20488343000;20483655555;20983655555;10240;10228
4863;20488528000;20442322222;20942322222;10240;10228
4865;20488732000;20483655555;20983655555;10240;10228
4867;20488752000;20483655555;20983655555;10240;10228
4869;20488935000;20483655555;20983655555;10240;10228
4871;20489122000;20483655555;20983655555;10240;10228
4872;20489141000;20483700000;20983700000;10240;10228
4858;20498840000;20441955555;20941955555;10240;10228
4860;20499012000;20441955555;20941955555;10240;10228
4862;20499214000;20442322222;20942322222;10240;10228
4874;20529976000;20484011111;20984011111;10240;10228
4876;20529987000;20525322222;21025322222;10240;10228
4878;20529993000;20525322222;21025322222;10240;10228
4880;20529997000;20525322222;21025322222;10240;10228
4873;20530206000;20484011111;20984011111;10240;10228
4875;20530407000;20484011111;20984011111;10240;10228
4877;20530618000;20525322222;21025322222;10240;10228
4879;20530642000;20525322222;21025322222;10240;10228
4881;20530837000;20525322222;21025322222;10240;10228
4882;20530847000;20525322222;21025322222;10240;10228
4883;20531030000;20525366666;21025366666;10240;10228
4884;20571681000;20525666666;21025666666;10240;10228
4886;20571691000;20525666666;21025666666;10240;10228
4888;20571704000;20566988888;21066988888;10240;10228
4890;20571710000;20566988888;21066988888;10240;10228
4892;20571714000;20566988888;21066988888;10240;10228
4885;20571858000;20525666666;21025666666;10240;10228
4887;20572084000;20566988888;21066988888;10240;10228
4889;20572254000;20566988888;21066988888;10240;10228
4891;20572281000;20566988888;21066988888;10240;10228
4893;20572439000;20566988888;21066988888;10240;10228
4894;20572445000;20567033333;21067033333;10240;10228
4896;20613305000;20567344444;21067344444;10240;10228
4898;20613319000;20608633333;21108633333;10240;10228
4900;20613330000;20608633333;21108633333;10240;10228
4902;20613334000;20608633333;21108633333;10240;10228
4904;20613339000;20608633333;21108633333;10240;10228
4895;20613486000;20567344444;21067344444;10240;10228
4897;20613677000;20567344444;21067344444;10240;10228
4899;20613873000;20608633333;21108633333;10240;10228
4901;20613901000;20608633333;21108633333;10240;10228
4903;20614072000;20608633333;21108633333;10240;10228
4905;20614089000;20608677777;21108677777;10240;10228
4906;20654960000;20609000000;21109000000;10240;10228
4908;20654970000;20609000000;21109000000;10240;10228
4910;20654982000;20650322222;21150322222;10240;10228
4916;20654988000;20650377777;21150377777;10240;10228
4907;20655179000;20609000000;21109000000;10240;10228
4909;20655380000;20650322222;21150322222;10240;10228
4911;20655580000;20650322222;21150322222;10240;10228
4913;20655615000;20650322222;21150322222;10240;10228
4915;20655783000;20650322222;21150322222;10240;10228
4918;20696653000;20650688888;21150688888;10240;10228
4920;20696685000;20691988888;21191988888;10240;10228
4922;20696691000;20691988888;21191988888;10240;10228
4924;20696706000;20691988888;21191988888;10240;10228
4926;20696711000;20691988888;21191988888;10240;10228
4917;20696854000;20650688888;21150688888;10240;10228
4919;20697027000;20650688888;21150688888;10240;10228
4921;20697269000;20691988888;21191988888;10240;10228
4923;20697291000;20691988888;21191988888;10240;10228
4925;20697469000;20691988888;21191988888;10240;10228
4927;20697490000;20692033333;21192033333;10240;10228
4912;20707139000;20650322222;21150322222;10240;10228
4914;20707341000;20650322222;21150322222;10240;10228
4928;20738339000;20692400000;21192400000;10240;10228
4930;20738355000;20692400000;21192400000;10240;10228
4932;20738362000;20733655555;21233655555;10240;10228
4934;20738375000;20733655555;21233655555;10240;10228
4929;20738555000;20692400000;21192400000;10240;10228
4931;20738766000;20733655555;21233655555;10240;10228
4933;20738947000;20733655555;21233655555;10240;10228
4935;20738971000;20733655555;21233655555;10240;10228
4936;20739195000;20733655555;21233655555;10240;10228
4937;20739212000;20733655555;21233655555;10240;10228
4938;20739372000;20733700000;21233700000;10240;10228
4940;20780022000;20734011111;21234011111;10240;10228
4942;20780036000;20775322222;21275322222;10240;10228
4944;20780041000;20775322222;21275322222;10240;10228
4946;20780063000;20775322222;21275322222;10240;10228
4948;20780068000;20775322222;21275322222;10240;10228
4939;20780182000;20734011111;21234011111;10240;10228
4941;20780389000;20734011111;21234011111;10240;10228
4943;20780413000;20775322222;21275322222;10240;10228
4945;20780640000;20775322222;21275322222;10240;10228
4947;20780768000;20775322222;21275322222;10240;10228
4949;20780795000;20775366666;21275366666;10240;10228
4950;20821647000;20775666666;21275666666;10240;10228
4952;20821658000;20775666666;21275666666;10240;10228
4954;20821665000;20816988888;21316988888;10240;10228
4956;20821681000;20816988888;21316988888;10240;10228
4958;20821686000;20816988888;21316988888;10240;10228
4951;20821855000;20775666666;21275666666;10240;10228
4953;20822024000;20816988888;21316988888;10240;10228
4955;20822269000;20816988888;21316988888;10240;10228
4957;20822296000;20816988888;21316988888;10240;10228
4959;20822435000;20816988888;21316988888;10240;10228
4960;20822446000;20817033333;21317033333;10240;10228
4962;20863352000;20817355555;21317355555;10240;10228
4964;20863367000;20858655555;21358655555;10240;10228
4966;20863375000;20858655555;21358655555;10240;10228
4968;20863380000;20858655555;21358655555;10240;10228
4970;20863384000;20858655555;21358655555;10240;10228
4961;20863513000;20817355555;21317355555;10240;10228
4963;20863718000;20817355555;21317355555;10240;10228
4965;20863753000;20858655555;21358655555;10240;10228
4967;20863922000;20858655555;21358655555;10240;10228
4969;20864140000;20858655555;21358655555;10240;10228
4971;20864171000;20858700000;21358700000;10240;10228
4972;20905009000;20859033333;21359033333;10240;10228
4974;20905020000;20859033333;21359033333;10240;10228
4976;20905028000;20900322222;21400322222;10240;10228
4978;20905039000;20900322222;21400322222;10240;10228
4980;20905051000;20900322222;21400322222;10240;10228
4982;20905056000;20900366666;21400366666;10240;10228
4973;20905231000;20859033333;21359033333;10240;10228
4975;20905426000;20900322222;21400322222;10240;10228
4977;20905453000;20900322222;21400322222;10240;10228
4979;20905651000;20900322222;21400322222;10240;10228
4981;20905838000;20900322222;21400322222;10240;10228
4984;20946650000;20900677777;21400677777;10240;10228
4986;20946664000;20942000000;21442000000;10240;10228
4988;20946670000;20942000000;21442000000;10240;10228
4990;20946676000;20942000000;21442000000;10240;10228
4992;20946680000;20942000000;21442000000;10240;10228
4983;20946904000;20900677777;21400677777;10240;10228
4985;20947087000;20900677777;21400677777;10240;10228
4987;20947119000;20942000000;21442000000;10240;10228
4989;20947262000;20942000000;21442000000;10240;10228
4991;20947438000;20942000000;21442000000;10240;10228
4993;20947465000;20942044444;21442044444;10240;10228
4994;20988319000;20942388888;21442388888;10240;10228
4996;20988335000;20942388888;21442388888;10240;10228
4998;20988342000;20983633333;21483633333;10240;10228
5000;20988355000;20983633333;21483633333;10240;10228
5002;20988360000;20983633333;21483633333;10240;10228
5004;20988365000;20983677777;21483677777;10240;10228
4995;20988494000;20942388888;21442388888;10240;10228
4997;20988697000;20983633333;21483633333;10240;10228
4999;20988732000;20983633333;21483633333;10240;10228
5001;20988899000;20983633333;21483633333;10240;10228
5003;20989080000;20983633333;21483633333;10240;10228
5006;21029967000;20984000000;21484000000;10240;10228
5008;21029980000;21025322222;21525322222;10240;10228
5010;21029986000;21025322222;21525322222;10240;10228
5012;21029999000;21025322222;21525322222;10240;10228
5014;21030003000;21025322222;21525322222;10240;10228
5005;21030184000;20984000000;21484000000;10240;10228
5007;21030384000;20984000000;21484000000;10240;10228
5009;21030412000;21025322222;21525322222;10240;10228
5011;21030596000;21025322222;21525322222;10240;10228
5013;21030754000;21025322222;21525322222;10240;10228
5015;21030773000;21025366666;21525366666;10240;10228
5016;21071616000;21025666666;21525666666;10240;10228
5018;21071626000;21025666666;21525666666;10240;10228
5020;21071639000;21066966666;21566966666;10240;10228
5022;21071646000;21066966666;21566966666;10240;10228
5024;21071651000;21066966666;21566966666;10240;10228
5026;21071655000;21067011111;21567011111;10240;10228
5017;21071827000;21025666666;21525666666;10240;10228
5019;21072031000;21066966666;21566966666;10240;10228
5021;21072066000;21066966666;21566966666;10240;10228
5023;21072199000;21066966666;21566966666;10240;10228
5025;21072401000;21066966666;21566966666;10240;10228
5028;21113327000;21067322222;21567322222;10240;10228
5030;21113339000;21108633333;21608633333;10240;10228
5032;21113346000;21108633333;21608633333;10240;10228
5034;21113350000;21108633333;21608633333;10240;10228
5036;21113354000;21108633333;21608633333;10240;10228
5027;21113486000;21067322222;21567322222;10240;10228
5029;21113689000;21067322222;21567322222;10240;10228
5031;21113725000;21108633333;21608633333;10240;10228
5033;21113890000;21108633333;21608633333;10240;10228
5035;21114065000;21108633333;21608633333;10240;10228
5037;21114086000;21108677777;21608677777;10240;10228
5038;21154989000;21108988888;21608988888;10240;10228
5040;21154998000;21108988888;21608988888;10240;10228
5042;21155011000;21150322222;21650322222;10240;10228
5044;21155016000;21150322222;21650322222;10240;10228
5046;21155021000;21150322222;21650322222;10240;10228
5048;21155025000;21150366666;21650366666;10240;10228
5039;21155186000;21108988888;21608988888;10240;10228
5041;21155390000;21150322222;21650322222;10240;10228
5043;21155416000;21150322222;21650322222;10240;10228
5045;21155585000;21150322222;21650322222;10240;10228
5047;21155788000;21150322222;21650322222;10240;10228
5050;21196675000;21150644444;21650644444;10240;10228
5052;21196689000;21191988888;21691988888;10240;10228
5054;21196697000;21191988888;21691988888;10240;10228
5056;21196701000;21191988888;21691988888;10240;10228
5058;21196707000;21191988888;21691988888;10240;10228
5049;21196854000;21150644444;21650644444;10240;10228
5051;21197070000;21150644444;21650644444;10240;10228
5053;21197096000;21191988888;21691988888;10240;10228
5055;21197290000;21191988888;21691988888;10240;10228
5057;21197471000;21191988888;21691988888;10240;10228
5059;21197488000;21192044444;21692044444;10240;10228
5060;21238314000;21192366666;21692366666;10240;10228
5062;21238324000;21192366666;21692366666;10240;10228
5064;21238337000;21233655555;21733655555;10240;10228
5066;21238343000;21233655555;21733655555;10240;10228
5068;21238349000;21233655555;21733655555;10240;10228
5070;21238353000;21233700000;21733700000;10240;10228
5061;21238511000;21192366666;21692366666;10240;10228
5063;21238718000;21233655555;21733655555;10240;10228
5065;21238754000;21233655555;21733655555;10240;10228
5067;21238921000;21233655555;21733655555;10240;10228
5069;21239146000;21233655555;21733655555;10240;10228
5072;21279966000;21234022222;21734022222;10240;10228
5074;21279975000;21275322222;21775322222;10240;10228
5076;21279996000;21275322222;21775322222;10240;10228
5078;21280003000;21275322222;21775322222;10240;10228
5080;21280008000;21275322222;21775322222;10240;10228
5071;21280180000;21234022222;21734022222;10240;10228
5073;21280389000;21234022222;21734022222;10240;10228
5075;21280413000;21275322222;21775322222;10240;10228
5077;21280598000;21275322222;21775322222;10240;10228
5079;21280791000;21275322222;21775322222;10240;10228
5081;21280826000;21275366666;21775366666;10240;10228
5082;21321642000;21275666666;21775666666;10240;10228
5084;21321654000;21275666666;21775666666;10240;10228
5086;21321661000;21317000000;21817000000;10240;10228
5088;21321674000;21317000000;21817000000;10240;10228
5090;21321679000;21317000000;21817000000;10240;10228
5092;21321683000;21317044444;21817044444;10240;10228
5083;21321859000;21275666666;21775666666;10240;10228
5085;21322070000;21317000000;21817000000;10240;10228
5087;21322100000;21317000000;21817000000;10240;10228
5089;21322264000;21317000000;21817000000;10240;10228
5091;21322492000;21317000000;21817000000;10240;10228
5094;21363326000;21317366666;21817366666;10240;10228
5096;21363336000;21358655555;21858655555;10240;10228
5098;21363356000;21358655555;21858655555;10240;10228
5100;21363362000;21358655555;21858655555;10240;10228
5102;21363366000;21358655555;21858655555;10240;10228
5093;21363515000;21317366666;21817366666;10240;10228
5095;21363713000;21317366666;21817366666;10240;10228
5097;21363906000;21358655555;21858655555;10240;10228
5099;21363939000;21358655555;21858655555;10240;10228
5101;21364144000;21358655555;21858655555;10240;10228
5103;21364171000;21358700000;21858700000;10240;10228
5104;21404965000;21359022222;21859022222;10240;10228
5106;21404977000;21359022222;21859022222;10240;10228
5108;21404984000;21400322222;21900322222;10240;10228
5110;21404997000;21400322222;21900322222;10240;10228
5112;21405001000;21400322222;21900322222;10240;10228
5114;21405005000;21400366666;21900366666;10240;10228
5105;21405188000;21359022222;21859022222;10240;10228
5107;21405390000;21400322222;21900322222;10240;10228
5109;21405417000;21400322222;21900322222;10240;10228
5111;21405646000;21400322222;21900322222;10240;10228
5113;21405807000;21400322222;21900322222;10240;10228
5116;21446661000;21400655555;21900655555;10240;10228
5118;21446675000;21441955555;21941955555;10240;10228
5120;21446680000;21441955555;21941955555;10240;10228
5122;21446686000;21441955555;21941955555;10240;10228
5124;21446690000;21441955555;21941955555;10240;10228
5115;21446820000;21400655555;21900655555;10240;10228
5117;21447024000;21400655555;21900655555;10240;10228
5119;21447070000;21441955555;21941955555;10240;10228
5121;21447261000;21441955555;21941955555;10240;10228
5123;21447453000;21441955555;21941955555;10240;10228
5125;21447469000;21442000000;21942000000;10240;10228
5126;21488312000;21442311111;21942311111;10240;10228
5128;21488323000;21442311111;21942311111;10240;10228
5130;21488331000;21483633333;21983633333;10240;10228
5132;21488343000;21483633333;21983633333;10240;10228
5134;21488348000;21483633333;21983633333;10240;10228
5136;21488352000;21483677777;21983677777;10240;10228
5127;21488490000;21442311111;21942311111;10240;10228
5129;21488693000;21483633333;21983633333;10240;10228
5131;21488727000;21483633333;21983633333;10240;10228
5133;21488895000;21483633333;21983633333;10240;10228
5135;21489092000;21483633333;21983633333;10240;10228
5138;21529966000;21483977777;21983977777;10240;10228
5140;21529980000;21525322222;22025322222;10240;10228
5142;21529985000;21525322222;22025322222;10240;10228
5144;21529995000;21525322222;22025322222;10240;10228
5146;21530001000;21525322222;22025322222;10240;10228
5137;21530209000;21483977777;21983977777;10240;10228
5139;21530383000;21483977777;21983977777;10240;10228
5141;21530601000;21525322222;22025322222;10240;10228
5143;21530626000;21525322222;22025322222;10240;10228
5145;21530793000;21525322222;22025322222;10240;10228
5147;21530828000;21525366666;22025366666;10240;10228
5148;21571666000;21525666666;22025666666;10240;10228
5150;21571677000;21525666666;22025666666;10240;10228
5152;21571684000;21566988888;22066988888;10240;10228
5154;21571707000;21566988888;22066988888;10240;10228
5156;21571711000;21566988888;22066988888;10240;10228
5158;21571725000;21567033333;22067033333;10240;10228
5149;21571855000;21525666666;22025666666;10240;10228
5151;21572070000;21566988888;22066988888;10240;10228
5153;21572096000;21566988888;22066988888;10240;10228
5155;21572253000;21566988888;22066988888;10240;10228
5157;21572459000;21566988888;22066988888;10240;10228
5160;21613345000;21567344444;22067344444;10240;10228
5162;21613361000;21608666666;22108666666;10240;10228
5164;21613366000;21608666666;22108666666;10240;10228
5166;21613380000;21608666666;22108666666;10240;10228
5168;21613386000;21608666666;22108666666;10240;10228
5159;21613513000;21567344444;22067344444;10240;10228
5161;21613715000;21567344444;22067344444;10240;10228
5163;21613913000;21608666666;22108666666;10240;10228
5165;21613939000;21608666666;22108666666;10240;10228
5167;21614111000;21608666666;22108666666;10240;10228
5169;21614131000;21608711111;22108711111;10240;10228
5170;21654950000;21609033333;22109033333;10240;10228
5172;21654957000;21609033333;22109033333;10240;10228
5174;21654978000;21650322222;22150322222;10240;10228
5176;21654989000;21650322222;22150322222;10240;10228
5178;21654994000;21650322222;22150322222;10240;10228
5180;21654999000;21650366666;22150366666;10240;10228
5171;21655177000;21609033333;22109033333;10240;10228
5173;21655383000;21650322222;22150322222;10240;10228
5175;21655579000;21650322222;22150322222;10240;10228
5177;21655615000;21650322222;22150322222;10240;10228
5179;21655792000;21650322222;22150322222;10240;10228
5182;21696621000;21650677777;22150677777;10240;10228
5184;21696633000;21691966666;22191966666;10240;10228
5186;21696638000;21691966666;22191966666;10240;10228
5188;21696642000;21691966666;22191966666;10240;10228
5190;21696647000;21691966666;22191966666;10240;10228
5181;21696823000;21650677777;22150677777;10240;10228
5183;21697028000;21650677777;22150677777;10240;10228
5185;21697073000;21691966666;22191966666;10240;10228
5187;21697233000;21691966666;22191966666;10240;10228
5189;21697455000;21691966666;22191966666;10240;10228
5191;21697479000;21692011111;22192011111;10240;10228
5192;21738343000;21692355555;22192355555;10240;10228
5194;21738356000;21692355555;22192355555;10240;10228
5196;21738368000;21733655555;22233655555;10240;10228
5198;21738374000;21733655555;22233655555;10240;10228
5200;21738379000;21733655555;22233655555;10240;10228
5202;21738383000;21733700000;22233700000;10240;10228
5193;21738516000;21692355555;22192355555;10240;10228
5195;21738712000;21733655555;22233655555;10240;10228
5197;21738907000;21733655555;22233655555;10240;10228
5199;21738940000;21733655555;22233655555;10240;10228
5201;21739137000;21733655555;22233655555;10240;10228
5204;21780038000;21734000000;22234000000;10240;10228
5206;21780072000;21775322222;22275322222;10240;10228
5208;21780078000;21775322222;22275322222;10240;10228
5210;21780099000;21775322222;22275322222;10240;10228
5212;21780104000;21775322222;22275322222;10240;10228
5203;21780197000;21734000000;22234000000;10240;10228
5205;21780396000;21734000000;22234000000;10240;10228
5207;21780616000;21775322222;22275322222;10240;10228
5209;21780643000;21775322222;22275322222;10240;10228
5211;21780796000;21775322222;22275322222;10240;10228
5213;21780830000;21775366666;22275366666;10240;10228
5214;21821667000;21775655555;22275655555;10240;10228
5216;21821678000;21775655555;22275655555;10240;10228
5218;21821688000;21816988888;22316988888;10240;10228
5220;21821692000;21816988888;22316988888;10240;10228
5222;21821697000;21816988888;22316988888;10240;10228
5224;21821702000;21817033333;22317033333;10240;10228
5215;21821846000;21775655555;22275655555;10240;10228
5217;21822041000;21816988888;22316988888;10240;10228
5219;21822253000;21816988888;22316988888;10240;10228
5221;21822280000;21816988888;22316988888;10240;10228
5223;21822457000;21816988888;22316988888;10240;10228
5226;21863322000;21817344444;22317344444;10240;10228
5228;21863336000;21858666666;22358666666;10240;10228
5230;21863343000;21858666666;22358666666;10240;10228
5232;21863348000;21858666666;22358666666;10240;10228
5234;21863353000;21858666666;22358666666;10240;10228
5225;21863510000;21817344444;22317344444;10240;10228
5227;21863716000;21817344444;22317344444;10240;10228
5229;21863902000;21858666666;22358666666;10240;10228
5231;21863915000;21858666666;22358666666;10240;10228
5233;21864107000;21858666666;22358666666;10240;10228
5235;21864127000;21858711111;22358711111;10240;10228
5236;21904949000;21859033333;22359033333;10240;10228
5238;21904958000;21859033333;22359033333;10240;10228
5240;21904980000;21900322222;22400322222;10240;10228
5242;21904986000;21900322222;22400322222;10240;10228
5244;21905000000;21900322222;22400322222;10240;10228
5246;21905005000;21900366666;22400366666;10240;10228
5237;21905179000;21859033333;22359033333;10240;10228
5239;21905380000;21900322222;22400322222;10240;10228
5241;21905584000;21900322222;22400322222;10240;10228
5243;21905618000;21900322222;22400322222;10240;10228
5245;21905792000;21900322222;22400322222;10240;10228
5248;21946641000;21900666666;22400666666;10240;10228
5250;21946656000;21941966666;22441966666;10240;10228
5252;21946661000;21941966666;22441966666;10240;10228
5254;21946666000;21941966666;22441966666;10240;10228
5256;21946670000;21941966666;22441966666;10240;10228
5247;21946812000;21900666666;22400666666;10240;10228
5249;21947010000;21900666666;22400666666;10240;10228
5251;21947220000;21941966666;22441966666;10240;10228
5253;21947248000;21941966666;22441966666;10240;10228
5255;21947428000;21941966666;22441966666;10240;10228
5257;21947457000;21942011111;22442011111;10240;10228
5258;21988282000;21942333333;22442333333;10240;10228
5260;21988295000;21942333333;22442333333;10240;10228
5262;21988304000;21983633333;22483633333;10240;10228
5264;21988310000;21983633333;22483633333;10240;10228
5266;21988314000;21983633333;22483633333;10240;10228
5268;21988323000;21983677777;22483677777;10240;10228
5259;21988481000;21942333333;22442333333;10240;10228
5261;21988684000;21983633333;22483633333;10240;10228
5263;21988882000;21983633333;22483633333;10240;10228
5265;21988907000;21983633333;22483633333;10240;10228
5267;21989080000;21983633333;22483633333;10240;10228
5270;22029998000;21983988888;22483988888;10240;10228
5272;22030013000;22025322222;22525322222;10240;10228
5274;22030018000;22025322222;22525322222;10240;10228
5276;22030022000;22025322222;22525322222;10240;10228
5278;22030026000;22025322222;22525322222;10240;10228
5269;22030181000;21983988888;22483988888;10240;10228
5271;22030380000;21983988888;22483988888;10240;10228
5273;22030410000;22025322222;22525322222;10240;10228
5275;22030582000;22025322222;22525322222;10240;10228
5277;22030784000;22025322222;22525322222;10240;10228
5279;22030804000;22025366666;22525366666;10240;10228
5280;22071644000;22025655555;22525655555;10240;10228
5282;22071653000;22025655555;22525655555;10240;10228
5284;22071659000;22066988888;22566988888;10240;10228
5288;22071673000;22066988888;22566988888;10240;10228
5290;22071678000;22067033333;22567033333;10240;10228
5281;22071847000;22025655555;22525655555;10240;10228
5283;22072069000;22066988888;22566988888;10240;10228
5285;22072097000;22066988888;22566988888;10240;10228
5287;22072268000;22066988888;22566988888;10240;10228
5289;22072473000;22066988888;22566988888;10240;10228
5292;22113312000;22067344444;22567344444;10240;10228
5294;22113324000;22108633333;22608633333;10240;10228
5296;22113329000;22108633333;22608633333;10240;10228
5298;22113334000;22108633333;22608633333;10240;10228
5300;22113338000;22108633333;22608633333;10240;10228
5291;22113475000;22067344444;22567344444;10240;10228
5293;22113680000;22067344444;22567344444;10240;10228
5297;22113872000;22108633333;22608633333;10240;10228
5299;22113886000;22108633333;22608633333;10240;10228
5301;22114060000;22108677777;22608677777;10240;10228
5286;22123822000;22066988888;22566988888;10240;10228
5295;22124586000;22108633333;22608633333;10240;10228
5303;22154988000;22108988888;22608988888;10240;10228
5305;22155002000;22150322222;22650322222;10240;10228
5307;22155007000;22150322222;22650322222;10240;10228
5309;22155012000;22150322222;22650322222;10240;10228
5310;22155016000;22150322222;22650322222;10240;10228
5302;22155188000;22108988888;22608988888;10240;10228
5304;22155390000;22108988888;22608988888;10240;10228
5306;22155416000;22150322222;22650322222;10240;10228
5308;22155601000;22150322222;22650322222;10240;10228
5311;22165332000;22150322222;22650322222;10240;10228
5312;22165342000;22150366666;22650366666;10240;10228
5314;22196647000;22150644444;22650644444;10240;10228
5316;22196661000;22191988888;22691988888;10240;10228
5318;22196666000;22191988888;22691988888;10240;10228
5320;22196670000;22191988888;22691988888;10240;10228
5322;22196683000;22191988888;22691988888;10240;10228
5323;22196688000;22192033333;22692033333;10240;10228
5313;22196855000;22150644444;22650644444;10240;10228
5315;22197072000;22150644444;22650644444;10240;10228
5317;22197087000;22191988888;22691988888;10240;10228
5319;22197285000;22191988888;22691988888;10240;10228
5321;22197470000;22191988888;22691988888;10240;10228
5324;22238344000;22192366666;22692366666;10240;10228
5326;22238353000;22192366666;22692366666;10240;10228
5328;22238360000;22233655555;22733655555;10240;10228
5330;22238370000;22233655555;22733655555;10240;10228
5332;22238376000;22233655555;22733655555;10240;10228
5334;22238380000;22233700000;22733700000;10240;10228
5325;22238520000;22192366666;22692366666;10240;10228
5327;22238726000;22233655555;22733655555;10240;10228
5329;22238751000;22233655555;22733655555;10240;10228
5331;22238917000;22233655555;22733655555;10240;10228
5333;22239109000;22233655555;22733655555;10240;10228
5336;22280024000;22234011111;22734011111;10240;10228
5338;22280036000;22275333333;22775333333;10240;10228
5340;22280042000;22275333333;22775333333;10240;10228
5342;22280066000;22275333333;22775333333;10240;10228
5344;22280071000;22275333333;22775333333;10240;10228
5335;22280190000;22234011111;22734011111;10240;10228
5337;22280377000;22234011111;22734011111;10240;10228
5346;22321644000;22275666666;22775666666;10240;10228
5348;22321665000;22275666666;22775666666;10240;10228
5350;22321673000;22316988888;22816988888;10240;10228
5352;22321746000;22316988888;22816988888;10240;10228
5353;22321768000;22316988888;22816988888;10240;10228
5354;22321772000;22316988888;22816988888;10240;10228
5355;22321777000;22316988888;22816988888;10240;10228
5349;22321873000;22316988888;22816988888;10240;10228
5351;22322070000;22316988888;22816988888;10240;10228
5356;22331880000;22317033333;22817033333;10240;10228
5358;22363358000;22317355555;22817355555;10240;10228
5360;22363370000;22358655555;22858655555;10240;10228
5361;22363375000;22358655555;22858655555;10240;10228
5362;22363386000;22358655555;22858655555;10240;10228
5363;22363394000;22358655555;22858655555;10240;10228
5364;22363399000;22358655555;22858655555;10240;10228
5365;22363407000;22358655555;22858655555;10240;10228
5366;22363414000;22358655555;22858655555;10240;10228
5357;22363512000;22317355555;22817355555;10240;10228
5359;22363729000;22317355555;22817355555;10240;10228
5367;22373858000;22358700000;22858700000;10240;10228
5339;22374109000;22275333333;22775333333;10240;10228
5341;22374302000;22275333333;22775333333;10240;10228
5343;22374328000;22275333333;22775333333;10240;10228
5345;22374497000;22275377777;22775377777;10240;10228
5347;22374524000;22275666666;22775666666;10240;10228
5368;22405017000;22359011111;22859011111;10240;10228
5370;22405040000;22359011111;22859011111;10240;10228
5372;22405055000;22400322222;22900322222;10240;10228
5374;22405094000;22400322222;22900322222;10240;10228
5376;22405101000;22400322222;22900322222;10240;10228
5377;22405114000;22400322222;22900322222;10240;10228
5378;22405133000;22400366666;22900366666;10240;10228
5369;22405220000;22359011111;22859011111;10240;10228
5371;22405415000;22400322222;22900322222;10240;10228
5373;22405440000;22400322222;22900322222;10240;10228
5375;22405600000;22400322222;22900322222;10240;10228
5380;22446607000;22400655555;22900655555;10240;10228
5382;22446621000;22441955555;22941955555;10240;10228
5384;22446627000;22441955555;22941955555;10240;10228
5386;22446633000;22441955555;22941955555;10240;10228
5387;22446647000;22441955555;22941955555;10240;10228
5388;22446652000;22441955555;22941955555;10240;10228
5389;22446657000;22442000000;22942000000;10240;10228
5379;22446823000;22400655555;22900655555;10240;10228
5381;22447029000;22400655555;22900655555;10240;10228
5383;22447073000;22441955555;22941955555;10240;10228
5385;22447237000;22441955555;22941955555;10240;10228
5390;22488255000;22442311111;22942311111;10240;10228
5392;22488268000;22442311111;22942311111;10240;10228
5394;22488279000;22483633333;22983633333;10240;10228
5396;22488288000;22483633333;22983633333;10240;10228
5398;22488304000;22483633333;22983633333;10240;10228
5399;22488308000;22483633333;22983633333;10240;10228
5400;22488313000;22483677777;22983677777;10240;10228
5391;22488488000;22442311111;22942311111;10240;10228
5393;22488690000;22483633333;22983633333;10240;10228
5402;22530022000;22483977777;22983977777;10240;10228
5404;22530072000;22525333333;23025333333;10240;10228
5406;22530088000;22525333333;23025333333;10240;10228
5407;22530093000;22525333333;23025333333;10240;10228
5408;22530108000;22525333333;23025333333;10240;10228
5409;22530131000;22525333333;23025333333;10240;10228
5410;22530148000;22525333333;23025333333;10240;10228
5411;22530166000;22525377777;23025377777;10240;10228
5403;22530175000;22483977777;22983977777;10240;10228
5405;22530403000;22525333333;23025333333;10240;10228
5413;22571892000;22525666666;23025666666;10240;10228
5412;22571905000;22525666666;23025666666;10240;10228
5414;22571911000;22525666666;23025666666;10240;10228
5416;22571915000;22567000000;23067000000;10240;10228
5417;22571920000;22567000000;23067000000;10240;10228
5418;22571924000;22567000000;23067000000;10240;10228
5419;22571928000;22567000000;23067000000;10240;10228
5420;22571932000;22567000000;23067000000;10240;10228
5421;22571941000;22567000000;23067000000;10240;10228
5422;22571946000;22567044444;23067044444;10240;10228
5415;22572023000;22567000000;23067000000;10240;10228
5395;22582337000;22483633333;22983633333;10240;10228
5397;22582363000;22483633333;22983633333;10240;10228
5401;22582373000;22483977777;22983977777;10240;10228
5424;22613337000;22567344444;23067344444;10240;10228
5426;22613363000;22608633333;23108633333;10240;10228
5427;22613369000;22608633333;23108633333;10240;10228
5428;22613377000;22608633333;23108633333;10240;10228
5429;22613381000;22608633333;23108633333;10240;10228
5430;22613386000;22608633333;23108633333;10240;10228
5431;22613396000;22608633333;23108633333;10240;10228
5432;22613401000;22608633333;23108633333;10240;10228
5433;22613422000;22608677777;23108677777;10240;10228
5423;22613518000;22567344444;23067344444;10240;10228
5425;22613719000;22567344444;23067344444;10240;10228
5434;22655180000;22609000000;23109000000;10240;10228
5436;22655192000;22609000000;23109000000;10240;10228
5438;22655200000;22650322222;23150322222;10240;10228
5440;22655210000;22650322222;23150322222;10240;10228
5441;22655215000;22650322222;23150322222;10240;10228
5442;22655220000;22650322222;23150322222;10240;10228
5443;22655226000;22650322222;23150322222;10240;10228
5444;22655232000;22650366666;23150366666;10240;10228
5435;22655241000;22609000000;23109000000;10240;10228
5437;22655385000;22650322222;23150322222;10240;10228
5439;22655587000;22650322222;23150322222;10240;10228
5446;22696874000;22650677777;23150677777;10240;10228
5445;22696888000;22650677777;23150677777;10240;10228
5448;22696897000;22692000000;23192000000;10240;10228
5450;22696915000;22692000000;23192000000;10240;10228
5451;22696920000;22692000000;23192000000;10240;10228
5452;22696925000;22692000000;23192000000;10240;10228
5453;22696939000;22692000000;23192000000;10240;10228
5454;22696948000;22692000000;23192000000;10240;10228
5455;22696953000;22692044444;23192044444;10240;10228
5447;22697056000;22650677777;23150677777;10240;10228
5449;22697272000;22692000000;23192000000;10240;10228
5456;22738527000;22692388888;23192388888;10240;10228
5458;22738540000;22692388888;23192388888;10240;10228
5460;22738552000;22733655555;23233655555;10240;10228
5462;22738559000;22733655555;23233655555;10240;10228
5464;22738564000;22733655555;23233655555;10240;10228
5465;22738573000;22733655555;23233655555;10240;10228
5466;22738578000;22733700000;23233700000;10240;10228
5457;22738583000;22692388888;23192388888;10240;10228
5459;22738731000;22733655555;23233655555;10240;10228
5461;22738758000;22733655555;23233655555;10240;10228
5463;22738924000;22733655555;23233655555;10240;10228
5467;22780158000;22734000000;23234000000;10240;10228
5468;22780169000;22734000000;23234000000;10240;10228
5470;22780174000;22775300000;23275300000;10240;10228
5472;22780192000;22775300000;23275300000;10240;10228
5474;22780203000;22775300000;23275300000;10240;10228
5475;22780228000;22775300000;23275300000;10240;10228
5476;22780232000;22775300000;23275300000;10240;10228
5477;22780236000;22775344444;23275344444;10240;10228
5469;22780339000;22734000000;23234000000;10240;10228
5471;22780366000;22775300000;23275300000;10240;10228
5473;22780544000;22775300000;23275300000;10240;10228
5480;22821853000;22775622222;23275622222;10240;10228
5479;22821867000;22775622222;23275622222;10240;10228
5482;22821873000;22816966666;23316966666;10240;10228
5484;22821877000;22816966666;23316966666;10240;10228
5486;22821883000;22816966666;23316966666;10240;10228
5488;22821888000;22817011111;23317011111;10240;10228
5481;22822061000;22816966666;23316966666;10240;10228
5483;22822085000;22816966666;23316966666;10240;10228
5485;22822246000;22816966666;23316966666;10240;10228
5487;22822455000;22816966666;23316966666;10240;10228
5478;22832450000;22775622222;23275622222;10240;10228
5490;22863370000;22817311111;23317311111;10240;10228
5492;22863383000;22858655555;23358655555;10240;10228
5494;22863390000;22858655555;23358655555;10240;10228
5496;22863395000;22858655555;23358655555;10240;10228
5498;22863399000;22858655555;23358655555;10240;10228
5489;22863516000;22817311111;23317311111;10240;10228
5491;22863719000;22817311111;23317311111;10240;10228
5493;22863755000;22858655555;23358655555;10240;10228
5495;22863911000;22858655555;23358655555;10240;10228
5497;22864164000;22858655555;23358655555;10240;10228
5499;22864188000;22858700000;23358700000;10240;10228
