seqnum;now;rtptime;deadline;packet_len;payload_len
0;6749487000;6707555555;7207555555;1398;1386
1;6749534000;6707555555;7207555555;1400;1388
0;6749622000;6707555555;7207555555;1398;1386
1;6749638000;6707555555;7207555555;1400;1388
2;6749643000;6707555555;7207555555;1398;1386
3;6749647000;6738977777;7238977777;1400;1388
4;6749651000;6738977777;7238977777;1400;1388
5;6749657000;6738977777;7238977777;1398;1386
6;6749660000;6738977777;7238977777;1400;1388
7;6749664000;6738977777;7238977777;1398;1386
8;6749670000;6738977777;7238977777;1400;1388
9;6749674000;6738977777;7238977777;1400;1388
10;6749677000;6739000000;7239000000;982;970
2;6749703000;6707555555;7207555555;1398;1386
3;6749714000;6738977777;7238977777;1400;1388
4;6749921000;6738977777;7238977777;1400;1388
5;6749937000;6738977777;7238977777;1398;1386
6;6750118000;6738977777;7238977777;1400;1388
7;6750129000;6738977777;7238977777;1398;1386
8;6750299000;6738977777;7238977777;1400;1388
9;6750519000;6738977777;7238977777;1400;1388
10;6750530000;6739000000;7239000000;982;970
11;6791082000;6739344444;7239344444;1398;1386
11;6791173000;6739344444;7239344444;1398;1386
12;6791207000;6739344444;7239344444;1400;1388
13;6791232000;6739344444;7239344444;1398;1386
12;6791252000;6739344444;7239344444;1400;1388
14;6791320000;6780655555;7280655555;1400;1388
15;6791349000;6780655555;7280655555;1400;1388
16;6791355000;6780655555;7280655555;1398;1386
17;6791361000;6780655555;7280655555;1400;1388
18;6791377000;6780655555;7280655555;1398;1386
19;6791384000;6780655555;7280655555;1400;1388
13;6791398000;6739344444;7239344444;1398;1386
14;6791423000;6780655555;7280655555;1400;1388
20;6791448000;6780655555;7280655555;1400;1388
21;6791470000;6780677777;7280677777;982;970
15;6791590000;6780655555;7280655555;1400;1388
16;6791603000;6780655555;7280655555;1398;1386
17;6791797000;6780655555;7280655555;1400;1388
18;6791814000;6780655555;7280655555;1398;1386
19;6791981000;6780655555;7280655555;1400;1388
20;6792186000;6780655555;7280655555;1400;1388
21;6792195000;6780677777;7280677777;982;970
22;6832694000;6781100000;7281100000;1398;1386
22;6832743000;6781100000;7281100000;1398;1386
23;6832813000;6781100000;7281100000;1400;1388
24;6832839000;6781100000;7281100000;1398;1386
25;6832860000;6822266666;7322266666;1400;1388
23;6832873000;6781100000;7281100000;1400;1388
26;6832929000;6822266666;7322266666;1400;1388
28;6832951000;6822266666;7322266666;1400;1388
29;6832958000;6822266666;7322266666;1398;1386
30;6832979000;6822266666;7322266666;1400;1388
31;6832983000;6822266666;7322266666;1400;1388
24;6833024000;6781100000;7281100000;1398;1386
25;6833073000;6822266666;7322266666;1400;1388
32;6833087000;6822288888;7322288888;982;970
26;6833225000;6822266666;7322266666;1400;1388
27;6833236000;6822266666;7322266666;1398;1386
28;6833438000;6822266666;7322266666;1400;1388
29;6833450000;6822266666;7322266666;1398;1386
30;6833615000;6822266666;7322266666;1400;1388
31;6833825000;6822266666;7322266666;1400;1388
32;6833841000;6822288888;7322288888;982;970
33;6874270000;6822611111;7322611111;1398;1386
33;6874345000;6822611111;7322611111;1398;1386
34;6874358000;6822611111;7322611111;1400;1388
35;6874363000;6822611111;7322611111;1398;1386
36;6874366000;6863933333;7363933333;1400;1388
37;6874370000;6863933333;7363933333;1400;1388
38;6874374000;6863933333;7363933333;1398;1386
39;6874379000;6863933333;7363933333;1400;1388
40;6874382000;6863933333;7363933333;1398;1386
41;6874385000;6863933333;7363933333;1400;1388
42;6874388000;6863933333;7363933333;1400;1388
43;6874392000;6863955555;7363955555;982;970
35;6874469000;6822611111;7322611111;1398;1386
36;6874478000;6863933333;7363933333;1400;1388
37;6874677000;6863933333;7363933333;1400;1388
38;6874885000;6863933333;7363933333;1398;1386
39;6874894000;6863933333;7363933333;1400;1388
40;6875085000;6863933333;7363933333;1398;1386
41;6875093000;6863933333;7363933333;1400;1388
42;6875276000;6863933333;7363933333;1400;1388
43;6875281000;6863955555;7363955555;982;970
44;6916008000;6864288888;7364288888;1398;1386
44;6916075000;6864288888;7364288888;1398;1386
45;6916091000;6864288888;7364288888;1400;1388
46;6916130000;6864288888;7364288888;1398;1386
45;6916146000;6864288888;7364288888;1400;1388
47;6916209000;6905633333;7405633333;1400;1388
48;6916226000;6905633333;7405633333;1400;1388
49;6916232000;6905633333;7405633333;1398;1386
50;6916236000;6905633333;7405633333;1400;1388
51;6916240000;6905633333;7405633333;1398;1386
52;6916244000;6905633333;7405633333;1400;1388
53;6916249000;6905633333;7405633333;1400;1388
54;6916253000;6905655555;7405655555;982;970
47;6916370000;6905633333;7405633333;1400;1388
48;6916380000;6905633333;7405633333;1400;1388
49;6916564000;6905633333;7405633333;1398;1386
50;6916574000;6905633333;7405633333;1400;1388
51;6916770000;6905633333;7405633333;1398;1386
52;6916780000;6905633333;7405633333;1400;1388
53;6916972000;6905633333;7405633333;1400;1388
54;6916981000;6905655555;7405655555;982;970
56;6957622000;6905955555;7405955555;1400;1388
55;6957725000;6905955555;7405955555;1398;1386
56;6957755000;6905955555;7405955555;1400;1388
57;6957771000;6905955555;7405955555;1398;1386
58;6957776000;6947266666;7447266666;1400;1388
59;6957780000;6947266666;7447266666;1400;1388
60;6957793000;6947266666;7447266666;1398;1386
61;6957797000;6947266666;7447266666;1400;1388
62;6957800000;6947266666;7447266666;1398;1386
57;6957814000;6905955555;7405955555;1398;1386
63;6957887000;6947266666;7447266666;1400;1388
64;6957900000;6947266666;7447266666;1400;1388
65;6957904000;6947288888;7447288888;982;970
58;6958003000;6947266666;7447266666;1400;1388
59;6958013000;6947266666;7447266666;1400;1388
60;6958201000;6947266666;7447266666;1398;1386
61;6958210000;6947266666;7447266666;1400;1388
62;6958406000;6947266666;7447266666;1398;1386
63;6958415000;6947266666;7447266666;1400;1388
64;6958611000;6947266666;7447266666;1400;1388
65;6958619000;6947288888;7447288888;982;970
66;6999252000;6947577777;7447577777;1398;1386
66;6999269000;6947577777;7447577777;1398;1386
67;6999349000;6947577777;7447577777;1400;1388
68;6999364000;6947577777;7447577777;1398;1386
69;6999368000;6988933333;7488933333;1400;1388
70;6999373000;6988933333;7488933333;1400;1388
71;6999377000;6988933333;7488933333;1398;1386
72;6999381000;6988933333;7488933333;1400;1388
73;6999384000;6988933333;7488933333;1398;1386
74;6999388000;6988933333;7488933333;1400;1388
75;6999392000;6988933333;7488933333;1400;1388
76;6999395000;6988955555;7488955555;982;970
67;6999473000;6947577777;7447577777;1400;1388
68;6999659000;6947577777;7447577777;1398;1386
69;6999668000;6988933333;7488933333;1400;1388
72;6999870000;6988933333;7488933333;1400;1388
74;6999879000;6988933333;7488933333;1400;1388
75;7000104000;6988933333;7488933333;1400;1388
76;7000113000;6988955555;7488955555;982;970
77;7040962000;6989288888;7489288888;1398;1386
77;7040988000;6989288888;7489288888;1398;1386
78;7041009000;6989288888;7489288888;1400;1388
79;7041015000;6989288888;7489288888;1398;1386
80;7041018000;7030600000;7530600000;1400;1388
81;7041022000;7030600000;7530600000;1400;1388
82;7041025000;7030600000;7530600000;1398;1386
83;7041029000;7030600000;7530600000;1400;1388
84;7041033000;7030600000;7530600000;1398;1386
85;7041036000;7030600000;7530600000;1400;1388
86;7041040000;7030600000;7530600000;1400;1388
87;7041057000;7030622222;7530622222;982;970
78;7041136000;6989288888;7489288888;1400;1388
79;7041146000;6989288888;7489288888;1398;1386
80;7041344000;7030600000;7530600000;1400;1388
81;7041550000;7030600000;7530600000;1400;1388
82;7041560000;7030600000;7530600000;1398;1386
83;7041751000;7030600000;7530600000;1400;1388
84;7041760000;7030600000;7530600000;1398;1386
85;7041958000;7030600000;7530600000;1400;1388
88;7082664000;7030922222;7530922222;1398;1386
89;7082701000;7030922222;7530922222;1400;1388
88;7082715000;7030922222;7530922222;1398;1386
90;7082790000;7030922222;7530922222;1398;1386
91;7082814000;7072300000;7572300000;1400;1388
92;7082819000;7072300000;7572300000;1400;1388
93;7082823000;7072300000;7572300000;1398;1386
94;7082827000;7072300000;7572300000;1400;1388
95;7082830000;7072300000;7572300000;1398;1386
89;7082842000;7030922222;7530922222;1400;1388
90;7082862000;7030922222;7530922222;1398;1386
96;7082899000;7072300000;7572300000;1400;1388
97;7082931000;7072300000;7572300000;1400;1388
98;7082935000;7072311111;7572311111;982;970
92;7083054000;7072300000;7572300000;1400;1388
93;7083239000;7072300000;7572300000;1398;1386
94;7083247000;7072300000;7572300000;1400;1388
95;7083447000;7072300000;7572300000;1398;1386
96;7083455000;7072300000;7572300000;1400;1388
97;7083650000;7072300000;7572300000;1400;1388
98;7083658000;7072311111;7572311111;982;970
99;7124325000;7072600000;7572600000;1398;1386
99;7124388000;7072600000;7572600000;1398;1386
100;7124402000;7072600000;7572600000;1400;1388
101;7124408000;7072600000;7572600000;1398;1386
102;7124411000;7113966666;7613966666;1400;1388
103;7124416000;7113966666;7613966666;1400;1388
104;7124419000;7113966666;7613966666;1398;1386
105;7124423000;7113966666;7613966666;1400;1388
106;7124426000;7113966666;7613966666;1398;1386
108;7124430000;7113966666;7613966666;1400;1388
109;7124448000;7113988888;7613988888;982;970
100;7124527000;7072600000;7572600000;1400;1388
101;7124537000;7072600000;7572600000;1398;1386
103;7124707000;7113966666;7613966666;1400;1388
104;7124912000;7113966666;7613966666;1398;1386
105;7124921000;7113966666;7613966666;1400;1388
106;7125115000;7113966666;7613966666;1398;1386
107;7125124000;7113966666;7613966666;1400;1388
108;7125321000;7113966666;7613966666;1400;1388
110;7165938000;7114244444;7614244444;1398;1386
110;7165959000;7114244444;7614244444;1398;1386
111;7165980000;7114244444;7614244444;1400;1388
112;7165984000;7114244444;7614244444;1398;1386
113;7165988000;7155600000;7655600000;1400;1388
114;7165992000;7155600000;7655600000;1400;1388
115;7165995000;7155600000;7655600000;1398;1386
116;7165998000;7155600000;7655600000;1400;1388
117;7166002000;7155600000;7655600000;1398;1386
118;7166005000;7155600000;7655600000;1400;1388
119;7166009000;7155600000;7655600000;1400;1388
120;7166012000;7155622222;7655622222;982;970
111;7166145000;7114244444;7614244444;1400;1388
112;7166154000;7114244444;7614244444;1398;1386
113;7166327000;7155600000;7655600000;1400;1388
114;7166540000;7155600000;7655600000;1400;1388
115;7166545000;7155600000;7655600000;1398;1386
116;7166740000;7155600000;7655600000;1400;1388
117;7166744000;7155600000;7655600000;1398;1386
118;7166947000;7155600000;7655600000;1400;1388
119;7166952000;7155600000;7655600000;1400;1388
120;7167152000;7155622222;7655622222;982;970
121;7207624000;7155911111;7655911111;1398;1386
121;7207641000;7155911111;7655911111;1398;1386
122;7207660000;7155911111;7655911111;1400;1388
123;7207664000;7155911111;7655911111;1398;1386
124;7207667000;7197311111;7697311111;1400;1388
125;7207671000;7197311111;7697311111;1400;1388
126;7207674000;7197311111;7697311111;1398;1386
127;7207677000;7197311111;7697311111;1400;1388
128;7207681000;7197311111;7697311111;1398;1386
129;7207684000;7197311111;7697311111;1400;1388
130;7207687000;7197311111;7697311111;1400;1388
131;7207692000;7197333333;7697333333;982;970
122;7207836000;7155911111;7655911111;1400;1388
123;7207842000;7155911111;7655911111;1398;1386
124;7208035000;7197311111;7697311111;1400;1388
125;7208235000;7197311111;7697311111;1400;1388
126;7208240000;7197311111;7697311111;1398;1386
127;7208441000;7197311111;7697311111;1400;1388
128;7208445000;7197311111;7697311111;1398;1386
129;7208653000;7197311111;7697311111;1400;1388
130;7208658000;7197311111;7697311111;1400;1388
132;7249303000;7197633333;7697633333;1398;1386
132;7249325000;7197633333;7697633333;1398;1386
133;7249344000;7197633333;7697633333;1400;1388
134;7249348000;7197633333;7697633333;1398;1386
135;7249352000;7238966666;7738966666;1400;1388
136;7249356000;7238966666;7738966666;1400;1388
137;7249359000;7238966666;7738966666;1398;1386
138;7249362000;7238966666;7738966666;1400;1388
140;7249365000;7238966666;7738966666;1400;1388
141;7249371000;7238966666;7738966666;1400;1388
142;7249385000;7238988888;7738988888;982;970
133;7249496000;7197633333;7697633333;1400;1388
134;7249503000;7197633333;7697633333;1398;1386
136;7249699000;7238966666;7738966666;1400;1388
137;7249903000;7238966666;7738966666;1398;1386
138;7249908000;7238966666;7738966666;1400;1388
139;7250104000;7238966666;7738966666;1398;1386
140;7250123000;7238966666;7738966666;1400;1388
141;7250304000;7238966666;7738966666;1400;1388
142;7250309000;7238988888;7738988888;982;970
143;7290954000;7239277777;7739277777;1398;1386
143;7290969000;7239277777;7739277777;1398;1386
147;7290988000;7280633333;7780633333;1400;1388
148;7291007000;7280633333;7780633333;1398;1386
149;7291011000;7280633333;7780633333;1400;1388
150;7291021000;7280633333;7780633333;1398;1386
151;7291024000;7280633333;7780633333;1400;1388
152;7291027000;7280633333;7780633333;1400;1388
153;7291040000;7280655555;7780655555;982;970
144;7291163000;7239277777;7739277777;1400;1388
145;7291182000;7239277777;7739277777;1398;1386
146;7291363000;7280633333;7780633333;1400;1388
147;7291569000;7280633333;7780633333;1400;1388
148;7291575000;7280633333;7780633333;1398;1386
149;7291770000;7280633333;7780633333;1400;1388
150;7291775000;7280633333;7780633333;1398;1386
151;7291978000;7280633333;7780633333;1400;1388
152;7291983000;7280633333;7780633333;1400;1388
153;7292182000;7280655555;7780655555;982;970
156;7332608000;7280955555;7780955555;1398;1386
154;7332651000;7280955555;7780955555;1398;1386
155;7332688000;7280955555;7780955555;1400;1388
156;7332695000;7280955555;7780955555;1398;1386
157;7332700000;7322266666;7822266666;1400;1388
158;7332708000;7322266666;7822266666;1400;1388
159;7332712000;7322266666;7822266666;1398;1386
162;7332724000;7322266666;7822266666;1400;1388
163;7332730000;7322266666;7822266666;1400;1388
164;7332743000;7322288888;7822288888;982;970
157;7332801000;7322266666;7822266666;1400;1388
158;7333004000;7322266666;7822266666;1400;1388
159;7333009000;7322266666;7822266666;1398;1386
160;7333198000;7322266666;7822266666;1400;1388
161;7333216000;7322266666;7822266666;1398;1386
162;7333407000;7322266666;7822266666;1400;1388
163;7333411000;7322266666;7822266666;1400;1388
164;7333612000;7322288888;7822288888;982;970
165;7374293000;7322577777;7822577777;1398;1386
165;7374306000;7322577777;7822577777;1398;1386
166;7374325000;7322577777;7822577777;1400;1388
167;7374329000;7322577777;7822577777;1398;1386
168;7374333000;7363966666;7863966666;1400;1388
169;7374337000;7363966666;7863966666;1400;1388
170;7374340000;7363966666;7863966666;1398;1386
171;7374343000;7363966666;7863966666;1400;1388
173;7374346000;7363966666;7863966666;1400;1388
174;7374352000;7363966666;7863966666;1400;1388
175;7374366000;7363988888;7863988888;982;970
166;7374497000;7322577777;7822577777;1400;1388
167;7374503000;7322577777;7822577777;1398;1386
168;7374697000;7363966666;7863966666;1400;1388
169;7374902000;7363966666;7863966666;1400;1388
170;7374907000;7363966666;7863966666;1398;1386
171;7375103000;7363966666;7863966666;1400;1388
172;7375107000;7363966666;7863966666;1398;1386
173;7375312000;7363966666;7863966666;1400;1388
174;7375316000;7363966666;7863966666;1400;1388
175;7375515000;7363988888;7863988888;982;970
176;7415933000;7364288888;7864288888;1398;1386
176;7415966000;7364288888;7864288888;1398;1386
177;7415977000;7364288888;7864288888;1400;1388
178;7415982000;7364288888;7864288888;1398;1386
179;7415985000;7405600000;7905600000;1400;1388
180;7415989000;7405600000;7905600000;1400;1388
181;7415992000;7405600000;7905600000;1398;1386
182;7415995000;7405600000;7905600000;1400;1388
183;7415999000;7405600000;7905600000;1398;1386
184;7416002000;7405600000;7905600000;1400;1388
185;7416005000;7405600000;7905600000;1400;1388
186;7416008000;7405622222;7905622222;982;970
177;7416147000;7364288888;7864288888;1400;1388
179;7416156000;7405600000;7905600000;1400;1388
180;7416344000;7405600000;7905600000;1400;1388
181;7416549000;7405600000;7905600000;1398;1386
182;7416558000;7405600000;7905600000;1400;1388
183;7416750000;7405600000;7905600000;1398;1386
184;7416758000;7405600000;7905600000;1400;1388
186;7416958000;7405622222;7905622222;982;970
187;7457615000;7405900000;7905900000;1398;1386
187;7457634000;7405900000;7905900000;1398;1386
188;7457654000;7405900000;7905900000;1400;1388
189;7457658000;7405900000;7905900000;1398;1386
190;7457662000;7447266666;7947266666;1400;1388
191;7457666000;7447266666;7947266666;1400;1388
192;7457678000;7447266666;7947266666;1398;1386
193;7457682000;7447266666;7947266666;1400;1388
194;7457685000;7447266666;7947266666;1398;1386
195;7457688000;7447266666;7947266666;1400;1388
196;7457691000;7447266666;7947266666;1400;1388
197;7457695000;7447288888;7947288888;982;970
188;7457812000;7405900000;7905900000;1400;1388
189;7457822000;7405900000;7905900000;1398;1386
190;7458002000;7447266666;7947266666;1400;1388
191;7458203000;7447266666;7947266666;1400;1388
192;7458208000;7447266666;7947266666;1398;1386
193;7458406000;7447266666;7947266666;1400;1388
194;7458410000;7447266666;7947266666;1398;1386
195;7458615000;7447266666;7947266666;1400;1388
196;7458619000;7447266666;7947266666;1400;1388
197;7458818000;7447288888;7947288888;982;970
198;7499329000;7447555555;7947555555;1398;1386
198;7499392000;7447555555;7947555555;1398;1386
199;7499405000;7447555555;7947555555;1400;1388
200;7499410000;7447555555;7947555555;1398;1386
201;7499414000;7488966666;7988966666;1400;1388
202;7499419000;7488966666;7988966666;1400;1388
203;7499422000;7488966666;7988966666;1398;1386
204;7499425000;7488966666;7988966666;1400;1388
205;7499428000;7488966666;7988966666;1398;1386
206;7499432000;7488966666;7988966666;1400;1388
207;7499435000;7488966666;7988966666;1400;1388
208;7499438000;7488988888;7988988888;982;970
199;7499504000;7447555555;7947555555;1400;1388
200;7499708000;7447555555;7947555555;1398;1386
201;7499717000;7488966666;7988966666;1400;1388
203;7499913000;7488966666;7988966666;1398;1386
204;7499922000;7488966666;7988966666;1400;1388
205;7500115000;7488966666;7988966666;1398;1386
206;7500123000;7488966666;7988966666;1400;1388
207;7500319000;7488966666;7988966666;1400;1388
208;7500327000;7488988888;7988988888;982;970
209;7540938000;7489266666;7989266666;1398;1386
209;7540960000;7489266666;7989266666;1398;1386
210;7540980000;7489266666;7989266666;1400;1388
211;7540984000;7489266666;7989266666;1398;1386
212;7540988000;7530600000;8030600000;1400;1388
213;7540992000;7530600000;8030600000;1400;1388
214;7540995000;7530600000;8030600000;1398;1386
215;7540998000;7530600000;8030600000;1400;1388
216;7541002000;7530600000;8030600000;1398;1386
217;7541005000;7530600000;8030600000;1400;1388
218;7541008000;7530600000;8030600000;1400;1388
219;7541011000;7530622222;8030622222;982;970
210;7541146000;7489266666;7989266666;1400;1388
211;7541156000;7489266666;7989266666;1398;1386
212;7541344000;7530600000;8030600000;1400;1388
213;7541551000;7530600000;8030600000;1400;1388
215;7541560000;7530600000;8030600000;1400;1388
216;7541741000;7530600000;8030600000;1398;1386
218;7541746000;7530600000;8030600000;1400;1388
219;7541947000;7530622222;8030622222;982;970
220;7582634000;7530933333;8030933333;1398;1386
220;7582660000;7530933333;8030933333;1398;1386
221;7582680000;7530933333;8030933333;1400;1388
222;7582684000;7530933333;8030933333;1398;1386
223;7582688000;7572300000;8072300000;1400;1388
224;7582692000;7572300000;8072300000;1400;1388
225;7582695000;7572300000;8072300000;1398;1386
226;7582699000;7572300000;8072300000;1400;1388
227;7582702000;7572300000;8072300000;1398;1386
228;7582706000;7572300000;8072300000;1400;1388
229;7582711000;7572300000;8072300000;1400;1388
230;7582714000;7572322222;8072322222;982;970
221;7582810000;7530933333;8030933333;1400;1388
222;7583012000;7530933333;8030933333;1398;1386
223;7583018000;7572300000;8072300000;1400;1388
224;7583217000;7572300000;8072300000;1400;1388
225;7583222000;7572300000;8072300000;1398;1386
226;7583421000;7572300000;8072300000;1400;1388
227;7583426000;7572300000;8072300000;1398;1386
228;7583624000;7572300000;8072300000;1400;1388
229;7583830000;7572300000;8072300000;1400;1388
230;7583835000;7572322222;8072322222;982;970
231;7624287000;7572600000;8072600000;1398;1386
231;7624318000;7572600000;8072600000;1398;1386
232;7624330000;7572600000;8072600000;1400;1388
233;7624335000;7572600000;8072600000;1398;1386
234;7624338000;7613966666;8113966666;1400;1388
235;7624342000;7613966666;8113966666;1400;1388
236;7624346000;7613966666;8113966666;1398;1386
237;7624349000;7613966666;8113966666;1400;1388
239;7624371000;7613966666;8113966666;1400;1388
240;7624378000;7613966666;8113966666;1400;1388
241;7624392000;7613988888;8113988888;982;970
233;7624477000;7572600000;8072600000;1398;1386
234;7624678000;7613966666;8113966666;1400;1388
235;7624684000;7613966666;8113966666;1400;1388
236;7624883000;7613966666;8113966666;1398;1386
237;7624888000;7613966666;8113966666;1400;1388
238;7625088000;7613966666;8113966666;1398;1386
239;7625109000;7613966666;8113966666;1400;1388
240;7625305000;7613966666;8113966666;1400;1388
241;7625310000;7613988888;8113988888;982;970
242;7665929000;7614255555;8114255555;1398;1386
242;7665943000;7614255555;8114255555;1398;1386
243;7665962000;7614255555;8114255555;1400;1388
244;7665966000;7614255555;8114255555;1398;1386
245;7665970000;7655600000;8155600000;1400;1388
246;7665974000;7655600000;8155600000;1400;1388
248;7665977000;7655600000;8155600000;1400;1388
249;7665993000;7655600000;8155600000;1398;1386
250;7665997000;7655600000;8155600000;1400;1388
251;7666000000;7655600000;8155600000;1400;1388
252;7666003000;7655622222;8155622222;982;970
243;7666146000;7614255555;8114255555;1400;1388
244;7666156000;7614255555;8114255555;1398;1386
245;7666345000;7655600000;8155600000;1400;1388
246;7666551000;7655600000;8155600000;1400;1388
247;7666560000;7655600000;8155600000;1398;1386
248;7666753000;7655600000;8155600000;1400;1388
249;7666761000;7655600000;8155600000;1398;1386
250;7666961000;7655600000;8155600000;1400;1388
251;7666969000;7655600000;8155600000;1400;1388
252;7667165000;7655622222;8155622222;982;970
253;7707645000;7655922222;8155922222;1398;1386
253;7707667000;7655922222;8155922222;1398;1386
254;7707687000;7655922222;8155922222;1400;1388
255;7707692000;7655922222;8155922222;1398;1386
256;7707696000;7697300000;8197300000;1400;1388
257;7707699000;7697300000;8197300000;1400;1388
259;7707703000;7697300000;8197300000;1400;1388
260;7707719000;7697300000;8197300000;1398;1386
261;7707722000;7697300000;8197300000;1400;1388
262;7707726000;7697300000;8197300000;1400;1388
263;7707729000;7697311111;8197311111;982;970
254;7707841000;7655922222;8155922222;1400;1388
255;7707851000;7655922222;8155922222;1398;1386
256;7708041000;7697300000;8197300000;1400;1388
257;7708240000;7697300000;8197300000;1400;1388
258;7708249000;7697300000;8197300000;1398;1386
259;7708447000;7697300000;8197300000;1400;1388
260;7708456000;7697300000;8197300000;1398;1386
261;7708649000;7697300000;8197300000;1400;1388
263;7708658000;7697311111;8197311111;982;970
264;7749301000;7697588888;8197588888;1398;1386
264;7749333000;7697588888;8197588888;1398;1386
265;7749345000;7697588888;8197588888;1400;1388
266;7749349000;7697588888;8197588888;1398;1386
267;7749353000;7738966666;8238966666;1400;1388
268;7749356000;7738966666;8238966666;1400;1388
269;7749360000;7738966666;8238966666;1398;1386
270;7749363000;7738966666;8238966666;1400;1388
271;7749366000;7738966666;8238966666;1398;1386
272;7749369000;7738966666;8238966666;1400;1388
274;7749373000;7738977777;8238977777;982;970
265;7749506000;7697588888;8197588888;1400;1388
266;7749516000;7697588888;8197588888;1398;1386
267;7749695000;7738966666;8238966666;1400;1388
268;7749903000;7738966666;8238966666;1400;1388
269;7749908000;7738966666;8238966666;1398;1386
270;7750102000;7738966666;8238966666;1400;1388
271;7750107000;7738966666;8238966666;1398;1386
272;7750302000;7738966666;8238966666;1400;1388
273;7750514000;7738966666;8238966666;1400;1388
274;7750534000;7738977777;8238977777;982;970
277;7790959000;7739255555;8239255555;1398;1386
275;7790988000;7739255555;8239255555;1398;1386
277;7791023000;7739255555;8239255555;1398;1386
278;7791028000;7780633333;8280633333;1400;1388
279;7791041000;7780633333;8280633333;1400;1388
280;7791064000;7780633333;8280633333;1398;1386
281;7791077000;7780633333;8280633333;1400;1388
282;7791096000;7780633333;8280633333;1398;1386
283;7791100000;7780633333;8280633333;1400;1388
284;7791104000;7780633333;8280633333;1400;1388
285;7791116000;7780644444;8280644444;982;970
278;7791180000;7780633333;8280633333;1400;1388
279;7791186000;7780633333;8280633333;1400;1388
280;7791363000;7780633333;8280633333;1398;1386
281;7791570000;7780633333;8280633333;1400;1388
282;7791575000;7780633333;8280633333;1398;1386
283;7791769000;7780633333;8280633333;1400;1388
284;7791774000;7780633333;8280633333;1400;1388
285;7791978000;7780644444;8280644444;982;970
286;7832636000;7780944444;8280944444;1398;1386
286;7832668000;7780944444;8280944444;1398;1386
287;7832678000;7780944444;8280944444;1400;1388
288;7832683000;7780944444;8280944444;1398;1386
289;7832687000;7822300000;8322300000;1400;1388
290;7832691000;7822300000;8322300000;1400;1388
291;7832695000;7822300000;8322300000;1398;1386
292;7832698000;7822300000;8322300000;1400;1388
293;7832701000;7822300000;8322300000;1398;1386
294;7832705000;7822300000;8322300000;1400;1388
295;7832708000;7822300000;8322300000;1400;1388
296;7832711000;7822322222;8322322222;982;970
288;7832838000;7780944444;8280944444;1398;1386
289;7832848000;7822300000;8322300000;1400;1388
290;7833037000;7822300000;8322300000;1400;1388
291;7833236000;7822300000;8322300000;1398;1386
292;7833246000;7822300000;8322300000;1400;1388
293;7833444000;7822300000;8322300000;1398;1386
294;7833452000;7822300000;8322300000;1400;1388
295;7833645000;7822300000;8322300000;1400;1388
296;7833654000;7822322222;8322322222;982;970
297;7874273000;7822577777;8322577777;1398;1386
297;7874317000;7822577777;8322577777;1398;1386
298;7874342000;7822577777;8322577777;1400;1388
299;7874361000;7822577777;8322577777;1398;1386
300;7874369000;7863933333;8363933333;1400;1388
301;7874385000;7863933333;8363933333;1400;1388
302;7874389000;7863933333;8363933333;1398;1386
303;7874392000;7863933333;8363933333;1400;1388
304;7874395000;7863933333;8363933333;1398;1386
306;7874399000;7863933333;8363933333;1400;1388
307;7874415000;7863955555;8363955555;982;970
298;7874489000;7822577777;8322577777;1400;1388
299;7874498000;7822577777;8322577777;1398;1386
300;7874667000;7863933333;8363933333;1400;1388
301;7874872000;7863933333;8363933333;1400;1388
302;7874877000;7863933333;8363933333;1398;1386
303;7875074000;7863933333;8363933333;1400;1388
304;7875079000;7863933333;8363933333;1398;1386
305;7875284000;7863933333;8363933333;1400;1388
306;7875303000;7863933333;8363933333;1400;1388
307;7875485000;7863955555;8363955555;982;970
308;7915926000;7864222222;8364222222;1398;1386
308;7915952000;7864222222;8364222222;1398;1386
309;7915962000;7864222222;8364222222;1400;1388
310;7915966000;7864222222;8364222222;1398;1386
311;7915970000;7905600000;8405600000;1400;1388
312;7915974000;7905600000;8405600000;1400;1388
313;7915977000;7905600000;8405600000;1398;1386
314;7915980000;7905600000;8405600000;1400;1388
317;7915983000;7905600000;8405600000;1400;1388
318;7916000000;7905622222;8405622222;982;970
309;7916145000;7864222222;8364222222;1400;1388
310;7916151000;7864222222;8364222222;1398;1386
311;7916343000;7905600000;8405600000;1400;1388
312;7916549000;7905600000;8405600000;1400;1388
313;7916554000;7905600000;8405600000;1398;1386
314;7916748000;7905600000;8405600000;1400;1388
315;7916753000;7905600000;8405600000;1398;1386
317;7916942000;7905600000;8405600000;1400;1388
318;7916947000;7905622222;8405622222;982;970
319;7957643000;7905911111;8405911111;1398;1386
319;7957671000;7905911111;8405911111;1398;1386
320;7957690000;7905911111;8405911111;1400;1388
321;7957695000;7905911111;8405911111;1398;1386
322;7957698000;7947300000;8447300000;1400;1388
323;7957702000;7947300000;8447300000;1400;1388
326;7957706000;7947300000;8447300000;1398;1386
327;7957710000;7947300000;8447300000;1400;1388
328;7957713000;7947300000;8447300000;1400;1388
329;7957716000;7947311111;8447311111;982;970
320;7957829000;7905911111;8405911111;1400;1388
321;7957835000;7905911111;8405911111;1398;1386
322;7958038000;7947300000;8447300000;1400;1388
323;7958228000;7947300000;8447300000;1400;1388
324;7958233000;7947300000;8447300000;1398;1386
325;7958435000;7947300000;8447300000;1400;1388
326;7958440000;7947300000;8447300000;1398;1386
327;7958654000;7947300000;8447300000;1400;1388
328;7958659000;7947300000;8447300000;1400;1388
329;7958857000;7947311111;8447311111;982;970
330;7999303000;7947588888;8447588888;1398;1386
330;7999333000;7947588888;8447588888;1398;1386
331;7999352000;7947588888;8447588888;1400;1388
332;7999357000;7947588888;8447588888;1398;1386
333;7999360000;7988966666;8488966666;1400;1388
334;7999363000;7988966666;8488966666;1400;1388
335;7999367000;7988966666;8488966666;1398;1386
336;7999370000;7988966666;8488966666;1400;1388
337;7999373000;7988966666;8488966666;1398;1386
338;7999376000;7988966666;8488966666;1400;1388
339;7999379000;7988966666;8488966666;1400;1388
340;7999383000;7988988888;8488988888;982;970
332;7999513000;7947588888;8447588888;1398;1386
333;7999519000;7988966666;8488966666;1400;1388
335;7999701000;7988966666;8488966666;1398;1386
336;7999906000;7988966666;8488966666;1400;1388
337;7999911000;7988966666;8488966666;1398;1386
338;8000119000;7988966666;8488966666;1400;1388
339;8000123000;7988966666;8488966666;1400;1388
340;8000326000;7988988888;8488988888;982;970
341;8040932000;7989288888;8489288888;1398;1386
341;8040946000;7989288888;8489288888;1398;1386
342;8040965000;7989288888;8489288888;1400;1388
343;8040969000;7989288888;8489288888;1398;1386
344;8040972000;8030600000;8530600000;1400;1388
345;8040976000;8030600000;8530600000;1400;1388
346;8040979000;8030600000;8530600000;1398;1386
347;8040983000;8030600000;8530600000;1400;1388
348;8040986000;8030600000;8530600000;1398;1386
349;8040989000;8030600000;8530600000;1400;1388
350;8040992000;8030600000;8530600000;1400;1388
351;8040995000;8030622222;8530622222;982;970
343;8041144000;7989288888;8489288888;1398;1386
345;8041153000;8030600000;8530600000;1400;1388
346;8041333000;8030600000;8530600000;1398;1386
347;8041539000;8030600000;8530600000;1400;1388
348;8041544000;8030600000;8530600000;1398;1386
349;8041738000;8030600000;8530600000;1400;1388
350;8041743000;8030600000;8530600000;1400;1388
351;8041945000;8030622222;8530622222;982;970
352;8082622000;8030911111;8530911111;1398;1386
353;8082638000;8030911111;8530911111;1400;1388
354;8082657000;8030911111;8530911111;1398;1386
356;8082661000;8072300000;8572300000;1400;1388
357;8082668000;8072300000;8572300000;1398;1386
358;8082672000;8072300000;8572300000;1400;1388
359;8082675000;8072300000;8572300000;1398;1386
360;8082678000;8072300000;8572300000;1400;1388
361;8082682000;8072300000;8572300000;1400;1388
362;8082694000;8072322222;8572322222;982;970
353;8082841000;8030911111;8530911111;1400;1388
354;8082850000;8030911111;8530911111;1398;1386
355;8083040000;8072300000;8572300000;1400;1388
356;8083240000;8072300000;8572300000;1400;1388
357;8083248000;8072300000;8572300000;1398;1386
358;8083446000;8072300000;8572300000;1400;1388
359;8083455000;8072300000;8572300000;1398;1386
360;8083657000;8072300000;8572300000;1400;1388
361;8083666000;8072300000;8572300000;1400;1388
362;8083859000;8072322222;8572322222;982;970
363;8124256000;8072588888;8572588888;1398;1386
363;8124272000;8072588888;8572588888;1398;1386
364;8124346000;8072588888;8572588888;1400;1388
365;8124359000;8072588888;8572588888;1398;1386
366;8124363000;8113933333;8613933333;1400;1388
367;8124367000;8113933333;8613933333;1400;1388
368;8124370000;8113933333;8613933333;1398;1386
369;8124374000;8113933333;8613933333;1400;1388
370;8124377000;8113933333;8613933333;1398;1386
371;8124380000;8113933333;8613933333;1400;1388
372;8124383000;8113933333;8613933333;1400;1388
373;8124386000;8113955555;8613955555;982;970
364;8124473000;8072588888;8572588888;1400;1388
365;8124482000;8072588888;8572588888;1398;1386
366;8124676000;8113933333;8613933333;1400;1388
368;8124873000;8113933333;8613933333;1398;1386
369;8124878000;8113933333;8613933333;1400;1388
370;8125082000;8113933333;8613933333;1398;1386
371;8125087000;8113933333;8613933333;1400;1388
374;8165923000;8114200000;8614200000;1398;1386
374;8165951000;8114200000;8614200000;1398;1386
375;8165960000;8114200000;8614200000;1400;1388
376;8165965000;8114200000;8614200000;1398;1386
377;8165968000;8155600000;8655600000;1400;1388
378;8165972000;8155600000;8655600000;1400;1388
379;8165975000;8155600000;8655600000;1398;1386
380;8165979000;8155600000;8655600000;1400;1388
382;8165982000;8155600000;8655600000;1400;1388
383;8165987000;8155600000;8655600000;1400;1388
384;8166010000;8155622222;8655622222;982;970
375;8166134000;8114200000;8614200000;1400;1388
376;8166141000;8114200000;8614200000;1398;1386
377;8166326000;8155600000;8655600000;1400;1388
378;8166537000;8155600000;8655600000;1400;1388
379;8166542000;8155600000;8655600000;1398;1386
380;8166738000;8155600000;8655600000;1400;1388
381;8166743000;8155600000;8655600000;1398;1386
382;8166948000;8155600000;8655600000;1400;1388
383;8166954000;8155600000;8655600000;1400;1388
384;8167151000;8155622222;8655622222;982;970
385;8207633000;8155900000;8655900000;1398;1386
385;8207649000;8155900000;8655900000;1398;1386
386;8207668000;8155900000;8655900000;1400;1388
387;8207672000;8155900000;8655900000;1398;1386
388;8207675000;8197300000;8697300000;1400;1388
389;8207679000;8197300000;8697300000;1400;1388
390;8207683000;8197300000;8697300000;1398;1386
391;8207686000;8197300000;8697300000;1400;1388
392;8207689000;8197300000;8697300000;1398;1386
393;8207693000;8197300000;8697300000;1400;1388
394;8207696000;8197300000;8697300000;1400;1388
395;8207699000;8197311111;8697311111;982;970
386;8207829000;8155900000;8655900000;1400;1388
387;8207835000;8155900000;8655900000;1398;1386
388;8208031000;8197300000;8697300000;1400;1388
390;8208229000;8197300000;8697300000;1398;1386
391;8208234000;8197300000;8697300000;1400;1388
392;8208434000;8197300000;8697300000;1398;1386
393;8208439000;8197300000;8697300000;1400;1388
394;8208637000;8197300000;8697300000;1400;1388
395;8208641000;8197311111;8697311111;982;970
396;8249296000;8197588888;8697588888;1398;1386
396;8249310000;8197588888;8697588888;1398;1386
397;8249329000;8197588888;8697588888;1400;1388
398;8249334000;8197588888;8697588888;1398;1386
399;8249337000;8238966666;8738966666;1400;1388
400;8249341000;8238966666;8738966666;1400;1388
401;8249344000;8238966666;8738966666;1398;1386
402;8249348000;8238966666;8738966666;1400;1388
403;8249351000;8238966666;8738966666;1398;1386
404;8249354000;8238966666;8738966666;1400;1388
405;8249357000;8238966666;8738966666;1400;1388
406;8249360000;8238988888;8738988888;982;970
397;8249497000;8197588888;8697588888;1400;1388
398;8249503000;8197588888;8697588888;1398;1386
399;8249696000;8238966666;8738966666;1400;1388
400;8249901000;8238966666;8738966666;1400;1388
401;8249906000;8238966666;8738966666;1398;1386
402;8250103000;8238966666;8738966666;1400;1388
403;8250108000;8238966666;8738966666;1398;1386
404;8250311000;8238966666;8738966666;1400;1388
405;8250316000;8238966666;8738966666;1400;1388
406;8250514000;8238988888;8738988888;982;970
407;8290990000;8239255555;8739255555;1398;1386
407;8291069000;8239255555;8739255555;1398;1386
408;8291083000;8239255555;8739255555;1400;1388
409;8291089000;8239255555;8739255555;1398;1386
410;8291093000;8280633333;8780633333;1400;1388
411;8291097000;8280633333;8780633333;1400;1388
412;8291101000;8280633333;8780633333;1398;1386
413;8291105000;8280633333;8780633333;1400;1388
414;8291108000;8280633333;8780633333;1398;1386
415;8291112000;8280633333;8780633333;1400;1388
416;8291125000;8280633333;8780633333;1400;1388
417;8291128000;8280644444;8780644444;982;970
408;8291154000;8239255555;8739255555;1400;1388
409;8291373000;8239255555;8739255555;1398;1386
410;8291382000;8280633333;8780633333;1400;1388
411;8291578000;8280633333;8780633333;1400;1388
412;8291588000;8280633333;8780633333;1398;1386
413;8291779000;8280633333;8780633333;1400;1388
414;8291787000;8280633333;8780633333;1398;1386
415;8291989000;8280633333;8780633333;1400;1388
416;8291997000;8280633333;8780633333;1400;1388
417;8292194000;8280644444;8780644444;982;970
418;8332683000;8280944444;8780944444;1398;1386
418;8332729000;8280944444;8780944444;1398;1386
419;8332802000;8280944444;8780944444;1400;1388
420;8332832000;8280944444;8780944444;1398;1386
421;8332836000;8322300000;8822300000;1400;1388
422;8332841000;8322300000;8822300000;1400;1388
423;8332844000;8322300000;8822300000;1398;1386
424;8332848000;8322300000;8822300000;1400;1388
425;8332851000;8322300000;8822300000;1398;1386
420;8332863000;8280944444;8780944444;1398;1386
421;8332886000;8322300000;8822300000;1400;1388
426;8333001000;8322300000;8822300000;1400;1388
427;8333031000;8322300000;8822300000;1400;1388
428;8333036000;8322322222;8822322222;982;970
423;8333079000;8322300000;8822300000;1398;1386
424;8333235000;8322300000;8822300000;1400;1388
425;8333243000;8322300000;8822300000;1398;1386
426;8333441000;8322300000;8822300000;1400;1388
427;8333449000;8322300000;8822300000;1400;1388
428;8333674000;8322322222;8822322222;982;970
429;8374287000;8322600000;8822600000;1398;1386
429;8374322000;8322600000;8822600000;1398;1386
430;8374346000;8322600000;8822600000;1400;1388
431;8374354000;8322600000;8822600000;1398;1386
432;8374360000;8363933333;8863933333;1400;1388
433;8374366000;8363933333;8863933333;1400;1388
434;8374371000;8363933333;8863933333;1398;1386
435;8374376000;8363933333;8863933333;1400;1388
436;8374382000;8363933333;8863933333;1398;1386
438;8374387000;8363933333;8863933333;1400;1388
439;8374408000;8363955555;8863955555;982;970
430;8374472000;8322600000;8822600000;1400;1388
431;8374660000;8322600000;8822600000;1398;1386
432;8374669000;8363933333;8863933333;1400;1388
433;8374865000;8363933333;8863933333;1400;1388
434;8374874000;8363933333;8863933333;1398;1386
435;8375070000;8363933333;8863933333;1400;1388
436;8375078000;8363933333;8863933333;1398;1386
437;8375274000;8363933333;8863933333;1400;1388
438;8375481000;8363933333;8863933333;1400;1388
439;8375490000;8363955555;8863955555;982;970
440;8416019000;8364244444;8864244444;1398;1386
440;8416075000;8364244444;8864244444;1398;1386
441;8416099000;8364244444;8864244444;1400;1388
442;8416104000;8364244444;8864244444;1398;1386
443;8416107000;8405633333;8905633333;1400;1388
444;8416111000;8405633333;8905633333;1400;1388
445;8416115000;8405633333;8905633333;1398;1386
446;8416129000;8405633333;8905633333;1400;1388
447;8416133000;8405633333;8905633333;1398;1386
448;8416136000;8405633333;8905633333;1400;1388
449;8416140000;8405633333;8905633333;1400;1388
450;8416143000;8405655555;8905655555;982;970
441;8416156000;8364244444;8864244444;1400;1388
442;8416381000;8364244444;8864244444;1398;1386
443;8416391000;8405633333;8905633333;1400;1388
444;8416582000;8405633333;8905633333;1400;1388
445;8416592000;8405633333;8905633333;1398;1386
448;8416782000;8405633333;8905633333;1400;1388
449;8416791000;8405633333;8905633333;1400;1388
451;8457662000;8405944444;8905944444;1398;1386
451;8457707000;8405944444;8905944444;1398;1386
452;8457725000;8405944444;8905944444;1400;1388
453;8457744000;8405944444;8905944444;1398;1386
454;8457750000;8447300000;8947300000;1400;1388
455;8457756000;8447300000;8947300000;1400;1388
456;8457761000;8447300000;8947300000;1398;1386
457;8457766000;8447300000;8947300000;1400;1388
458;8457771000;8447300000;8947300000;1398;1386
459;8457776000;8447300000;8947300000;1400;1388
460;8457791000;8447300000;8947300000;1400;1388
461;8457797000;8447311111;8947311111;982;970
452;8457823000;8405944444;8905944444;1400;1388
453;8458023000;8405944444;8905944444;1398;1386
456;8458033000;8447300000;8947300000;1398;1386
458;8458228000;8447300000;8947300000;1398;1386
459;8458237000;8447300000;8947300000;1400;1388
461;8458431000;8447311111;8947311111;982;970
462;8499354000;8447577777;8947577777;1398;1386
462;8499426000;8447577777;8947577777;1398;1386
463;8499440000;8447577777;8947577777;1400;1388
464;8499446000;8447577777;8947577777;1398;1386
465;8499462000;8488966666;8988966666;1400;1388
466;8499466000;8488966666;8988966666;1400;1388
467;8499470000;8488966666;8988966666;1398;1386
468;8499473000;8488966666;8988966666;1400;1388
471;8499477000;8488966666;8988966666;1400;1388
463;8499505000;8447577777;8947577777;1400;1388
472;8499583000;8488988888;8988988888;982;970
464;8499702000;8447577777;8947577777;1398;1386
465;8499712000;8488966666;8988966666;1400;1388
466;8499903000;8488966666;8988966666;1400;1388
467;8499912000;8488966666;8988966666;1398;1386
468;8500122000;8488966666;8988966666;1400;1388
469;8500130000;8488966666;8988966666;1398;1386
470;8500323000;8488966666;8988966666;1400;1388
471;8500345000;8488966666;8988966666;1400;1388
473;8540979000;8489266666;8989266666;1398;1386
473;8541011000;8489266666;8989266666;1398;1386
474;8541041000;8489266666;8989266666;1400;1388
475;8541061000;8489266666;8989266666;1398;1386
476;8541065000;8530633333;9030633333;1400;1388
477;8541069000;8530633333;9030633333;1400;1388
478;8541072000;8530633333;9030633333;1398;1386
479;8541076000;8530633333;9030633333;1400;1388
480;8541079000;8530633333;9030633333;1398;1386
481;8541083000;8530633333;9030633333;1400;1388
482;8541087000;8530633333;9030633333;1400;1388
483;8541090000;8530655555;9030655555;982;970
474;8541166000;8489266666;8989266666;1400;1388
475;8541175000;8489266666;8989266666;1398;1386
476;8541375000;8530633333;9030633333;1400;1388
477;8541581000;8530633333;9030633333;1400;1388
478;8541590000;8530633333;9030633333;1398;1386
479;8541771000;8530633333;9030633333;1400;1388
480;8541777000;8530633333;9030633333;1398;1386
481;8541980000;8530633333;9030633333;1400;1388
482;8541985000;8530633333;9030633333;1400;1388
483;8542184000;8530655555;9030655555;982;970
484;8582633000;8530955555;9030955555;1398;1386
484;8582647000;8530955555;9030955555;1398;1386
485;8582666000;8530955555;9030955555;1400;1388
486;8582670000;8530955555;9030955555;1398;1386
487;8582674000;8572300000;9072300000;1400;1388
488;8582677000;8572300000;9072300000;1400;1388
489;8582681000;8572300000;9072300000;1398;1386
490;8582684000;8572300000;9072300000;1400;1388
491;8582687000;8572300000;9072300000;1398;1386
492;8582690000;8572300000;9072300000;1400;1388
493;8582693000;8572300000;9072300000;1400;1388
494;8582697000;8572322222;9072322222;982;970
485;8582831000;8530955555;9030955555;1400;1388
486;8582838000;8530955555;9030955555;1398;1386
487;8583030000;8572300000;9072300000;1400;1388
488;8583229000;8572300000;9072300000;1400;1388
489;8583235000;8572300000;9072300000;1398;1386
490;8583434000;8572300000;9072300000;1400;1388
491;8583439000;8572300000;9072300000;1398;1386
492;8583644000;8572300000;9072300000;1400;1388
493;8583649000;8572300000;9072300000;1400;1388
494;8583848000;8572322222;9072322222;982;970
497;8624266000;8572600000;9072600000;1398;1386
495;8624292000;8572600000;9072600000;1398;1386
496;8624328000;8572600000;9072600000;1400;1388
497;8624333000;8572600000;9072600000;1398;1386
498;8624338000;8613933333;9113933333;1400;1388
499;8624342000;8613933333;9113933333;1400;1388
500;8624355000;8613933333;9113933333;1398;1386
501;8624359000;8613933333;9113933333;1400;1388
502;8624362000;8613933333;9113933333;1398;1386
503;8624375000;8613933333;9113933333;1400;1388
504;8624378000;8613933333;9113933333;1400;1388
505;8624381000;8613955555;9113955555;982;970
498;8624471000;8613933333;9113933333;1400;1388
499;8624477000;8613933333;9113933333;1400;1388
502;8624667000;8613933333;9113933333;1398;1386
503;8624873000;8613933333;9113933333;1400;1388
504;8624878000;8613933333;9113933333;1400;1388
505;8625078000;8613955555;9113955555;982;970
507;8665957000;8614222222;9114222222;1400;1388
506;8666001000;8614222222;9114222222;1398;1386
507;8666025000;8614222222;9114222222;1400;1388
508;8666040000;8614222222;9114222222;1398;1386
509;8666062000;8655633333;9155633333;1400;1388
510;8666067000;8655633333;9155633333;1400;1388
511;8666071000;8655633333;9155633333;1398;1386
512;8666075000;8655633333;9155633333;1400;1388
513;8666087000;8655633333;9155633333;1398;1386
514;8666091000;8655633333;9155633333;1400;1388
515;8666105000;8655633333;9155633333;1400;1388
516;8666109000;8655655555;9155655555;982;970
508;8666197000;8614222222;9114222222;1398;1386
509;8666206000;8655633333;9155633333;1400;1388
510;8666377000;8655633333;9155633333;1400;1388
511;8666582000;8655633333;9155633333;1398;1386
512;8666590000;8655633333;9155633333;1400;1388
513;8666782000;8655633333;9155633333;1398;1386
514;8666791000;8655633333;9155633333;1400;1388
515;8666984000;8655633333;9155633333;1400;1388
516;8666993000;8655655555;9155655555;982;970
517;8707675000;8655955555;9155955555;1398;1386
517;8707738000;8655955555;9155955555;1398;1386
518;8707752000;8655955555;9155955555;1400;1388
519;8707757000;8655955555;9155955555;1398;1386
520;8707760000;8697300000;9197300000;1400;1388
521;8707764000;8697300000;9197300000;1400;1388
522;8707797000;8697300000;9197300000;1398;1386
523;8707801000;8697300000;9197300000;1400;1388
524;8707804000;8697300000;9197300000;1398;1386
525;8707808000;8697300000;9197300000;1400;1388
519;8707833000;8655955555;9155955555;1398;1386
520;8708042000;8697300000;9197300000;1400;1388
521;8708059000;8697300000;9197300000;1400;1388
522;8708240000;8697300000;9197300000;1398;1386
523;8708250000;8697300000;9197300000;1400;1388
524;8708448000;8697300000;9197300000;1398;1386
525;8708457000;8697300000;9197300000;1400;1388
526;8708650000;8697300000;9197300000;1400;1388
527;8708658000;8697311111;9197311111;982;970
528;8749303000;8697600000;9197600000;1398;1386
528;8749334000;8697600000;9197600000;1398;1386
529;8749345000;8697600000;9197600000;1400;1388
530;8749349000;8697600000;9197600000;1398;1386
531;8749353000;8738966666;9238966666;1400;1388
532;8749357000;8738966666;9238966666;1400;1388
533;8749361000;8738966666;9238966666;1398;1386
534;8749364000;8738966666;9238966666;1400;1388
535;8749368000;8738966666;9238966666;1398;1386
530;8749508000;8697600000;9197600000;1398;1386
531;8749517000;8738966666;9238966666;1400;1388
532;8749707000;8738966666;9238966666;1400;1388
533;8749913000;8738966666;9238966666;1398;1386
534;8749922000;8738966666;9238966666;1400;1388
535;8750105000;8738966666;9238966666;1398;1386
536;8750110000;8738966666;9238966666;1400;1388
537;8750305000;8738966666;9238966666;1400;1388
538;8750314000;8738977777;9238977777;982;970
542;8790972000;8780633333;9280633333;1400;1388
539;8790997000;8739266666;9239266666;1398;1386
540;8791040000;8739266666;9239266666;1400;1388
541;8791054000;8739266666;9239266666;1398;1386
542;8791062000;8780633333;9280633333;1400;1388
543;8791066000;8780633333;9280633333;1400;1388
545;8791070000;8780633333;9280633333;1400;1388
546;8791085000;8780633333;9280633333;1398;1386
547;8791088000;8780633333;9280633333;1400;1388
548;8791092000;8780633333;9280633333;1400;1388
549;8791095000;8780644444;9280644444;982;970
543;8791161000;8780633333;9280633333;1400;1388
544;8791167000;8780633333;9280633333;1398;1386
545;8791380000;8780633333;9280633333;1400;1388
546;8791574000;8780633333;9280633333;1398;1386
547;8791578000;8780633333;9280633333;1400;1388
548;8791778000;8780633333;9280633333;1400;1388
549;8791783000;8780644444;9280644444;982;970
550;8832644000;8780955555;9280955555;1398;1386
550;8832675000;8780955555;9280955555;1398;1386
552;8832686000;8780955555;9280955555;1398;1386
553;8832703000;8822300000;9322300000;1400;1388
554;8832707000;8822300000;9322300000;1400;1388
555;8832719000;8822300000;9322300000;1398;1386
556;8832724000;8822300000;9322300000;1400;1388
557;8832736000;8822300000;9322300000;1398;1386
558;8832740000;8822300000;9322300000;1400;1388
559;8832743000;8822300000;9322300000;1400;1388
560;8832746000;8822322222;9322322222;982;970
551;8832845000;8780955555;9280955555;1400;1388
552;8832868000;8780955555;9280955555;1398;1386
553;8833042000;8822300000;9322300000;1400;1388
554;8833241000;8822300000;9322300000;1400;1388
555;8833249000;8822300000;9322300000;1398;1386
556;8833448000;8822300000;9322300000;1400;1388
557;8833457000;8822300000;9322300000;1398;1386
558;8833657000;8822300000;9322300000;1400;1388
559;8833666000;8822300000;9322300000;1400;1388
560;8833860000;8822322222;9322322222;982;970
564;8874282000;8863966666;9363966666;1400;1388
561;8874314000;8822588888;9322588888;1398;1386
562;8874340000;8822588888;9322588888;1400;1388
565;8874356000;8863966666;9363966666;1400;1388
566;8874361000;8863966666;9363966666;1398;1386
567;8874365000;8863966666;9363966666;1400;1388
568;8874369000;8863966666;9363966666;1398;1386
569;8874373000;8863966666;9363966666;1400;1388
570;8874376000;8863966666;9363966666;1400;1388
571;8874380000;8863977777;9363977777;982;970
565;8874470000;8863966666;9363966666;1400;1388
566;8874669000;8863966666;9363966666;1398;1386
567;8874675000;8863966666;9363966666;1400;1388
568;8874871000;8863966666;9363966666;1398;1386
569;8874876000;8863966666;9363966666;1400;1388
570;8875076000;8863966666;9363966666;1400;1388
572;8915965000;8864255555;9364255555;1398;1386
572;8915999000;8864255555;9364255555;1398;1386
573;8916069000;8864255555;9364255555;1400;1388
574;8916083000;8864255555;9364255555;1398;1386
575;8916096000;8905633333;9405633333;1400;1388
576;8916100000;8905633333;9405633333;1400;1388
577;8916104000;8905633333;9405633333;1398;1386
578;8916107000;8905633333;9405633333;1400;1388
579;8916110000;8905633333;9405633333;1398;1386
580;8916113000;8905633333;9405633333;1400;1388
581;8916127000;8905633333;9405633333;1400;1388
582;8916130000;8905655555;9405655555;982;970
573;8916164000;8864255555;9364255555;1400;1388
574;8916374000;8864255555;9364255555;1398;1386
575;8916383000;8905633333;9405633333;1400;1388
576;8916580000;8905633333;9405633333;1400;1388
577;8916589000;8905633333;9405633333;1398;1386
579;8916780000;8905633333;9405633333;1398;1386
580;8916788000;8905633333;9405633333;1400;1388
582;8916988000;8905655555;9405655555;982;970
583;8957615000;8905955555;9405955555;1398;1386
584;8957636000;8905955555;9405955555;1400;1388
589;8957640000;8947266666;9447266666;1400;1388
590;8957657000;8947266666;9447266666;1398;1386
583;8957679000;8905955555;9405955555;1398;1386
591;8957771000;8947266666;9447266666;1400;1388
592;8957785000;8947266666;9447266666;1400;1388
584;8957814000;8905955555;9405955555;1400;1388
585;8957823000;8905955555;9405955555;1398;1386
586;8958009000;8947266666;9447266666;1400;1388
587;8958208000;8947266666;9447266666;1400;1388
588;8958232000;8947266666;9447266666;1398;1386
589;8958416000;8947266666;9447266666;1400;1388
590;8958425000;8947266666;9447266666;1398;1386
591;8958626000;8947266666;9447266666;1400;1388
592;8958635000;8947266666;9447266666;1400;1388
593;8958828000;8947288888;9447288888;982;970
595;8999274000;8947577777;9447577777;1400;1388
596;8999307000;8947577777;9447577777;1398;1386
597;8999341000;8988933333;9488933333;1400;1388
598;8999345000;8988933333;9488933333;1400;1388
599;8999349000;8988933333;9488933333;1398;1386
600;8999352000;8988933333;9488933333;1400;1388
601;8999356000;8988933333;9488933333;1398;1386
602;8999359000;8988933333;9488933333;1400;1388
603;8999362000;8988933333;9488933333;1400;1388
604;8999366000;8988955555;9488955555;982;970
596;8999478000;8947577777;9447577777;1398;1386
597;8999487000;8988933333;9488933333;1400;1388
598;8999668000;8988933333;9488933333;1400;1388
599;8999873000;8988933333;9488933333;1398;1386
600;8999879000;8988933333;9488933333;1400;1388
601;9000072000;8988933333;9488933333;1398;1386
602;9000077000;8988933333;9488933333;1400;1388
603;9000275000;8988933333;9488933333;1400;1388
604;9000280000;8988955555;9488955555;982;970
605;9040962000;8989255555;9489255555;1398;1386
605;9040978000;8989255555;9489255555;1398;1386
606;9040998000;8989255555;9489255555;1400;1388
607;9041002000;8989255555;9489255555;1398;1386
608;9041006000;9030633333;9530633333;1400;1388
609;9041010000;9030633333;9530633333;1400;1388
610;9041013000;9030633333;9530633333;1398;1386
611;9041016000;9030633333;9530633333;1400;1388
612;9041019000;9030633333;9530633333;1398;1386
613;9041023000;9030633333;9530633333;1400;1388
614;9041026000;9030633333;9530633333;1400;1388
615;9041029000;9030655555;9530655555;982;970
606;9041174000;8989255555;9489255555;1400;1388
607;9041184000;8989255555;9489255555;1398;1386
608;9041373000;9030633333;9530633333;1400;1388
609;9041580000;9030633333;9530633333;1400;1388
610;9041589000;9030633333;9530633333;1398;1386
611;9041780000;9030633333;9530633333;1400;1388
612;9041789000;9030633333;9530633333;1398;1386
613;9041990000;9030633333;9530633333;1400;1388
614;9041998000;9030633333;9530633333;1400;1388
615;9042193000;9030655555;9530655555;982;970
616;9082636000;9030955555;9530955555;1398;1386
616;9082662000;9030955555;9530955555;1398;1386
617;9082672000;9030955555;9530955555;1400;1388
618;9082676000;9030955555;9530955555;1398;1386
619;9082680000;9072300000;9572300000;1400;1388
620;9082684000;9072300000;9572300000;1400;1388
621;9082687000;9072300000;9572300000;1398;1386
622;9082690000;9072300000;9572300000;1400;1388
623;9082693000;9072300000;9572300000;1398;1386
624;9082696000;9072300000;9572300000;1400;1388
625;9082700000;9072300000;9572300000;1400;1388
626;9082711000;9072311111;9572311111;982;970
618;9082831000;9030955555;9530955555;1398;1386
619;9082838000;9072300000;9572300000;1400;1388
620;9083030000;9072300000;9572300000;1400;1388
621;9083229000;9072300000;9572300000;1398;1386
622;9083234000;9072300000;9572300000;1400;1388
623;9083435000;9072300000;9572300000;1398;1386
624;9083439000;9072300000;9572300000;1400;1388
625;9083647000;9072300000;9572300000;1400;1388
626;9083652000;9072311111;9572311111;982;970
627;9124303000;9072600000;9572600000;1398;1386
627;9124335000;9072600000;9572600000;1398;1386
628;9124346000;9072600000;9572600000;1400;1388
629;9124351000;9072600000;9572600000;1398;1386
630;9124354000;9113966666;9613966666;1400;1388
631;9124358000;9113966666;9613966666;1400;1388
632;9124361000;9113966666;9613966666;1398;1386
633;9124365000;9113966666;9613966666;1400;1388
634;9124368000;9113966666;9613966666;1398;1386
635;9124371000;9113966666;9613966666;1400;1388
636;9124374000;9113966666;9613966666;1400;1388
637;9124377000;9113988888;9613988888;982;970
628;9124508000;9072600000;9572600000;1400;1388
629;9124517000;9072600000;9572600000;1398;1386
630;9124697000;9113966666;9613966666;1400;1388
631;9124901000;9113966666;9613966666;1400;1388
632;9124906000;9113966666;9613966666;1398;1386
633;9125103000;9113966666;9613966666;1400;1388
634;9125108000;9113966666;9613966666;1398;1386
635;9125311000;9113966666;9613966666;1400;1388
636;9125316000;9113966666;9613966666;1400;1388
637;9125514000;9113988888;9613988888;982;970
638;9165931000;9114244444;9614244444;1398;1386
638;9165949000;9114244444;9614244444;1398;1386
639;9165969000;9114244444;9614244444;1400;1388
640;9165974000;9114244444;9614244444;1398;1386
641;9165977000;9155600000;9655600000;1400;1388
642;9165981000;9155600000;9655600000;1400;1388
643;9165984000;9155600000;9655600000;1398;1386
644;9165987000;9155600000;9655600000;1400;1388
645;9165990000;9155600000;9655600000;1398;1386
646;9165993000;9155600000;9655600000;1400;1388
647;9165997000;9155600000;9655600000;1400;1388
648;9166000000;9155622222;9655622222;982;970
639;9166145000;9114244444;9614244444;1400;1388
640;9166154000;9114244444;9614244444;1398;1386
642;9166336000;9155600000;9655600000;1400;1388
643;9166549000;9155600000;9655600000;1398;1386
644;9166557000;9155600000;9655600000;1400;1388
645;9166750000;9155600000;9655600000;1398;1386
646;9166758000;9155600000;9655600000;1400;1388
647;9166952000;9155600000;9655600000;1400;1388
648;9166961000;9155622222;9655622222;982;970
649;9207617000;9155911111;9655911111;1398;1386
649;9207649000;9155911111;9655911111;1398;1386
650;9207661000;9155911111;9655911111;1400;1388
651;9207665000;9155911111;9655911111;1398;1386
652;9207669000;9197277777;9697277777;1400;1388
653;9207673000;9197277777;9697277777;1400;1388
654;9207676000;9197277777;9697277777;1398;1386
655;9207679000;9197277777;9697277777;1400;1388
656;9207682000;9197277777;9697277777;1398;1386
657;9207685000;9197277777;9697277777;1400;1388
658;9207689000;9197277777;9697277777;1400;1388
659;9207692000;9197288888;9697288888;982;970
650;9207815000;9155911111;9655911111;1400;1388
652;9207824000;9197277777;9697277777;1400;1388
653;9208015000;9197277777;9697277777;1400;1388
654;9208215000;9197277777;9697277777;1398;1386
655;9208223000;9197277777;9697277777;1400;1388
656;9208421000;9197277777;9697277777;1398;1386
657;9208429000;9197277777;9697277777;1400;1388
658;9208623000;9197277777;9697277777;1400;1388
659;9208631000;9197288888;9697288888;982;970
660;9249272000;9197588888;9697588888;1398;1386
660;9249294000;9197588888;9697588888;1398;1386
661;9249313000;9197588888;9697588888;1400;1388
664;9249318000;9238933333;9738933333;1400;1388
665;9249334000;9238933333;9738933333;1398;1386
666;9249338000;9238933333;9738933333;1400;1388
667;9249342000;9238933333;9738933333;1398;1386
668;9249345000;9238933333;9738933333;1400;1388
669;9249349000;9238933333;9738933333;1400;1388
670;9249352000;9238955555;9738955555;982;970
661;9249476000;9197588888;9697588888;1400;1388
663;9249486000;9238933333;9738933333;1400;1388
664;9249675000;9238933333;9738933333;1400;1388
665;9249880000;9238933333;9738933333;1398;1386
666;9249897000;9238933333;9738933333;1400;1388
667;9250084000;9238933333;9738933333;1398;1386
668;9250092000;9238933333;9738933333;1400;1388
671;9290932000;9239233333;9739233333;1398;1386
671;9290961000;9239233333;9739233333;1398;1386
674;9290982000;9280600000;9780600000;1400;1388
675;9290987000;9280600000;9780600000;1400;1388
676;9290991000;9280600000;9780600000;1398;1386
677;9290994000;9280600000;9780600000;1400;1388
678;9290997000;9280600000;9780600000;1398;1386
679;9291010000;9280600000;9780600000;1400;1388
680;9291013000;9280600000;9780600000;1400;1388
681;9291016000;9280622222;9780622222;982;970
672;9291145000;9239233333;9739233333;1400;1388
673;9291155000;9239233333;9739233333;1398;1386
674;9291343000;9280600000;9780600000;1400;1388
675;9291550000;9280600000;9780600000;1400;1388
676;9291559000;9280600000;9780600000;1398;1386
678;9291750000;9280600000;9780600000;1398;1386
679;9291758000;9280600000;9780600000;1400;1388
680;9291958000;9280600000;9780600000;1400;1388
682;9332629000;9280933333;9780933333;1398;1386
682;9332647000;9280933333;9780933333;1398;1386
683;9332720000;9280933333;9780933333;1400;1388
684;9332733000;9280933333;9780933333;1398;1386
685;9332737000;9322300000;9822300000;1400;1388
686;9332741000;9322300000;9822300000;1400;1388
687;9332744000;9322300000;9822300000;1398;1386
688;9332748000;9322300000;9822300000;1400;1388
690;9332751000;9322300000;9822300000;1400;1388
691;9332759000;9322300000;9822300000;1400;1388
692;9332766000;9322322222;9822322222;982;970
683;9332839000;9280933333;9780933333;1400;1388
684;9332849000;9280933333;9780933333;1398;1386
686;9333042000;9322300000;9822300000;1400;1388
687;9333241000;9322300000;9822300000;1398;1386
688;9333250000;9322300000;9822300000;1400;1388
689;9333448000;9322300000;9822300000;1398;1386
690;9333471000;9322300000;9822300000;1400;1388
691;9333651000;9322300000;9822300000;1400;1388
692;9333659000;9322322222;9822322222;982;970
693;9374306000;9322611111;9822611111;1398;1386
693;9374337000;9322611111;9822611111;1398;1386
694;9374348000;9322611111;9822611111;1400;1388
695;9374353000;9322611111;9822611111;1398;1386
696;9374356000;9363966666;9863966666;1400;1388
697;9374360000;9363966666;9863966666;1400;1388
698;9374364000;9363966666;9863966666;1398;1386
699;9374367000;9363966666;9863966666;1400;1388
700;9374370000;9363966666;9863966666;1398;1386
701;9374373000;9363966666;9863966666;1400;1388
702;9374376000;9363966666;9863966666;1400;1388
703;9374379000;9363988888;9863988888;982;970
694;9374509000;9322611111;9822611111;1400;1388
695;9374519000;9322611111;9822611111;1398;1386
696;9374699000;9363966666;9863966666;1400;1388
697;9374903000;9363966666;9863966666;1400;1388
698;9374908000;9363966666;9863966666;1398;1386
699;9375104000;9363966666;9863966666;1400;1388
700;9375108000;9363966666;9863966666;1398;1386
701;9375313000;9363966666;9863966666;1400;1388
702;9375318000;9363966666;9863966666;1400;1388
703;9375516000;9363988888;9863988888;982;970
704;9415955000;9364288888;9864288888;1398;1386
704;9415972000;9364288888;9864288888;1398;1386
705;9415991000;9364288888;9864288888;1400;1388
706;9415995000;9364288888;9864288888;1398;1386
707;9415999000;9405633333;9905633333;1400;1388
708;9416002000;9405633333;9905633333;1400;1388
709;9416006000;9405633333;9905633333;1398;1386
712;9416009000;9405633333;9905633333;1400;1388
713;9416016000;9405633333;9905633333;1400;1388
714;9416023000;9405644444;9905644444;982;970
705;9416166000;9364288888;9864288888;1400;1388
706;9416172000;9364288888;9864288888;1398;1386
707;9416365000;9405633333;9905633333;1400;1388
708;9416569000;9405633333;9905633333;1400;1388
709;9416574000;9405633333;9905633333;1398;1386
710;9416771000;9405633333;9905633333;1400;1388
711;9416790000;9405633333;9905633333;1398;1386
712;9416979000;9405633333;9905633333;1400;1388
713;9416984000;9405633333;9905633333;1400;1388
714;9417182000;9405644444;9905644444;982;970
715;9457644000;9405933333;9905933333;1398;1386
715;9457666000;9405933333;9905933333;1398;1386
716;9457685000;9405933333;9905933333;1400;1388
717;9457690000;9405933333;9905933333;1398;1386
718;9457701000;9447300000;9947300000;1400;1388
719;9457705000;9447300000;9947300000;1400;1388
720;9457708000;9447300000;9947300000;1398;1386
721;9457712000;9447300000;9947300000;1400;1388
724;9457715000;9447300000;9947300000;1400;1388
725;9457723000;9447322222;9947322222;982;970
716;9457830000;9405933333;9905933333;1400;1388
717;9457836000;9405933333;9905933333;1398;1386
718;9458028000;9447300000;9947300000;1400;1388
719;9458228000;9447300000;9947300000;1400;1388
720;9458234000;9447300000;9947300000;1398;1386
721;9458435000;9447300000;9947300000;1400;1388
722;9458440000;9447300000;9947300000;1398;1386
723;9458639000;9447300000;9947300000;1400;1388
725;9458656000;9447322222;9947322222;982;970
726;9499309000;9447588888;9947588888;1398;1386
727;9499373000;9447588888;9947588888;1400;1388
728;9499387000;9447588888;9947588888;1398;1386
729;9499391000;9488933333;9988933333;1400;1388
730;9499395000;9488933333;9988933333;1400;1388
731;9499399000;9488933333;9988933333;1398;1386
732;9499402000;9488933333;9988933333;1400;1388
733;9499405000;9488933333;9988933333;1398;1386
734;9499409000;9488933333;9988933333;1400;1388
735;9499413000;9488933333;9988933333;1400;1388
727;9499466000;9447588888;9947588888;1400;1388
728;9499677000;9447588888;9947588888;1398;1386
729;9499686000;9488933333;9988933333;1400;1388
730;9499882000;9488933333;9988933333;1400;1388
731;9499891000;9488933333;9988933333;1398;1386
732;9500084000;9488933333;9988933333;1400;1388
733;9500093000;9488933333;9988933333;1398;1386
734;9500286000;9488933333;9988933333;1400;1388
735;9500294000;9488933333;9988933333;1400;1388
736;9500495000;9488955555;9988955555;982;970
737;9540936000;9489244444;9989244444;1398;1386
738;9540967000;9489244444;9989244444;1400;1388
739;9540978000;9489244444;9989244444;1398;1386
740;9540982000;9530600000;10030600000;1400;1388
741;9540986000;9530600000;10030600000;1400;1388
742;9540989000;9530600000;10030600000;1398;1386
743;9540993000;9530600000;10030600000;1400;1388
744;9540997000;9530600000;10030600000;1398;1386
745;9541000000;9530600000;10030600000;1400;1388
746;9541003000;9530600000;10030600000;1400;1388
747;9541007000;9530622222;10030622222;982;970
738;9541146000;9489244444;9989244444;1400;1388
739;9541155000;9489244444;9989244444;1398;1386
740;9541333000;9530600000;10030600000;1400;1388
741;9541538000;9530600000;10030600000;1400;1388
742;9541543000;9530600000;10030600000;1398;1386
743;9541739000;9530600000;10030600000;1400;1388
744;9541744000;9530600000;10030600000;1398;1386
745;9541947000;9530600000;10030600000;1400;1388
746;9541952000;9530600000;10030600000;1400;1388
747;9542151000;9530622222;10030622222;982;970
748;9582637000;9530933333;10030933333;1398;1386
748;9582652000;9530933333;10030933333;1398;1386
749;9582671000;9530933333;10030933333;1400;1388
750;9582675000;9530933333;10030933333;1398;1386
752;9582679000;9572300000;10072300000;1400;1388
753;9582688000;9572300000;10072300000;1398;1386
755;9582695000;9572300000;10072300000;1398;1386
756;9582700000;9572300000;10072300000;1400;1388
757;9582703000;9572300000;10072300000;1400;1388
758;9582706000;9572322222;10072322222;982;970
749;9582843000;9530933333;10030933333;1400;1388
750;9582852000;9530933333;10030933333;1398;1386
751;9583042000;9572300000;10072300000;1400;1388
752;9583242000;9572300000;10072300000;1400;1388
753;9583251000;9572300000;10072300000;1398;1386
754;9583449000;9572300000;10072300000;1400;1388
755;9583472000;9572300000;10072300000;1398;1386
756;9583659000;9572300000;10072300000;1400;1388
757;9583668000;9572300000;10072300000;1400;1388
758;9583861000;9572322222;10072322222;982;970
759;9624296000;9572622222;10072622222;1398;1386
759;9624311000;9572622222;10072622222;1398;1386
760;9624329000;9572622222;10072622222;1400;1388
761;9624334000;9572622222;10072622222;1398;1386
762;9624337000;9613966666;10113966666;1400;1388
763;9624341000;9613966666;10113966666;1400;1388
764;9624344000;9613966666;10113966666;1398;1386
765;9624348000;9613966666;10113966666;1400;1388
766;9624351000;9613966666;10113966666;1398;1386
767;9624354000;9613966666;10113966666;1400;1388
768;9624358000;9613966666;10113966666;1400;1388
769;9624379000;9613988888;10113988888;982;970
760;9624510000;9572622222;10072622222;1400;1388
761;9624519000;9572622222;10072622222;1398;1386
762;9624709000;9613966666;10113966666;1400;1388
763;9624915000;9613966666;10113966666;1400;1388
764;9624924000;9613966666;10113966666;1398;1386
765;9625116000;9613966666;10113966666;1400;1388
766;9625124000;9613966666;10113966666;1398;1386
767;9625325000;9613966666;10113966666;1400;1388
768;9625334000;9613966666;10113966666;1400;1388
769;9625528000;9613988888;10113988888;982;970
770;9665933000;9614266666;10114266666;1398;1386
770;9665949000;9614266666;10114266666;1398;1386
771;9665969000;9614266666;10114266666;1400;1388
772;9665974000;9614266666;10114266666;1398;1386
773;9665977000;9655600000;10155600000;1400;1388
774;9665981000;9655600000;10155600000;1400;1388
775;9665984000;9655600000;10155600000;1398;1386
776;9665987000;9655600000;10155600000;1400;1388
777;9665991000;9655600000;10155600000;1398;1386
778;9665994000;9655600000;10155600000;1400;1388
779;9665997000;9655600000;10155600000;1400;1388
780;9666000000;9655622222;10155622222;982;970
771;9666145000;9614266666;10114266666;1400;1388
773;9666154000;9655600000;10155600000;1400;1388
774;9666336000;9655600000;10155600000;1400;1388
775;9666538000;9655600000;10155600000;1398;1386
776;9666543000;9655600000;10155600000;1400;1388
777;9666739000;9655600000;10155600000;1398;1386
778;9666744000;9655600000;10155600000;1400;1388
779;9666941000;9655600000;10155600000;1400;1388
780;9666946000;9655622222;10155622222;982;970
781;9707615000;9655933333;10155933333;1398;1386
781;9707637000;9655933333;10155933333;1398;1386
782;9707657000;9655933333;10155933333;1400;1388
783;9707662000;9655933333;10155933333;1398;1386
784;9707666000;9697266666;10197266666;1400;1388
785;9707670000;9697266666;10197266666;1400;1388
786;9707673000;9697266666;10197266666;1398;1386
787;9707676000;9697266666;10197266666;1400;1388
788;9707679000;9697266666;10197266666;1398;1386
789;9707682000;9697266666;10197266666;1400;1388
790;9707686000;9697266666;10197266666;1400;1388
791;9707689000;9697288888;10197288888;982;970
782;9707813000;9655933333;10155933333;1400;1388
783;9707822000;9655933333;10155933333;1398;1386
784;9708013000;9697266666;10197266666;1400;1388
785;9708213000;9697266666;10197266666;1400;1388
789;9708221000;9697266666;10197266666;1400;1388
790;9708425000;9697266666;10197266666;1400;1388
791;9708434000;9697288888;10197288888;982;970
792;9749304000;9697577777;10197577777;1398;1386
792;9749327000;9697577777;10197577777;1398;1386
793;9749347000;9697577777;10197577777;1400;1388
794;9749351000;9697577777;10197577777;1398;1386
796;9749354000;9738966666;10238966666;1400;1388
797;9749363000;9738966666;10238966666;1398;1386
798;9749369000;9738966666;10238966666;1400;1388
799;9749373000;9738966666;10238966666;1398;1386
800;9749376000;9738966666;10238966666;1400;1388
801;9749379000;9738966666;10238966666;1400;1388
802;9749383000;9738977777;10238977777;982;970
793;9749508000;9697577777;10197577777;1400;1388
794;9749517000;9697577777;10197577777;1398;1386
795;9749707000;9738966666;10238966666;1400;1388
796;9749904000;9738966666;10238966666;1400;1388
797;9749911000;9738966666;10238966666;1398;1386
798;9750104000;9738966666;10238966666;1400;1388
799;9750109000;9738966666;10238966666;1398;1386
800;9750304000;9738966666;10238966666;1400;1388
801;9750517000;9738966666;10238966666;1400;1388
802;9750521000;9738977777;10238977777;982;970
803;9790951000;9739300000;10239300000;1398;1386
803;9790979000;9739300000;10239300000;1398;1386
804;9790988000;9739300000;10239300000;1400;1388
807;9790993000;9780633333;10280633333;1400;1388
808;9791001000;9780633333;10280633333;1398;1386
809;9791008000;9780633333;10280633333;1400;1388
810;9791011000;9780633333;10280633333;1398;1386
811;9791015000;9780633333;10280633333;1400;1388
812;9791018000;9780633333;10280633333;1400;1388
813;9791021000;9780644444;10280644444;982;970
804;9791164000;9739300000;10239300000;1400;1388
805;9791170000;9739300000;10239300000;1398;1386
806;9791372000;9780633333;10280633333;1400;1388
807;9791570000;9780633333;10280633333;1400;1388
808;9791576000;9780633333;10280633333;1398;1386
812;9791771000;9780633333;10280633333;1400;1388
813;9791776000;9780644444;10280644444;982;970
814;9832642000;9780966666;10280966666;1398;1386
814;9832674000;9780966666;10280966666;1398;1386
815;9832686000;9780966666;10280966666;1400;1388
817;9832690000;9822300000;10322300000;1400;1388
818;9832699000;9822300000;10322300000;1400;1388
819;9832705000;9822300000;10322300000;1398;1386
820;9832709000;9822300000;10322300000;1400;1388
821;9832712000;9822300000;10322300000;1398;1386
822;9832716000;9822300000;10322300000;1400;1388
823;9832719000;9822300000;10322300000;1400;1388
824;9832723000;9822311111;10322311111;982;970
815;9832839000;9780966666;10280966666;1400;1388
816;9832849000;9780966666;10280966666;1398;1386
817;9833039000;9822300000;10322300000;1400;1388
818;9833239000;9822300000;10322300000;1400;1388
819;9833248000;9822300000;10322300000;1398;1386
820;9833449000;9822300000;10322300000;1400;1388
825;9874292000;9822600000;10322600000;1398;1386
825;9874319000;9822600000;10322600000;1398;1386
826;9874344000;9822600000;10322600000;1400;1388
827;9874352000;9822600000;10322600000;1398;1386
828;9874357000;9863966666;10363966666;1400;1388
829;9874363000;9863966666;10363966666;1400;1388
830;9874369000;9863966666;10363966666;1398;1386
831;9874374000;9863966666;10363966666;1400;1388
832;9874379000;9863966666;10363966666;1398;1386
833;9874384000;9863966666;10363966666;1400;1388
835;9874389000;9863988888;10363988888;982;970
826;9874485000;9822600000;10322600000;1400;1388
828;9874707000;9863966666;10363966666;1400;1388
829;9874726000;9863966666;10363966666;1400;1388
830;9874894000;9863966666;10363966666;1398;1386
831;9874905000;9863966666;10363966666;1400;1388
832;9875102000;9863966666;10363966666;1398;1386
833;9875111000;9863966666;10363966666;1400;1388
834;9875305000;9863966666;10363966666;1400;1388
835;9875329000;9863988888;10363988888;982;970
836;9915969000;9864277777;10364277777;1398;1386
836;9916064000;9864277777;10364277777;1398;1386
837;9916079000;9864277777;10364277777;1400;1388
838;9916094000;9864277777;10364277777;1398;1386
839;9916099000;9905600000;10405600000;1400;1388
840;9916103000;9905600000;10405600000;1400;1388
841;9916107000;9905600000;10405600000;1398;1386
842;9916110000;9905600000;10405600000;1400;1388
843;9916114000;9905600000;10405600000;1398;1386
844;9916117000;9905600000;10405600000;1400;1388
837;9916128000;9864277777;10364277777;1400;1388
846;9916202000;9905622222;10405622222;982;970
838;9916348000;9864277777;10364277777;1398;1386
839;9916358000;9905600000;10405600000;1400;1388
840;9916549000;9905600000;10405600000;1400;1388
841;9916557000;9905600000;10405600000;1398;1386
842;9916750000;9905600000;10405600000;1400;1388
843;9916758000;9905600000;10405600000;1398;1386
844;9916949000;9905600000;10405600000;1400;1388
845;9916954000;9905600000;10405600000;1400;1388
846;9917152000;9905622222;10405622222;982;970
848;9957636000;9905933333;10405933333;1400;1388
850;9957659000;9947300000;10447300000;1400;1388
851;9957664000;9947300000;10447300000;1400;1388
847;9957692000;9905933333;10405933333;1398;1386
852;9957771000;9947300000;10447300000;1398;1386
853;9957796000;9947300000;10447300000;1400;1388
854;9957801000;9947300000;10447300000;1398;1386
855;9957814000;9947300000;10447300000;1400;1388
856;9957817000;9947300000;10447300000;1400;1388
857;9957821000;9947311111;10447311111;982;970
848;9957837000;9905933333;10405933333;1400;1388
849;9957856000;9905933333;10405933333;1398;1386
850;9958031000;9947300000;10447300000;1400;1388
852;9958240000;9947300000;10447300000;1398;1386
853;9958248000;9947300000;10447300000;1400;1388
854;9958447000;9947300000;10447300000;1398;1386
855;9958455000;9947300000;10447300000;1400;1388
856;9958649000;9947300000;10447300000;1400;1388
857;9958658000;9947311111;10447311111;982;970
858;9999309000;9947611111;10447611111;1398;1386
859;9999331000;9947611111;10447611111;1400;1388
860;9999345000;9947611111;10447611111;1398;1386
861;9999349000;9988966666;10488966666;1400;1388
858;9999361000;9947611111;10447611111;1398;1386
862;9999430000;9988966666;10488966666;1400;1388
864;9999442000;9988966666;10488966666;1400;1388
865;9999459000;9988966666;10488966666;1398;1386
859;9999533000;9947611111;10447611111;1400;1388
860;9999542000;9947611111;10447611111;1398;1386
861;9999708000;9988966666;10488966666;1400;1388
862;9999914000;9988966666;10488966666;1400;1388
863;9999923000;9988966666;10488966666;1398;1386
864;10000112000;9988966666;10488966666;1400;1388
865;10000121000;9988966666;10488966666;1398;1386
866;10000324000;9988966666;10488966666;1400;1388
867;10000332000;9988966666;10488966666;1400;1388
868;10000528000;9988988888;10488988888;982;970
869;10040961000;9989300000;10489300000;1398;1386
869;10040977000;9989300000;10489300000;1398;1386
870;10040997000;9989300000;10489300000;1400;1388
871;10041001000;9989300000;10489300000;1398;1386
872;10041004000;10030633333;10530633333;1400;1388
873;10041008000;10030633333;10530633333;1400;1388
874;10041012000;10030633333;10530633333;1398;1386
875;10041015000;10030633333;10530633333;1400;1388
876;10041018000;10030633333;10530633333;1398;1386
877;10041022000;10030633333;10530633333;1400;1388
878;10041025000;10030633333;10530633333;1400;1388
879;10041028000;10030644444;10530644444;982;970
870;10041175000;9989300000;10489300000;1400;1388
871;10041184000;9989300000;10489300000;1398;1386
872;10041372000;10030633333;10530633333;1400;1388
875;10041577000;10030633333;10530633333;1400;1388
876;10041586000;10030633333;10530633333;1398;1386
877;10041780000;10030633333;10530633333;1400;1388
878;10041788000;10030633333;10530633333;1400;1388
879;10041986000;10030644444;10530644444;982;970
880;10082641000;10030955555;10530955555;1398;1386
880;10082674000;10030955555;10530955555;1398;1386
881;10082685000;10030955555;10530955555;1400;1388
882;10082689000;10030955555;10530955555;1398;1386
883;10082693000;10072300000;10572300000;1400;1388
884;10082697000;10072300000;10572300000;1400;1388
885;10082700000;10072300000;10572300000;1398;1386
886;10082703000;10072300000;10572300000;1400;1388
887;10082706000;10072300000;10572300000;1398;1386
888;10082710000;10072300000;10572300000;1400;1388
889;10082713000;10072300000;10572300000;1400;1388
890;10082717000;10072322222;10572322222;982;970
881;10082839000;10030955555;10530955555;1400;1388
882;10082849000;10030955555;10530955555;1398;1386
883;10083038000;10072300000;10572300000;1400;1388
884;10083239000;10072300000;10572300000;1400;1388
885;10083247000;10072300000;10572300000;1398;1386
886;10083446000;10072300000;10572300000;1400;1388
887;10083454000;10072300000;10572300000;1398;1386
888;10083654000;10072300000;10572300000;1400;1388
889;10083663000;10072300000;10572300000;1400;1388
890;10083858000;10072322222;10572322222;982;970
891;10124265000;10072611111;10572611111;1398;1386
891;10124280000;10072611111;10572611111;1398;1386
892;10124299000;10072611111;10572611111;1400;1388
893;10124304000;10072611111;10572611111;1398;1386
894;10124308000;10113933333;10613933333;1400;1388
895;10124312000;10113933333;10613933333;1400;1388
896;10124315000;10113933333;10613933333;1398;1386
897;10124319000;10113933333;10613933333;1400;1388
898;10124322000;10113933333;10613933333;1398;1386
899;10124325000;10113933333;10613933333;1400;1388
900;10124328000;10113933333;10613933333;1400;1388
901;10124331000;10113955555;10613955555;982;970
892;10124467000;10072611111;10572611111;1400;1388
893;10124474000;10072611111;10572611111;1398;1386
894;10124665000;10113933333;10613933333;1400;1388
895;10124871000;10113933333;10613933333;1400;1388
896;10124876000;10113933333;10613933333;1398;1386
897;10125084000;10113933333;10613933333;1400;1388
899;10125093000;10113933333;10613933333;1400;1388
900;10125285000;10113933333;10613933333;1400;1388
901;10125294000;10113955555;10613955555;982;970
902;10165931000;10114222222;10614222222;1398;1386
902;10165950000;10114222222;10614222222;1398;1386
903;10165970000;10114222222;10614222222;1400;1388
904;10165975000;10114222222;10614222222;1398;1386
905;10165979000;10155600000;10655600000;1400;1388
906;10165983000;10155600000;10655600000;1400;1388
907;10165986000;10155600000;10655600000;1398;1386
908;10165998000;10155600000;10655600000;1400;1388
909;10166002000;10155600000;10655600000;1398;1386
910;10166005000;10155600000;10655600000;1400;1388
911;10166008000;10155600000;10655600000;1400;1388
912;10166011000;10155622222;10655622222;982;970
903;10166145000;10114222222;10614222222;1400;1388
904;10166154000;10114222222;10614222222;1398;1386
905;10166337000;10155600000;10655600000;1400;1388
906;10166550000;10155600000;10655600000;1400;1388
907;10166559000;10155600000;10655600000;1398;1386
908;10166749000;10155600000;10655600000;1400;1388
909;10166758000;10155600000;10655600000;1398;1386
910;10166959000;10155600000;10655600000;1400;1388
911;10166967000;10155600000;10655600000;1400;1388
912;10167164000;10155622222;10655622222;982;970
913;10207645000;10155922222;10655922222;1398;1386
913;10207667000;10155922222;10655922222;1398;1386
914;10207687000;10155922222;10655922222;1400;1388
915;10207692000;10155922222;10655922222;1398;1386
917;10207695000;10197300000;10697300000;1400;1388
919;10207711000;10197300000;10697300000;1400;1388
920;10207715000;10197300000;10697300000;1398;1386
921;10207719000;10197300000;10697300000;1400;1388
922;10207722000;10197300000;10697300000;1400;1388
923;10207725000;10197322222;10697322222;982;970
914;10207840000;10155922222;10655922222;1400;1388
915;10207850000;10155922222;10655922222;1398;1386
916;10208040000;10197300000;10697300000;1400;1388
917;10208238000;10197300000;10697300000;1400;1388
918;10208247000;10197300000;10697300000;1398;1386
919;10208436000;10197300000;10697300000;1400;1388
920;10208442000;10197300000;10697300000;1398;1386
921;10208644000;10197300000;10697300000;1400;1388
922;10208649000;10197300000;10697300000;1400;1388
923;10208847000;10197322222;10697322222;982;970
924;10249263000;10197611111;10697611111;1398;1386
924;10249276000;10197611111;10697611111;1398;1386
928;10249295000;10238933333;10738933333;1400;1388
929;10249313000;10238933333;10738933333;1398;1386
930;10249317000;10238933333;10738933333;1400;1388
931;10249320000;10238933333;10738933333;1398;1386
932;10249323000;10238933333;10738933333;1400;1388
934;10249326000;10238955555;10738955555;982;970
925;10249465000;10197611111;10697611111;1400;1388
926;10249485000;10197611111;10697611111;1398;1386
927;10249678000;10238933333;10738933333;1400;1388
928;10249880000;10238933333;10738933333;1400;1388
929;10249885000;10238933333;10738933333;1398;1386
930;10250072000;10238933333;10738933333;1400;1388
931;10250077000;10238933333;10738933333;1398;1386
932;10250282000;10238933333;10738933333;1400;1388
933;10250494000;10238933333;10738933333;1400;1388
934;10250502000;10238955555;10738955555;982;970
935;10290908000;10239255555;10739255555;1398;1386
935;10290937000;10239255555;10739255555;1398;1386
936;10290946000;10239255555;10739255555;1400;1388
937;10290951000;10239255555;10739255555;1398;1386
938;10290954000;10280600000;10780600000;1400;1388
939;10290958000;10280600000;10780600000;1400;1388
940;10290962000;10280600000;10780600000;1398;1386
941;10290965000;10280600000;10780600000;1400;1388
942;10290968000;10280600000;10780600000;1398;1386
943;10290971000;10280600000;10780600000;1400;1388
944;10290974000;10280600000;10780600000;1400;1388
945;10290978000;10280622222;10780622222;982;970
936;10291119000;10239255555;10739255555;1400;1388
937;10291125000;10239255555;10739255555;1398;1386
938;10291329000;10280600000;10780600000;1400;1388
939;10291534000;10280600000;10780600000;1400;1388
940;10291539000;10280600000;10780600000;1398;1386
941;10291726000;10280600000;10780600000;1400;1388
942;10291731000;10280600000;10780600000;1398;1386
943;10291944000;10280600000;10780600000;1400;1388
944;10291948000;10280600000;10780600000;1400;1388
945;10292148000;10280622222;10780622222;982;970
946;10332591000;10280933333;10780933333;1398;1386
946;10332617000;10280933333;10780933333;1398;1386
947;10332626000;10280933333;10780933333;1400;1388
948;10332630000;10280933333;10780933333;1398;1386
949;10332634000;10322266666;10822266666;1400;1388
950;10332638000;10322266666;10822266666;1400;1388
951;10332641000;10322266666;10822266666;1398;1386
952;10332654000;10322266666;10822266666;1400;1388
953;10332658000;10322266666;10822266666;1398;1386
954;10332661000;10322266666;10822266666;1400;1388
955;10332665000;10322266666;10822266666;1400;1388
956;10332668000;10322277777;10822277777;982;970
947;10332785000;10280933333;10780933333;1400;1388
948;10332791000;10280933333;10780933333;1398;1386
949;10332996000;10322266666;10822266666;1400;1388
950;10333202000;10322266666;10822266666;1400;1388
951;10333207000;10322266666;10822266666;1398;1386
952;10333401000;10322266666;10822266666;1400;1388
953;10333406000;10322266666;10822266666;1398;1386
954;10333600000;10322266666;10822266666;1400;1388
955;10333605000;10322266666;10822266666;1400;1388
956;10333807000;10322277777;10822277777;982;970
957;10374250000;10322577777;10822577777;1398;1386
957;10374264000;10322577777;10822577777;1398;1386
958;10374283000;10322577777;10822577777;1400;1388
962;10374288000;10363933333;10863933333;1398;1386
963;10374305000;10363933333;10863933333;1400;1388
964;10374309000;10363933333;10863933333;1398;1386
965;10374313000;10363933333;10863933333;1400;1388
967;10374316000;10363944444;10863944444;982;970
958;10374437000;10322577777;10822577777;1400;1388
959;10374658000;10322577777;10822577777;1398;1386
960;10374677000;10363933333;10863933333;1400;1388
961;10374872000;10363933333;10863933333;1400;1388
962;10374893000;10363933333;10863933333;1398;1386
963;10375075000;10363933333;10863933333;1400;1388
964;10375080000;10363933333;10863933333;1398;1386
965;10375263000;10363933333;10863933333;1400;1388
966;10375487000;10363933333;10863933333;1400;1388
967;10375510000;10363944444;10863944444;982;970
969;10415930000;10364244444;10864244444;1400;1388
968;10415966000;10364244444;10864244444;1398;1386
970;10416068000;10364244444;10864244444;1398;1386
971;10416091000;10405611111;10905611111;1400;1388
972;10416096000;10405611111;10905611111;1400;1388
973;10416100000;10405611111;10905611111;1398;1386
974;10416104000;10405611111;10905611111;1400;1388
975;10416107000;10405611111;10905611111;1398;1386
976;10416120000;10405611111;10905611111;1400;1388
977;10416124000;10405611111;10905611111;1400;1388
978;10416127000;10405633333;10905633333;982;970
969;10416139000;10364244444;10864244444;1400;1388
970;10416346000;10364244444;10864244444;1398;1386
971;10416355000;10405611111;10905611111;1400;1388
972;10416550000;10405611111;10905611111;1400;1388
973;10416559000;10405611111;10905611111;1398;1386
974;10416751000;10405611111;10905611111;1400;1388
975;10416759000;10405611111;10905611111;1398;1386
977;10416953000;10405611111;10905611111;1400;1388
978;10416961000;10405633333;10905633333;982;970
979;10457609000;10405933333;10905933333;1398;1386
979;10457631000;10405933333;10905933333;1398;1386
980;10457652000;10405933333;10905933333;1400;1388
981;10457656000;10405933333;10905933333;1398;1386
982;10457660000;10447266666;10947266666;1400;1388
983;10457664000;10447266666;10947266666;1400;1388
984;10457667000;10447266666;10947266666;1398;1386
985;10457671000;10447266666;10947266666;1400;1388
987;10457674000;10447266666;10947266666;1400;1388
988;10457689000;10447266666;10947266666;1400;1388
980;10457809000;10405933333;10905933333;1400;1388
981;10457818000;10405933333;10905933333;1398;1386
982;10457997000;10447266666;10947266666;1400;1388
983;10458203000;10447266666;10947266666;1400;1388
984;10458208000;10447266666;10947266666;1398;1386
985;10458402000;10447266666;10947266666;1400;1388
986;10458407000;10447266666;10947266666;1398;1386
987;10458611000;10447266666;10947266666;1400;1388
988;10458616000;10447266666;10947266666;1400;1388
992;10499294000;10447555555;10947555555;1398;1386
990;10499322000;10447555555;10947555555;1398;1386
991;10499342000;10447555555;10947555555;1400;1388
992;10499355000;10447555555;10947555555;1398;1386
993;10499359000;10488966666;10988966666;1400;1388
994;10499364000;10488966666;10988966666;1400;1388
995;10499367000;10488966666;10988966666;1398;1386
996;10499371000;10488966666;10988966666;1400;1388
997;10499374000;10488966666;10988966666;1398;1386
998;10499377000;10488966666;10988966666;1400;1388
999;10499388000;10488966666;10988966666;1400;1388
1000;10499391000;10488988888;10988988888;982;970
993;10499509000;10488966666;10988966666;1400;1388
995;10499515000;10488966666;10988966666;1398;1386
996;10499708000;10488966666;10988966666;1400;1388
997;10499914000;10488966666;10988966666;1398;1386
998;10499918000;10488966666;10988966666;1400;1388
999;10500108000;10488966666;10988966666;1400;1388
1000;10500113000;10488988888;10988988888;982;970
1001;10540962000;10489277777;10989277777;1398;1386
1001;10540978000;10489277777;10989277777;1398;1386
1002;10540998000;10489277777;10989277777;1400;1388
1003;10541002000;10489277777;10989277777;1398;1386
1004;10541006000;10530633333;11030633333;1400;1388
1005;10541009000;10530633333;11030633333;1400;1388
1006;10541012000;10530633333;11030633333;1398;1386
1007;10541016000;10530633333;11030633333;1400;1388
1008;10541019000;10530633333;11030633333;1398;1386
1009;10541022000;10530633333;11030633333;1400;1388
1010;10541025000;10530633333;11030633333;1400;1388
1011;10541028000;10530655555;11030655555;982;970
1002;10541176000;10489277777;10989277777;1400;1388
1003;10541185000;10489277777;10989277777;1398;1386
1004;10541376000;10530633333;11030633333;1400;1388
1005;10541579000;10530633333;11030633333;1400;1388
1006;10541588000;10530633333;11030633333;1398;1386
1007;10541780000;10530633333;11030633333;1400;1388
1008;10541789000;10530633333;11030633333;1398;1386
1009;10541990000;10530633333;11030633333;1400;1388
1010;10541999000;10530633333;11030633333;1400;1388
1011;10542193000;10530655555;11030655555;982;970
1012;10582599000;10530977777;11030977777;1398;1386
1012;10582612000;10530977777;11030977777;1398;1386
1013;10582632000;10530977777;11030977777;1400;1388
1014;10582636000;10530977777;11030977777;1398;1386
1015;10582639000;10572266666;11072266666;1400;1388
1016;10582643000;10572266666;11072266666;1400;1388
1017;10582646000;10572266666;11072266666;1398;1386
1019;10582650000;10572266666;11072266666;1398;1386
1020;10582666000;10572266666;11072266666;1400;1388
1021;10582669000;10572266666;11072266666;1400;1388
1022;10582673000;10572288888;11072288888;982;970
1013;10582805000;10530977777;11030977777;1400;1388
1014;10582811000;10530977777;11030977777;1398;1386
1015;10583005000;10572266666;11072266666;1400;1388
1016;10583203000;10572266666;11072266666;1400;1388
1017;10583209000;10572266666;11072266666;1398;1386
1018;10583409000;10572266666;11072266666;1400;1388
1019;10583428000;10572266666;11072266666;1398;1386
1020;10583619000;10572266666;11072266666;1400;1388
1021;10583624000;10572266666;11072266666;1400;1388
1022;10583822000;10572288888;11072288888;982;970
1023;10624293000;10572588888;11072588888;1398;1386
1023;10624308000;10572588888;11072588888;1398;1386
1024;10624328000;10572588888;11072588888;1400;1388
1025;10624332000;10572588888;11072588888;1398;1386
1026;10624335000;10613966666;11113966666;1400;1388
1027;10624339000;10613966666;11113966666;1400;1388
1028;10624342000;10613966666;11113966666;1398;1386
1029;10624345000;10613966666;11113966666;1400;1388
1030;10624349000;10613966666;11113966666;1398;1386
1031;10624353000;10613966666;11113966666;1400;1388
1032;10624356000;10613966666;11113966666;1400;1388
1033;10624359000;10613977777;11113977777;982;970
1024;10624509000;10572588888;11072588888;1400;1388
1025;10624515000;10572588888;11072588888;1398;1386
1026;10624696000;10613966666;11113966666;1400;1388
1027;10624901000;10613966666;11113966666;1400;1388
1028;10624906000;10613966666;11113966666;1398;1386
1029;10625102000;10613966666;11113966666;1400;1388
1030;10625107000;10613966666;11113966666;1398;1386
1031;10625322000;10613966666;11113966666;1400;1388
1032;10625327000;10613966666;11113966666;1400;1388
1035;10665965000;10614266666;11114266666;1400;1388
1034;10666003000;10614266666;11114266666;1398;1386
1035;10666032000;10614266666;11114266666;1400;1388
1036;10666068000;10614266666;11114266666;1398;1386
1037;10666081000;10655633333;11155633333;1400;1388
1038;10666085000;10655633333;11155633333;1400;1388
1039;10666089000;10655633333;11155633333;1398;1386
1041;10666092000;10655633333;11155633333;1398;1386
1042;10666116000;10655633333;11155633333;1400;1388
1044;10666120000;10655644444;11155644444;982;970
1036;10666163000;10614266666;11114266666;1398;1386
1037;10666365000;10655633333;11155633333;1400;1388
1038;10666370000;10655633333;11155633333;1400;1388
1040;10666578000;10655633333;11155633333;1400;1388
1042;10666599000;10655633333;11155633333;1400;1388
1043;10666784000;10655633333;11155633333;1400;1388
1044;10666791000;10655644444;11155644444;982;970
1045;10707694000;10655966666;11155966666;1398;1386
1045;10707736000;10655966666;11155966666;1398;1386
1046;10707791000;10655966666;11155966666;1400;1388
1047;10707815000;10655966666;11155966666;1398;1386
1048;10707819000;10697300000;11197300000;1400;1388
1049;10707824000;10697300000;11197300000;1400;1388
1050;10707828000;10697300000;11197300000;1398;1386
1051;10707832000;10697300000;11197300000;1400;1388
1048;10707845000;10697300000;11197300000;1400;1388
1049;10707867000;10697300000;11197300000;1400;1388
1052;10707904000;10697300000;11197300000;1398;1386
1053;10707917000;10697300000;11197300000;1400;1388
1054;10707921000;10697300000;11197300000;1400;1388
1055;10707925000;10697322222;11197322222;982;970
1050;10708049000;10697300000;11197300000;1398;1386
1051;10708238000;10697300000;11197300000;1400;1388
1052;10708247000;10697300000;11197300000;1398;1386
1053;10708447000;10697300000;11197300000;1400;1388
1054;10708456000;10697300000;11197300000;1400;1388
1055;10708654000;10697322222;11197322222;982;970
1056;10749301000;10697600000;11197600000;1398;1386
1056;10749332000;10697600000;11197600000;1398;1386
1057;10749343000;10697600000;11197600000;1400;1388
1058;10749347000;10697600000;11197600000;1398;1386
1059;10749351000;10738966666;11238966666;1400;1388
1060;10749355000;10738966666;11238966666;1400;1388
1061;10749358000;10738966666;11238966666;1398;1386
1062;10749361000;10738966666;11238966666;1400;1388
1063;10749365000;10738966666;11238966666;1398;1386
1064;10749368000;10738966666;11238966666;1400;1388
1065;10749371000;10738966666;11238966666;1400;1388
1066;10749375000;10738988888;11238988888;982;970
1057;10749506000;10697600000;11197600000;1400;1388
1058;10749515000;10697600000;11197600000;1398;1386
1059;10749705000;10738966666;11238966666;1400;1388
1060;10749904000;10738966666;11238966666;1400;1388
1061;10749909000;10738966666;11238966666;1398;1386
1062;10750113000;10738966666;11238966666;1400;1388
1063;10750119000;10738966666;11238966666;1398;1386
1064;10750303000;10738966666;11238966666;1400;1388
1065;10750515000;10738966666;11238966666;1400;1388
1066;10750520000;10738988888;11238988888;982;970
1067;10790955000;10739255555;11239255555;1398;1386
1068;10790984000;10739255555;11239255555;1400;1388
1069;10790993000;10739255555;11239255555;1398;1386
1070;10790997000;10780633333;11280633333;1400;1388
1071;10791001000;10780633333;11280633333;1400;1388
1072;10791004000;10780633333;11280633333;1398;1386
1073;10791007000;10780633333;11280633333;1400;1388
1074;10791011000;10780633333;11280633333;1398;1386
1075;10791014000;10780633333;11280633333;1400;1388
1076;10791017000;10780633333;11280633333;1400;1388
1077;10791020000;10780655555;11280655555;982;970
1068;10791166000;10739255555;11239255555;1400;1388
1069;10791172000;10739255555;11239255555;1398;1386
1070;10791364000;10780633333;11280633333;1400;1388
1071;10791579000;10780633333;11280633333;1400;1388
1072;10791584000;10780633333;11280633333;1398;1386
1073;10791781000;10780633333;11280633333;1400;1388
1074;10791786000;10780633333;11280633333;1398;1386
1075;10791981000;10780633333;11280633333;1400;1388
1076;10791986000;10780633333;11280633333;1400;1388
1077;10792194000;10780655555;11280655555;982;970
1078;10832615000;10780966666;11280966666;1398;1386
1078;10832638000;10780966666;11280966666;1398;1386
1079;10832658000;10780966666;11280966666;1400;1388
1080;10832663000;10780966666;11280966666;1398;1386
1081;10832666000;10822266666;11322266666;1400;1388
1082;10832670000;10822266666;11322266666;1400;1388
1083;10832673000;10822266666;11322266666;1398;1386
1084;10832677000;10822266666;11322266666;1400;1388
1085;10832681000;10822266666;11322266666;1398;1386
1086;10832695000;10822266666;11322266666;1400;1388
1087;10832699000;10822266666;11322266666;1400;1388
1088;10832702000;10822288888;11322288888;982;970
1080;10832811000;10780966666;11280966666;1398;1386
1081;10832820000;10822266666;11322266666;1400;1388
1082;10833009000;10822266666;11322266666;1400;1388
1083;10833215000;10822266666;11322266666;1398;1386
1084;10833224000;10822266666;11322266666;1400;1388
1085;10833417000;10822266666;11322266666;1398;1386
1086;10833426000;10822266666;11322266666;1400;1388
1087;10833618000;10822266666;11322266666;1400;1388
1088;10833627000;10822288888;11322288888;982;970
1089;10874307000;10822555555;11322555555;1398;1386
1093;10874328000;10863966666;11363966666;1400;1388
1094;10874345000;10863966666;11363966666;1398;1386
1089;10874371000;10822555555;11322555555;1398;1386
1095;10874427000;10863966666;11363966666;1400;1388
1096;10874449000;10863966666;11363966666;1398;1386
1097;10874463000;10863966666;11363966666;1400;1388
1098;10874467000;10863966666;11363966666;1400;1388
1099;10874470000;10863988888;11363988888;982;970
1090;10874500000;10822555555;11322555555;1400;1388
1091;10874709000;10822555555;11322555555;1398;1386
1092;10874732000;10863966666;11363966666;1400;1388
1093;10874929000;10863966666;11363966666;1400;1388
1094;10874947000;10863966666;11363966666;1398;1386
1095;10875118000;10863966666;11363966666;1400;1388
1096;10875126000;10863966666;11363966666;1398;1386
1097;10875324000;10863966666;11363966666;1400;1388
1098;10875332000;10863966666;11363966666;1400;1388
1099;10875527000;10863988888;11363988888;982;970
1100;10915962000;10864255555;11364255555;1398;1386
1100;10915994000;10864255555;11364255555;1398;1386
1101;10916005000;10864255555;11364255555;1400;1388
1102;10916009000;10864255555;11364255555;1398;1386
1103;10916013000;10905633333;11405633333;1400;1388
1106;10916017000;10905633333;11405633333;1400;1388
1108;10916033000;10905633333;11405633333;1400;1388
1109;10916038000;10905633333;11405633333;1400;1388
1110;10916050000;10905644444;11405644444;982;970
1101;10916177000;10864255555;11364255555;1400;1388
1102;10916186000;10864255555;11364255555;1398;1386
1104;10916373000;10905633333;11405633333;1400;1388
1105;10916570000;10905633333;11405633333;1398;1386
1106;10916588000;10905633333;11405633333;1400;1388
1107;10916769000;10905633333;11405633333;1398;1386
1108;10916786000;10905633333;11405633333;1400;1388
1109;10916977000;10905633333;11405633333;1400;1388
1111;10957640000;10905944444;11405944444;1398;1386
1111;10957662000;10905944444;11405944444;1398;1386
1112;10957682000;10905944444;11405944444;1400;1388
1113;10957687000;10905944444;11405944444;1398;1386
1114;10957690000;10947300000;11447300000;1400;1388
1115;10957694000;10947300000;11447300000;1400;1388
1116;10957697000;10947300000;11447300000;1398;1386
1117;10957700000;10947300000;11447300000;1400;1388
1118;10957704000;10947300000;11447300000;1398;1386
1119;10957707000;10947300000;11447300000;1400;1388
1120;10957710000;10947300000;11447300000;1400;1388
1121;10957713000;10947311111;11447311111;982;970
1112;10957842000;10905944444;11405944444;1400;1388
1113;10957851000;10905944444;11405944444;1398;1386
1114;10958040000;10947300000;11447300000;1400;1388
1115;10958240000;10947300000;11447300000;1400;1388
1117;10958249000;10947300000;11447300000;1400;1388
1118;10958447000;10947300000;11447300000;1398;1386
1119;10958455000;10947300000;11447300000;1400;1388
1120;10958655000;10947300000;11447300000;1400;1388
1123;10999304000;10947600000;11447600000;1400;1388
1122;10999337000;10947600000;11447600000;1398;1386
1123;10999374000;10947600000;11447600000;1400;1388
1124;10999390000;10947600000;11447600000;1398;1386
1125;10999395000;10988966666;11488966666;1400;1388
1126;10999399000;10988966666;11488966666;1400;1388
1127;10999403000;10988966666;11488966666;1398;1386
1128;10999407000;10988966666;11488966666;1400;1388
1129;10999410000;10988966666;11488966666;1398;1386
1130;10999413000;10988966666;11488966666;1400;1388
1131;10999426000;10988966666;11488966666;1400;1388
1124;10999506000;10947600000;11447600000;1398;1386
1125;10999524000;10988966666;11488966666;1400;1388
1126;10999700000;10988966666;11488966666;1400;1388
1127;10999905000;10988966666;11488966666;1398;1386
1128;10999910000;10988966666;11488966666;1400;1388
1129;11000103000;10988966666;11488966666;1398;1386
1130;11000108000;10988966666;11488966666;1400;1388
1131;11000306000;10988966666;11488966666;1400;1388
1132;11000311000;10988988888;11488988888;982;970
1133;11040922000;10989277777;11489277777;1398;1386
1133;11040949000;10989277777;11489277777;1398;1386
1134;11040959000;10989277777;11489277777;1400;1388
1135;11040963000;10989277777;11489277777;1398;1386
1136;11040967000;11030600000;11530600000;1400;1388
1138;11040970000;11030600000;11530600000;1398;1386
1139;11040976000;11030600000;11530600000;1400;1388
1140;11040990000;11030600000;11530600000;1398;1386
1141;11040994000;11030600000;11530600000;1400;1388
1142;11040997000;11030600000;11530600000;1400;1388
1143;11041001000;11030622222;11530622222;982;970
1134;11041145000;10989277777;11489277777;1400;1388
1135;11041154000;10989277777;11489277777;1398;1386
1136;11041343000;11030600000;11530600000;1400;1388
1137;11041550000;11030600000;11530600000;1400;1388
1138;11041573000;11030600000;11530600000;1398;1386
1139;11041750000;11030600000;11530600000;1400;1388
1140;11041759000;11030600000;11530600000;1398;1386
1141;11041960000;11030600000;11530600000;1400;1388
1142;11041968000;11030600000;11530600000;1400;1388
1143;11042163000;11030622222;11530622222;982;970
1144;11082676000;11030922222;11530922222;1398;1386
1144;11082705000;11030922222;11530922222;1398;1386
1146;11082768000;11030922222;11530922222;1398;1386
1147;11082800000;11072300000;11572300000;1400;1388
1152;11082805000;11072300000;11572300000;1400;1388
1145;11082829000;11030922222;11530922222;1400;1388
1153;11082934000;11072300000;11572300000;1400;1388
1154;11082963000;11072311111;11572311111;982;970
1146;11083015000;11030922222;11530922222;1398;1386
1147;11083023000;11072300000;11572300000;1400;1388
1148;11083232000;11072300000;11572300000;1400;1388
1149;11083258000;11072300000;11572300000;1398;1386
1150;11083436000;11072300000;11572300000;1400;1388
1152;11083461000;11072300000;11572300000;1400;1388
1153;11083641000;11072300000;11572300000;1400;1388
1154;11083650000;11072311111;11572311111;982;970
1155;11124316000;11072588888;11572588888;1398;1386
1155;11124392000;11072588888;11572588888;1398;1386
1156;11124405000;11072588888;11572588888;1400;1388
1157;11124410000;11072588888;11572588888;1398;1386
1158;11124414000;11113966666;11613966666;1400;1388
1159;11124418000;11113966666;11613966666;1400;1388
1160;11124421000;11113966666;11613966666;1398;1386
1161;11124425000;11113966666;11613966666;1400;1388
1162;11124429000;11113966666;11613966666;1398;1386
1164;11124432000;11113966666;11613966666;1400;1388
1165;11124436000;11113977777;11613977777;982;970
1156;11124511000;11072588888;11572588888;1400;1388
1157;11124521000;11072588888;11572588888;1398;1386
1161;11124708000;11113966666;11613966666;1400;1388
1162;11124912000;11113966666;11613966666;1398;1386
1163;11124920000;11113966666;11613966666;1400;1388
1164;11125117000;11113966666;11613966666;1400;1388
1165;11125125000;11113977777;11613977777;982;970
1167;11165964000;11114233333;11614233333;1400;1388
1166;11165994000;11114233333;11614233333;1398;1386
1167;11166031000;11114233333;11614233333;1400;1388
1168;11166036000;11114233333;11614233333;1398;1386
1169;11166068000;11155633333;11655633333;1400;1388
1171;11166072000;11155633333;11655633333;1398;1386
1172;11166087000;11155633333;11655633333;1400;1388
1173;11166090000;11155633333;11655633333;1398;1386
1174;11166094000;11155633333;11655633333;1400;1388
1175;11166107000;11155633333;11655633333;1400;1388
1176;11166110000;11155655555;11655655555;982;970
1168;11166183000;11114233333;11614233333;1398;1386
1169;11166190000;11155633333;11655633333;1400;1388
1170;11166366000;11155633333;11655633333;1400;1388
1171;11166572000;11155633333;11655633333;1398;1386
1172;11166577000;11155633333;11655633333;1400;1388
1173;11166773000;11155633333;11655633333;1398;1386
1174;11166778000;11155633333;11655633333;1400;1388
1175;11166974000;11155633333;11655633333;1400;1388
1176;11166980000;11155655555;11655655555;982;970
1177;11207637000;11155933333;11655933333;1398;1386
1177;11207653000;11155933333;11655933333;1398;1386
1178;11207672000;11155933333;11655933333;1400;1388
1179;11207676000;11155933333;11655933333;1398;1386
1180;11207680000;11197300000;11697300000;1400;1388
1181;11207684000;11197300000;11697300000;1400;1388
1182;11207687000;11197300000;11697300000;1398;1386
1183;11207690000;11197300000;11697300000;1400;1388
1184;11207694000;11197300000;11697300000;1398;1386
1185;11207698000;11197300000;11697300000;1400;1388
1186;11207701000;11197300000;11697300000;1400;1388
1187;11207704000;11197311111;11697311111;982;970
1178;11207831000;11155933333;11655933333;1400;1388
1180;11207837000;11197300000;11697300000;1400;1388
1181;11208030000;11197300000;11697300000;1400;1388
1182;11208230000;11197300000;11697300000;1398;1386
1183;11208235000;11197300000;11697300000;1400;1388
1184;11208436000;11197300000;11697300000;1398;1386
1185;11208440000;11197300000;11697300000;1400;1388
1186;11208638000;11197300000;11697300000;1400;1388
1187;11208643000;11197311111;11697311111;982;970
1188;11249292000;11197600000;11697600000;1398;1386
1188;11249306000;11197600000;11697600000;1398;1386
1189;11249325000;11197600000;11697600000;1400;1388
1190;11249329000;11197600000;11697600000;1398;1386
1191;11249333000;11238966666;11738966666;1400;1388
1192;11249336000;11238966666;11738966666;1400;1388
1196;11249340000;11238966666;11738966666;1400;1388
1197;11249346000;11238966666;11738966666;1400;1388
1198;11249359000;11238977777;11738977777;982;970
1189;11249494000;11197600000;11697600000;1400;1388
1190;11249500000;11197600000;11697600000;1398;1386
1192;11249694000;11238966666;11738966666;1400;1388
1193;11249901000;11238966666;11738966666;1398;1386
1194;11249920000;11238966666;11738966666;1400;1388
1195;11250102000;11238966666;11738966666;1398;1386
1196;11250119000;11238966666;11738966666;1400;1388
1197;11250304000;11238966666;11738966666;1400;1388
1198;11250309000;11238977777;11738977777;982;970
1199;11290953000;11239255555;11739255555;1398;1386
1199;11290981000;11239255555;11739255555;1398;1386
1200;11290991000;11239255555;11739255555;1400;1388
1201;11290995000;11239255555;11739255555;1398;1386
1202;11290998000;11280633333;11780633333;1400;1388
1203;11291002000;11280633333;11780633333;1400;1388
1204;11291006000;11280633333;11780633333;1398;1386
1205;11291009000;11280633333;11780633333;1400;1388
1206;11291013000;11280633333;11780633333;1398;1386
1207;11291016000;11280633333;11780633333;1400;1388
1208;11291019000;11280633333;11780633333;1400;1388
1209;11291022000;11280655555;11780655555;982;970
1200;11291163000;11239255555;11739255555;1400;1388
1201;11291169000;11239255555;11739255555;1398;1386
1202;11291362000;11280633333;11780633333;1400;1388
1203;11291567000;11280633333;11780633333;1400;1388
1204;11291572000;11280633333;11780633333;1398;1386
1205;11291768000;11280633333;11780633333;1400;1388
1206;11291773000;11280633333;11780633333;1398;1386
1207;11291978000;11280633333;11780633333;1400;1388
1208;11291983000;11280633333;11780633333;1400;1388
1209;11292182000;11280655555;11780655555;982;970
1210;11332617000;11280955555;11780955555;1398;1386
1210;11332645000;11280955555;11780955555;1398;1386
1211;11332655000;11280955555;11780955555;1400;1388
1212;11332659000;11280955555;11780955555;1398;1386
1213;11332662000;11322300000;11822300000;1400;1388
1214;11332666000;11322300000;11822300000;1400;1388
1215;11332669000;11322300000;11822300000;1398;1386
1216;11332673000;11322300000;11822300000;1400;1388
1217;11332676000;11322300000;11822300000;1398;1386
1218;11332680000;11322300000;11822300000;1400;1388
1219;11332683000;11322300000;11822300000;1400;1388
1220;11332686000;11322322222;11822322222;982;970
1212;11332829000;11280955555;11780955555;1398;1386
1213;11332835000;11322300000;11822300000;1400;1388
1215;11333029000;11322300000;11822300000;1398;1386
1216;11333228000;11322300000;11822300000;1400;1388
1217;11333233000;11322300000;11822300000;1398;1386
1218;11333435000;11322300000;11822300000;1400;1388
1219;11333440000;11322300000;11822300000;1400;1388
1220;11333643000;11322322222;11822322222;982;970
1222;11374303000;11322600000;11822600000;1400;1388
1221;11374337000;11322600000;11822600000;1398;1386
1222;11374375000;11322600000;11822600000;1400;1388
1223;11374379000;11322600000;11822600000;1398;1386
1224;11374394000;11363966666;11863966666;1400;1388
1225;11374398000;11363966666;11863966666;1400;1388
1226;11374402000;11363966666;11863966666;1398;1386
1227;11374406000;11363966666;11863966666;1400;1388
1228;11374410000;11363966666;11863966666;1398;1386
1229;11374413000;11363966666;11863966666;1400;1388
1230;11374416000;11363966666;11863966666;1400;1388
1231;11374429000;11363988888;11863988888;982;970
1223;11374505000;11322600000;11822600000;1398;1386
1224;11374514000;11363966666;11863966666;1400;1388
1225;11374696000;11363966666;11863966666;1400;1388
1226;11374912000;11363966666;11863966666;1398;1386
1227;11374917000;11363966666;11863966666;1400;1388
1228;11375106000;11363966666;11863966666;1398;1386
1233;11415962000;11364277777;11864277777;1400;1388
1232;11415991000;11364277777;11864277777;1398;1386
1233;11416027000;11364277777;11864277777;1400;1388
1234;11416032000;11364277777;11864277777;1398;1386
1235;11416056000;11405633333;11905633333;1400;1388
1236;11416066000;11405633333;11905633333;1400;1388
1237;11416070000;11405633333;11905633333;1398;1386
1238;11416083000;11405633333;11905633333;1400;1388
1239;11416087000;11405633333;11905633333;1398;1386
1240;11416090000;11405633333;11905633333;1400;1388
1241;11416093000;11405633333;11905633333;1400;1388
1234;11416166000;11364277777;11864277777;1398;1386
1235;11416176000;11405633333;11905633333;1400;1388
1236;11416374000;11405633333;11905633333;1400;1388
1237;11416570000;11405633333;11905633333;1398;1386
1239;11416576000;11405633333;11905633333;1398;1386
1240;11416769000;11405633333;11905633333;1400;1388
1241;11416774000;11405633333;11905633333;1400;1388
1242;11416977000;11405644444;11905644444;982;970
1243;11457644000;11405933333;11905933333;1398;1386
1244;11457666000;11405933333;11905933333;1400;1388
1245;11457680000;11405933333;11905933333;1398;1386
1246;11457683000;11447300000;11947300000;1400;1388
1247;11457697000;11447300000;11947300000;1400;1388
1248;11457700000;11447300000;11947300000;1398;1386
1243;11457711000;11405933333;11905933333;1398;1386
1249;11457786000;11447300000;11947300000;1400;1388
1250;11457809000;11447300000;11947300000;1398;1386
1251;11457813000;11447300000;11947300000;1400;1388
1252;11457817000;11447300000;11947300000;1400;1388
1253;11457821000;11447311111;11947311111;982;970
1244;11457848000;11405933333;11905933333;1400;1388
1245;11457858000;11405933333;11905933333;1398;1386
1246;11458058000;11447300000;11947300000;1400;1388
1247;11458244000;11447300000;11947300000;1400;1388
1248;11458253000;11447300000;11947300000;1398;1386
1249;11458450000;11447300000;11947300000;1400;1388
1250;11458459000;11447300000;11947300000;1398;1386
1251;11458661000;11447300000;11947300000;1400;1388
1252;11458670000;11447300000;11947300000;1400;1388
1253;11458864000;11447311111;11947311111;982;970
1254;11499302000;11447588888;11947588888;1398;1386
1254;11499334000;11447588888;11947588888;1398;1386
1255;11499345000;11447588888;11947588888;1400;1388
1256;11499349000;11447588888;11947588888;1398;1386
1257;11499353000;11488966666;11988966666;1400;1388
1258;11499357000;11488966666;11988966666;1400;1388
1259;11499360000;11488966666;11988966666;1398;1386
1260;11499363000;11488966666;11988966666;1400;1388
1261;11499366000;11488966666;11988966666;1398;1386
1262;11499370000;11488966666;11988966666;1400;1388
1263;11499373000;11488966666;11988966666;1400;1388
1264;11499376000;11488988888;11988988888;982;970
1255;11499510000;11447588888;11947588888;1400;1388
1256;11499519000;11447588888;11947588888;1398;1386
1257;11499707000;11488966666;11988966666;1400;1388
1259;11499904000;11488966666;11988966666;1398;1386
1261;11499910000;11488966666;11988966666;1398;1386
1262;11500114000;11488966666;11988966666;1400;1388
1263;11500119000;11488966666;11988966666;1400;1388
1265;11540955000;11489266666;11989266666;1398;1386
1265;11540983000;11489266666;11989266666;1398;1386
1266;11540992000;11489266666;11989266666;1400;1388
1267;11540997000;11489266666;11989266666;1398;1386
1268;11541000000;11530633333;12030633333;1400;1388
1269;11541004000;11530633333;12030633333;1400;1388
1270;11541007000;11530633333;12030633333;1398;1386
1271;11541011000;11530633333;12030633333;1400;1388
1272;11541014000;11530633333;12030633333;1398;1386
1273;11541018000;11530633333;12030633333;1400;1388
1274;11541021000;11530633333;12030633333;1400;1388
1275;11541024000;11530644444;12030644444;982;970
1266;11541165000;11489266666;11989266666;1400;1388
1267;11541171000;11489266666;11989266666;1398;1386
1268;11541374000;11530633333;12030633333;1400;1388
1269;11541569000;11530633333;12030633333;1400;1388
1270;11541574000;11530633333;12030633333;1398;1386
1271;11541779000;11530633333;12030633333;1400;1388
1272;11541784000;11530633333;12030633333;1398;1386
1273;11541988000;11530633333;12030633333;1400;1388
1274;11541993000;11530633333;12030633333;1400;1388
1275;11542193000;11530644444;12030644444;982;970
1276;11582652000;11530955555;12030955555;1398;1386
1276;11582665000;11530955555;12030955555;1398;1386
1277;11582685000;11530955555;12030955555;1400;1388
1278;11582689000;11530955555;12030955555;1398;1386
1281;11582693000;11572333333;12072333333;1398;1386
1282;11582699000;11572333333;12072333333;1400;1388
1283;11582713000;11572333333;12072333333;1398;1386
1284;11582716000;11572333333;12072333333;1400;1388
1285;11582720000;11572333333;12072333333;1400;1388
1286;11582724000;11572355555;12072355555;982;970
1277;11582856000;11530955555;12030955555;1400;1388
1278;11582863000;11530955555;12030955555;1398;1386
1279;11583062000;11572333333;12072333333;1400;1388
1280;11583256000;11572333333;12072333333;1400;1388
1281;11583275000;11572333333;12072333333;1398;1386
1282;11583453000;11572333333;12072333333;1400;1388
1283;11583458000;11572333333;12072333333;1398;1386
1284;11583662000;11572333333;12072333333;1400;1388
1285;11583667000;11572333333;12072333333;1400;1388
1286;11583875000;11572355555;12072355555;982;970
1287;11624294000;11572688888;12072688888;1398;1386
1287;11624309000;11572688888;12072688888;1398;1386
1288;11624328000;11572688888;12072688888;1400;1388
1289;11624333000;11572688888;12072688888;1398;1386
1290;11624336000;11613966666;12113966666;1400;1388
1291;11624340000;11613966666;12113966666;1400;1388
1292;11624344000;11613966666;12113966666;1398;1386
1293;11624347000;11613966666;12113966666;1400;1388
1294;11624350000;11613966666;12113966666;1398;1386
1295;11624353000;11613966666;12113966666;1400;1388
1296;11624356000;11613966666;12113966666;1400;1388
1297;11624359000;11613988888;12113988888;982;970
1288;11624507000;11572688888;12072688888;1400;1388
1289;11624513000;11572688888;12072688888;1398;1386
1290;11624696000;11613966666;12113966666;1400;1388
1291;11624913000;11613966666;12113966666;1400;1388
1292;11624919000;11613966666;12113966666;1398;1386
1293;11625113000;11613966666;12113966666;1400;1388
1294;11625118000;11613966666;12113966666;1398;1386
1295;11625311000;11613966666;12113966666;1400;1388
1296;11625316000;11613966666;12113966666;1400;1388
1297;11625515000;11613988888;12113988888;982;970
1298;11665935000;11614266666;12114266666;1398;1386
1298;11665965000;11614266666;12114266666;1398;1386
1299;11665984000;11614266666;12114266666;1400;1388
1300;11665988000;11614266666;12114266666;1398;1386
1301;11665992000;11655600000;12155600000;1400;1388
1302;11665995000;11655600000;12155600000;1400;1388
1304;11665999000;11655600000;12155600000;1400;1388
1305;11666004000;11655600000;12155600000;1398;1386
1307;11666018000;11655600000;12155600000;1400;1388
1308;11666021000;11655622222;12155622222;982;970
1299;11666143000;11614266666;12114266666;1400;1388
1300;11666149000;11614266666;12114266666;1398;1386
1301;11666343000;11655600000;12155600000;1400;1388
1302;11666539000;11655600000;12155600000;1400;1388
1303;11666544000;11655600000;12155600000;1398;1386
1307;11666745000;11655600000;12155600000;1400;1388
1308;11666756000;11655622222;12155622222;982;970
1309;11707644000;11655933333;12155933333;1398;1386
1309;11707665000;11655933333;12155933333;1398;1386
1312;11707685000;11697300000;12197300000;1400;1388
1313;11707691000;11697300000;12197300000;1400;1388
1314;11707695000;11697300000;12197300000;1398;1386
1315;11707698000;11697300000;12197300000;1400;1388
1316;11707702000;11697300000;12197300000;1398;1386
1317;11707705000;11697300000;12197300000;1400;1388
1318;11707708000;11697300000;12197300000;1400;1388
1319;11707711000;11697322222;12197322222;982;970
1310;11707842000;11655933333;12155933333;1400;1388
1311;11707851000;11655933333;12155933333;1398;1386
1312;11708051000;11697300000;12197300000;1400;1388
1313;11708241000;11697300000;12197300000;1400;1388
1314;11708249000;11697300000;12197300000;1398;1386
1315;11708448000;11697300000;12197300000;1400;1388
1316;11708456000;11697300000;12197300000;1398;1386
1317;11708657000;11697300000;12197300000;1400;1388
1318;11708665000;11697300000;12197300000;1400;1388
1319;11708860000;11697322222;12197322222;982;970
1320;11749313000;11697600000;12197600000;1398;1386
1320;11749338000;11697600000;12197600000;1398;1386
1321;11749358000;11697600000;12197600000;1400;1388
1322;11749363000;11697600000;12197600000;1398;1386
1323;11749366000;11738966666;12238966666;1400;1388
1324;11749370000;11738966666;12238966666;1400;1388
1325;11749373000;11738966666;12238966666;1398;1386
1326;11749377000;11738966666;12238966666;1400;1388
1327;11749380000;11738966666;12238966666;1398;1386
1328;11749383000;11738966666;12238966666;1400;1388
1329;11749386000;11738966666;12238966666;1400;1388
1330;11749390000;11738988888;12238988888;982;970
1321;11749511000;11697600000;12197600000;1400;1388
1322;11749527000;11697600000;12197600000;1398;1386
1323;11749699000;11738966666;12238966666;1400;1388
1324;11749905000;11738966666;12238966666;1400;1388
1325;11749910000;11738966666;12238966666;1398;1386
1326;11750107000;11738966666;12238966666;1400;1388
1327;11750112000;11738966666;12238966666;1398;1386
1328;11750317000;11738966666;12238966666;1400;1388
1329;11750519000;11738966666;12238966666;1400;1388
1330;11750523000;11738988888;12238988888;982;970
1331;11790952000;11739277777;12239277777;1398;1386
1331;11790980000;11739277777;12239277777;1398;1386
1332;11790989000;11739277777;12239277777;1400;1388
1333;11790993000;11739277777;12239277777;1398;1386
1334;11790997000;11780633333;12280633333;1400;1388
1335;11791001000;11780633333;12280633333;1400;1388
1336;11791004000;11780633333;12280633333;1398;1386
1337;11791007000;11780633333;12280633333;1400;1388
1338;11791010000;11780633333;12280633333;1398;1386
1340;11791013000;11780633333;12280633333;1400;1388
1341;11791019000;11780644444;12280644444;982;970
1332;11791174000;11739277777;12239277777;1400;1388
1333;11791180000;11739277777;12239277777;1398;1386
1334;11791372000;11780633333;12280633333;1400;1388
1336;11791578000;11780633333;12280633333;1398;1386
1337;11791583000;11780633333;12280633333;1400;1388
1338;11791778000;11780633333;12280633333;1398;1386
1339;11791783000;11780633333;12280633333;1400;1388
1340;11791959000;11780633333;12280633333;1400;1388
1341;11791964000;11780644444;12280644444;982;970
1342;11832634000;11780955555;12280955555;1398;1386
1342;11832668000;11780955555;12280955555;1398;1386
1343;11832680000;11780955555;12280955555;1400;1388
1344;11832684000;11780955555;12280955555;1398;1386
1345;11832688000;11822300000;12322300000;1400;1388
1346;11832692000;11822300000;12322300000;1400;1388
1347;11832695000;11822300000;12322300000;1398;1386
1348;11832699000;11822300000;12322300000;1400;1388
1349;11832702000;11822300000;12322300000;1398;1386
1350;11832705000;11822300000;12322300000;1400;1388
1351;11832709000;11822300000;12322300000;1400;1388
1352;11832712000;11822311111;12322311111;982;970
1343;11832822000;11780955555;12280955555;1400;1388
1345;11833023000;11822300000;12322300000;1400;1388
1346;11833033000;11822300000;12322300000;1400;1388
1347;11833228000;11822300000;12322300000;1398;1386
1348;11833237000;11822300000;12322300000;1400;1388
1349;11833433000;11822300000;12322300000;1398;1386
1350;11833462000;11822300000;12322300000;1400;1388
1351;11833648000;11822300000;12322300000;1400;1388
1352;11833658000;11822311111;12322311111;982;970
1353;11874260000;11822588888;12322588888;1398;1386
1354;11874273000;11822588888;12322588888;1400;1388
1355;11874280000;11822588888;12322588888;1398;1386
1353;11874295000;11822588888;12322588888;1398;1386
1356;11874310000;11863966666;12363966666;1400;1388
1357;11874328000;11863966666;12363966666;1400;1388
1359;11874333000;11863966666;12363966666;1400;1388
1360;11874351000;11863966666;12363966666;1398;1386
1361;11874356000;11863966666;12363966666;1400;1388
1362;11874366000;11863966666;12363966666;1400;1388
1363;11874371000;11863988888;12363988888;982;970
1354;11874490000;11822588888;12322588888;1400;1388
1355;11874691000;11822588888;12322588888;1398;1386
1356;11874700000;11863966666;12363966666;1400;1388
1357;11874897000;11863966666;12363966666;1400;1388
1358;11874910000;11863966666;12363966666;1398;1386
1359;11875128000;11863966666;12363966666;1400;1388
1360;11875153000;11863966666;12363966666;1398;1386
1361;11875323000;11863966666;12363966666;1400;1388
1362;11875331000;11863966666;12363966666;1400;1388
1363;11875526000;11863988888;12363988888;982;970
1364;11915967000;11864266666;12364266666;1398;1386
1364;11916058000;11864266666;12364266666;1398;1386
1366;11916072000;11864266666;12364266666;1398;1386
1367;11916092000;11905600000;12405600000;1400;1388
1368;11916096000;11905600000;12405600000;1400;1388
1369;11916119000;11905600000;12405600000;1398;1386
1370;11916124000;11905600000;12405600000;1400;1388
1372;11916127000;11905600000;12405600000;1400;1388
1373;11916140000;11905600000;12405600000;1400;1388
1374;11916144000;11905622222;12405622222;982;970
1365;11916157000;11864266666;12364266666;1400;1388
1366;11916192000;11864266666;12364266666;1398;1386
1367;11916334000;11905600000;12405600000;1400;1388
1368;11916551000;11905600000;12405600000;1400;1388
1369;11916560000;11905600000;12405600000;1398;1386
1370;11916749000;11905600000;12405600000;1400;1388
1372;11916758000;11905600000;12405600000;1400;1388
1375;11957597000;11905922222;12405922222;1398;1386
1375;11957614000;11905922222;12405922222;1398;1386
1376;11957687000;11905922222;12405922222;1400;1388
1377;11957700000;11905922222;12405922222;1398;1386
1378;11957704000;11947266666;12447266666;1400;1388
1379;11957708000;11947266666;12447266666;1400;1388
1380;11957711000;11947266666;12447266666;1398;1386
1381;11957714000;11947266666;12447266666;1400;1388
1382;11957717000;11947266666;12447266666;1398;1386
1383;11957721000;11947266666;12447266666;1400;1388
1385;11957724000;11947288888;12447288888;982;970
1376;11957802000;11905922222;12405922222;1400;1388
1377;11957811000;11905922222;12405922222;1398;1386
1378;11958009000;11947266666;12447266666;1400;1388
1379;11958216000;11947266666;12447266666;1400;1388
1380;11958225000;11947266666;12447266666;1398;1386
1381;11958416000;11947266666;12447266666;1400;1388
1383;11958424000;11947266666;12447266666;1400;1388
1385;11958627000;11947288888;12447288888;982;970
1386;11999276000;11947577777;12447577777;1398;1386
1387;11999308000;11947577777;12447577777;1400;1388
1388;11999319000;11947577777;12447577777;1398;1386
1389;11999323000;11988933333;12488933333;1400;1388
1390;11999327000;11988933333;12488933333;1400;1388
1391;11999331000;11988933333;12488933333;1398;1386
1392;11999334000;11988933333;12488933333;1400;1388
1393;11999337000;11988933333;12488933333;1398;1386
1394;11999341000;11988933333;12488933333;1400;1388
1395;11999344000;11988933333;12488933333;1400;1388
1396;11999347000;11988955555;12488955555;982;970
1388;11999472000;11947577777;12447577777;1398;1386
1389;11999479000;11988933333;12488933333;1400;1388
1390;11999670000;11988933333;12488933333;1400;1388
1391;11999875000;11988933333;12488933333;1398;1386
1392;11999881000;11988933333;12488933333;1400;1388
1393;12000082000;11988933333;12488933333;1398;1386
1394;12000086000;11988933333;12488933333;1400;1388
1395;12000277000;11988933333;12488933333;1400;1388
1396;12000282000;11988955555;12488955555;982;970
1397;12040927000;11989266666;12489266666;1398;1386
1397;12041018000;11989266666;12489266666;1398;1386
1398;12041031000;11989266666;12489266666;1400;1388
1399;12041036000;11989266666;12489266666;1398;1386
1400;12041039000;12030600000;12530600000;1400;1388
1403;12041050000;12030600000;12530600000;1400;1388
1404;12041067000;12030600000;12530600000;1398;1386
1405;12041072000;12030600000;12530600000;1400;1388
1406;12041085000;12030600000;12530600000;1400;1388
1407;12041099000;12030622222;12530622222;982;970
1398;12041140000;11989266666;12489266666;1400;1388
1399;12041336000;11989266666;12489266666;1398;1386
1400;12041341000;12030600000;12530600000;1400;1388
1401;12041540000;12030600000;12530600000;1400;1388
1402;12041559000;12030600000;12530600000;1398;1386
1403;12041743000;12030600000;12530600000;1400;1388
1404;12041748000;12030600000;12530600000;1398;1386
1405;12041949000;12030600000;12530600000;1400;1388
1406;12041954000;12030600000;12530600000;1400;1388
1407;12042154000;12030622222;12530622222;982;970
1410;12082637000;12030922222;12530922222;1398;1386
1408;12082662000;12030922222;12530922222;1398;1386
1409;12082697000;12030922222;12530922222;1400;1388
1410;12082702000;12030922222;12530922222;1398;1386
1411;12082706000;12072300000;12572300000;1400;1388
1412;12082711000;12072300000;12572300000;1400;1388
1413;12082724000;12072300000;12572300000;1398;1386
1414;12082728000;12072300000;12572300000;1400;1388
1415;12082731000;12072300000;12572300000;1398;1386
1416;12082744000;12072300000;12572300000;1400;1388
1417;12082747000;12072300000;12572300000;1400;1388
1418;12082750000;12072311111;12572311111;982;970
1411;12082827000;12072300000;12572300000;1400;1388
1412;12082833000;12072300000;12572300000;1400;1388
1415;12083032000;12072300000;12572300000;1398;1386
1416;12083231000;12072300000;12572300000;1400;1388
1417;12083236000;12072300000;12572300000;1400;1388
1418;12083441000;12072311111;12572311111;982;970
1419;12124295000;12072600000;12572600000;1398;1386
1419;12124321000;12072600000;12572600000;1398;1386
1420;12124331000;12072600000;12572600000;1400;1388
1421;12124335000;12072600000;12572600000;1398;1386
1422;12124339000;12113966666;12613966666;1400;1388
1423;12124343000;12113966666;12613966666;1400;1388
1424;12124346000;12113966666;12613966666;1398;1386
1425;12124350000;12113966666;12613966666;1400;1388
1426;12124353000;12113966666;12613966666;1398;1386
1427;12124356000;12113966666;12613966666;1400;1388
1428;12124360000;12113966666;12613966666;1400;1388
1429;12124363000;12113988888;12613988888;982;970
1420;12124494000;12072600000;12572600000;1400;1388
1421;12124499000;12072600000;12572600000;1398;1386
1422;12124695000;12113966666;12613966666;1400;1388
1423;12124900000;12113966666;12613966666;1400;1388
1424;12124905000;12113966666;12613966666;1398;1386
1425;12125102000;12113966666;12613966666;1400;1388
1426;12125107000;12113966666;12613966666;1398;1386
1427;12125309000;12113966666;12613966666;1400;1388
1428;12125314000;12113966666;12613966666;1400;1388
1429;12125513000;12113988888;12613988888;982;970
1430;12165930000;12114244444;12614244444;1398;1386
1431;12165960000;12114244444;12614244444;1400;1388
1432;12165980000;12114244444;12614244444;1398;1386
1433;12165984000;12155600000;12655600000;1400;1388
1434;12165988000;12155600000;12655600000;1400;1388
1435;12165992000;12155600000;12655600000;1398;1386
1436;12165995000;12155600000;12655600000;1400;1388
1437;12165998000;12155600000;12655600000;1398;1386
1438;12166001000;12155600000;12655600000;1400;1388
1439;12166004000;12155600000;12655600000;1400;1388
1440;12166009000;12155622222;12655622222;982;970
1431;12166133000;12114244444;12614244444;1400;1388
1432;12166139000;12114244444;12614244444;1398;1386
1433;12166325000;12155600000;12655600000;1400;1388
1434;12166536000;12155600000;12655600000;1400;1388
1435;12166541000;12155600000;12655600000;1398;1386
1436;12166737000;12155600000;12655600000;1400;1388
1437;12166742000;12155600000;12655600000;1398;1386
1438;12166946000;12155600000;12655600000;1400;1388
1439;12166951000;12155600000;12655600000;1400;1388
1440;12167151000;12155622222;12655622222;982;970
1441;12207622000;12155911111;12655911111;1398;1386
1441;12207651000;12155911111;12655911111;1398;1386
1442;12207662000;12155911111;12655911111;1400;1388
1443;12207667000;12155911111;12655911111;1398;1386
1444;12207671000;12197300000;12697300000;1400;1388
1445;12207675000;12197300000;12697300000;1400;1388
1449;12207679000;12197300000;12697300000;1400;1388
1450;12207685000;12197300000;12697300000;1400;1388
1451;12207689000;12197322222;12697322222;982;970
1442;12207809000;12155911111;12655911111;1400;1388
1443;12208011000;12155911111;12655911111;1398;1386
1444;12208016000;12197300000;12697300000;1400;1388
1445;12208216000;12197300000;12697300000;1400;1388
1446;12208221000;12197300000;12697300000;1398;1386
1447;12208436000;12197300000;12697300000;1400;1388
1448;12208453000;12197300000;12697300000;1398;1386
1449;12208643000;12197300000;12697300000;1400;1388
1450;12208648000;12197300000;12697300000;1400;1388
1451;12208848000;12197322222;12697322222;982;970
1452;12249260000;12197600000;12697600000;1398;1386
1453;12249282000;12197600000;12697600000;1400;1388
1454;12249286000;12197600000;12697600000;1398;1386
1453;12249304000;12197600000;12697600000;1400;1388
1456;12249318000;12238933333;12738933333;1400;1388
1457;12249336000;12238933333;12738933333;1398;1386
1458;12249340000;12238933333;12738933333;1400;1388
1460;12249353000;12238933333;12738933333;1400;1388
1461;12249357000;12238933333;12738933333;1400;1388
1462;12249369000;12238955555;12738955555;982;970
1456;12249478000;12238933333;12738933333;1400;1388
1457;12249488000;12238933333;12738933333;1398;1386
1459;12249677000;12238933333;12738933333;1398;1386
1460;12249883000;12238933333;12738933333;1400;1388
1461;12249892000;12238933333;12738933333;1400;1388
1462;12250088000;12238955555;12738955555;982;970
1463;12290997000;12239244444;12739244444;1398;1386
1463;12291095000;12239244444;12739244444;1398;1386
1464;12291110000;12239244444;12739244444;1400;1388
1465;12291125000;12239244444;12739244444;1398;1386
1466;12291130000;12280633333;12780633333;1400;1388
1467;12291134000;12280633333;12780633333;1400;1388
1468;12291138000;12280633333;12780633333;1398;1386
1469;12291142000;12280633333;12780633333;1400;1388
1470;12291155000;12280633333;12780633333;1398;1386
1465;12291167000;12239244444;12739244444;1398;1386
1471;12291237000;12280633333;12780633333;1400;1388
1472;12291250000;12280633333;12780633333;1400;1388
1473;12291255000;12280655555;12780655555;982;970
1466;12291377000;12280633333;12780633333;1400;1388
1467;12291387000;12280633333;12780633333;1400;1388
1468;12291577000;12280633333;12780633333;1398;1386
1469;12291586000;12280633333;12780633333;1400;1388
1470;12291779000;12280633333;12780633333;1398;1386
1471;12291787000;12280633333;12780633333;1400;1388
1472;12291985000;12280633333;12780633333;1400;1388
1474;12332598000;12280955555;12780955555;1398;1386
1474;12332614000;12280955555;12780955555;1398;1386
1475;12332687000;12280955555;12780955555;1400;1388
1476;12332700000;12280955555;12780955555;1398;1386
1477;12332704000;12322266666;12822266666;1400;1388
1479;12332708000;12322266666;12822266666;1398;1386
1480;12332725000;12322266666;12822266666;1400;1388
1481;12332729000;12322266666;12822266666;1398;1386
1482;12332733000;12322266666;12822266666;1400;1388
1484;12332736000;12322288888;12822288888;982;970
1475;12332810000;12280955555;12780955555;1400;1388
1476;12332820000;12280955555;12780955555;1398;1386
1477;12333009000;12322266666;12822266666;1400;1388
1478;12333206000;12322266666;12822266666;1400;1388
1479;12333227000;12322266666;12822266666;1398;1386
1480;12333406000;12322266666;12822266666;1400;1388
1481;12333411000;12322266666;12822266666;1398;1386
1482;12333615000;12322266666;12822266666;1400;1388
1483;12333619000;12322266666;12822266666;1400;1388
1484;12333818000;12322288888;12822288888;982;970
1485;12374296000;12322577777;12822577777;1398;1386
1486;12374310000;12322577777;12822577777;1400;1388
1487;12374330000;12322577777;12822577777;1398;1386
1488;12374334000;12363966666;12863966666;1400;1388
1489;12374338000;12363966666;12863966666;1400;1388
1490;12374341000;12363966666;12863966666;1398;1386
1491;12374363000;12363966666;12863966666;1400;1388
1492;12374366000;12363966666;12863966666;1398;1386
1493;12374369000;12363966666;12863966666;1400;1388
1494;12374373000;12363966666;12863966666;1400;1388
1495;12374376000;12363988888;12863988888;982;970
1486;12374498000;12322577777;12822577777;1400;1388
1487;12374504000;12322577777;12822577777;1398;1386
1488;12374696000;12363966666;12863966666;1400;1388
1489;12374911000;12363966666;12863966666;1400;1388
1490;12374917000;12363966666;12863966666;1398;1386
1491;12375111000;12363966666;12863966666;1400;1388
1492;12375117000;12363966666;12863966666;1398;1386
1493;12375310000;12363966666;12863966666;1400;1388
1494;12375315000;12363966666;12863966666;1400;1388
1495;12375526000;12363988888;12863988888;982;970
1496;12415965000;12364288888;12864288888;1398;1386
1496;12416001000;12364288888;12864288888;1398;1386
1497;12416011000;12364288888;12864288888;1400;1388
1498;12416015000;12364288888;12864288888;1398;1386
1499;12416019000;12405633333;12905633333;1400;1388
1500;12416023000;12405633333;12905633333;1400;1388
1501;12416026000;12405633333;12905633333;1398;1386
1502;12416030000;12405633333;12905633333;1400;1388
1503;12416033000;12405633333;12905633333;1398;1386
1504;12416036000;12405633333;12905633333;1400;1388
1505;12416039000;12405633333;12905633333;1400;1388
1506;12416057000;12405644444;12905644444;982;970
1497;12416161000;12364288888;12864288888;1400;1388
1499;12416167000;12405633333;12905633333;1400;1388
1500;12416361000;12405633333;12905633333;1400;1388
1501;12416566000;12405633333;12905633333;1398;1386
1502;12416571000;12405633333;12905633333;1400;1388
1506;12416770000;12405644444;12905644444;982;970
1507;12457634000;12405933333;12905933333;1398;1386
1507;12457649000;12405933333;12905933333;1398;1386
1508;12457667000;12405933333;12905933333;1400;1388
1509;12457672000;12405933333;12905933333;1398;1386
1510;12457675000;12447300000;12947300000;1400;1388
1513;12457679000;12447300000;12947300000;1400;1388
1514;12457685000;12447300000;12947300000;1398;1386
1515;12457698000;12447300000;12947300000;1400;1388
1516;12457702000;12447300000;12947300000;1400;1388
1517;12457706000;12447311111;12947311111;982;970
1508;12457842000;12405933333;12905933333;1400;1388
1509;12457851000;12405933333;12905933333;1398;1386
1512;12458040000;12447300000;12947300000;1398;1386
1513;12458231000;12447300000;12947300000;1400;1388
1514;12458237000;12447300000;12947300000;1398;1386
1515;12458436000;12447300000;12947300000;1400;1388
1516;12458441000;12447300000;12947300000;1400;1388
1517;12458643000;12447311111;12947311111;982;970
1518;12499288000;12447588888;12947588888;1398;1386
1518;12499304000;12447588888;12947588888;1398;1386
1519;12499324000;12447588888;12947588888;1400;1388
1520;12499328000;12447588888;12947588888;1398;1386
1521;12499332000;12488966666;12988966666;1400;1388
1522;12499336000;12488966666;12988966666;1400;1388
1523;12499339000;12488966666;12988966666;1398;1386
1524;12499342000;12488966666;12988966666;1400;1388
1525;12499346000;12488966666;12988966666;1398;1386
1526;12499349000;12488966666;12988966666;1400;1388
1527;12499352000;12488966666;12988966666;1400;1388
1528;12499355000;12488988888;12988988888;982;970
1519;12499490000;12447588888;12947588888;1400;1388
1520;12499681000;12447588888;12947588888;1398;1386
1521;12499687000;12488966666;12988966666;1400;1388
1522;12499885000;12488966666;12988966666;1400;1388
1523;12499890000;12488966666;12988966666;1398;1386
1524;12500089000;12488966666;12988966666;1400;1388
1525;12500094000;12488966666;12988966666;1398;1386
1526;12500292000;12488966666;12988966666;1400;1388
1527;12500497000;12488966666;12988966666;1400;1388
1528;12500502000;12488988888;12988988888;982;970
1529;12540932000;12489277777;12989277777;1398;1386
1529;12540963000;12489277777;12989277777;1398;1386
1531;12540974000;12489277777;12989277777;1398;1386
1532;12540992000;12530600000;13030600000;1400;1388
1533;12540997000;12530600000;13030600000;1400;1388
1534;12541010000;12530600000;13030600000;1398;1386
1535;12541013000;12530600000;13030600000;1400;1388
1536;12541026000;12530600000;13030600000;1398;1386
1537;12541039000;12530600000;13030600000;1400;1388
1538;12541051000;12530600000;13030600000;1400;1388
1539;12541055000;12530622222;13030622222;982;970
1530;12541118000;12489277777;12989277777;1400;1388
1531;12541337000;12489277777;12989277777;1398;1386
1532;12541343000;12530600000;13030600000;1400;1388
1533;12541540000;12530600000;13030600000;1400;1388
1534;12541545000;12530600000;13030600000;1398;1386
1535;12541740000;12530600000;13030600000;1400;1388
1537;12541745000;12530600000;13030600000;1400;1388
1538;12541945000;12530600000;13030600000;1400;1388
1539;12541950000;12530622222;13030622222;982;970
1540;12582629000;12530933333;13030933333;1398;1386
1541;12582651000;12530933333;13030933333;1400;1388
1542;12582664000;12530933333;13030933333;1398;1386
1541;12582673000;12530933333;13030933333;1400;1388
1543;12582687000;12572300000;13072300000;1400;1388
1544;12582703000;12572300000;13072300000;1400;1388
1545;12582707000;12572300000;13072300000;1398;1386
1546;12582710000;12572300000;13072300000;1400;1388
1547;12582714000;12572300000;13072300000;1398;1386
1548;12582717000;12572300000;13072300000;1400;1388
1549;12582720000;12572300000;13072300000;1400;1388
1550;12582723000;12572311111;13072311111;982;970
1542;12582842000;12530933333;13030933333;1398;1386
1543;12582852000;12572300000;13072300000;1400;1388
1544;12583051000;12572300000;13072300000;1400;1388
1545;12583241000;12572300000;13072300000;1398;1386
1546;12583250000;12572300000;13072300000;1400;1388
1547;12583448000;12572300000;13072300000;1398;1386
1548;12583456000;12572300000;13072300000;1400;1388
1549;12583650000;12572300000;13072300000;1400;1388
1550;12583659000;12572311111;13072311111;982;970
1551;12624309000;12572611111;13072611111;1398;1386
1551;12624331000;12572611111;13072611111;1398;1386
1552;12624351000;12572611111;13072611111;1400;1388
1553;12624356000;12572611111;13072611111;1398;1386
1554;12624360000;12613966666;13113966666;1400;1388
1557;12624364000;12613966666;13113966666;1400;1388
1558;12624369000;12613966666;13113966666;1398;1386
1559;12624383000;12613966666;13113966666;1400;1388
1560;12624387000;12613966666;13113966666;1400;1388
1561;12624391000;12613988888;13113988888;982;970
1552;12624516000;12572611111;13072611111;1400;1388
1553;12624525000;12572611111;13072611111;1398;1386
1554;12624715000;12613966666;13113966666;1400;1388
1555;12624921000;12613966666;13113966666;1400;1388
1556;12624945000;12613966666;13113966666;1398;1386
1557;12625121000;12613966666;13113966666;1400;1388
1558;12625130000;12613966666;13113966666;1398;1386
1559;12625324000;12613966666;13113966666;1400;1388
1561;12625332000;12613988888;13113988888;982;970
1562;12665961000;12614255555;13114255555;1398;1386
1562;12665980000;12614255555;13114255555;1398;1386
1563;12666000000;12614255555;13114255555;1400;1388
1564;12666005000;12614255555;13114255555;1398;1386
1565;12666008000;12655633333;13155633333;1400;1388
1566;12666012000;12655633333;13155633333;1400;1388
1567;12666015000;12655633333;13155633333;1398;1386
1568;12666018000;12655633333;13155633333;1400;1388
1569;12666021000;12655633333;13155633333;1398;1386
1570;12666025000;12655633333;13155633333;1400;1388
1571;12666028000;12655633333;13155633333;1400;1388
1572;12666031000;12655644444;13155644444;982;970
1563;12666175000;12614255555;13114255555;1400;1388
1564;12666184000;12614255555;13114255555;1398;1386
1565;12666363000;12655633333;13155633333;1400;1388
1566;12666568000;12655633333;13155633333;1400;1388
1567;12666573000;12655633333;13155633333;1398;1386
1568;12666769000;12655633333;13155633333;1400;1388
1569;12666774000;12655633333;13155633333;1398;1386
1570;12666976000;12655633333;13155633333;1400;1388
1571;12666981000;12655633333;13155633333;1400;1388
1572;12667182000;12655644444;13155644444;982;970
1573;12707637000;12655966666;13155966666;1398;1386
1573;12707652000;12655966666;13155966666;1398;1386
1574;12707671000;12655966666;13155966666;1400;1388
1575;12707675000;12655966666;13155966666;1398;1386
1576;12707679000;12697300000;13197300000;1400;1388
1577;12707683000;12697300000;13197300000;1400;1388
1578;12707696000;12697300000;13197300000;1398;1386
1579;12707699000;12697300000;13197300000;1400;1388
1580;12707702000;12697300000;13197300000;1398;1386
1581;12707706000;12697300000;13197300000;1400;1388
1582;12707709000;12697300000;13197300000;1400;1388
1583;12707712000;12697322222;13197322222;982;970
1574;12707840000;12655966666;13155966666;1400;1388
1575;12707849000;12655966666;13155966666;1398;1386
1576;12708039000;12697300000;13197300000;1400;1388
1577;12708239000;12697300000;13197300000;1400;1388
1578;12708248000;12697300000;13197300000;1398;1386
1579;12708447000;12697300000;13197300000;1400;1388
1580;12708456000;12697300000;13197300000;1398;1386
1581;12708655000;12697300000;13197300000;1400;1388
1582;12708664000;12697300000;13197300000;1400;1388
1585;12749312000;12697611111;13197611111;1400;1388
1584;12749411000;12697611111;13197611111;1398;1386
1585;12749438000;12697611111;13197611111;1400;1388
1586;12749454000;12697611111;13197611111;1398;1386
1587;12749468000;12738966666;13238966666;1400;1388
1588;12749473000;12738966666;13238966666;1400;1388
1589;12749477000;12738966666;13238966666;1398;1386
1591;12749481000;12738966666;13238966666;1398;1386
1593;12749487000;12738966666;13238966666;1400;1388
1586;12749509000;12697611111;13197611111;1398;1386
1587;12749528000;12738966666;13238966666;1400;1388
1594;12749587000;12738977777;13238977777;982;970
1588;12749712000;12738966666;13238966666;1400;1388
1589;12749914000;12738966666;13238966666;1398;1386
1590;12749923000;12738966666;13238966666;1400;1388
1591;12750116000;12738966666;13238966666;1398;1386
1592;12750124000;12738966666;13238966666;1400;1388
1593;12750317000;12738966666;13238966666;1400;1388
1594;12750326000;12738977777;13238977777;982;970
1595;12790963000;12739277777;13239277777;1398;1386
1596;12790981000;12739277777;13239277777;1400;1388
1597;12791001000;12739277777;13239277777;1398;1386
1598;12791005000;12780633333;13280633333;1400;1388
1599;12791009000;12780633333;13280633333;1400;1388
1600;12791012000;12780633333;13280633333;1398;1386
1601;12791016000;12780633333;13280633333;1400;1388
1602;12791019000;12780633333;13280633333;1398;1386
1603;12791022000;12780633333;13280633333;1400;1388
1604;12791025000;12780633333;13280633333;1400;1388
1605;12791028000;12780655555;13280655555;982;970
1596;12791178000;12739277777;13239277777;1400;1388
1597;12791187000;12739277777;13239277777;1398;1386
1598;12791375000;12780633333;13280633333;1400;1388
1599;12791583000;12780633333;13280633333;1400;1388
1600;12791592000;12780633333;13280633333;1398;1386
1602;12791772000;12780633333;13280633333;1398;1386
1603;12791777000;12780633333;13280633333;1400;1388
1604;12791973000;12780633333;13280633333;1400;1388
1605;12791978000;12780655555;13280655555;982;970
1606;12832628000;12780977777;13280977777;1398;1386
1606;12832646000;12780977777;13280977777;1398;1386
1607;12832666000;12780977777;13280977777;1400;1388
1608;12832670000;12780977777;13280977777;1398;1386
1610;12832673000;12822300000;13322300000;1400;1388
1611;12832690000;12822300000;13322300000;1398;1386
1612;12832694000;12822300000;13322300000;1400;1388
1613;12832698000;12822300000;13322300000;1398;1386
1614;12832702000;12822300000;13322300000;1400;1388
1615;12832705000;12822300000;13322300000;1400;1388
1607;12832842000;12780977777;13280977777;1400;1388
1608;12832851000;12780977777;13280977777;1398;1386
1609;12833041000;12822300000;13322300000;1400;1388
1610;12833239000;12822300000;13322300000;1400;1388
1611;12833248000;12822300000;13322300000;1398;1386
1612;12833447000;12822300000;13322300000;1400;1388
1613;12833456000;12822300000;13322300000;1398;1386
1614;12833650000;12822300000;13322300000;1400;1388
1616;12833658000;12822322222;13322322222;982;970
1617;12874295000;12822611111;13322611111;1398;1386
1617;12874311000;12822611111;13322611111;1398;1386
1618;12874384000;12822611111;13322611111;1400;1388
1619;12874397000;12822611111;13322611111;1398;1386
1620;12874401000;12863966666;13363966666;1400;1388
1621;12874405000;12863966666;13363966666;1400;1388
1622;12874408000;12863966666;13363966666;1398;1386
1624;12874411000;12863966666;13363966666;1398;1386
1625;12874436000;12863966666;13363966666;1400;1388
1626;12874440000;12863966666;13363966666;1400;1388
1627;12874460000;12863988888;13363988888;982;970
1618;12874506000;12822611111;13322611111;1400;1388
1619;12874701000;12822611111;13322611111;1398;1386
1620;12874707000;12863966666;13363966666;1400;1388
1621;12874899000;12863966666;13363966666;1400;1388
1622;12874904000;12863966666;13363966666;1398;1386
1623;12875102000;12863966666;13363966666;1400;1388
1624;12875121000;12863966666;13363966666;1398;1386
1625;12875310000;12863966666;13363966666;1400;1388
1626;12875315000;12863966666;13363966666;1400;1388
1627;12875506000;12863988888;13363988888;982;970
1628;12915936000;12864277777;13364277777;1398;1386
1628;12915973000;12864277777;13364277777;1398;1386
1629;12915982000;12864277777;13364277777;1400;1388
1631;12915987000;12905600000;13405600000;1400;1388
1632;12916004000;12905600000;13405600000;1400;1388
1633;12916008000;12905600000;13405600000;1398;1386
1634;12916011000;12905600000;13405600000;1400;1388
1635;12916014000;12905600000;13405600000;1398;1386
1636;12916018000;12905600000;13405600000;1400;1388
1637;12916021000;12905600000;13405600000;1400;1388
1638;12916024000;12905622222;13405622222;982;970
1629;12916144000;12864277777;13364277777;1400;1388
1630;12916150000;12864277777;13364277777;1398;1386
1631;12916332000;12905600000;13405600000;1400;1388
1632;12916537000;12905600000;13405600000;1400;1388
1633;12916542000;12905600000;13405600000;1398;1386
1634;12916749000;12905600000;13405600000;1400;1388
1635;12916754000;12905600000;13405600000;1398;1386
1636;12916947000;12905600000;13405600000;1400;1388
1637;12916952000;12905600000;13405600000;1400;1388
1638;12917151000;12905622222;13405622222;982;970
1639;12957617000;12905933333;13405933333;1398;1386
1639;12957640000;12905933333;13405933333;1398;1386
1640;12957660000;12905933333;13405933333;1400;1388
1641;12957664000;12905933333;13405933333;1398;1386
1642;12957668000;12947266666;13447266666;1400;1388
1643;12957671000;12947266666;13447266666;1400;1388
1644;12957674000;12947266666;13447266666;1398;1386
1645;12957678000;12947266666;13447266666;1400;1388
1646;12957681000;12947266666;13447266666;1398;1386
1647;12957684000;12947266666;13447266666;1400;1388
1648;12957688000;12947266666;13447266666;1400;1388
1649;12957691000;12947288888;13447288888;982;970
1640;12957810000;12905933333;13405933333;1400;1388
1641;12957816000;12905933333;13405933333;1398;1386
1642;12958009000;12947266666;13447266666;1400;1388
1643;12958215000;12947266666;13447266666;1400;1388
1644;12958220000;12947266666;13447266666;1398;1386
1645;12958416000;12947266666;13447266666;1400;1388
1646;12958421000;12947266666;13447266666;1398;1386
1647;12958624000;12947266666;13447266666;1400;1388
1648;12958629000;12947266666;13447266666;1400;1388
1649;12958817000;12947288888;13447288888;982;970
1650;12999272000;12947588888;13447588888;1398;1386
1650;12999303000;12947588888;13447588888;1398;1386
1651;12999322000;12947588888;13447588888;1400;1388
1652;12999327000;12947588888;13447588888;1398;1386
1653;12999330000;12988955555;13488955555;1400;1388
1654;12999334000;12988955555;13488955555;1400;1388
1655;12999338000;12988955555;13488955555;1398;1386
1656;12999341000;12988955555;13488955555;1400;1388
1657;12999344000;12988955555;13488955555;1398;1386
1658;12999348000;12988955555;13488955555;1400;1388
1659;12999351000;12988955555;13488955555;1400;1388
1660;12999354000;12988966666;13488966666;982;970
1652;12999449000;12947588888;13447588888;1398;1386
1655;12999652000;12988955555;13488955555;1398;1386
1656;12999658000;12988955555;13488955555;1400;1388
1657;12999856000;12988955555;13488955555;1398;1386
1658;12999862000;12988955555;13488955555;1400;1388
1659;13000074000;12988955555;13488955555;1400;1388
1660;13000079000;12988966666;13488966666;982;970
1661;13040926000;12989277777;13489277777;1398;1386
1662;13040947000;12989277777;13489277777;1400;1388
1663;13040962000;12989277777;13489277777;1398;1386
1665;13040965000;13030600000;13530600000;1400;1388
1661;13040996000;12989277777;13489277777;1398;1386
1666;13041087000;13030600000;13530600000;1398;1386
1667;13041110000;13030600000;13530600000;1400;1388
1668;13041114000;13030600000;13530600000;1398;1386
1669;13041118000;13030600000;13530600000;1400;1388
1670;13041121000;13030600000;13530600000;1400;1388
1671;13041125000;13030611111;13530611111;982;970
1662;13041138000;12989277777;13489277777;1400;1388
1663;13041157000;12989277777;13489277777;1398;1386
1664;13041341000;13030600000;13530600000;1400;1388
1665;13041547000;13030600000;13530600000;1400;1388
1666;13041556000;13030600000;13530600000;1398;1386
1667;13041749000;13030600000;13530600000;1400;1388
1668;13041757000;13030600000;13530600000;1398;1386
1669;13041957000;13030600000;13530600000;1400;1388
1670;13041966000;13030600000;13530600000;1400;1388
1671;13042163000;13030611111;13530611111;982;970
1672;13082660000;13030922222;13530922222;1398;1386
1672;13082703000;13030922222;13530922222;1398;1386
1673;13082719000;13030922222;13530922222;1400;1388
1674;13082745000;13030922222;13530922222;1398;1386
1675;13082757000;13072300000;13572300000;1400;1388
1676;13082769000;13072300000;13572300000;1400;1388
1677;13082779000;13072300000;13572300000;1398;1386
1678;13082797000;13072300000;13572300000;1400;1388
1679;13082802000;13072300000;13572300000;1398;1386
1680;13082808000;13072300000;13572300000;1400;1388
1681;13082813000;13072300000;13572300000;1400;1388
1673;13082823000;13030922222;13530922222;1400;1388
1674;13083023000;13030922222;13530922222;1398;1386
1675;13083032000;13072300000;13572300000;1400;1388
1676;13083229000;13072300000;13572300000;1400;1388
1677;13083238000;13072300000;13572300000;1398;1386
1679;13083433000;13072300000;13572300000;1398;1386
1680;13083444000;13072300000;13572300000;1400;1388
1681;13083619000;13072300000;13572300000;1400;1388
1682;13083627000;13072311111;13572311111;982;970
1683;13124328000;13072611111;13572611111;1398;1386
1683;13124353000;13072611111;13572611111;1398;1386
1684;13124374000;13072611111;13572611111;1400;1388
1685;13124379000;13072611111;13572611111;1398;1386
1686;13124383000;13113966666;13613966666;1400;1388
1687;13124386000;13113966666;13613966666;1400;1388
1688;13124390000;13113966666;13613966666;1398;1386
1689;13124393000;13113966666;13613966666;1400;1388
1690;13124396000;13113966666;13613966666;1398;1386
1691;13124400000;13113966666;13613966666;1400;1388
1692;13124403000;13113966666;13613966666;1400;1388
1693;13124406000;13113988888;13613988888;982;970
1684;13124508000;13072611111;13572611111;1400;1388
1685;13124518000;13072611111;13572611111;1398;1386
1688;13124706000;13113966666;13613966666;1398;1386
1689;13124912000;13113966666;13613966666;1400;1388
1690;13124922000;13113966666;13613966666;1398;1386
1691;13125104000;13113966666;13613966666;1400;1388
1692;13125109000;13113966666;13613966666;1400;1388
1693;13125311000;13113988888;13613988888;982;970
1694;13165931000;13114255555;13614255555;1398;1386
1694;13165949000;13114255555;13614255555;1398;1386
1695;13166021000;13114255555;13614255555;1400;1388
1697;13166034000;13155600000;13655600000;1400;1388
1698;13166067000;13155600000;13655600000;1400;1388
1699;13166072000;13155600000;13655600000;1398;1386
1700;13166076000;13155600000;13655600000;1400;1388
1701;13166079000;13155600000;13655600000;1398;1386
1702;13166083000;13155600000;13655600000;1400;1388
1695;13166138000;13114255555;13614255555;1400;1388
1696;13166340000;13114255555;13614255555;1398;1386
1697;13166364000;13155600000;13655600000;1400;1388
1698;13166551000;13155600000;13655600000;1400;1388
1699;13166560000;13155600000;13655600000;1398;1386
1700;13166751000;13155600000;13655600000;1400;1388
1701;13166760000;13155600000;13655600000;1398;1386
1702;13166960000;13155600000;13655600000;1400;1388
1703;13166968000;13155600000;13655600000;1400;1388
1704;13167164000;13155622222;13655622222;982;970
1705;13207645000;13155922222;13655922222;1398;1386
1708;13207676000;13197300000;13697300000;1400;1388
1709;13207699000;13197300000;13697300000;1400;1388
1710;13207712000;13197300000;13697300000;1398;1386
1711;13207716000;13197300000;13697300000;1400;1388
1712;13207729000;13197300000;13697300000;1398;1386
1713;13207750000;13197300000;13697300000;1400;1388
1714;13207754000;13197300000;13697300000;1400;1388
1715;13207757000;13197322222;13697322222;982;970
1706;13207833000;13155922222;13655922222;1400;1388
1707;13207857000;13155922222;13655922222;1398;1386
1708;13208032000;13197300000;13697300000;1400;1388
1709;13208231000;13197300000;13697300000;1400;1388
1710;13208237000;13197300000;13697300000;1398;1386
1711;13208441000;13197300000;13697300000;1400;1388
1713;13208446000;13197300000;13697300000;1400;1388
1714;13208640000;13197300000;13697300000;1400;1388
1715;13208644000;13197322222;13697322222;982;970
1716;13249296000;13197622222;13697622222;1398;1386
1716;13249309000;13197622222;13697622222;1398;1386
1718;13249329000;13197622222;13697622222;1398;1386
1719;13249346000;13238966666;13738966666;1400;1388
1720;13249350000;13238966666;13738966666;1400;1388
1721;13249360000;13238966666;13738966666;1398;1386
1722;13249364000;13238966666;13738966666;1400;1388
1723;13249367000;13238966666;13738966666;1398;1386
1724;13249380000;13238966666;13738966666;1400;1388
1725;13249384000;13238966666;13738966666;1400;1388
1717;13249506000;13197622222;13697622222;1400;1388
1718;13249516000;13197622222;13697622222;1398;1386
1719;13249696000;13238966666;13738966666;1400;1388
1720;13249912000;13238966666;13738966666;1400;1388
1721;13249917000;13238966666;13738966666;1398;1386
1722;13250102000;13238966666;13738966666;1400;1388
1723;13250107000;13238966666;13738966666;1398;1386
1724;13250321000;13238966666;13738966666;1400;1388
1725;13250326000;13238966666;13738966666;1400;1388
1726;13250524000;13238988888;13738988888;982;970
1727;13290954000;13239277777;13739277777;1398;1386
1727;13290983000;13239277777;13739277777;1398;1386
1728;13290992000;13239277777;13739277777;1400;1388
1729;13290997000;13239277777;13739277777;1398;1386
1730;13291000000;13280633333;13780633333;1400;1388
1731;13291004000;13280633333;13780633333;1400;1388
1732;13291007000;13280633333;13780633333;1398;1386
1733;13291011000;13280633333;13780633333;1400;1388
1734;13291014000;13280633333;13780633333;1398;1386
1735;13291017000;13280633333;13780633333;1400;1388
1736;13291021000;13280633333;13780633333;1400;1388
1737;13291024000;13280655555;13780655555;982;970
1729;13291163000;13239277777;13739277777;1398;1386
1730;13291169000;13280633333;13780633333;1400;1388
1731;13291363000;13280633333;13780633333;1400;1388
1732;13291567000;13280633333;13780633333;1398;1386
1733;13291572000;13280633333;13780633333;1400;1388
1734;13291769000;13280633333;13780633333;1398;1386
1735;13291773000;13280633333;13780633333;1400;1388
1736;13291970000;13280633333;13780633333;1400;1388
1737;13291975000;13280655555;13780655555;982;970
1738;13332605000;13280966666;13780966666;1398;1386
1738;13332620000;13280966666;13780966666;1398;1386
1739;13332639000;13280966666;13780966666;1400;1388
1740;13332644000;13280966666;13780966666;1398;1386
1742;13332647000;13322266666;13822266666;1400;1388
1743;13332654000;13322266666;13822266666;1398;1386
1744;13332668000;13322266666;13822266666;1400;1388
1745;13332671000;13322266666;13822266666;1398;1386
1746;13332675000;13322266666;13822266666;1400;1388
1747;13332678000;13322266666;13822266666;1400;1388
1748;13332682000;13322288888;13822288888;982;970
1739;13332801000;13280966666;13780966666;1400;1388
1740;13332807000;13280966666;13780966666;1398;1386
1741;13332998000;13322266666;13822266666;1400;1388
1742;13333205000;13322266666;13822266666;1400;1388
1743;13333210000;13322266666;13822266666;1398;1386
1744;13333404000;13322266666;13822266666;1400;1388
1745;13333409000;13322266666;13822266666;1398;1386
1746;13333614000;13322266666;13822266666;1400;1388
1747;13333618000;13322266666;13822266666;1400;1388
1748;13333819000;13322288888;13822288888;982;970
1749;13374263000;13322588888;13822588888;1398;1386
1749;13374278000;13322588888;13822588888;1398;1386
1750;13374297000;13322588888;13822588888;1400;1388
1752;13374301000;13363933333;13863933333;1400;1388
1754;13374318000;13363933333;13863933333;1398;1386
1755;13374322000;13363933333;13863933333;1400;1388
1756;13374334000;13363933333;13863933333;1398;1386
1757;13374338000;13363933333;13863933333;1400;1388
1758;13374350000;13363933333;13863933333;1400;1388
1759;13374354000;13363955555;13863955555;982;970
1750;13374465000;13322588888;13822588888;1400;1388
1751;13374471000;13322588888;13822588888;1398;1386
1752;13374666000;13363933333;13863933333;1400;1388
1753;13374871000;13363933333;13863933333;1400;1388
1754;13374888000;13363933333;13863933333;1398;1386
1755;13375072000;13363933333;13863933333;1400;1388
1756;13375077000;13363933333;13863933333;1398;1386
1757;13375273000;13363933333;13863933333;1400;1388
1758;13375485000;13363933333;13863933333;1400;1388
1759;13375490000;13363955555;13863955555;982;970
1760;13415966000;13364266666;13864266666;1398;1386
1762;13416002000;13364266666;13864266666;1398;1386
1763;13416024000;13405633333;13905633333;1400;1388
1764;13416028000;13405633333;13905633333;1400;1388
1765;13416032000;13405633333;13905633333;1398;1386
1766;13416036000;13405633333;13905633333;1400;1388
1767;13416039000;13405633333;13905633333;1398;1386
1768;13416061000;13405633333;13905633333;1400;1388
1769;13416065000;13405633333;13905633333;1400;1388
1770;13416069000;13405644444;13905644444;982;970
1761;13416163000;13364266666;13864266666;1400;1388
1762;13416183000;13364266666;13864266666;1398;1386
1764;13416363000;13405633333;13905633333;1400;1388
1765;13416569000;13405633333;13905633333;1398;1386
1766;13416574000;13405633333;13905633333;1400;1388
1767;13416769000;13405633333;13905633333;1398;1386
1768;13416773000;13405633333;13905633333;1400;1388
1769;13416971000;13405633333;13905633333;1400;1388
1770;13416976000;13405644444;13905644444;982;970
1771;13457642000;13405955555;13905955555;1398;1386
1771;13457673000;13405955555;13905955555;1398;1386
1772;13457684000;13405955555;13905955555;1400;1388
1773;13457689000;13405955555;13905955555;1398;1386
1774;13457692000;13447300000;13947300000;1400;1388
1775;13457696000;13447300000;13947300000;1400;1388
1776;13457699000;13447300000;13947300000;1398;1386
1777;13457702000;13447300000;13947300000;1400;1388
1778;13457706000;13447300000;13947300000;1398;1386
1779;13457709000;13447300000;13947300000;1400;1388
1780;13457712000;13447300000;13947300000;1400;1388
1781;13457715000;13447311111;13947311111;982;970
1772;13457839000;13405955555;13905955555;1400;1388
1773;13457849000;13405955555;13905955555;1398;1386
1774;13458032000;13447300000;13947300000;1400;1388
1775;13458228000;13447300000;13947300000;1400;1388
1776;13458234000;13447300000;13947300000;1398;1386
1777;13458435000;13447300000;13947300000;1400;1388
1778;13458440000;13447300000;13947300000;1398;1386
1779;13458644000;13447300000;13947300000;1400;1388
1780;13458648000;13447300000;13947300000;1400;1388
1781;13458847000;13447311111;13947311111;982;970
1782;13499316000;13447600000;13947600000;1398;1386
1782;13499379000;13447600000;13947600000;1398;1386
1783;13499393000;13447600000;13947600000;1400;1388
1785;13499398000;13488933333;13988933333;1400;1388
1786;13499417000;13488933333;13988933333;1400;1388
1787;13499421000;13488933333;13988933333;1398;1386
1788;13499425000;13488933333;13988933333;1400;1388
1789;13499445000;13488933333;13988933333;1398;1386
1790;13499449000;13488933333;13988933333;1400;1388
1784;13499473000;13447600000;13947600000;1398;1386
1791;13499561000;13488933333;13988933333;1400;1388
1792;13499593000;13488955555;13988955555;982;970
1785;13499674000;13488933333;13988933333;1400;1388
1786;13499684000;13488933333;13988933333;1400;1388
1787;13499884000;13488933333;13988933333;1398;1386
1788;13499893000;13488933333;13988933333;1400;1388
1789;13500086000;13488933333;13988933333;1398;1386
1790;13500094000;13488933333;13988933333;1400;1388
1791;13500286000;13488933333;13988933333;1400;1388
1792;13500295000;13488955555;13988955555;982;970
1793;13540969000;13489255555;13989255555;1398;1386
1793;13540991000;13489255555;13989255555;1398;1386
1794;13541011000;13489255555;13989255555;1400;1388
1795;13541015000;13489255555;13989255555;1398;1386
1796;13541019000;13530633333;14030633333;1400;1388
1797;13541023000;13530633333;14030633333;1400;1388
1799;13541036000;13530633333;14030633333;1400;1388
1800;13541065000;13530633333;14030633333;1398;1386
1801;13541070000;13530633333;14030633333;1400;1388
1802;13541074000;13530633333;14030633333;1400;1388
1803;13541087000;13530644444;14030644444;982;970
1794;13541164000;13489255555;13989255555;1400;1388
1795;13541173000;13489255555;13989255555;1398;1386
1796;13541374000;13530633333;14030633333;1400;1388
1797;13541579000;13530633333;14030633333;1400;1388
1798;13541587000;13530633333;14030633333;1398;1386
1799;13541770000;13530633333;14030633333;1400;1388
1800;13541776000;13530633333;14030633333;1398;1386
1801;13541977000;13530633333;14030633333;1400;1388
1802;13541982000;13530633333;14030633333;1400;1388
1803;13542181000;13530644444;14030644444;982;970
1804;13582634000;13530977777;14030977777;1398;1386
1804;13582649000;13530977777;14030977777;1398;1386
1805;13582668000;13530977777;14030977777;1400;1388
1806;13582672000;13530977777;14030977777;1398;1386
1807;13582676000;13572300000;14072300000;1400;1388
1808;13582680000;13572300000;14072300000;1400;1388
1809;13582683000;13572300000;14072300000;1398;1386
1810;13582686000;13572300000;14072300000;1400;1388
1811;13582689000;13572300000;14072300000;1398;1386
1812;13582693000;13572300000;14072300000;1400;1388
1813;13582696000;13572300000;14072300000;1400;1388
1814;13582699000;13572311111;14072311111;982;970
1805;13582830000;13530977777;14030977777;1400;1388
1807;13582836000;13572300000;14072300000;1400;1388
1808;13583029000;13572300000;14072300000;1400;1388
1809;13583228000;13572300000;14072300000;1398;1386
1810;13583233000;13572300000;14072300000;1400;1388
1811;13583436000;13572300000;14072300000;1398;1386
1812;13583441000;13572300000;14072300000;1400;1388
1813;13583636000;13572300000;14072300000;1400;1388
1814;13583641000;13572311111;14072311111;982;970
1815;13624296000;13572622222;14072622222;1398;1386
1815;13624311000;13572622222;14072622222;1398;1386
1816;13624330000;13572622222;14072622222;1400;1388
1817;13624334000;13572622222;14072622222;1398;1386
1818;13624338000;13613966666;14113966666;1400;1388
1819;13624342000;13613966666;14113966666;1400;1388
1820;13624345000;13613966666;14113966666;1398;1386
1821;13624348000;13613966666;14113966666;1400;1388
1822;13624352000;13613966666;14113966666;1398;1386
1823;13624355000;13613966666;14113966666;1400;1388
1824;13624358000;13613966666;14113966666;1400;1388
1825;13624361000;13613988888;14113988888;982;970
1816;13624510000;13572622222;14072622222;1400;1388
1817;13624520000;13572622222;14072622222;1398;1386
1818;13624709000;13613966666;14113966666;1400;1388
1819;13624914000;13613966666;14113966666;1400;1388
1820;13624923000;13613966666;14113966666;1398;1386
1821;13625116000;13613966666;14113966666;1400;1388
1823;13625124000;13613966666;14113966666;1400;1388
1824;13625318000;13613966666;14113966666;1400;1388
1825;13625326000;13613988888;14113988888;982;970
1826;13665972000;13614277777;14114277777;1398;1386
1827;13665995000;13614277777;14114277777;1400;1388
1828;13666016000;13614277777;14114277777;1398;1386
1829;13666020000;13655633333;14155633333;1400;1388
1830;13666024000;13655633333;14155633333;1400;1388
1831;13666027000;13655633333;14155633333;1398;1386
1832;13666031000;13655633333;14155633333;1400;1388
1833;13666034000;13655633333;14155633333;1398;1386
1834;13666038000;13655633333;14155633333;1400;1388
1835;13666042000;13655633333;14155633333;1400;1388
1836;13666055000;13655644444;14155644444;982;970
1827;13666155000;13614277777;14114277777;1400;1388
1828;13666357000;13614277777;14114277777;1398;1386
1829;13666366000;13655633333;14155633333;1400;1388
1830;13666562000;13655633333;14155633333;1400;1388
1831;13666571000;13655633333;14155633333;1398;1386
1832;13666756000;13655633333;14155633333;1400;1388
1833;13666761000;13655633333;14155633333;1398;1386
1834;13666958000;13655633333;14155633333;1400;1388
1835;13667164000;13655633333;14155633333;1400;1388
1836;13667169000;13655644444;14155644444;982;970
1837;13707627000;13655977777;14155977777;1398;1386
1838;13707649000;13655977777;14155977777;1400;1388
1839;13707662000;13655977777;14155977777;1398;1386
1840;13707685000;13697300000;14197300000;1400;1388
1841;13707689000;13697300000;14197300000;1400;1388
1842;13707692000;13697300000;14197300000;1398;1386
1843;13707705000;13697300000;14197300000;1400;1388
1840;13707718000;13697300000;14197300000;1400;1388
1844;13707793000;13697300000;14197300000;1398;1386
1845;13707816000;13697300000;14197300000;1400;1388
1846;13707820000;13697300000;14197300000;1400;1388
1847;13707824000;13697322222;14197322222;982;970
1841;13707853000;13697300000;14197300000;1400;1388
1842;13707863000;13697300000;14197300000;1398;1386
1843;13708052000;13697300000;14197300000;1400;1388
1844;13708246000;13697300000;14197300000;1398;1386
1845;13708255000;13697300000;14197300000;1400;1388
1846;13708457000;13697300000;14197300000;1400;1388
1847;13708466000;13697322222;14197322222;982;970
1848;13749300000;13697588888;14197588888;1398;1386
1848;13749332000;13697588888;14197588888;1398;1386
1849;13749342000;13697588888;14197588888;1400;1388
1850;13749347000;13697588888;14197588888;1398;1386
1851;13749351000;13738966666;14238966666;1400;1388
1852;13749355000;13738966666;14238966666;1400;1388
1853;13749358000;13738966666;14238966666;1398;1386
1854;13749362000;13738966666;14238966666;1400;1388
1855;13749365000;13738966666;14238966666;1398;1386
1856;13749368000;13738966666;14238966666;1400;1388
1857;13749371000;13738966666;14238966666;1400;1388
1858;13749375000;13738988888;14238988888;982;970
1849;13749507000;13697588888;14197588888;1400;1388
1850;13749516000;13697588888;14197588888;1398;1386
1851;13749707000;13738966666;14238966666;1400;1388
1852;13749913000;13738966666;14238966666;1400;1388
1853;13749922000;13738966666;14238966666;1398;1386
1854;13750114000;13738966666;14238966666;1400;1388
1855;13750123000;13738966666;14238966666;1398;1386
1856;13750304000;13738966666;14238966666;1400;1388
1857;13750515000;13738966666;14238966666;1400;1388
1858;13750520000;13738988888;14238988888;982;970
1859;13790930000;13739255555;14239255555;1398;1386
1859;13790943000;13739255555;14239255555;1398;1386
1863;13790963000;13780600000;14280600000;1400;1388
1864;13790981000;13780600000;14280600000;1398;1386
1865;13790986000;13780600000;14280600000;1400;1388
1866;13790996000;13780600000;14280600000;1398;1386
1867;13791000000;13780600000;14280600000;1400;1388
1868;13791003000;13780600000;14280600000;1400;1388
1869;13791016000;13780622222;14280622222;982;970
1860;13791115000;13739255555;14239255555;1400;1388
1861;13791317000;13739255555;14239255555;1398;1386
1862;13791342000;13780600000;14280600000;1400;1388
1863;13791540000;13780600000;14280600000;1400;1388
1864;13791545000;13780600000;14280600000;1398;1386
1865;13791738000;13780600000;14280600000;1400;1388
1866;13791743000;13780600000;14280600000;1398;1386
1867;13791949000;13780600000;14280600000;1400;1388
1868;13791953000;13780600000;14280600000;1400;1388
1869;13792151000;13780622222;14280622222;982;970
1870;13832571000;13780911111;14280911111;1398;1386
1871;13832592000;13780911111;14280911111;1400;1388
1872;13832607000;13780911111;14280911111;1398;1386
1873;13832610000;13822266666;14322266666;1400;1388
1870;13832624000;13780911111;14280911111;1398;1386
1874;13832697000;13822266666;14322266666;1400;1388
1875;13832710000;13822266666;14322266666;1398;1386
1876;13832714000;13822266666;14322266666;1400;1388
1877;13832718000;13822266666;14322266666;1398;1386
1878;13832721000;13822266666;14322266666;1400;1388
1879;13832725000;13822266666;14322266666;1400;1388
1880;13832738000;13822288888;14322288888;982;970
1871;13832775000;13780911111;14280911111;1400;1388
1872;13832989000;13780911111;14280911111;1398;1386
1873;13832998000;13822266666;14322266666;1400;1388
1874;13833192000;13822266666;14322266666;1400;1388
1875;13833201000;13822266666;14322266666;1398;1386
1876;13833391000;13822266666;14322266666;1400;1388
1877;13833400000;13822266666;14322266666;1398;1386
1878;13833602000;13822266666;14322266666;1400;1388
1879;13833610000;13822266666;14322266666;1400;1388
1880;13833805000;13822288888;14322288888;982;970
1881;13874285000;13822544444;14322544444;1398;1386
1881;13874356000;13822544444;14322544444;1398;1386
1882;13874369000;13822544444;14322544444;1400;1388
1883;13874374000;13822544444;14322544444;1398;1386
1884;13874377000;13863944444;14363944444;1400;1388
1885;13874381000;13863944444;14363944444;1400;1388
1886;13874385000;13863944444;14363944444;1398;1386
1887;13874388000;13863944444;14363944444;1400;1388
1888;13874391000;13863944444;14363944444;1398;1386
1889;13874394000;13863944444;14363944444;1400;1388
1890;13874398000;13863944444;14363944444;1400;1388
1891;13874409000;13863966666;14363966666;982;970
1882;13874485000;13822544444;14322544444;1400;1388
1883;13874495000;13822544444;14322544444;1398;1386
1884;13874673000;13863944444;14363944444;1400;1388
1886;13874869000;13863944444;14363944444;1398;1386
1887;13874874000;13863944444;14363944444;1400;1388
1888;13875073000;13863944444;14363944444;1398;1386
1889;13875078000;13863944444;14363944444;1400;1388
1890;13875285000;13863944444;14363944444;1400;1388
1892;13915924000;13864233333;14364233333;1398;1386
1892;13915956000;13864233333;14364233333;1398;1386
1893;13915967000;13864233333;14364233333;1400;1388
1894;13915972000;13864233333;14364233333;1398;1386
1895;13915975000;13905600000;14405600000;1400;1388
1896;13915979000;13905600000;14405600000;1400;1388
1897;13915983000;13905600000;14405600000;1398;1386
1898;13915986000;13905600000;14405600000;1400;1388
1899;13915989000;13905600000;14405600000;1398;1386
1900;13915992000;13905600000;14405600000;1400;1388
1901;13915996000;13905600000;14405600000;1400;1388
1902;13915999000;13905622222;14405622222;982;970
1893;13916126000;13864233333;14364233333;1400;1388
1894;13916318000;13864233333;14364233333;1398;1386
1895;13916324000;13905600000;14405600000;1400;1388
1896;13916520000;13905600000;14405600000;1400;1388
1897;13916526000;13905600000;14405600000;1398;1386
1898;13916725000;13905600000;14405600000;1400;1388
1900;13916730000;13905600000;14405600000;1400;1388
1901;13916929000;13905600000;14405600000;1400;1388
1902;13916934000;13905622222;14405622222;982;970
1903;13957598000;13905911111;14405911111;1398;1386
1904;13957620000;13905911111;14405911111;1400;1388
1905;13957624000;13905911111;14405911111;1398;1386
1906;13957637000;13947266666;14447266666;1400;1388
1903;13957647000;13905911111;14405911111;1398;1386
1907;13957661000;13947266666;14447266666;1400;1388
1908;13957678000;13947266666;14447266666;1398;1386
1909;13957681000;13947266666;14447266666;1400;1388
1910;13957685000;13947266666;14447266666;1398;1386
1911;13957688000;13947266666;14447266666;1400;1388
1912;13957691000;13947266666;14447266666;1400;1388
1913;13957695000;13947288888;14447288888;982;970
1904;13957811000;13905911111;14405911111;1400;1388
1905;13957821000;13905911111;14405911111;1398;1386
1906;13958010000;13947266666;14447266666;1400;1388
1907;13958218000;13947266666;14447266666;1400;1388
1908;13958227000;13947266666;14447266666;1398;1386
1909;13958418000;13947266666;14447266666;1400;1388
1910;13958426000;13947266666;14447266666;1398;1386
1911;13958626000;13947266666;14447266666;1400;1388
1912;13958635000;13947266666;14447266666;1400;1388
1913;13958829000;13947288888;14447288888;982;970
1914;13999307000;13947555555;14447555555;1398;1386
1914;13999338000;13947555555;14447555555;1398;1386
1915;13999349000;13947555555;14447555555;1400;1388
1916;13999353000;13947555555;14447555555;1398;1386
1917;13999357000;13988966666;14488966666;1400;1388
1918;13999360000;13988966666;14488966666;1400;1388
1919;13999364000;13988966666;14488966666;1398;1386
1920;13999367000;13988966666;14488966666;1400;1388
1921;13999370000;13988966666;14488966666;1398;1386
1922;13999373000;13988966666;14488966666;1400;1388
1923;13999377000;13988966666;14488966666;1400;1388
1924;13999380000;13988988888;14488988888;982;970
1915;13999511000;13947555555;14447555555;1400;1388
1916;13999520000;13947555555;14447555555;1398;1386
1917;13999700000;13988966666;14488966666;1400;1388
1918;13999905000;13988966666;14488966666;1400;1388
1919;13999910000;13988966666;14488966666;1398;1386
1921;14000104000;13988966666;14488966666;1398;1386
1922;14000109000;13988966666;14488966666;1400;1388
1924;14000315000;13988988888;14488988888;982;970
1925;14040958000;13989288888;14489288888;1398;1386
1925;14040973000;13989288888;14489288888;1398;1386
1926;14040993000;13989288888;14489288888;1400;1388
1927;14040997000;13989288888;14489288888;1398;1386
1928;14041001000;14030633333;14530633333;1400;1388
1929;14041005000;14030633333;14530633333;1400;1388
1930;14041008000;14030633333;14530633333;1398;1386
1931;14041011000;14030633333;14530633333;1400;1388
1932;14041015000;14030633333;14530633333;1398;1386
1933;14041018000;14030633333;14530633333;1400;1388
1934;14041021000;14030633333;14530633333;1400;1388
1935;14041025000;14030655555;14530655555;982;970
1926;14041143000;13989288888;14489288888;1400;1388
1927;14041344000;13989288888;14489288888;1398;1386
1928;14041349000;14030633333;14530633333;1400;1388
1929;14041549000;14030633333;14530633333;1400;1388
1930;14041554000;14030633333;14530633333;1398;1386
1931;14041754000;14030633333;14530633333;1400;1388
1932;14041759000;14030633333;14530633333;1398;1386
1933;14041958000;14030633333;14530633333;1400;1388
1934;14042163000;14030633333;14530633333;1400;1388
1935;14042168000;14030655555;14530655555;982;970
1936;14082625000;14030944444;14530944444;1398;1386
1936;14082656000;14030944444;14530944444;1398;1386
1938;14082668000;14030944444;14530944444;1398;1386
1939;14082685000;14072300000;14572300000;1400;1388
1940;14082690000;14072300000;14572300000;1400;1388
1941;14082703000;14072300000;14572300000;1398;1386
1943;14082707000;14072300000;14572300000;1398;1386
1944;14082720000;14072300000;14572300000;1400;1388
1946;14082724000;14072311111;14572311111;982;970
1937;14082808000;14030944444;14530944444;1400;1388
1938;14083010000;14030944444;14530944444;1398;1386
1941;14083016000;14072300000;14572300000;1398;1386
1942;14083214000;14072300000;14572300000;1400;1388
1943;14083233000;14072300000;14572300000;1398;1386
1944;14083434000;14072300000;14572300000;1400;1388
1945;14083438000;14072300000;14572300000;1400;1388
1946;14083640000;14072311111;14572311111;982;970
1947;14124259000;14072588888;14572588888;1398;1386
1948;14124280000;14072588888;14572588888;1400;1388
1949;14124284000;14072588888;14572588888;1398;1386
1950;14124298000;14113933333;14613933333;1400;1388
1947;14124311000;14072588888;14572588888;1398;1386
1951;14124385000;14113933333;14613933333;1400;1388
1952;14124398000;14113933333;14613933333;1398;1386
1953;14124402000;14113933333;14613933333;1400;1388
1954;14124406000;14113933333;14613933333;1398;1386
1955;14124409000;14113933333;14613933333;1400;1388
1956;14124412000;14113933333;14613933333;1400;1388
1957;14124416000;14113955555;14613955555;982;970
1948;14124466000;14072588888;14572588888;1400;1388
1949;14124679000;14072588888;14572588888;1398;1386
1950;14124688000;14113933333;14613933333;1400;1388
1951;14124882000;14113933333;14613933333;1400;1388
1952;14124890000;14113933333;14613933333;1398;1386
1953;14125084000;14113933333;14613933333;1400;1388
1954;14125093000;14113933333;14613933333;1398;1386
1955;14125285000;14113933333;14613933333;1400;1388
1956;14125293000;14113933333;14613933333;1400;1388
1957;14125495000;14113955555;14613955555;982;970
1958;14165932000;14114200000;14614200000;1398;1386
1959;14165948000;14114200000;14614200000;1400;1388
1960;14165966000;14114200000;14614200000;1398;1386
1961;14165970000;14155600000;14655600000;1400;1388
1962;14165974000;14155600000;14655600000;1400;1388
1963;14165978000;14155600000;14655600000;1398;1386
1964;14165981000;14155600000;14655600000;1400;1388
1965;14165984000;14155600000;14655600000;1398;1386
1966;14165987000;14155600000;14655600000;1400;1388
1967;14165990000;14155600000;14655600000;1400;1388
1968;14165994000;14155622222;14655622222;982;970
1959;14166167000;14114200000;14614200000;1400;1388
1960;14166178000;14114200000;14614200000;1398;1386
1961;14166329000;14155600000;14655600000;1400;1388
1962;14166551000;14155600000;14655600000;1400;1388
1963;14166560000;14155600000;14655600000;1398;1386
1964;14166753000;14155600000;14655600000;1400;1388
1965;14166762000;14155600000;14655600000;1398;1386
1966;14166961000;14155600000;14655600000;1400;1388
1967;14166977000;14155600000;14655600000;1400;1388
1968;14167164000;14155622222;14655622222;982;970
1969;14207634000;14155900000;14655900000;1398;1386
1969;14207656000;14155900000;14655900000;1398;1386
1970;14207677000;14155900000;14655900000;1400;1388
1971;14207682000;14155900000;14655900000;1398;1386
1972;14207686000;14197300000;14697300000;1400;1388
1973;14207689000;14197300000;14697300000;1400;1388
1975;14207693000;14197300000;14697300000;1400;1388
1976;14207699000;14197300000;14697300000;1398;1386
1977;14207713000;14197300000;14697300000;1400;1388
1978;14207716000;14197300000;14697300000;1400;1388
1979;14207720000;14197311111;14697311111;982;970
1970;14207821000;14155900000;14655900000;1400;1388
1971;14208021000;14155900000;14655900000;1398;1386
1972;14208030000;14197300000;14697300000;1400;1388
1973;14208226000;14197300000;14697300000;1400;1388
1974;14208236000;14197300000;14697300000;1398;1386
1975;14208432000;14197300000;14697300000;1400;1388
1976;14208441000;14197300000;14697300000;1398;1386
1977;14208624000;14197300000;14697300000;1400;1388
1978;14208829000;14197300000;14697300000;1400;1388
1979;14208834000;14197311111;14697311111;982;970
1980;14249270000;14197588888;14697588888;1398;1386
1981;14249292000;14197588888;14697588888;1400;1388
1982;14249306000;14197588888;14697588888;1398;1386
1983;14249310000;14238955555;14738955555;1400;1388
1984;14249313000;14238955555;14738955555;1400;1388
1980;14249334000;14197588888;14697588888;1398;1386
1985;14249405000;14238955555;14738955555;1398;1386
1986;14249418000;14238955555;14738955555;1400;1388
1987;14249422000;14238955555;14738955555;1398;1386
1988;14249436000;14238955555;14738955555;1400;1388
1989;14249439000;14238955555;14738955555;1400;1388
1990;14249442000;14238966666;14738966666;982;970
1981;14249476000;14197588888;14697588888;1400;1388
1982;14249686000;14197588888;14697588888;1398;1386
1983;14249695000;14238955555;14738955555;1400;1388
1984;14249892000;14238955555;14738955555;1400;1388
1985;14249901000;14238955555;14738955555;1398;1386
1986;14250091000;14238955555;14738955555;1400;1388
1987;14250099000;14238955555;14738955555;1398;1386
1988;14250294000;14238955555;14738955555;1400;1388
1989;14250302000;14238955555;14738955555;1400;1388
1990;14250504000;14238966666;14738966666;982;970
1991;14290967000;14239244444;14739244444;1398;1386
1991;14291031000;14239244444;14739244444;1398;1386
1992;14291061000;14239244444;14739244444;1400;1388
1993;14291066000;14239244444;14739244444;1398;1386
1994;14291071000;14280600000;14780600000;1400;1388
1995;14291075000;14280600000;14780600000;1400;1388
1996;14291079000;14280600000;14780600000;1398;1386
1997;14291093000;14280600000;14780600000;1400;1388
1998;14291097000;14280600000;14780600000;1398;1386
2000;14291101000;14280600000;14780600000;1400;1388
2001;14291119000;14280611111;14780611111;982;970
1992;14291136000;14239244444;14739244444;1400;1388
1993;14291342000;14239244444;14739244444;1398;1386
1994;14291351000;14280600000;14780600000;1400;1388
1995;14291547000;14280600000;14780600000;1400;1388
1996;14291556000;14280600000;14780600000;1398;1386
1997;14291749000;14280600000;14780600000;1400;1388
1998;14291758000;14280600000;14780600000;1398;1386
1999;14291958000;14280600000;14780600000;1400;1388
2000;14291983000;14280600000;14780600000;1400;1388
2001;14292161000;14280611111;14780611111;982;970
2003;14332623000;14280900000;14780900000;1400;1388
2002;14332652000;14280900000;14780900000;1398;1386
2004;14332736000;14280900000;14780900000;1398;1386
2005;14332758000;14322300000;14822300000;1400;1388
2006;14332763000;14322300000;14822300000;1400;1388
2007;14332766000;14322300000;14822300000;1398;1386
2008;14332769000;14322300000;14822300000;1400;1388
2009;14332773000;14322300000;14822300000;1398;1386
2010;14332776000;14322300000;14822300000;1400;1388
2011;14332790000;14322300000;14822300000;1400;1388
2003;14332829000;14280900000;14780900000;1400;1388
2004;14333039000;14280900000;14780900000;1398;1386
2005;14333063000;14322300000;14822300000;1400;1388
2006;14333228000;14322300000;14822300000;1400;1388
2007;14333243000;14322300000;14822300000;1398;1386
2013;14374299000;14322600000;14822600000;1398;1386
2013;14374325000;14322600000;14822600000;1398;1386
2014;14374344000;14322600000;14822600000;1400;1388
2015;14374358000;14322600000;14822600000;1398;1386
2016;14374362000;14363966666;14863966666;1400;1388
2017;14374366000;14363966666;14863966666;1400;1388
2018;14374370000;14363966666;14863966666;1398;1386
2019;14374373000;14363966666;14863966666;1400;1388
2020;14374377000;14363966666;14863966666;1398;1386
2021;14374380000;14363966666;14863966666;1400;1388
2022;14374383000;14363966666;14863966666;1400;1388
2023;14374386000;14363988888;14863988888;982;970
2014;14374508000;14322600000;14822600000;1400;1388
2015;14374517000;14322600000;14822600000;1398;1386
2016;14374707000;14363966666;14863966666;1400;1388
2017;14374904000;14363966666;14863966666;1400;1388
2018;14374910000;14363966666;14863966666;1398;1386
2020;14375105000;14363966666;14863966666;1398;1386
2021;14375110000;14363966666;14863966666;1400;1388
2022;14375311000;14363966666;14863966666;1400;1388
2024;14415967000;14364277777;14864277777;1398;1386
2024;14415991000;14364277777;14864277777;1398;1386
2025;14416009000;14364277777;14864277777;1400;1388
2026;14416014000;14364277777;14864277777;1398;1386
2027;14416017000;14405633333;14905633333;1400;1388
2028;14416021000;14405633333;14905633333;1400;1388
2029;14416024000;14405633333;14905633333;1398;1386
2033;14416028000;14405633333;14905633333;1400;1388
2034;14416051000;14405655555;14905655555;982;970
2025;14416175000;14364277777;14864277777;1400;1388
2026;14416184000;14364277777;14864277777;1398;1386
2027;14416366000;14405633333;14905633333;1400;1388
2030;14416569000;14405633333;14905633333;1400;1388
2031;14416589000;14405633333;14905633333;1398;1386
2033;14416774000;14405633333;14905633333;1400;1388
2034;14416779000;14405655555;14905655555;982;970
2035;14457604000;14405933333;14905933333;1398;1386
2035;14457619000;14405933333;14905933333;1398;1386
2036;14457638000;14405933333;14905933333;1400;1388
2037;14457642000;14405933333;14905933333;1398;1386
2038;14457646000;14447266666;14947266666;1400;1388
2039;14457650000;14447266666;14947266666;1400;1388
2040;14457653000;14447266666;14947266666;1398;1386
2041;14457657000;14447266666;14947266666;1400;1388
2042;14457660000;14447266666;14947266666;1398;1386
2043;14457663000;14447266666;14947266666;1400;1388
2044;14457666000;14447266666;14947266666;1400;1388
2045;14457670000;14447288888;14947288888;982;970
2036;14457811000;14405933333;14905933333;1400;1388
2037;14457820000;14405933333;14905933333;1398;1386
2038;14458010000;14447266666;14947266666;1400;1388
2039;14458208000;14447266666;14947266666;1400;1388
2040;14458213000;14447266666;14947266666;1398;1386
2041;14458407000;14447266666;14947266666;1400;1388
2042;14458412000;14447266666;14947266666;1398;1386
2043;14458615000;14447266666;14947266666;1400;1388
2044;14458620000;14447266666;14947266666;1400;1388
2047;14499280000;14447544444;14947544444;1400;1388
2046;14499319000;14447544444;14947544444;1398;1386
2047;14499356000;14447544444;14947544444;1400;1388
2048;14499361000;14447544444;14947544444;1398;1386
2049;14499376000;14488933333;14988933333;1400;1388
2050;14499381000;14488933333;14988933333;1400;1388
2054;14499384000;14488933333;14988933333;1400;1388
2055;14499388000;14488933333;14988933333;1400;1388
2056;14499392000;14488955555;14988955555;982;970
2048;14499468000;14447544444;14947544444;1398;1386
2049;14499678000;14488933333;14988933333;1400;1388
2050;14499683000;14488933333;14988933333;1400;1388
2051;14499871000;14488933333;14988933333;1398;1386
2052;14499890000;14488933333;14988933333;1400;1388
2053;14500075000;14488933333;14988933333;1398;1386
2054;14500092000;14488933333;14988933333;1400;1388
2055;14500285000;14488933333;14988933333;1400;1388
2056;14500290000;14488955555;14988955555;982;970
2057;14540963000;14489233333;14989233333;1398;1386
2057;14541004000;14489233333;14989233333;1398;1386
2058;14541014000;14489233333;14989233333;1400;1388
2059;14541018000;14489233333;14989233333;1398;1386
2060;14541022000;14530633333;15030633333;1400;1388
2061;14541034000;14530633333;15030633333;1400;1388
2062;14541038000;14530633333;15030633333;1398;1386
2063;14541041000;14530633333;15030633333;1400;1388
2064;14541054000;14530633333;15030633333;1398;1386
2065;14541057000;14530633333;15030633333;1400;1388
2067;14541060000;14530644444;15030644444;982;970
2060;14541157000;14530633333;15030633333;1400;1388
2061;14541163000;14530633333;15030633333;1400;1388
2062;14541372000;14530633333;15030633333;1398;1386
2063;14541579000;14530633333;15030633333;1400;1388
2064;14541584000;14530633333;15030633333;1398;1386
2065;14541768000;14530633333;15030633333;1400;1388
2066;14541773000;14530633333;15030633333;1400;1388
2067;14541987000;14530644444;15030644444;982;970
2068;14582603000;14530955555;15030955555;1398;1386
2068;14582618000;14530955555;15030955555;1398;1386
2069;14582638000;14530955555;15030955555;1400;1388
2070;14582642000;14530955555;15030955555;1398;1386
2071;14582645000;14572266666;15072266666;1400;1388
2072;14582649000;14572266666;15072266666;1400;1388
2073;14582652000;14572266666;15072266666;1398;1386
2074;14582655000;14572266666;15072266666;1400;1388
2075;14582659000;14572266666;15072266666;1398;1386
2076;14582662000;14572266666;15072266666;1400;1388
2077;14582666000;14572266666;15072266666;1400;1388
2078;14582669000;14572288888;15072288888;982;970
2069;14582810000;14530955555;15030955555;1400;1388
2070;14582816000;14530955555;15030955555;1398;1386
2071;14583022000;14572266666;15072266666;1400;1388
2072;14583205000;14572266666;15072266666;1400;1388
2073;14583211000;14572266666;15072266666;1398;1386
2074;14583415000;14572266666;15072266666;1400;1388
2075;14583421000;14572266666;15072266666;1398;1386
2076;14583616000;14572266666;15072266666;1400;1388
2077;14583621000;14572266666;15072266666;1400;1388
2078;14583819000;14572288888;15072288888;982;970
2079;14624294000;14572566666;15072566666;1398;1386
2079;14624309000;14572566666;15072566666;1398;1386
2080;14624328000;14572566666;15072566666;1400;1388
2081;14624332000;14572566666;15072566666;1398;1386
2082;14624336000;14613966666;15113966666;1400;1388
2083;14624339000;14613966666;15113966666;1400;1388
2084;14624343000;14613966666;15113966666;1398;1386
2085;14624346000;14613966666;15113966666;1400;1388
2086;14624349000;14613966666;15113966666;1398;1386
2087;14624352000;14613966666;15113966666;1400;1388
2088;14624356000;14613966666;15113966666;1400;1388
2080;14624505000;14572566666;15072566666;1400;1388
2081;14624511000;14572566666;15072566666;1398;1386
2082;14624705000;14613966666;15113966666;1400;1388
2083;14624901000;14613966666;15113966666;1400;1388
2084;14624905000;14613966666;15113966666;1398;1386
2085;14625111000;14613966666;15113966666;1400;1388
2086;14625116000;14613966666;15113966666;1398;1386
2087;14625321000;14613966666;15113966666;1400;1388
2088;14625325000;14613966666;15113966666;1400;1388
2089;14625524000;14613977777;15113977777;982;970
2090;14665959000;14614244444;15114244444;1398;1386
2090;14665976000;14614244444;15114244444;1398;1386
2092;14665996000;14614244444;15114244444;1398;1386
2093;14666012000;14655633333;15155633333;1400;1388
2094;14666018000;14655633333;15155633333;1400;1388
2095;14666028000;14655633333;15155633333;1398;1386
2096;14666032000;14655633333;15155633333;1400;1388
2097;14666036000;14655633333;15155633333;1398;1386
2098;14666057000;14655633333;15155633333;1400;1388
2099;14666061000;14655633333;15155633333;1400;1388
2100;14666064000;14655644444;15155644444;982;970
2091;14666141000;14614244444;15114244444;1400;1388
2092;14666372000;14614244444;15114244444;1398;1386
2093;14666378000;14655633333;15155633333;1400;1388
2094;14666566000;14655633333;15155633333;1400;1388
2095;14666571000;14655633333;15155633333;1398;1386
2096;14666767000;14655633333;15155633333;1400;1388
2097;14666772000;14655633333;15155633333;1398;1386
2098;14666981000;14655633333;15155633333;1400;1388
2100;14666986000;14655644444;15155644444;982;970
2101;14707662000;14655944444;15155944444;1398;1386
2101;14707726000;14655944444;15155944444;1398;1386
2102;14707740000;14655944444;15155944444;1400;1388
2103;14707768000;14655944444;15155944444;1398;1386
2104;14707772000;14697300000;15197300000;1400;1388
2105;14707776000;14697300000;15197300000;1400;1388
2106;14707780000;14697300000;15197300000;1398;1386
2107;14707793000;14697300000;15197300000;1400;1388
2108;14707797000;14697300000;15197300000;1398;1386
2109;14707801000;14697300000;15197300000;1400;1388
2110;14707804000;14697300000;15197300000;1400;1388
2111;14707808000;14697322222;15197322222;982;970
2102;14707824000;14655944444;15155944444;1400;1388
2103;14708054000;14655944444;15155944444;1398;1386
2104;14708064000;14697300000;15197300000;1400;1388
2105;14708240000;14697300000;15197300000;1400;1388
2106;14708249000;14697300000;15197300000;1398;1386
2107;14708448000;14697300000;15197300000;1400;1388
2108;14708457000;14697300000;15197300000;1398;1386
2109;14708655000;14697300000;15197300000;1400;1388
2112;14749289000;14697622222;15197622222;1398;1386
2112;14749303000;14697622222;15197622222;1398;1386
2113;14749377000;14697622222;15197622222;1400;1388
2114;14749390000;14697622222;15197622222;1398;1386
2116;14749394000;14738966666;15238966666;1400;1388
2117;14749413000;14738966666;15238966666;1398;1386
2118;14749416000;14738966666;15238966666;1400;1388
2120;14749420000;14738966666;15238966666;1400;1388
2113;14749501000;14697622222;15197622222;1400;1388
2114;14749510000;14697622222;15197622222;1398;1386
2115;14749707000;14738966666;15238966666;1400;1388
2116;14749913000;14738966666;15238966666;1400;1388
2117;14749922000;14738966666;15238966666;1398;1386
2118;14750107000;14738966666;15238966666;1400;1388
2119;14750112000;14738966666;15238966666;1398;1386
2122;14750304000;14738988888;15238988888;982;970
2123;14790953000;14739288888;15239288888;1398;1386
2123;14790979000;14739288888;15239288888;1398;1386
2124;14790989000;14739288888;15239288888;1400;1388
2125;14790993000;14739288888;15239288888;1398;1386
2126;14790997000;14780633333;15280633333;1400;1388
2127;14791001000;14780633333;15280633333;1400;1388
2128;14791004000;14780633333;15280633333;1398;1386
2129;14791007000;14780633333;15280633333;1400;1388
2131;14791011000;14780633333;15280633333;1400;1388
2132;14791014000;14780633333;15280633333;1400;1388
2133;14791018000;14780655555;15280655555;982;970
2124;14791166000;14739288888;15239288888;1400;1388
2125;14791172000;14739288888;15239288888;1398;1386
2126;14791363000;14780633333;15280633333;1400;1388
2127;14791568000;14780633333;15280633333;1400;1388
2128;14791573000;14780633333;15280633333;1398;1386
2129;14791769000;14780633333;15280633333;1400;1388
2130;14791774000;14780633333;15280633333;1398;1386
2131;14791979000;14780633333;15280633333;1400;1388
2132;14791984000;14780633333;15280633333;1400;1388
2133;14792184000;14780655555;15280655555;982;970
2134;14832642000;14780977777;15280977777;1398;1386
2137;14832663000;14822300000;15322300000;1400;1388
2139;14832680000;14822300000;15322300000;1398;1386
2134;14832706000;14780977777;15280977777;1398;1386
2140;14832761000;14822300000;15322300000;1400;1388
2141;14832794000;14822300000;15322300000;1398;1386
2142;14832798000;14822300000;15322300000;1400;1388
2144;14832801000;14822311111;15322311111;982;970
2135;14832832000;14780977777;15280977777;1400;1388
2136;14833041000;14780977777;15280977777;1398;1386
2137;14833074000;14822300000;15322300000;1400;1388
2138;14833239000;14822300000;15322300000;1400;1388
2140;14833262000;14822300000;15322300000;1400;1388
2141;14833448000;14822300000;15322300000;1398;1386
2145;14874273000;14822611111;15322611111;1398;1386
2145;14874305000;14822611111;15322611111;1398;1386
2146;14874316000;14822611111;15322611111;1400;1388
2147;14874320000;14822611111;15322611111;1398;1386
2148;14874323000;14863933333;15363933333;1400;1388
2149;14874327000;14863933333;15363933333;1400;1388
2150;14874331000;14863933333;15363933333;1398;1386
2151;14874334000;14863933333;15363933333;1400;1388
2152;14874337000;14863933333;15363933333;1398;1386
2153;14874340000;14863933333;15363933333;1400;1388
2154;14874344000;14863933333;15363933333;1400;1388
2155;14874347000;14863955555;15363955555;982;970
2146;14874476000;14822611111;15322611111;1400;1388
2147;14874494000;14822611111;15322611111;1398;1386
2148;14874675000;14863933333;15363933333;1400;1388
2149;14874881000;14863933333;15363933333;1400;1388
2150;14874890000;14863933333;15363933333;1398;1386
2154;14875085000;14863933333;15363933333;1400;1388
2156;14915931000;14864255555;15364255555;1398;1386
2156;14915946000;14864255555;15364255555;1398;1386
2157;14915966000;14864255555;15364255555;1400;1388
2158;14915970000;14864255555;15364255555;1398;1386
2159;14915974000;14905600000;15405600000;1400;1388
2160;14915977000;14905600000;15405600000;1400;1388
2161;14915981000;14905600000;15405600000;1398;1386
2162;14915984000;14905600000;15405600000;1400;1388
2163;14915988000;14905600000;15405600000;1398;1386
2164;14915991000;14905600000;15405600000;1400;1388
2165;14915994000;14905600000;15405600000;1400;1388
2166;14915998000;14905622222;15405622222;982;970
2157;14916115000;14864255555;15364255555;1400;1388
2158;14916316000;14864255555;15364255555;1398;1386
2159;14916321000;14905600000;15405600000;1400;1388
2160;14916520000;14905600000;15405600000;1400;1388
2161;14916526000;14905600000;15405600000;1398;1386
2162;14916725000;14905600000;15405600000;1400;1388
2163;14916730000;14905600000;15405600000;1398;1386
2164;14916928000;14905600000;15405600000;1400;1388
2165;14917134000;14905600000;15405600000;1400;1388
2166;14917139000;14905622222;15405622222;982;970
2168;14957630000;14905933333;15405933333;1400;1388
2167;14957673000;14905933333;15405933333;1398;1386
2169;14957700000;14905933333;15405933333;1398;1386
2170;14957715000;14947300000;15447300000;1400;1388
2171;14957719000;14947300000;15447300000;1400;1388
2172;14957732000;14947300000;15447300000;1398;1386
2173;14957755000;14947300000;15447300000;1400;1388
2174;14957759000;14947300000;15447300000;1398;1386
2176;14957763000;14947300000;15447300000;1400;1388
2177;14957777000;14947311111;15447311111;982;970
2169;14957852000;14905933333;15405933333;1398;1386
2170;14957858000;14947300000;15447300000;1400;1388
2171;14958012000;14947300000;15447300000;1400;1388
2174;14958218000;14947300000;15447300000;1398;1386
2175;14958223000;14947300000;15447300000;1400;1388
2176;14958441000;14947300000;15447300000;1400;1388
2177;14958446000;14947311111;15447311111;982;970
2178;14999290000;14947622222;15447622222;1398;1386
2179;14999311000;14947622222;15447622222;1400;1388
2180;14999325000;14947622222;15447622222;1398;1386
2178;14999333000;14947622222;15447622222;1398;1386
2181;14999347000;14988966666;15488966666;1400;1388
2182;14999364000;14988966666;15488966666;1400;1388
2183;14999368000;14988966666;15488966666;1398;1386
2184;14999371000;14988966666;15488966666;1400;1388
2185;14999374000;14988966666;15488966666;1398;1386
2186;14999377000;14988966666;15488966666;1400;1388
2187;14999380000;14988966666;15488966666;1400;1388
2188;14999383000;14988988888;15488988888;982;970
2179;14999507000;14947622222;15447622222;1400;1388
2180;14999517000;14947622222;15447622222;1398;1386
2181;14999708000;14988966666;15488966666;1400;1388
2182;14999913000;14988966666;15488966666;1400;1388
2183;14999922000;14988966666;15488966666;1398;1386
2184;15000122000;14988966666;15488966666;1400;1388
2185;15000130000;14988966666;15488966666;1398;1386
2186;15000313000;14988966666;15488966666;1400;1388
2187;15000322000;14988966666;15488966666;1400;1388
2189;15040934000;14989300000;15489300000;1398;1386
2189;15040951000;14989300000;15489300000;1398;1386
2190;15040972000;14989300000;15489300000;1400;1388
2191;15040976000;14989300000;15489300000;1398;1386
2193;15040980000;15030600000;15530600000;1400;1388
2194;15040996000;15030600000;15530600000;1398;1386
2195;15040999000;15030600000;15530600000;1400;1388
2196;15041003000;15030600000;15530600000;1398;1386
2197;15041006000;15030600000;15530600000;1400;1388
2198;15041010000;15030600000;15530600000;1400;1388
2199;15041013000;15030622222;15530622222;982;970
2190;15041138000;14989300000;15489300000;1400;1388
2191;15041145000;14989300000;15489300000;1398;1386
2192;15041334000;15030600000;15530600000;1400;1388
2193;15041540000;15030600000;15530600000;1400;1388
2194;15041553000;15030600000;15530600000;1398;1386
2195;15041743000;15030600000;15530600000;1400;1388
2196;15041748000;15030600000;15530600000;1398;1386
2197;15041949000;15030600000;15530600000;1400;1388
2198;15041953000;15030600000;15530600000;1400;1388
2199;15042153000;15030622222;15530622222;982;970
2201;15082634000;15030933333;15530933333;1400;1388
2200;15082659000;15030933333;15530933333;1398;1386
2201;15082694000;15030933333;15530933333;1400;1388
2202;15082699000;15030933333;15530933333;1398;1386
2203;15082703000;15072300000;15572300000;1400;1388
2204;15082707000;15072300000;15572300000;1400;1388
2206;15082710000;15072300000;15572300000;1400;1388
2207;15082725000;15072300000;15572300000;1398;1386
2208;15082728000;15072300000;15572300000;1400;1388
2209;15082742000;15072300000;15572300000;1400;1388
2210;15082745000;15072311111;15572311111;982;970
2202;15082828000;15030933333;15530933333;1398;1386
2203;15082834000;15072300000;15572300000;1400;1388
2204;15083031000;15072300000;15572300000;1400;1388
2206;15083231000;15072300000;15572300000;1400;1388
2208;15083236000;15072300000;15572300000;1400;1388
2209;15083441000;15072300000;15572300000;1400;1388
2210;15083446000;15072311111;15572311111;982;970
2211;15124295000;15072622222;15572622222;1398;1386
2212;15124309000;15072622222;15572622222;1400;1388
2213;15124328000;15072622222;15572622222;1398;1386
2214;15124331000;15113966666;15613966666;1400;1388
2215;15124335000;15113966666;15613966666;1400;1388
2216;15124339000;15113966666;15613966666;1398;1386
2217;15124342000;15113966666;15613966666;1400;1388
2218;15124345000;15113966666;15613966666;1398;1386
2219;15124348000;15113966666;15613966666;1400;1388
2220;15124351000;15113966666;15613966666;1400;1388
2221;15124355000;15113988888;15613988888;982;970
2212;15124507000;15072622222;15572622222;1400;1388
2213;15124516000;15072622222;15572622222;1398;1386
2214;15124706000;15113966666;15613966666;1400;1388
2215;15124906000;15113966666;15613966666;1400;1388
2216;15124912000;15113966666;15613966666;1398;1386
2217;15125104000;15113966666;15613966666;1400;1388
2218;15125109000;15113966666;15613966666;1398;1386
2219;15125311000;15113966666;15613966666;1400;1388
2220;15125316000;15113966666;15613966666;1400;1388
2221;15125514000;15113988888;15613988888;982;970
2222;15165953000;15114266666;15614266666;1398;1386
2222;15165980000;15114266666;15614266666;1398;1386
2223;15165990000;15114266666;15614266666;1400;1388
2224;15165994000;15114266666;15614266666;1398;1386
2225;15165998000;15155633333;15655633333;1400;1388
2226;15166002000;15155633333;15655633333;1400;1388
2227;15166005000;15155633333;15655633333;1398;1386
2228;15166009000;15155633333;15655633333;1400;1388
2229;15166012000;15155633333;15655633333;1398;1386
2230;15166015000;15155633333;15655633333;1400;1388
2231;15166018000;15155633333;15655633333;1400;1388
2223;15166174000;15114266666;15614266666;1400;1388
2224;15166181000;15114266666;15614266666;1398;1386
2225;15166357000;15155633333;15655633333;1400;1388
2226;15166568000;15155633333;15655633333;1400;1388
2227;15166573000;15155633333;15655633333;1398;1386
2228;15166778000;15155633333;15655633333;1400;1388
2229;15166783000;15155633333;15655633333;1398;1386
2230;15166977000;15155633333;15655633333;1400;1388
2231;15166981000;15155633333;15655633333;1400;1388
2232;15167182000;15155644444;15655644444;982;970
2233;15207623000;15155955555;15655955555;1398;1386
2233;15207640000;15155955555;15655955555;1398;1386
2234;15207659000;15155955555;15655955555;1400;1388
2235;15207664000;15155955555;15655955555;1398;1386
2236;15207667000;15197300000;15697300000;1400;1388
2237;15207671000;15197300000;15697300000;1400;1388
2238;15207675000;15197300000;15697300000;1398;1386
2239;15207678000;15197300000;15697300000;1400;1388
2240;15207681000;15197300000;15697300000;1398;1386
2241;15207685000;15197300000;15697300000;1400;1388
2242;15207688000;15197300000;15697300000;1400;1388
2243;15207691000;15197322222;15697322222;982;970
2234;15207811000;15155955555;15655955555;1400;1388
2235;15208014000;15155955555;15655955555;1398;1386
2236;15208019000;15197300000;15697300000;1400;1388
2237;15208219000;15197300000;15697300000;1400;1388
2238;15208225000;15197300000;15697300000;1398;1386
2239;15208423000;15197300000;15697300000;1400;1388
2240;15208428000;15197300000;15697300000;1398;1386
2241;15208627000;15197300000;15697300000;1400;1388
2242;15208832000;15197300000;15697300000;1400;1388
2243;15208837000;15197322222;15697322222;982;970
2244;15249231000;15197633333;15697633333;1398;1386
2244;15249263000;15197633333;15697633333;1398;1386
2245;15249275000;15197633333;15697633333;1400;1388
2247;15249280000;15238933333;15738933333;1400;1388
2248;15249287000;15238933333;15738933333;1400;1388
2249;15249301000;15238933333;15738933333;1398;1386
2250;15249304000;15238933333;15738933333;1400;1388
2251;15249308000;15238933333;15738933333;1398;1386
2252;15249311000;15238933333;15738933333;1400;1388
2245;15249418000;15197633333;15697633333;1400;1388
2246;15249619000;15197633333;15697633333;1398;1386
2247;15249639000;15238933333;15738933333;1400;1388
2248;15249824000;15238933333;15738933333;1400;1388
2251;15249829000;15238933333;15738933333;1398;1386
2252;15250029000;15238933333;15738933333;1400;1388
2253;15250033000;15238933333;15738933333;1400;1388
2254;15250233000;15238955555;15738955555;982;970
2255;15290958000;15239266666;15739266666;1398;1386
2256;15290980000;15239266666;15739266666;1400;1388
2257;15290984000;15239266666;15739266666;1398;1386
2258;15290996000;15280633333;15780633333;1400;1388
2255;15291006000;15239266666;15739266666;1398;1386
2259;15291020000;15280633333;15780633333;1400;1388
2260;15291037000;15280633333;15780633333;1398;1386
2261;15291040000;15280633333;15780633333;1400;1388
2262;15291052000;15280633333;15780633333;1398;1386
2264;15291056000;15280633333;15780633333;1400;1388
2265;15291062000;15280655555;15780655555;982;970
2256;15291172000;15239266666;15739266666;1400;1388
2257;15291181000;15239266666;15739266666;1398;1386
2258;15291375000;15280633333;15780633333;1400;1388
2259;15291580000;15280633333;15780633333;1400;1388
2260;15291589000;15280633333;15780633333;1398;1386
2261;15291780000;15280633333;15780633333;1400;1388
2262;15291789000;15280633333;15780633333;1398;1386
2263;15291991000;15280633333;15780633333;1400;1388
2264;15292013000;15280633333;15780633333;1400;1388
2265;15292195000;15280655555;15780655555;982;970
2266;15332614000;15280977777;15780977777;1398;1386
2266;15332647000;15280977777;15780977777;1398;1386
2267;15332657000;15280977777;15780977777;1400;1388
2268;15332662000;15280977777;15780977777;1398;1386
2269;15332665000;15322266666;15822266666;1400;1388
2270;15332669000;15322266666;15822266666;1400;1388
2272;15332672000;15322266666;15822266666;1400;1388
2273;15332688000;15322266666;15822266666;1398;1386
2274;15332692000;15322266666;15822266666;1400;1388
2275;15332695000;15322266666;15822266666;1400;1388
2276;15332698000;15322288888;15822288888;982;970
2267;15332802000;15280977777;15780977777;1400;1388
2268;15332808000;15280977777;15780977777;1398;1386
2269;15332999000;15322266666;15822266666;1400;1388
2270;15333215000;15322266666;15822266666;1400;1388
2271;15333221000;15322266666;15822266666;1398;1386
2272;15333407000;15322266666;15822266666;1400;1388
2273;15333412000;15322266666;15822266666;1398;1386
2274;15333615000;15322266666;15822266666;1400;1388
2275;15333620000;15322266666;15822266666;1400;1388
2276;15333809000;15322288888;15822288888;982;970
2277;15374289000;15322600000;15822600000;1398;1386
2277;15374304000;15322600000;15822600000;1398;1386
2278;15374324000;15322600000;15822600000;1400;1388
2279;15374328000;15322600000;15822600000;1398;1386
2280;15374331000;15363966666;15863966666;1400;1388
2281;15374336000;15363966666;15863966666;1400;1388
2282;15374339000;15363966666;15863966666;1398;1386
2283;15374342000;15363966666;15863966666;1400;1388
2285;15374346000;15363966666;15863966666;1400;1388
2286;15374352000;15363966666;15863966666;1400;1388
2287;15374366000;15363988888;15863988888;982;970
2278;15374476000;15322600000;15822600000;1400;1388
2279;15374678000;15322600000;15822600000;1398;1386
2280;15374683000;15363966666;15863966666;1400;1388
2281;15374881000;15363966666;15863966666;1400;1388
2282;15374895000;15363966666;15863966666;1398;1386
2283;15375088000;15363966666;15863966666;1400;1388
2284;15375093000;15363966666;15863966666;1398;1386
2285;15375311000;15363966666;15863966666;1400;1388
2286;15375316000;15363966666;15863966666;1400;1388
2287;15375515000;15363988888;15863988888;982;970
2288;15415912000;15364300000;15864300000;1398;1386
2289;15415934000;15364300000;15864300000;1400;1388
2290;15415948000;15364300000;15864300000;1398;1386
2291;15415952000;15405600000;15905600000;1400;1388
2292;15415964000;15405600000;15905600000;1400;1388
2288;15415974000;15364300000;15864300000;1398;1386
2293;15416053000;15405600000;15905600000;1398;1386
2294;15416077000;15405600000;15905600000;1400;1388
2295;15416082000;15405600000;15905600000;1398;1386
2296;15416086000;15405600000;15905600000;1400;1388
2297;15416089000;15405600000;15905600000;1400;1388
2289;15416100000;15364300000;15864300000;1400;1388
2298;15416174000;15405622222;15905622222;982;970
2290;15416313000;15364300000;15864300000;1398;1386
2291;15416323000;15405600000;15905600000;1400;1388
2292;15416521000;15405600000;15905600000;1400;1388
2293;15416529000;15405600000;15905600000;1398;1386
2295;15416723000;15405600000;15905600000;1398;1386
2296;15416732000;15405600000;15905600000;1400;1388
2297;15416924000;15405600000;15905600000;1400;1388
2298;15416933000;15405622222;15905622222;982;970
2299;15457614000;15405922222;15905922222;1398;1386
2299;15457645000;15405922222;15905922222;1398;1386
2300;15457656000;15405922222;15905922222;1400;1388
2301;15457660000;15405922222;15905922222;1398;1386
2302;15457664000;15447266666;15947266666;1400;1388
2303;15457668000;15447266666;15947266666;1400;1388
2304;15457671000;15447266666;15947266666;1398;1386
2305;15457675000;15447266666;15947266666;1400;1388
2306;15457678000;15447266666;15947266666;1398;1386
2307;15457681000;15447266666;15947266666;1400;1388
2308;15457684000;15447266666;15947266666;1400;1388
2309;15457688000;15447277777;15947277777;982;970
2300;15457810000;15405922222;15905922222;1400;1388
2304;15457819000;15447266666;15947266666;1398;1386
2305;15458009000;15447266666;15947266666;1400;1388
2306;15458216000;15447266666;15947266666;1398;1386
2307;15458224000;15447266666;15947266666;1400;1388
2308;15458409000;15447266666;15947266666;1400;1388
2309;15458414000;15447277777;15947277777;982;970
2310;15499322000;15447555555;15947555555;1398;1386
2310;15499385000;15447555555;15947555555;1398;1386
2312;15499400000;15447555555;15947555555;1398;1386
2313;15499420000;15488966666;15988966666;1400;1388
2314;15499425000;15488966666;15988966666;1400;1388
2315;15499429000;15488966666;15988966666;1398;1386
2316;15499433000;15488966666;15988966666;1400;1388
2317;15499436000;15488966666;15988966666;1398;1386
2318;15499440000;15488966666;15988966666;1400;1388
2319;15499444000;15488966666;15988966666;1400;1388
2320;15499458000;15488977777;15988977777;982;970
2312;15499512000;15447555555;15947555555;1398;1386
2313;15499519000;15488966666;15988966666;1400;1388
2314;15499688000;15488966666;15988966666;1400;1388
2315;15499894000;15488966666;15988966666;1398;1386
2316;15499903000;15488966666;15988966666;1400;1388
2317;15500100000;15488966666;15988966666;1398;1386
2318;15500108000;15488966666;15988966666;1400;1388
2319;15500303000;15488966666;15988966666;1400;1388
2320;15500312000;15488977777;15988977777;982;970
2321;15540964000;15489288888;15989288888;1398;1386
2322;15540977000;15489288888;15989288888;1400;1388
2321;15540991000;15489288888;15989288888;1398;1386
2325;15541065000;15530633333;16030633333;1400;1388
2326;15541092000;15530633333;16030633333;1398;1386
2327;15541097000;15530633333;16030633333;1400;1388
2328;15541101000;15530633333;16030633333;1398;1386
2329;15541105000;15530633333;16030633333;1400;1388
2330;15541118000;15530633333;16030633333;1400;1388
2331;15541121000;15530644444;16030644444;982;970
2322;15541177000;15489288888;15989288888;1400;1388
2323;15541187000;15489288888;15989288888;1398;1386
2325;15541356000;15530633333;16030633333;1400;1388
2326;15541561000;15530633333;16030633333;1398;1386
2327;15541589000;15530633333;16030633333;1400;1388
2328;15541767000;15530633333;16030633333;1398;1386
2329;15541775000;15530633333;16030633333;1400;1388
2330;15541970000;15530633333;16030633333;1400;1388
2331;15541979000;15530644444;16030644444;982;970
2332;15582633000;15530988888;16030988888;1398;1386
2332;15582666000;15530988888;16030988888;1398;1386
2333;15582686000;15530988888;16030988888;1400;1388
2334;15582691000;15530988888;16030988888;1398;1386
2335;15582704000;15572300000;16072300000;1400;1388
2336;15582708000;15572300000;16072300000;1400;1388
2337;15582711000;15572300000;16072300000;1398;1386
2339;15582714000;15572300000;16072300000;1398;1386
2340;15582719000;15572300000;16072300000;1400;1388
2341;15582723000;15572300000;16072300000;1400;1388
2342;15582726000;15572322222;16072322222;982;970
2333;15582840000;15530988888;16030988888;1400;1388
2334;15582850000;15530988888;16030988888;1398;1386
2335;15583057000;15572300000;16072300000;1400;1388
2336;15583240000;15572300000;16072300000;1400;1388
2337;15583249000;15572300000;16072300000;1398;1386
2338;15583447000;15572300000;16072300000;1400;1388
2339;15583456000;15572300000;16072300000;1398;1386
2340;15583656000;15572300000;16072300000;1400;1388
2341;15583665000;15572300000;16072300000;1400;1388
2342;15583848000;15572322222;16072322222;982;970
2343;15624299000;15572622222;16072622222;1398;1386
2343;15624312000;15572622222;16072622222;1398;1386
2344;15624332000;15572622222;16072622222;1400;1388
2345;15624336000;15572622222;16072622222;1398;1386
2346;15624340000;15613966666;16113966666;1400;1388
2347;15624344000;15613966666;16113966666;1400;1388
2348;15624347000;15613966666;16113966666;1398;1386
2349;15624350000;15613966666;16113966666;1400;1388
2350;15624354000;15613966666;16113966666;1398;1386
2351;15624357000;15613966666;16113966666;1400;1388
2352;15624360000;15613966666;16113966666;1400;1388
2353;15624363000;15613988888;16113988888;982;970
2346;15624500000;15613966666;16113966666;1400;1388
2347;15624506000;15613966666;16113966666;1400;1388
2348;15624699000;15613966666;16113966666;1398;1386
2349;15624904000;15613966666;16113966666;1400;1388
2350;15624909000;15613966666;16113966666;1398;1386
2351;15625109000;15613966666;16113966666;1400;1388
2352;15625114000;15613966666;16113966666;1400;1388
2353;15625313000;15613988888;16113988888;982;970
2354;15665954000;15614288888;16114288888;1398;1386
2354;15665982000;15614288888;16114288888;1398;1386
2355;15665992000;15614288888;16114288888;1400;1388
2356;15665996000;15614288888;16114288888;1398;1386
2357;15666000000;15655633333;16155633333;1400;1388
2358;15666004000;15655633333;16155633333;1400;1388
2359;15666007000;15655633333;16155633333;1398;1386
2360;15666010000;15655633333;16155633333;1400;1388
2361;15666013000;15655633333;16155633333;1398;1386
2362;15666016000;15655633333;16155633333;1400;1388
2363;15666020000;15655633333;16155633333;1400;1388
2364;15666023000;15655655555;16155655555;982;970
2355;15666163000;15614288888;16114288888;1400;1388
2356;15666169000;15614288888;16114288888;1398;1386
2357;15666373000;15655633333;16155633333;1400;1388
2358;15666579000;15655633333;16155633333;1400;1388
2359;15666584000;15655633333;16155633333;1398;1386
2360;15666769000;15655633333;16155633333;1400;1388
2361;15666774000;15655633333;16155633333;1398;1386
2362;15666988000;15655633333;16155633333;1400;1388
2363;15666992000;15655633333;16155633333;1400;1388
2364;15667194000;15655655555;16155655555;982;970
2365;15707604000;15655977777;16155977777;1398;1386
2365;15707619000;15655977777;16155977777;1398;1386
2366;15707638000;15655977777;16155977777;1400;1388
2367;15707643000;15655977777;16155977777;1398;1386
2368;15707646000;15697266666;16197266666;1400;1388
2369;15707650000;15697266666;16197266666;1400;1388
2370;15707653000;15697266666;16197266666;1398;1386
2371;15707656000;15697266666;16197266666;1400;1388
2372;15707660000;15697266666;16197266666;1398;1386
2373;15707663000;15697266666;16197266666;1400;1388
2374;15707667000;15697266666;16197266666;1400;1388
2375;15707670000;15697288888;16197288888;982;970
2366;15707809000;15655977777;16155977777;1400;1388
2367;15707833000;15655977777;16155977777;1398;1386
2368;15708010000;15697266666;16197266666;1400;1388
2369;15708215000;15697266666;16197266666;1400;1388
2370;15708220000;15697266666;16197266666;1398;1386
2371;15708415000;15697266666;16197266666;1400;1388
2374;15708421000;15697266666;16197266666;1400;1388
2375;15708622000;15697288888;16197288888;982;970
2376;15749303000;15697577777;16197577777;1398;1386
2376;15749330000;15697577777;16197577777;1398;1386
2379;15749349000;15738966666;16238966666;1400;1388
2380;15749366000;15738966666;16238966666;1400;1388
2381;15749370000;15738966666;16238966666;1398;1386
2382;15749384000;15738966666;16238966666;1400;1388
2383;15749388000;15738966666;16238966666;1398;1386
2384;15749401000;15738966666;16238966666;1400;1388
2385;15749404000;15738966666;16238966666;1400;1388
2386;15749407000;15738977777;16238977777;982;970
2377;15749507000;15697577777;16197577777;1400;1388
2378;15749531000;15697577777;16197577777;1398;1386
2379;15749696000;15738966666;16238966666;1400;1388
2380;15749901000;15738966666;16238966666;1400;1388
2381;15749907000;15738966666;16238966666;1398;1386
2384;15750103000;15738966666;16238966666;1400;1388
2385;15750107000;15738966666;16238966666;1400;1388
2386;15750301000;15738977777;16238977777;982;970
2388;15790926000;15739277777;16239277777;1400;1388
2388;15790954000;15739277777;16239277777;1400;1388
2389;15790974000;15739277777;16239277777;1398;1386
2390;15790988000;15780600000;16280600000;1400;1388
2391;15790992000;15780600000;16280600000;1400;1388
2392;15790995000;15780600000;16280600000;1398;1386
2393;15790998000;15780600000;16280600000;1400;1388
2394;15791002000;15780600000;16280600000;1398;1386
2395;15791005000;15780600000;16280600000;1400;1388
2396;15791008000;15780600000;16280600000;1400;1388
2397;15791012000;15780622222;16280622222;982;970
2389;15791143000;15739277777;16239277777;1398;1386
2390;15791150000;15780600000;16280600000;1400;1388
2391;15791343000;15780600000;16280600000;1400;1388
2392;15791549000;15780600000;16280600000;1398;1386
2393;15791555000;15780600000;16280600000;1400;1388
2394;15791749000;15780600000;16280600000;1398;1386
2395;15791754000;15780600000;16280600000;1400;1388
2397;15791956000;15780622222;16280622222;982;970
2398;15832626000;15780933333;16280933333;1398;1386
2398;15832658000;15780933333;16280933333;1398;1386
2399;15832669000;15780933333;16280933333;1400;1388
2400;15832674000;15780933333;16280933333;1398;1386
2402;15832677000;15822300000;16322300000;1400;1388
2403;15832684000;15822300000;16322300000;1398;1386
2404;15832697000;15822300000;16322300000;1400;1388
2405;15832701000;15822300000;16322300000;1398;1386
2406;15832704000;15822300000;16322300000;1400;1388
2407;15832708000;15822300000;16322300000;1400;1388
2408;15832711000;15822311111;16322311111;982;970
2399;15832839000;15780933333;16280933333;1400;1388
2400;15832849000;15780933333;16280933333;1398;1386
2401;15833039000;15822300000;16322300000;1400;1388
2405;15833239000;15822300000;16322300000;1398;1386
2406;15833248000;15822300000;16322300000;1400;1388
2407;15833451000;15822300000;16322300000;1400;1388
2408;15833459000;15822311111;16322311111;982;970
2409;15874299000;15822600000;16322600000;1398;1386
2409;15874321000;15822600000;16322600000;1398;1386
2410;15874341000;15822600000;16322600000;1400;1388
2411;15874345000;15822600000;16322600000;1398;1386
2412;15874349000;15863966666;16363966666;1400;1388
2413;15874353000;15863966666;16363966666;1400;1388
2414;15874356000;15863966666;16363966666;1398;1386
2415;15874359000;15863966666;16363966666;1400;1388
2416;15874363000;15863966666;16363966666;1398;1386
2417;15874366000;15863966666;16363966666;1400;1388
2418;15874369000;15863966666;16363966666;1400;1388
2419;15874373000;15863977777;16363977777;982;970
2410;15874506000;15822600000;16322600000;1400;1388
2411;15874516000;15822600000;16322600000;1398;1386
2412;15874708000;15863966666;16363966666;1400;1388
2413;15874902000;15863966666;16363966666;1400;1388
2414;15874908000;15863966666;16363966666;1398;1386
2415;15875102000;15863966666;16363966666;1400;1388
2416;15875115000;15863966666;16363966666;1398;1386
2417;15875315000;15863966666;16363966666;1400;1388
2418;15875320000;15863966666;16363966666;1400;1388
2419;15875514000;15863977777;16363977777;982;970
2420;15915991000;15864277777;16364277777;1398;1386
2420;15916067000;15864277777;16364277777;1398;1386
2421;15916082000;15864277777;16364277777;1400;1388
2422;15916087000;15864277777;16364277777;1398;1386
2423;15916091000;15905633333;16405633333;1400;1388
2424;15916095000;15905633333;16405633333;1400;1388
2425;15916098000;15905633333;16405633333;1398;1386
2426;15916102000;15905633333;16405633333;1400;1388
2427;15916105000;15905633333;16405633333;1398;1386
2428;15916109000;15905633333;16405633333;1400;1388
2429;15916113000;15905633333;16405633333;1400;1388
2430;15916126000;15905655555;16405655555;982;970
2421;15916154000;15864277777;16364277777;1400;1388
2424;15916374000;15905633333;16405633333;1400;1388
2425;15916383000;15905633333;16405633333;1398;1386
2426;15916579000;15905633333;16405633333;1400;1388
2427;15916588000;15905633333;16405633333;1398;1386
2428;15916782000;15905633333;16405633333;1400;1388
2429;15916791000;15905633333;16405633333;1400;1388
2430;15916987000;15905655555;16405655555;982;970
2432;15957635000;15905955555;16405955555;1400;1388
2431;15957670000;15905955555;16405955555;1398;1386
2432;15957710000;15905955555;16405955555;1400;1388
2433;15957725000;15905955555;16405955555;1398;1386
2434;15957730000;15947300000;16447300000;1400;1388
2435;15957743000;15947300000;16447300000;1400;1388
2436;15957747000;15947300000;16447300000;1398;1386
2437;15957765000;15947300000;16447300000;1400;1388
2438;15957769000;15947300000;16447300000;1398;1386
2439;15957773000;15947300000;16447300000;1400;1388
2440;15957785000;15947300000;16447300000;1400;1388
2441;15957789000;15947311111;16447311111;982;970
2433;15957852000;15905955555;16405955555;1398;1386
2434;15957862000;15947300000;16447300000;1400;1388
2435;15958042000;15947300000;16447300000;1400;1388
2436;15958242000;15947300000;16447300000;1398;1386
2437;15958250000;15947300000;16447300000;1400;1388
2438;15958438000;15947300000;16447300000;1398;1386
2439;15958443000;15947300000;16447300000;1400;1388
2440;15958649000;15947300000;16447300000;1400;1388
2441;15958654000;15947311111;16447311111;982;970
2443;15999274000;15947611111;16447611111;1400;1388
2442;15999305000;15947611111;16447611111;1398;1386
2444;15999404000;15947611111;16447611111;1398;1386
2445;15999417000;15988966666;16488966666;1400;1388
2446;15999421000;15988966666;16488966666;1400;1388
2447;15999425000;15988966666;16488966666;1398;1386
2448;15999429000;15988966666;16488966666;1400;1388
2449;15999432000;15988966666;16488966666;1398;1386
2450;15999435000;15988966666;16488966666;1400;1388
2451;15999439000;15988966666;16488966666;1400;1388
2452;15999442000;15988988888;16488988888;982;970
2443;15999513000;15947611111;16447611111;1400;1388
2445;15999522000;15988966666;16488966666;1400;1388
2446;15999706000;15988966666;16488966666;1400;1388
2447;15999913000;15988966666;16488966666;1398;1386
2448;15999921000;15988966666;16488966666;1400;1388
2449;16000115000;15988966666;16488966666;1398;1386
2450;16000123000;15988966666;16488966666;1400;1388
2451;16000315000;15988966666;16488966666;1400;1388
2452;16000323000;15988988888;16488988888;982;970
2453;16040962000;15989288888;16489288888;1398;1386
2453;16040979000;15989288888;16489288888;1398;1386
2454;16040999000;15989288888;16489288888;1400;1388
2455;16041003000;15989288888;16489288888;1398;1386
2456;16041007000;16030633333;16530633333;1400;1388
2457;16041011000;16030633333;16530633333;1400;1388
2458;16041014000;16030633333;16530633333;1398;1386
2459;16041017000;16030633333;16530633333;1400;1388
2460;16041020000;16030633333;16530633333;1398;1386
2461;16041024000;16030633333;16530633333;1400;1388
2462;16041027000;16030633333;16530633333;1400;1388
2463;16041030000;16030655555;16530655555;982;970
2454;16041177000;15989288888;16489288888;1400;1388
2455;16041186000;15989288888;16489288888;1398;1386
2456;16041374000;16030633333;16530633333;1400;1388
2457;16041569000;16030633333;16530633333;1400;1388
2458;16041594000;16030633333;16530633333;1398;1386
2459;16041771000;16030633333;16530633333;1400;1388
2460;16041776000;16030633333;16530633333;1398;1386
2461;16041978000;16030633333;16530633333;1400;1388
2462;16041983000;16030633333;16530633333;1400;1388
2463;16042182000;16030655555;16530655555;982;970
2464;16082636000;16030955555;16530955555;1398;1386
2464;16082651000;16030955555;16530955555;1398;1386
2465;16082670000;16030955555;16530955555;1400;1388
2466;16082674000;16030955555;16530955555;1398;1386
2467;16082678000;16072300000;16572300000;1400;1388
2468;16082681000;16072300000;16572300000;1400;1388
2469;16082685000;16072300000;16572300000;1398;1386
2470;16082688000;16072300000;16572300000;1400;1388
2471;16082691000;16072300000;16572300000;1398;1386
2472;16082695000;16072300000;16572300000;1400;1388
2473;16082698000;16072300000;16572300000;1400;1388
2474;16082701000;16072322222;16572322222;982;970
2465;16082830000;16030955555;16530955555;1400;1388
2466;16082836000;16030955555;16530955555;1398;1386
2468;16083028000;16072300000;16572300000;1400;1388
2469;16083229000;16072300000;16572300000;1398;1386
2470;16083234000;16072300000;16572300000;1400;1388
2471;16083447000;16072300000;16572300000;1398;1386
2472;16083452000;16072300000;16572300000;1400;1388
2473;16083638000;16072300000;16572300000;1400;1388
2474;16083643000;16072322222;16572322222;982;970
2475;16124258000;16072611111;16572611111;1398;1386
2475;16124275000;16072611111;16572611111;1398;1386
2476;16124294000;16072611111;16572611111;1400;1388
2477;16124299000;16072611111;16572611111;1398;1386
2478;16124303000;16113933333;16613933333;1400;1388
2479;16124306000;16113933333;16613933333;1400;1388
2481;16124310000;16113933333;16613933333;1400;1388
2482;16124316000;16113933333;16613933333;1398;1386
2483;16124320000;16113933333;16613933333;1400;1388
2484;16124323000;16113933333;16613933333;1400;1388
2485;16124327000;16113955555;16613955555;982;970
2476;16124475000;16072611111;16572611111;1400;1388
2478;16124481000;16113933333;16613933333;1400;1388
2479;16124665000;16113933333;16613933333;1400;1388
2480;16124880000;16113933333;16613933333;1398;1386
2481;16124901000;16113933333;16613933333;1400;1388
2482;16125074000;16113933333;16613933333;1398;1386
2483;16125078000;16113933333;16613933333;1400;1388
2484;16125282000;16113933333;16613933333;1400;1388
2486;16165970000;16114222222;16614222222;1398;1386
2487;16165992000;16114222222;16614222222;1400;1388
2488;16166006000;16114222222;16614222222;1398;1386
2489;16166009000;16155633333;16655633333;1400;1388
2490;16166022000;16155633333;16655633333;1400;1388
2486;16166031000;16114222222;16614222222;1398;1386
2492;16166062000;16155633333;16655633333;1400;1388
2493;16166082000;16155633333;16655633333;1398;1386
2494;16166087000;16155633333;16655633333;1400;1388
2495;16166090000;16155633333;16655633333;1400;1388
2496;16166093000;16155644444;16655644444;982;970
2488;16166170000;16114222222;16614222222;1398;1386
2489;16166179000;16155633333;16655633333;1400;1388
2490;16166372000;16155633333;16655633333;1400;1388
2491;16166600000;16155633333;16655633333;1398;1386
2492;16166634000;16155633333;16655633333;1400;1388
2493;16166780000;16155633333;16655633333;1398;1386
2494;16166788000;16155633333;16655633333;1400;1388
2495;16166982000;16155633333;16655633333;1400;1388
2496;16166991000;16155644444;16655644444;982;970
2497;16207641000;16155955555;16655955555;1398;1386
2497;16207663000;16155955555;16655955555;1398;1386
2498;16207683000;16155955555;16655955555;1400;1388
2499;16207687000;16155955555;16655955555;1398;1386
2500;16207691000;16197300000;16697300000;1400;1388
2501;16207695000;16197300000;16697300000;1400;1388
2502;16207699000;16197300000;16697300000;1398;1386
2503;16207702000;16197300000;16697300000;1400;1388
2504;16207705000;16197300000;16697300000;1398;1386
2505;16207709000;16197300000;16697300000;1400;1388
2506;16207712000;16197300000;16697300000;1400;1388
2507;16207715000;16197311111;16697311111;982;970
2498;16207842000;16155955555;16655955555;1400;1388
2499;16207851000;16155955555;16655955555;1398;1386
2500;16208040000;16197300000;16697300000;1400;1388
2501;16208240000;16197300000;16697300000;1400;1388
2502;16208249000;16197300000;16697300000;1398;1386
2503;16208438000;16197300000;16697300000;1400;1388
2504;16208444000;16197300000;16697300000;1398;1386
2505;16208638000;16197300000;16697300000;1400;1388
2507;16208643000;16197311111;16697311111;982;970
2508;16249296000;16197611111;16697611111;1398;1386
2508;16249310000;16197611111;16697611111;1398;1386
2509;16249330000;16197611111;16697611111;1400;1388
2510;16249334000;16197611111;16697611111;1398;1386
2511;16249337000;16238966666;16738966666;1400;1388
2512;16249341000;16238966666;16738966666;1400;1388
2513;16249345000;16238966666;16738966666;1398;1386
2514;16249348000;16238966666;16738966666;1400;1388
2516;16249351000;16238966666;16738966666;1400;1388
2517;16249367000;16238966666;16738966666;1400;1388
2518;16249371000;16238988888;16738988888;982;970
2509;16249498000;16197611111;16697611111;1400;1388
2510;16249504000;16197611111;16697611111;1398;1386
2511;16249698000;16238966666;16738966666;1400;1388
2512;16249902000;16238966666;16738966666;1400;1388
2513;16249907000;16238966666;16738966666;1398;1386
2514;16250103000;16238966666;16738966666;1400;1388
2515;16250108000;16238966666;16738966666;1398;1386
2516;16250315000;16238966666;16738966666;1400;1388
2517;16250320000;16238966666;16738966666;1400;1388
2518;16250518000;16238988888;16738988888;982;970
2519;16290953000;16239277777;16739277777;1398;1386
2519;16290982000;16239277777;16739277777;1398;1386
2520;16290992000;16239277777;16739277777;1400;1388
2521;16290996000;16239277777;16739277777;1398;1386
2522;16290999000;16280633333;16780633333;1400;1388
2523;16291004000;16280633333;16780633333;1400;1388
2524;16291007000;16280633333;16780633333;1398;1386
2525;16291010000;16280633333;16780633333;1400;1388
2526;16291013000;16280633333;16780633333;1398;1386
2527;16291016000;16280633333;16780633333;1400;1388
2528;16291020000;16280633333;16780633333;1400;1388
2529;16291023000;16280655555;16780655555;982;970
2520;16291164000;16239277777;16739277777;1400;1388
2521;16291169000;16239277777;16739277777;1398;1386
2522;16291363000;16280633333;16780633333;1400;1388
2523;16291570000;16280633333;16780633333;1400;1388
2524;16291575000;16280633333;16780633333;1398;1386
2525;16291769000;16280633333;16780633333;1400;1388
2526;16291774000;16280633333;16780633333;1398;1386
2527;16291978000;16280633333;16780633333;1400;1388
2528;16291983000;16280633333;16780633333;1400;1388
2529;16292182000;16280655555;16780655555;982;970
2530;16332635000;16280966666;16780966666;1398;1386
2530;16332650000;16280966666;16780966666;1398;1386
2531;16332670000;16280966666;16780966666;1400;1388
2532;16332674000;16280966666;16780966666;1398;1386
2533;16332677000;16322300000;16822300000;1400;1388
2534;16332681000;16322300000;16822300000;1400;1388
2535;16332685000;16322300000;16822300000;1398;1386
2536;16332688000;16322300000;16822300000;1400;1388
2537;16332691000;16322300000;16822300000;1398;1386
2538;16332694000;16322300000;16822300000;1400;1388
2539;16332698000;16322300000;16822300000;1400;1388
2540;16332701000;16322322222;16822322222;982;970
2531;16332827000;16280966666;16780966666;1400;1388
2532;16332833000;16280966666;16780966666;1398;1386
2533;16333027000;16322300000;16822300000;1400;1388
2534;16333229000;16322300000;16822300000;1400;1388
2535;16333234000;16322300000;16822300000;1398;1386
2536;16333435000;16322300000;16822300000;1400;1388
2537;16333439000;16322300000;16822300000;1398;1386
2538;16333643000;16322300000;16822300000;1400;1388
2539;16333648000;16322300000;16822300000;1400;1388
2541;16374257000;16322622222;16822622222;1398;1386
2543;16374284000;16322622222;16822622222;1398;1386
2544;16374307000;16363933333;16863933333;1400;1388
2545;16374312000;16363933333;16863933333;1400;1388
2546;16374317000;16363933333;16863933333;1398;1386
2547;16374320000;16363933333;16863933333;1400;1388
2548;16374324000;16363933333;16863933333;1398;1386
2549;16374336000;16363933333;16863933333;1400;1388
2550;16374340000;16363933333;16863933333;1400;1388
2551;16374343000;16363955555;16863955555;982;970
2542;16374447000;16322622222;16822622222;1400;1388
2543;16374668000;16322622222;16822622222;1398;1386
2544;16374673000;16363933333;16863933333;1400;1388
2545;16374872000;16363933333;16863933333;1400;1388
2546;16374876000;16363933333;16863933333;1398;1386
2547;16375072000;16363933333;16863933333;1400;1388
2548;16375077000;16363933333;16863933333;1398;1386
2549;16375273000;16363933333;16863933333;1400;1388
2550;16375485000;16363933333;16863933333;1400;1388
2551;16375490000;16363955555;16863955555;982;970
2552;16415988000;16364266666;16864266666;1398;1386
2553;16416010000;16364266666;16864266666;1400;1388
2554;16416014000;16364266666;16864266666;1398;1386
2552;16416033000;16364266666;16864266666;1398;1386
2555;16416105000;16405633333;16905633333;1400;1388
2556;16416129000;16405633333;16905633333;1400;1388
2557;16416133000;16405633333;16905633333;1398;1386
2559;16416136000;16405633333;16905633333;1398;1386
2560;16416143000;16405633333;16905633333;1400;1388
2561;16416157000;16405633333;16905633333;1400;1388
2562;16416161000;16405655555;16905655555;982;970
2555;16416173000;16405633333;16905633333;1400;1388
2556;16416378000;16405633333;16905633333;1400;1388
2557;16416387000;16405633333;16905633333;1398;1386
2558;16416583000;16405633333;16905633333;1400;1388
2559;16416607000;16405633333;16905633333;1398;1386
2560;16416783000;16405633333;16905633333;1400;1388
2561;16416791000;16405633333;16905633333;1400;1388
2562;16416992000;16405655555;16905655555;982;970
2564;16457643000;16405955555;16905955555;1400;1388
2566;16457657000;16447300000;16947300000;1400;1388
2567;16457678000;16447300000;16947300000;1400;1388
2568;16457682000;16447300000;16947300000;1398;1386
2563;16457706000;16405955555;16905955555;1398;1386
2569;16457789000;16447300000;16947300000;1400;1388
2571;16457817000;16447300000;16947300000;1400;1388
2572;16457822000;16447300000;16947300000;1400;1388
2573;16457826000;16447311111;16947311111;982;970
2564;16457839000;16405955555;16905955555;1400;1388
2565;16457859000;16405955555;16905955555;1398;1386
2566;16458052000;16447300000;16947300000;1400;1388
2567;16458239000;16447300000;16947300000;1400;1388
2568;16458248000;16447300000;16947300000;1398;1386
2569;16458447000;16447300000;16947300000;1400;1388
2570;16458455000;16447300000;16947300000;1398;1386
2571;16458657000;16447300000;16947300000;1400;1388
2572;16458665000;16447300000;16947300000;1400;1388
2573;16458859000;16447311111;16947311111;982;970
2574;16499305000;16447600000;16947600000;1398;1386
2574;16499327000;16447600000;16947600000;1398;1386
2575;16499348000;16447600000;16947600000;1400;1388
2576;16499352000;16447600000;16947600000;1398;1386
2577;16499355000;16488966666;16988966666;1400;1388
2578;16499359000;16488966666;16988966666;1400;1388
2579;16499362000;16488966666;16988966666;1398;1386
2580;16499365000;16488966666;16988966666;1400;1388
2581;16499369000;16488966666;16988966666;1398;1386
2582;16499372000;16488966666;16988966666;1400;1388
2583;16499375000;16488966666;16988966666;1400;1388
2584;16499378000;16488988888;16988988888;982;970
2576;16499510000;16447600000;16947600000;1398;1386
2577;16499519000;16488966666;16988966666;1400;1388
2578;16499699000;16488966666;16988966666;1400;1388
2579;16499903000;16488966666;16988966666;1398;1386
2580;16499908000;16488966666;16988966666;1400;1388
2581;16500116000;16488966666;16988966666;1398;1386
2582;16500121000;16488966666;16988966666;1400;1388
2583;16500306000;16488966666;16988966666;1400;1388
2584;16500311000;16488988888;16988988888;982;970
2585;16540955000;16489288888;16989288888;1398;1386
2585;16540973000;16489288888;16989288888;1398;1386
2586;16540991000;16489288888;16989288888;1400;1388
2587;16540996000;16489288888;16989288888;1398;1386
2588;16540999000;16530633333;17030633333;1400;1388
2589;16541003000;16530633333;17030633333;1400;1388
2590;16541006000;16530633333;17030633333;1398;1386
2591;16541009000;16530633333;17030633333;1400;1388
2592;16541013000;16530633333;17030633333;1398;1386
2593;16541016000;16530633333;17030633333;1400;1388
2594;16541019000;16530633333;17030633333;1400;1388
2595;16541022000;16530644444;17030644444;982;970
2586;16541176000;16489288888;16989288888;1400;1388
2587;16541185000;16489288888;16989288888;1398;1386
2588;16541374000;16530633333;17030633333;1400;1388
2589;16541580000;16530633333;17030633333;1400;1388
2594;16541588000;16530633333;17030633333;1400;1388
2595;16541783000;16530644444;17030644444;982;970
2596;16582611000;16530977777;17030977777;1398;1386
2596;16582633000;16530977777;17030977777;1398;1386
2597;16582653000;16530977777;17030977777;1400;1388
2598;16582657000;16530977777;17030977777;1398;1386
2599;16582661000;16572266666;17072266666;1400;1388
2600;16582664000;16572266666;17072266666;1400;1388
2601;16582668000;16572266666;17072266666;1398;1386
2602;16582671000;16572266666;17072266666;1400;1388
2603;16582674000;16572266666;17072266666;1398;1386
2604;16582677000;16572266666;17072266666;1400;1388
2605;16582680000;16572266666;17072266666;1400;1388
2597;16582810000;16530977777;17030977777;1400;1388
2598;16582819000;16530977777;17030977777;1398;1386
2599;16583009000;16572266666;17072266666;1400;1388
2600;16583216000;16572266666;17072266666;1400;1388
2601;16583225000;16572266666;17072266666;1398;1386
2602;16583416000;16572266666;17072266666;1400;1388
2603;16583425000;16572266666;17072266666;1398;1386
2604;16583615000;16572266666;17072266666;1400;1388
2605;16583620000;16572266666;17072266666;1400;1388
2606;16583827000;16572288888;17072288888;982;970
2607;16624293000;16572588888;17072588888;1398;1386
2607;16624306000;16572588888;17072588888;1398;1386
2608;16624326000;16572588888;17072588888;1400;1388
2609;16624330000;16572588888;17072588888;1398;1386
2610;16624334000;16613966666;17113966666;1400;1388
2611;16624338000;16613966666;17113966666;1400;1388
2612;16624341000;16613966666;17113966666;1398;1386
2615;16624344000;16613966666;17113966666;1400;1388
2616;16624350000;16613966666;17113966666;1400;1388
2617;16624364000;16613988888;17113988888;982;970
2608;16624495000;16572588888;17072588888;1400;1388
2611;16624502000;16613966666;17113966666;1400;1388
2612;16624694000;16613966666;17113966666;1398;1386
2613;16624900000;16613966666;17113966666;1400;1388
2616;16624920000;16613966666;17113966666;1400;1388
2617;16625104000;16613988888;17113988888;982;970
2618;16665925000;16614266666;17114266666;1398;1386
2618;16665942000;16614266666;17114266666;1398;1386
2619;16665961000;16614266666;17114266666;1400;1388
2620;16665965000;16614266666;17114266666;1398;1386
2621;16665968000;16655600000;17155600000;1400;1388
2622;16665972000;16655600000;17155600000;1400;1388
2623;16665976000;16655600000;17155600000;1398;1386
2624;16665979000;16655600000;17155600000;1400;1388
2626;16665982000;16655600000;17155600000;1400;1388
2627;16665986000;16655600000;17155600000;1400;1388
2628;16665989000;16655622222;17155622222;982;970
2619;16666146000;16614266666;17114266666;1400;1388
2620;16666155000;16614266666;17114266666;1398;1386
2621;16666344000;16655600000;17155600000;1400;1388
2622;16666551000;16655600000;17155600000;1400;1388
2624;16666559000;16655600000;17155600000;1400;1388
2625;16666751000;16655600000;17155600000;1398;1386
2626;16666759000;16655600000;17155600000;1400;1388
2627;16666952000;16655600000;17155600000;1400;1388
2628;16666961000;16655622222;17155622222;982;970
2629;16707650000;16655933333;17155933333;1398;1386
2630;16707715000;16655933333;17155933333;1400;1388
2631;16707730000;16655933333;17155933333;1398;1386
2632;16707734000;16697266666;17197266666;1400;1388
2633;16707738000;16697266666;17197266666;1400;1388
2634;16707742000;16697266666;17197266666;1398;1386
2635;16707746000;16697266666;17197266666;1400;1388
2636;16707750000;16697266666;17197266666;1398;1386
2637;16707763000;16697266666;17197266666;1400;1388
2638;16707767000;16697266666;17197266666;1400;1388
2639;16707770000;16697288888;17197288888;982;970
2630;16707803000;16655933333;17155933333;1400;1388
2631;16708012000;16655933333;17155933333;1398;1386
2632;16708022000;16697266666;17197266666;1400;1388
2633;16708218000;16697266666;17197266666;1400;1388
2634;16708227000;16697266666;17197266666;1398;1386
2635;16708418000;16697266666;17197266666;1400;1388
2636;16708446000;16697266666;17197266666;1398;1386
2637;16708629000;16697266666;17197266666;1400;1388
2638;16708637000;16697266666;17197266666;1400;1388
2639;16708829000;16697288888;17197288888;982;970
2640;16749290000;16697555555;17197555555;1398;1386
2640;16749307000;16697555555;17197555555;1398;1386
2641;16749380000;16697555555;17197555555;1400;1388
2642;16749393000;16697555555;17197555555;1398;1386
2643;16749397000;16738966666;17238966666;1400;1388
2645;16749401000;16738966666;17238966666;1398;1386
2646;16749419000;16738966666;17238966666;1400;1388
2647;16749422000;16738966666;17238966666;1398;1386
2648;16749427000;16738966666;17238966666;1400;1388
2650;16749437000;16738977777;17238977777;982;970
2641;16749512000;16697555555;17197555555;1400;1388
2642;16749521000;16697555555;17197555555;1398;1386
2643;16749699000;16738966666;17238966666;1400;1388
2644;16749903000;16738966666;17238966666;1400;1388
2645;16749924000;16738966666;17238966666;1398;1386
2646;16750105000;16738966666;17238966666;1400;1388
2647;16750110000;16738966666;17238966666;1398;1386
2648;16750304000;16738966666;17238966666;1400;1388
2649;16750517000;16738966666;17238966666;1400;1388
2650;16750534000;16738977777;17238977777;982;970
2651;16790945000;16739255555;17239255555;1398;1386
2651;16790971000;16739255555;17239255555;1398;1386
2652;16790981000;16739255555;17239255555;1400;1388
2655;16790985000;16780622222;17280622222;1400;1388
2656;16791001000;16780622222;17280622222;1398;1386
2657;16791005000;16780622222;17280622222;1400;1388
2658;16791009000;16780622222;17280622222;1398;1386
2659;16791012000;16780622222;17280622222;1400;1388
2661;16791016000;16780644444;17280644444;982;970
2652;16791166000;16739255555;17239255555;1400;1388
2653;16791172000;16739255555;17239255555;1398;1386
2654;16791356000;16780622222;17280622222;1400;1388
2655;16791562000;16780622222;17280622222;1400;1388
2657;16791567000;16780622222;17280622222;1400;1388
2658;16791771000;16780622222;17280622222;1398;1386
2659;16791776000;16780622222;17280622222;1400;1388
2660;16791973000;16780622222;17280622222;1400;1388
2661;16791980000;16780644444;17280644444;982;970
2662;16832629000;16781077777;17281077777;1398;1386
2662;16832645000;16781077777;17281077777;1398;1386
2663;16832664000;16781077777;17281077777;1400;1388
2664;16832669000;16781077777;17281077777;1398;1386
2665;16832672000;16822300000;17322300000;1400;1388
2666;16832676000;16822300000;17322300000;1400;1388
2667;16832680000;16822300000;17322300000;1398;1386
2668;16832683000;16822300000;17322300000;1400;1388
2669;16832686000;16822300000;17322300000;1398;1386
2670;16832690000;16822300000;17322300000;1400;1388
2671;16832694000;16822300000;17322300000;1400;1388
2672;16832697000;16822322222;17322322222;982;970
2663;16832843000;16781077777;17281077777;1400;1388
2664;16832852000;16781077777;17281077777;1398;1386
2665;16833053000;16822300000;17322300000;1400;1388
2666;16833241000;16822300000;17322300000;1400;1388
2667;16833250000;16822300000;17322300000;1398;1386
2668;16833448000;16822300000;17322300000;1400;1388
2669;16833456000;16822300000;17322300000;1398;1386
2670;16833657000;16822300000;17322300000;1400;1388
2671;16833666000;16822300000;17322300000;1400;1388
2672;16833861000;16822322222;17322322222;982;970
2673;16874263000;16822588888;17322588888;1398;1386
2673;16874275000;16822588888;17322588888;1398;1386
2674;16874295000;16822588888;17322588888;1400;1388
2675;16874299000;16822588888;17322588888;1398;1386
2676;16874303000;16863933333;17363933333;1400;1388
2677;16874307000;16863933333;17363933333;1400;1388
2678;16874310000;16863933333;17363933333;1398;1386
2679;16874313000;16863933333;17363933333;1400;1388
2680;16874316000;16863933333;17363933333;1398;1386
2681;16874319000;16863933333;17363933333;1400;1388
2682;16874323000;16863933333;17363933333;1400;1388
2683;16874326000;16863955555;17363955555;982;970
2676;16874479000;16863933333;17363933333;1400;1388
2677;16874495000;16863933333;17363933333;1400;1388
2678;16874667000;16863933333;17363933333;1398;1386
2679;16874872000;16863933333;17363933333;1400;1388
2680;16874877000;16863933333;17363933333;1398;1386
2681;16875074000;16863933333;17363933333;1400;1388
2682;16875079000;16863933333;17363933333;1400;1388
2683;16875274000;16863955555;17363955555;982;970
2684;16915954000;16864222222;17364222222;1398;1386
2684;16915970000;16864222222;17364222222;1398;1386
2685;16915989000;16864222222;17364222222;1400;1388
2686;16915994000;16864222222;17364222222;1398;1386
2687;16915997000;16905633333;17405633333;1400;1388
2688;16916001000;16905633333;17405633333;1400;1388
2689;16916005000;16905633333;17405633333;1398;1386
2690;16916008000;16905633333;17405633333;1400;1388
2691;16916011000;16905633333;17405633333;1398;1386
2692;16916014000;16905633333;17405633333;1400;1388
2693;16916017000;16905633333;17405633333;1400;1388
2694;16916021000;16905655555;17405655555;982;970
2685;16916164000;16864222222;17364222222;1400;1388
2686;16916170000;16864222222;17364222222;1398;1386
2687;16916362000;16905633333;17405633333;1400;1388
2688;16916567000;16905633333;17405633333;1400;1388
2689;16916572000;16905633333;17405633333;1398;1386
2690;16916767000;16905633333;17405633333;1400;1388
2691;16916772000;16905633333;17405633333;1398;1386
2692;16916977000;16905633333;17405633333;1400;1388
2693;16916981000;16905633333;17405633333;1400;1388
2694;16917182000;16905655555;17405655555;982;970
2695;16957592000;16905944444;17405944444;1398;1386
2695;16957609000;16905944444;17405944444;1398;1386
2696;16957628000;16905944444;17405944444;1400;1388
2697;16957633000;16905944444;17405944444;1398;1386
2698;16957636000;16947266666;17447266666;1400;1388
2699;16957640000;16947266666;17447266666;1400;1388
2700;16957643000;16947266666;17447266666;1398;1386
2701;16957647000;16947266666;17447266666;1400;1388
2702;16957650000;16947266666;17447266666;1398;1386
2703;16957653000;16947266666;17447266666;1400;1388
2704;16957657000;16947266666;17447266666;1400;1388
2705;16957661000;16947288888;17447288888;982;970
2697;16957780000;16905944444;17405944444;1398;1386
2698;16957982000;16947266666;17447266666;1400;1388
2699;16957987000;16947266666;17447266666;1400;1388
2700;16958188000;16947266666;17447266666;1398;1386
2701;16958193000;16947266666;17447266666;1400;1388
2702;16958392000;16947266666;17447266666;1398;1386
2703;16958397000;16947266666;17447266666;1400;1388
2704;16958597000;16947266666;17447266666;1400;1388
2705;16958601000;16947288888;17447288888;982;970
2706;16999291000;16947555555;17447555555;1398;1386
2706;16999323000;16947555555;17447555555;1398;1386
2707;16999335000;16947555555;17447555555;1400;1388
2708;16999339000;16947555555;17447555555;1398;1386
2709;16999343000;16988966666;17488966666;1400;1388
2710;16999347000;16988966666;17488966666;1400;1388
2711;16999350000;16988966666;17488966666;1398;1386
2712;16999354000;16988966666;17488966666;1400;1388
2713;16999357000;16988966666;17488966666;1398;1386
2714;16999361000;16988966666;17488966666;1400;1388
2715;16999364000;16988966666;17488966666;1400;1388
2707;16999476000;16947555555;17447555555;1400;1388
2708;16999678000;16947555555;17447555555;1398;1386
2709;16999683000;16988966666;17488966666;1400;1388
2710;16999882000;16988966666;17488966666;1400;1388
2711;16999888000;16988966666;17488966666;1398;1386
2714;17000097000;16988966666;17488966666;1400;1388
2715;17000102000;16988966666;17488966666;1400;1388
2716;17000303000;16988988888;17488988888;982;970
2717;17040962000;16989277777;17489277777;1398;1386
2718;17040984000;16989277777;17489277777;1400;1388
2719;17040998000;16989277777;17489277777;1398;1386
2717;17041006000;16989277777;17489277777;1398;1386
2720;17041021000;17030633333;17530633333;1400;1388
2721;17041037000;17030633333;17530633333;1400;1388
2722;17041041000;17030633333;17530633333;1398;1386
2723;17041059000;17030633333;17530633333;1400;1388
2724;17041063000;17030633333;17530633333;1398;1386
2725;17041066000;17030633333;17530633333;1400;1388
2726;17041069000;17030633333;17530633333;1400;1388
2727;17041073000;17030644444;17530644444;982;970
2718;17041175000;16989277777;17489277777;1400;1388
2719;17041185000;16989277777;17489277777;1398;1386
2720;17041376000;17030633333;17530633333;1400;1388
2721;17041579000;17030633333;17530633333;1400;1388
2722;17041608000;17030633333;17530633333;1398;1386
2723;17041789000;17030633333;17530633333;1400;1388
2725;17041797000;17030633333;17530633333;1400;1388
2726;17041983000;17030633333;17530633333;1400;1388
2727;17041991000;17030644444;17530644444;982;970
2728;17082637000;17030944444;17530944444;1398;1386
2728;17082661000;17030944444;17530944444;1398;1386
2729;17082682000;17030944444;17530944444;1400;1388
2730;17082687000;17030944444;17530944444;1398;1386
2731;17082690000;17072300000;17572300000;1400;1388
2732;17082694000;17072300000;17572300000;1400;1388
2733;17082698000;17072300000;17572300000;1398;1386
2734;17082701000;17072300000;17572300000;1400;1388
2735;17082704000;17072300000;17572300000;1398;1386
2736;17082708000;17072300000;17572300000;1400;1388
2737;17082711000;17072300000;17572300000;1400;1388
2738;17082714000;17072322222;17572322222;982;970
2729;17082824000;17030944444;17530944444;1400;1388
2730;17083026000;17030944444;17530944444;1398;1386
2731;17083035000;17072300000;17572300000;1400;1388
2733;17083221000;17072300000;17572300000;1398;1386
2734;17083227000;17072300000;17572300000;1400;1388
2735;17083424000;17072300000;17572300000;1398;1386
2736;17083429000;17072300000;17572300000;1400;1388
2737;17083628000;17072300000;17572300000;1400;1388
2738;17083633000;17072322222;17572322222;982;970
2739;17124281000;17072588888;17572588888;1398;1386
2739;17124347000;17072588888;17572588888;1398;1386
2740;17124362000;17072588888;17572588888;1400;1388
2741;17124368000;17072588888;17572588888;1398;1386
2742;17124372000;17113933333;17613933333;1400;1388
2744;17124376000;17113933333;17613933333;1398;1386
2745;17124394000;17113933333;17613933333;1400;1388
2746;17124398000;17113933333;17613933333;1398;1386
2740;17124470000;17072588888;17572588888;1400;1388
2741;17124660000;17072588888;17572588888;1398;1386
2742;17124669000;17113933333;17613933333;1400;1388
2743;17124864000;17113933333;17613933333;1400;1388
2744;17124891000;17113933333;17613933333;1398;1386
2746;17125071000;17113933333;17613933333;1398;1386
2747;17125080000;17113933333;17613933333;1400;1388
2748;17125274000;17113933333;17613933333;1400;1388
2749;17125282000;17113955555;17613955555;982;970
2751;17165967000;17114211111;17614211111;1400;1388
2750;17166000000;17114211111;17614211111;1398;1386
2752;17166102000;17114211111;17614211111;1398;1386
2753;17166129000;17155633333;17655633333;1400;1388
2754;17166147000;17155633333;17655633333;1400;1388
2755;17166151000;17155633333;17655633333;1398;1386
2756;17166154000;17155633333;17655633333;1400;1388
2757;17166158000;17155633333;17655633333;1398;1386
2758;17166162000;17155633333;17655633333;1400;1388
2752;17166173000;17114211111;17614211111;1398;1386
2753;17166193000;17155633333;17655633333;1400;1388
2759;17166231000;17155633333;17655633333;1400;1388
2760;17166243000;17155644444;17655644444;982;970
2754;17166372000;17155633333;17655633333;1400;1388
2755;17166580000;17155633333;17655633333;1398;1386
2757;17166589000;17155633333;17655633333;1398;1386
2759;17166778000;17155633333;17655633333;1400;1388
2760;17166786000;17155644444;17655644444;982;970
2761;17207638000;17155933333;17655933333;1398;1386
2762;17207660000;17155933333;17655933333;1400;1388
2763;17207664000;17155933333;17655933333;1398;1386
2764;17207678000;17197300000;17697300000;1400;1388
2766;17207682000;17197300000;17697300000;1398;1386
2761;17207716000;17155933333;17655933333;1398;1386
2767;17207792000;17197300000;17697300000;1400;1388
2768;17207817000;17197300000;17697300000;1398;1386
2769;17207822000;17197300000;17697300000;1400;1388
2770;17207826000;17197300000;17697300000;1400;1388
2771;17207829000;17197311111;17697311111;982;970
2762;17207840000;17155933333;17655933333;1400;1388
2763;17207859000;17155933333;17655933333;1398;1386
2764;17208021000;17197300000;17697300000;1400;1388
2765;17208227000;17197300000;17697300000;1400;1388
2766;17208250000;17197300000;17697300000;1398;1386
2767;17208447000;17197300000;17697300000;1400;1388
2768;17208456000;17197300000;17697300000;1398;1386
2769;17208655000;17197300000;17697300000;1400;1388
2770;17208683000;17197300000;17697300000;1400;1388
2771;17208858000;17197311111;17697311111;982;970
2772;17249300000;17197588888;17697588888;1398;1386
2773;17249322000;17197588888;17697588888;1400;1388
2774;17249327000;17197588888;17697588888;1398;1386
2775;17249340000;17238966666;17738966666;1400;1388
2776;17249344000;17238966666;17738966666;1400;1388
2772;17249357000;17197588888;17697588888;1398;1386
2777;17249419000;17238966666;17738966666;1398;1386
2778;17249432000;17238966666;17738966666;1400;1388
2779;17249437000;17238966666;17738966666;1398;1386
2780;17249440000;17238966666;17738966666;1400;1388
2781;17249444000;17238966666;17738966666;1400;1388
2782;17249458000;17238988888;17738988888;982;970
2773;17249498000;17197588888;17697588888;1400;1388
2776;17249689000;17238966666;17738966666;1400;1388
2777;17249698000;17238966666;17738966666;1398;1386
2778;17249894000;17238966666;17738966666;1400;1388
2779;17249903000;17238966666;17738966666;1398;1386
2780;17250099000;17238966666;17738966666;1400;1388
2781;17250108000;17238966666;17738966666;1400;1388
2782;17250302000;17238988888;17738988888;982;970
2783;17290920000;17239255555;17739255555;1398;1386
2783;17290943000;17239255555;17739255555;1398;1386
2784;17290955000;17239255555;17739255555;1400;1388
2785;17290960000;17239255555;17739255555;1398;1386
2786;17290964000;17280600000;17780600000;1400;1388
2788;17290968000;17280600000;17780600000;1398;1386
2789;17290975000;17280600000;17780600000;1400;1388
2790;17290989000;17280600000;17780600000;1398;1386
2791;17290993000;17280600000;17780600000;1400;1388
2792;17290997000;17280600000;17780600000;1400;1388
2784;17291102000;17239255555;17739255555;1400;1388
2785;17291303000;17239255555;17739255555;1398;1386
2786;17291308000;17280600000;17780600000;1400;1388
2787;17291506000;17280600000;17780600000;1400;1388
2788;17291525000;17280600000;17780600000;1398;1386
2789;17291711000;17280600000;17780600000;1400;1388
2790;17291716000;17280600000;17780600000;1398;1386
2791;17291914000;17280600000;17780600000;1400;1388
2792;17292121000;17280600000;17780600000;1400;1388
2793;17292126000;17280622222;17780622222;982;970
2794;17332585000;17280922222;17780922222;1398;1386
2794;17332603000;17280922222;17780922222;1398;1386
2795;17332614000;17280922222;17780922222;1400;1388
2796;17332619000;17280922222;17780922222;1398;1386
2797;17332623000;17322288888;17822288888;1400;1388
2798;17332628000;17322288888;17822288888;1400;1388
2799;17332632000;17322288888;17822288888;1398;1386
2800;17332636000;17322288888;17822288888;1400;1388
2801;17332639000;17322288888;17822288888;1398;1386
2802;17332643000;17322288888;17822288888;1400;1388
2803;17332646000;17322288888;17822288888;1400;1388
2804;17332650000;17322311111;17822311111;982;970
2796;17332772000;17280922222;17780922222;1398;1386
2797;17332974000;17322288888;17822288888;1400;1388
2798;17332979000;17322288888;17822288888;1400;1388
2799;17333176000;17322288888;17822288888;1398;1386
2800;17333180000;17322288888;17822288888;1400;1388
2801;17333382000;17322288888;17822288888;1398;1386
2802;17333387000;17322288888;17822288888;1400;1388
2803;17333586000;17322288888;17822288888;1400;1388
2804;17333590000;17322311111;17822311111;982;970
2806;17374252000;17322600000;17822600000;1400;1388
2805;17374288000;17322600000;17822600000;1398;1386
2806;17374316000;17322600000;17822600000;1400;1388
2807;17374332000;17322600000;17822600000;1398;1386
2808;17374336000;17363933333;17863933333;1400;1388
2809;17374341000;17363933333;17863933333;1400;1388
2810;17374349000;17363933333;17863933333;1398;1386
2811;17374353000;17363933333;17863933333;1400;1388
2812;17374357000;17363933333;17863933333;1398;1386
2813;17374370000;17363933333;17863933333;1400;1388
2814;17374374000;17363933333;17863933333;1400;1388
2815;17374378000;17363944444;17863944444;982;970
2807;17374433000;17322600000;17822600000;1398;1386
2808;17374634000;17363933333;17863933333;1400;1388
2809;17374640000;17363933333;17863933333;1400;1388
2810;17374838000;17363933333;17863933333;1398;1386
2811;17374842000;17363933333;17863933333;1400;1388
2812;17375055000;17363933333;17863933333;1398;1386
2813;17375071000;17363933333;17863933333;1400;1388
2814;17375248000;17363933333;17863933333;1400;1388
2815;17375253000;17363944444;17863944444;982;970
2816;17415960000;17364233333;17864233333;1398;1386
2816;17415977000;17364233333;17864233333;1398;1386
2817;17416064000;17364233333;17864233333;1400;1388
2818;17416078000;17364233333;17864233333;1398;1386
2819;17416082000;17405633333;17905633333;1400;1388
2820;17416086000;17405633333;17905633333;1400;1388
2821;17416089000;17405633333;17905633333;1398;1386
2822;17416093000;17405633333;17905633333;1400;1388
2823;17416096000;17405633333;17905633333;1398;1386
2826;17416099000;17405644444;17905644444;982;970
2817;17416186000;17364233333;17864233333;1400;1388
2818;17416196000;17364233333;17864233333;1398;1386
2819;17416374000;17405633333;17905633333;1400;1388
2820;17416579000;17405633333;17905633333;1400;1388
2821;17416588000;17405633333;17905633333;1398;1386
2822;17416780000;17405633333;17905633333;1400;1388
2823;17416788000;17405633333;17905633333;1398;1386
2824;17416990000;17405633333;17905633333;1400;1388
2825;17417013000;17405633333;17905633333;1400;1388
2826;17417184000;17405644444;17905644444;982;970
2827;17457637000;17405922222;17905922222;1398;1386
2827;17457651000;17405922222;17905922222;1398;1386
2828;17457670000;17405922222;17905922222;1400;1388
2830;17457674000;17447300000;17947300000;1400;1388
2831;17457681000;17447300000;17947300000;1400;1388
2832;17457694000;17447300000;17947300000;1398;1386
2833;17457698000;17447300000;17947300000;1400;1388
2834;17457707000;17447300000;17947300000;1398;1386
2835;17457711000;17447300000;17947300000;1400;1388
2836;17457715000;17447300000;17947300000;1400;1388
2837;17457727000;17447311111;17947311111;982;970
2828;17457830000;17405922222;17905922222;1400;1388
2829;17457837000;17405922222;17905922222;1398;1386
2830;17458030000;17447300000;17947300000;1400;1388
2831;17458230000;17447300000;17947300000;1400;1388
2832;17458235000;17447300000;17947300000;1398;1386
2833;17458436000;17447300000;17947300000;1400;1388
2834;17458441000;17447300000;17947300000;1398;1386
2835;17458654000;17447300000;17947300000;1400;1388
2836;17458658000;17447300000;17947300000;1400;1388
2837;17458858000;17447311111;17947311111;982;970
2838;17499294000;17447577777;17947577777;1398;1386
2838;17499308000;17447577777;17947577777;1398;1386
2839;17499327000;17447577777;17947577777;1400;1388
2840;17499331000;17447577777;17947577777;1398;1386
2841;17499335000;17488966666;17988966666;1400;1388
2842;17499339000;17488966666;17988966666;1400;1388
2843;17499342000;17488966666;17988966666;1398;1386
2844;17499345000;17488966666;17988966666;1400;1388
2845;17499348000;17488966666;17988966666;1398;1386
2846;17499352000;17488966666;17988966666;1400;1388
2847;17499355000;17488966666;17988966666;1400;1388
2848;17499358000;17488977777;17988977777;982;970
2839;17499508000;17447577777;17947577777;1400;1388
2840;17499518000;17447577777;17947577777;1398;1386
2841;17499707000;17488966666;17988966666;1400;1388
2842;17499914000;17488966666;17988966666;1400;1388
2843;17499923000;17488966666;17988966666;1398;1386
2844;17500114000;17488966666;17988966666;1400;1388
2845;17500122000;17488966666;17988966666;1398;1386
2846;17500316000;17488966666;17988966666;1400;1388
2847;17500325000;17488966666;17988966666;1400;1388
2848;17500528000;17488977777;17988977777;982;970
2849;17540910000;17489255555;17989255555;1398;1386
2849;17540936000;17489255555;17989255555;1398;1386
2850;17540956000;17489255555;17989255555;1400;1388
2851;17540960000;17489255555;17989255555;1398;1386
2852;17540963000;17530600000;18030600000;1400;1388
2853;17540967000;17530600000;18030600000;1400;1388
2854;17540971000;17530600000;18030600000;1398;1386
2855;17540974000;17530600000;18030600000;1400;1388
2856;17540977000;17530600000;18030600000;1398;1386
2857;17540980000;17530600000;18030600000;1400;1388
2858;17540984000;17530600000;18030600000;1400;1388
2859;17540987000;17530622222;18030622222;982;970
2850;17541108000;17489255555;17989255555;1400;1388
2851;17541114000;17489255555;17989255555;1398;1386
2852;17541301000;17530600000;18030600000;1400;1388
2853;17541512000;17530600000;18030600000;1400;1388
2854;17541517000;17530600000;18030600000;1398;1386
2855;17541712000;17530600000;18030600000;1400;1388
2856;17541717000;17530600000;18030600000;1398;1386
2857;17541920000;17530600000;18030600000;1400;1388
2858;17541925000;17530600000;18030600000;1400;1388
2859;17542124000;17530622222;18030622222;982;970
2860;17582621000;17530922222;18030922222;1398;1386
2860;17582638000;17530922222;18030922222;1398;1386
2861;17582658000;17530922222;18030922222;1400;1388
2862;17582662000;17530922222;18030922222;1398;1386
2863;17582666000;17572300000;18072300000;1400;1388
2864;17582670000;17572300000;18072300000;1400;1388
2866;17582673000;17572300000;18072300000;1400;1388
2867;17582679000;17572300000;18072300000;1398;1386
2868;17582693000;17572300000;18072300000;1400;1388
2869;17582697000;17572300000;18072300000;1400;1388
2870;17582701000;17572311111;18072311111;982;970
2861;17582809000;17530922222;18030922222;1400;1388
2862;17583010000;17530922222;18030922222;1398;1386
2863;17583015000;17572300000;18072300000;1400;1388
2864;17583215000;17572300000;18072300000;1400;1388
2865;17583220000;17572300000;18072300000;1398;1386
2866;17583436000;17572300000;18072300000;1400;1388
2867;17583441000;17572300000;18072300000;1398;1386
2868;17583643000;17572300000;18072300000;1400;1388
2869;17583648000;17572300000;18072300000;1400;1388
2870;17583846000;17572311111;18072311111;982;970
2871;17624289000;17572600000;18072600000;1398;1386
2872;17624311000;17572600000;18072600000;1400;1388
2873;17624315000;17572600000;18072600000;1398;1386
2875;17624327000;17613966666;18113966666;1400;1388
2871;17624350000;17572600000;18072600000;1398;1386
2876;17624427000;17613966666;18113966666;1398;1386
2877;17624441000;17613966666;18113966666;1400;1388
2878;17624445000;17613966666;18113966666;1398;1386
2879;17624448000;17613966666;18113966666;1400;1388
2881;17624462000;17613988888;18113988888;982;970
2872;17624500000;17572600000;18072600000;1400;1388
2873;17624712000;17572600000;18072600000;1398;1386
2874;17624721000;17613966666;18113966666;1400;1388
2875;17624916000;17613966666;18113966666;1400;1388
2876;17624925000;17613966666;18113966666;1398;1386
2877;17625116000;17613966666;18113966666;1400;1388
2878;17625125000;17613966666;18113966666;1398;1386
2879;17625318000;17613966666;18113966666;1400;1388
2880;17625327000;17613966666;18113966666;1400;1388
2881;17625528000;17613988888;18113988888;982;970
2882;17665931000;17614255555;18114255555;1398;1386
2882;17665964000;17614255555;18114255555;1398;1386
2883;17665975000;17614255555;18114255555;1400;1388
2884;17665979000;17614255555;18114255555;1398;1386
2885;17665982000;17655600000;18155600000;1400;1388
2886;17665986000;17655600000;18155600000;1400;1388
2887;17665989000;17655600000;18155600000;1398;1386
2889;17665992000;17655600000;18155600000;1398;1386
2892;17666008000;17655622222;18155622222;982;970
2883;17666145000;17614255555;18114255555;1400;1388
2884;17666154000;17614255555;18114255555;1398;1386
2885;17666334000;17655600000;18155600000;1400;1388
2886;17666538000;17655600000;18155600000;1400;1388
2887;17666543000;17655600000;18155600000;1398;1386
2888;17666740000;17655600000;18155600000;1400;1388
2889;17666759000;17655600000;18155600000;1398;1386
2890;17666949000;17655600000;18155600000;1400;1388
2891;17666967000;17655600000;18155600000;1400;1388
2892;17667152000;17655622222;18155622222;982;970
2893;17707637000;17655922222;18155922222;1398;1386
2893;17707650000;17655922222;18155922222;1398;1386
2894;17707669000;17655922222;18155922222;1400;1388
2895;17707674000;17655922222;18155922222;1398;1386
2896;17707677000;17697300000;18197300000;1400;1388
2897;17707681000;17697300000;18197300000;1400;1388
2898;17707684000;17697300000;18197300000;1398;1386
2899;17707687000;17697300000;18197300000;1400;1388
2901;17707690000;17697300000;18197300000;1400;1388
2902;17707706000;17697300000;18197300000;1400;1388
2903;17707710000;17697322222;18197322222;982;970
2894;17707839000;17655922222;18155922222;1400;1388
2895;17707849000;17655922222;18155922222;1398;1386
2896;17708039000;17697300000;18197300000;1400;1388
2897;17708241000;17697300000;18197300000;1400;1388
2898;17708249000;17697300000;18197300000;1398;1386
2899;17708446000;17697300000;18197300000;1400;1388
2900;17708454000;17697300000;18197300000;1398;1386
2901;17708655000;17697300000;18197300000;1400;1388
2902;17708663000;17697300000;18197300000;1400;1388
2903;17708858000;17697322222;18197322222;982;970
2904;17749295000;17697577777;18197577777;1398;1386
2904;17749308000;17697577777;18197577777;1398;1386
2905;17749327000;17697577777;18197577777;1400;1388
2906;17749332000;17697577777;18197577777;1398;1386
2907;17749335000;17738966666;18238966666;1400;1388
2908;17749339000;17738966666;18238966666;1400;1388
2910;17749343000;17738966666;18238966666;1400;1388
2911;17749359000;17738966666;18238966666;1398;1386
2912;17749362000;17738966666;18238966666;1400;1388
2913;17749366000;17738966666;18238966666;1400;1388
2914;17749369000;17738988888;18238988888;982;970
2905;17749507000;17697577777;18197577777;1400;1388
2906;17749524000;17697577777;18197577777;1398;1386
2907;17749695000;17738966666;18238966666;1400;1388
2908;17749901000;17738966666;18238966666;1400;1388
2909;17749906000;17738966666;18238966666;1398;1386
2910;17750103000;17738966666;18238966666;1400;1388
2911;17750109000;17738966666;18238966666;1398;1386
2912;17750303000;17738966666;18238966666;1400;1388
2913;17750514000;17738966666;18238966666;1400;1388
2914;17750519000;17738988888;18238988888;982;970
2915;17790924000;17739244444;18239244444;1398;1386
2917;17790941000;17739244444;18239244444;1398;1386
2918;17790972000;17780600000;18280600000;1400;1388
2919;17790977000;17780600000;18280600000;1400;1388
2920;17790980000;17780600000;18280600000;1398;1386
2921;17790984000;17780600000;18280600000;1400;1388
2922;17790987000;17780600000;18280600000;1398;1386
2924;17790991000;17780600000;18280600000;1400;1388
2925;17791003000;17780622222;18280622222;982;970
2916;17791137000;17739244444;18239244444;1400;1388
2917;17791157000;17739244444;18239244444;1398;1386
2920;17791333000;17780600000;18280600000;1398;1386
2921;17791538000;17780600000;18280600000;1400;1388
2924;17791544000;17780600000;18280600000;1400;1388
2925;17791743000;17780622222;18280622222;982;970
2927;17832614000;17780900000;18280900000;1400;1388
2926;17832636000;17780900000;18280900000;1398;1386
2927;17832657000;17780900000;18280900000;1400;1388
2929;17832661000;17822266666;18322266666;1400;1388
2930;17832666000;17822266666;18322266666;1400;1388
2931;17832669000;17822266666;18322266666;1398;1386
2932;17832673000;17822266666;18322266666;1400;1388
2933;17832676000;17822266666;18322266666;1398;1386
2934;17832679000;17822266666;18322266666;1400;1388
2935;17832682000;17822266666;18322266666;1400;1388
2936;17832685000;17822288888;18322288888;982;970
2928;17832812000;17780900000;18280900000;1398;1386
2929;17832821000;17822266666;18322266666;1400;1388
2931;17833011000;17822266666;18322266666;1398;1386
2932;17833218000;17822266666;18322266666;1400;1388
2933;17833226000;17822266666;18322266666;1398;1386
2934;17833418000;17822266666;18322266666;1400;1388
2935;17833426000;17822266666;18322266666;1400;1388
2936;17833626000;17822288888;18322288888;982;970
2937;17874306000;17822533333;18322533333;1398;1386
2937;17874328000;17822533333;18322533333;1398;1386
2938;17874348000;17822533333;18322533333;1400;1388
2939;17874352000;17822533333;18322533333;1398;1386
2940;17874356000;17863966666;18363966666;1400;1388
2941;17874359000;17863966666;18363966666;1400;1388
2942;17874363000;17863966666;18363966666;1398;1386
2943;17874366000;17863966666;18363966666;1400;1388
2944;17874369000;17863966666;18363966666;1398;1386
2945;17874372000;17863966666;18363966666;1400;1388
2946;17874375000;17863966666;18363966666;1400;1388
2947;17874378000;17863977777;18363977777;982;970
2938;17874507000;17822533333;18322533333;1400;1388
2939;17874517000;17822533333;18322533333;1398;1386
2940;17874697000;17863966666;18363966666;1400;1388
2941;17874902000;17863966666;18363966666;1400;1388
2942;17874907000;17863966666;18363966666;1398;1386
2943;17875104000;17863966666;18363966666;1400;1388
2944;17875117000;17863966666;18363966666;1398;1386
2945;17875306000;17863966666;18363966666;1400;1388
2946;17875311000;17863966666;18363966666;1400;1388
2947;17875515000;17863977777;18363977777;982;970
2948;17916004000;17864244444;18364244444;1398;1386
2948;17916083000;17864244444;18364244444;1398;1386
2949;17916099000;17864244444;18364244444;1400;1388
2950;17916105000;17864244444;18364244444;1398;1386
2951;17916109000;17905633333;18405633333;1400;1388
2952;17916113000;17905633333;18405633333;1400;1388
2953;17916126000;17905633333;18405633333;1398;1386
2954;17916131000;17905633333;18405633333;1400;1388
2955;17916134000;17905633333;18405633333;1398;1386
2956;17916138000;17905633333;18405633333;1400;1388
2957;17916152000;17905633333;18405633333;1400;1388
2949;17916178000;17864244444;18364244444;1400;1388
2958;17916258000;17905655555;18405655555;982;970
2950;17916381000;17864244444;18364244444;1398;1386
2951;17916391000;17905633333;18405633333;1400;1388
2952;17916579000;17905633333;18405633333;1400;1388
2953;17916588000;17905633333;18405633333;1398;1386
2954;17916781000;17905633333;18405633333;1400;1388
2956;17916790000;17905633333;18405633333;1400;1388
2957;17916983000;17905633333;18405633333;1400;1388
2958;17916991000;17905655555;18405655555;982;970
2959;17957598000;17905933333;18405933333;1398;1386
2959;17957612000;17905933333;18405933333;1398;1386
2960;17957628000;17905933333;18405933333;1400;1388
2961;17957644000;17905933333;18405933333;1398;1386
2962;17957648000;17947266666;18447266666;1400;1388
2963;17957652000;17947266666;18447266666;1400;1388
2964;17957656000;17947266666;18447266666;1398;1386
2965;17957659000;17947266666;18447266666;1400;1388
2966;17957663000;17947266666;18447266666;1398;1386
2969;17957667000;17947288888;18447288888;982;970
2962;17957813000;17947266666;18447266666;1400;1388
2963;17957822000;17947266666;18447266666;1400;1388
2964;17958011000;17947266666;18447266666;1398;1386
2965;17958218000;17947266666;18447266666;1400;1388
2966;17958227000;17947266666;18447266666;1398;1386
2967;17958418000;17947266666;18447266666;1400;1388
2968;17958441000;17947266666;18447266666;1400;1388
2970;17999269000;17947555555;18447555555;1398;1386
2975;17999287000;17988933333;18488933333;1398;1386
2971;17999364000;17947555555;18447555555;1400;1388
2972;17999402000;17947555555;18447555555;1398;1386
2973;17999407000;17988933333;18488933333;1400;1388
2974;17999412000;17988933333;18488933333;1400;1388
2975;17999424000;17988933333;18488933333;1398;1386
2976;17999444000;17988933333;18488933333;1400;1388
2977;17999448000;17988933333;18488933333;1398;1386
2978;17999461000;17988933333;18488933333;1400;1388
2979;17999465000;17988933333;18488933333;1400;1388
2980;17999468000;17988955555;18488955555;982;970
2976;17999506000;17988933333;18488933333;1400;1388
2977;17999515000;17988933333;18488933333;1398;1386
2978;17999688000;17988933333;18488933333;1400;1388
2979;17999893000;17988933333;18488933333;1400;1388
2980;17999901000;17988955555;18488955555;982;970
2981;18040962000;17989244444;18489244444;1398;1386
2981;18040979000;17989244444;18489244444;1398;1386
2982;18040998000;17989244444;18489244444;1400;1388
2983;18041003000;17989244444;18489244444;1398;1386
2984;18041006000;18030633333;18530633333;1400;1388
2985;18041010000;18030633333;18530633333;1400;1388
2986;18041014000;18030633333;18530633333;1398;1386
2987;18041017000;18030633333;18530633333;1400;1388
2988;18041020000;18030633333;18530633333;1398;1386
2989;18041023000;18030633333;18530633333;1400;1388
2990;18041026000;18030633333;18530633333;1400;1388
2991;18041029000;18030655555;18530655555;982;970
2982;18041176000;17989244444;18489244444;1400;1388
2983;18041186000;17989244444;18489244444;1398;1386
2984;18041374000;18030633333;18530633333;1400;1388
2985;18041581000;18030633333;18530633333;1400;1388
2986;18041590000;18030633333;18530633333;1398;1386
2987;18041771000;18030633333;18530633333;1400;1388
2988;18041776000;18030633333;18530633333;1398;1386
2989;18041989000;18030633333;18530633333;1400;1388
2990;18041994000;18030633333;18530633333;1400;1388
2991;18042184000;18030655555;18530655555;982;970
2992;18082635000;18030944444;18530944444;1398;1386
2992;18082657000;18030944444;18530944444;1398;1386
2995;18082678000;18072300000;18572300000;1400;1388
2996;18082696000;18072300000;18572300000;1400;1388
2997;18082700000;18072300000;18572300000;1398;1386
2998;18082714000;18072300000;18572300000;1400;1388
2999;18082717000;18072300000;18572300000;1398;1386
3000;18082730000;18072300000;18572300000;1400;1388
3001;18082734000;18072300000;18572300000;1400;1388
3002;18082737000;18072311111;18572311111;982;970
2993;18082823000;18030944444;18530944444;1400;1388
2994;18083033000;18030944444;18530944444;1398;1386
2995;18083070000;18072300000;18572300000;1400;1388
2996;18083242000;18072300000;18572300000;1400;1388
2997;18083247000;18072300000;18572300000;1398;1386
2998;18083435000;18072300000;18572300000;1400;1388
2999;18083440000;18072300000;18572300000;1398;1386
3000;18083646000;18072300000;18572300000;1400;1388
3001;18083650000;18072300000;18572300000;1400;1388
3002;18083851000;18072311111;18572311111;982;970
3003;18124294000;18072577777;18572577777;1398;1386
3004;18124316000;18072577777;18572577777;1400;1388
3005;18124330000;18072577777;18572577777;1398;1386
3006;18124334000;18113966666;18613966666;1400;1388
3007;18124347000;18113966666;18613966666;1400;1388
3003;18124356000;18072577777;18572577777;1398;1386
3009;18124369000;18113966666;18613966666;1400;1388
3010;18124388000;18113966666;18613966666;1398;1386
3011;18124391000;18113966666;18613966666;1400;1388
3012;18124405000;18113966666;18613966666;1400;1388
3013;18124408000;18113988888;18613988888;982;970
3004;18124502000;18072577777;18572577777;1400;1388
3006;18124512000;18113966666;18613966666;1400;1388
3007;18124707000;18113966666;18613966666;1400;1388
3008;18124916000;18113966666;18613966666;1398;1386
3009;18124939000;18113966666;18613966666;1400;1388
3010;18125115000;18113966666;18613966666;1398;1386
3011;18125124000;18113966666;18613966666;1400;1388
3012;18125317000;18113966666;18613966666;1400;1388
3013;18125325000;18113988888;18613988888;982;970
3014;18165934000;18114222222;18614222222;1398;1386
3014;18165951000;18114222222;18614222222;1398;1386
3015;18165971000;18114222222;18614222222;1400;1388
3016;18165975000;18114222222;18614222222;1398;1386
3017;18165978000;18155600000;18655600000;1400;1388
3018;18165982000;18155600000;18655600000;1400;1388
3019;18165986000;18155600000;18655600000;1398;1386
3020;18165989000;18155600000;18655600000;1400;1388
3021;18165992000;18155600000;18655600000;1398;1386
3022;18165996000;18155600000;18655600000;1400;1388
3023;18165999000;18155600000;18655600000;1400;1388
3024;18166002000;18155622222;18655622222;982;970
3015;18166145000;18114222222;18614222222;1400;1388
3016;18166154000;18114222222;18614222222;1398;1386
3017;18166337000;18155600000;18655600000;1400;1388
3018;18166541000;18155600000;18655600000;1400;1388
3019;18166547000;18155600000;18655600000;1398;1386
3020;18166739000;18155600000;18655600000;1400;1388
3021;18166744000;18155600000;18655600000;1398;1386
3022;18166951000;18155600000;18655600000;1400;1388
3023;18167154000;18155600000;18655600000;1400;1388
3024;18167159000;18155622222;18655622222;982;970
3025;18207602000;18155888888;18655888888;1398;1386
3025;18207616000;18155888888;18655888888;1398;1386
3027;18207635000;18155888888;18655888888;1398;1386
3028;18207653000;18197266666;18697266666;1400;1388
3029;18207657000;18197266666;18697266666;1400;1388
3030;18207667000;18197266666;18697266666;1398;1386
3031;18207671000;18197266666;18697266666;1400;1388
3032;18207674000;18197266666;18697266666;1398;1386
3033;18207687000;18197266666;18697266666;1400;1388
3034;18207690000;18197266666;18697266666;1400;1388
3035;18207693000;18197288888;18697288888;982;970
3026;18207801000;18155888888;18655888888;1400;1388
3027;18207821000;18155888888;18655888888;1398;1386
3028;18208010000;18197266666;18697266666;1400;1388
3029;18208206000;18197266666;18697266666;1400;1388
3030;18208211000;18197266666;18697266666;1398;1386
3031;18208416000;18197266666;18697266666;1400;1388
3032;18208421000;18197266666;18697266666;1398;1386
3033;18208626000;18197266666;18697266666;1400;1388
3034;18208631000;18197266666;18697266666;1400;1388
3035;18208829000;18197288888;18697288888;982;970
3036;18249267000;18197544444;18697544444;1398;1386
3036;18249282000;18197544444;18697544444;1398;1386
3037;18249301000;18197544444;18697544444;1400;1388
3038;18249305000;18197544444;18697544444;1398;1386
3039;18249309000;18238933333;18738933333;1400;1388
3040;18249313000;18238933333;18738933333;1400;1388
3041;18249316000;18238933333;18738933333;1398;1386
3042;18249320000;18238933333;18738933333;1400;1388
3043;18249323000;18238933333;18738933333;1398;1386
3044;18249326000;18238933333;18738933333;1400;1388
3045;18249329000;18238933333;18738933333;1400;1388
3046;18249332000;18238955555;18738955555;982;970
3037;18249478000;18197544444;18697544444;1400;1388
3038;18249484000;18197544444;18697544444;1398;1386
3039;18249679000;18238933333;18738933333;1400;1388
3040;18249884000;18238933333;18738933333;1400;1388
3041;18249890000;18238933333;18738933333;1398;1386
3042;18250086000;18238933333;18738933333;1400;1388
3043;18250091000;18238933333;18738933333;1398;1386
3044;18250286000;18238933333;18738933333;1400;1388
3045;18250470000;18238933333;18738933333;1400;1388
3046;18250475000;18238955555;18738955555;982;970
3049;18290949000;18239222222;18739222222;1398;1386
3047;18291002000;18239222222;18739222222;1398;1386
3048;18291068000;18239222222;18739222222;1400;1388
3049;18291106000;18239222222;18739222222;1398;1386
3050;18291127000;18280622222;18780622222;1400;1388
3051;18291144000;18280622222;18780622222;1400;1388
3052;18291149000;18280622222;18780622222;1398;1386
3053;18291163000;18280622222;18780622222;1400;1388
3051;18291173000;18280622222;18780622222;1400;1388
3054;18291196000;18280622222;18780622222;1398;1386
3052;18291220000;18280622222;18780622222;1398;1386
3055;18291244000;18280622222;18780622222;1400;1388
3056;18291263000;18280622222;18780622222;1400;1388
3057;18291269000;18280633333;18780633333;982;970
3053;18291340000;18280622222;18780622222;1400;1388
3054;18291540000;18280622222;18780622222;1398;1386
3055;18291549000;18280622222;18780622222;1400;1388
3056;18291728000;18280622222;18780622222;1400;1388
3057;18291737000;18280633333;18780633333;982;970
3058;18332633000;18280922222;18780922222;1398;1386
3059;18332710000;18280922222;18780922222;1400;1388
3060;18332723000;18280922222;18780922222;1398;1386
3061;18332727000;18322266666;18822266666;1400;1388
3062;18332731000;18322266666;18822266666;1400;1388
3063;18332734000;18322266666;18822266666;1398;1386
3064;18332738000;18322266666;18822266666;1400;1388
3066;18332742000;18322266666;18822266666;1400;1388
3067;18332760000;18322266666;18822266666;1400;1388
3068;18332764000;18322277777;18822277777;982;970
3059;18332821000;18280922222;18780922222;1400;1388
3060;18332831000;18280922222;18780922222;1398;1386
3061;18333007000;18322266666;18822266666;1400;1388
3062;18333214000;18322266666;18822266666;1400;1388
3063;18333222000;18322266666;18822266666;1398;1386
3064;18333415000;18322266666;18822266666;1400;1388
3065;18333423000;18322266666;18822266666;1398;1386
3066;18333623000;18322266666;18822266666;1400;1388
3067;18333632000;18322266666;18822266666;1400;1388
3068;18333816000;18322277777;18822277777;982;970
3069;18374287000;18322544444;18822544444;1398;1386
3070;18374310000;18322544444;18822544444;1400;1388
3072;18374314000;18363966666;18863966666;1400;1388
3069;18374351000;18322544444;18822544444;1398;1386
3073;18374424000;18363966666;18863966666;1400;1388
3074;18374437000;18363966666;18863966666;1398;1386
3075;18374442000;18363966666;18863966666;1400;1388
3077;18374445000;18363966666;18863966666;1400;1388
3078;18374465000;18363966666;18863966666;1400;1388
3079;18374479000;18363988888;18863988888;982;970
3070;18374526000;18322544444;18822544444;1400;1388
3071;18374546000;18322544444;18822544444;1398;1386
3072;18374688000;18363966666;18863966666;1400;1388
3073;18374894000;18363966666;18863966666;1400;1388
3074;18374903000;18363966666;18863966666;1398;1386
3075;18375100000;18363966666;18863966666;1400;1388
3076;18375109000;18363966666;18863966666;1398;1386
3077;18375303000;18363966666;18863966666;1400;1388
3078;18375508000;18363966666;18863966666;1400;1388
3079;18375517000;18363988888;18863988888;982;970
3080;18415952000;18364266666;18864266666;1398;1386
3081;18415958000;18364266666;18864266666;1400;1388
3082;18415961000;18364266666;18864266666;1398;1386
3080;18415971000;18364266666;18864266666;1398;1386
3083;18416057000;18405633333;18905633333;1400;1388
3084;18416070000;18405633333;18905633333;1400;1388
3085;18416074000;18405633333;18905633333;1398;1386
3086;18416078000;18405633333;18905633333;1400;1388
3087;18416081000;18405633333;18905633333;1398;1386
3088;18416084000;18405633333;18905633333;1400;1388
3089;18416088000;18405633333;18905633333;1400;1388
3090;18416091000;18405655555;18905655555;982;970
3081;18416166000;18364266666;18864266666;1400;1388
3082;18416175000;18364266666;18864266666;1398;1386
3083;18416373000;18405633333;18905633333;1400;1388
3084;18416582000;18405633333;18905633333;1400;1388
3085;18416591000;18405633333;18905633333;1398;1386
3086;18416780000;18405633333;18905633333;1400;1388
3087;18416788000;18405633333;18905633333;1398;1386
3090;18416988000;18405655555;18905655555;982;970
3091;18457628000;18405911111;18905911111;1398;1386
3091;18457645000;18405911111;18905911111;1398;1386
3092;18457665000;18405911111;18905911111;1400;1388
3093;18457670000;18405911111;18905911111;1398;1386
3094;18457673000;18447300000;18947300000;1400;1388
3095;18457677000;18447300000;18947300000;1400;1388
3096;18457681000;18447300000;18947300000;1398;1386
3097;18457684000;18447300000;18947300000;1400;1388
3098;18457687000;18447300000;18947300000;1398;1386
3099;18457690000;18447300000;18947300000;1400;1388
3100;18457694000;18447300000;18947300000;1400;1388
3092;18457840000;18405911111;18905911111;1400;1388
3093;18457850000;18405911111;18905911111;1398;1386
3095;18458030000;18447300000;18947300000;1400;1388
3096;18458232000;18447300000;18947300000;1398;1386
3097;18458238000;18447300000;18947300000;1400;1388
3098;18458435000;18447300000;18947300000;1398;1386
3099;18458440000;18447300000;18947300000;1400;1388
3101;18458646000;18447311111;18947311111;982;970
3103;18499290000;18447566666;18947566666;1400;1388
3103;18499315000;18447566666;18947566666;1400;1388
3104;18499336000;18447566666;18947566666;1398;1386
3105;18499341000;18488966666;18988966666;1400;1388
3106;18499354000;18488966666;18988966666;1400;1388
3107;18499358000;18488966666;18988966666;1398;1386
3108;18499361000;18488966666;18988966666;1400;1388
3109;18499364000;18488966666;18988966666;1398;1386
3110;18499368000;18488966666;18988966666;1400;1388
3111;18499371000;18488966666;18988966666;1400;1388
3112;18499374000;18488988888;18988988888;982;970
3104;18499490000;18447566666;18947566666;1398;1386
3106;18499682000;18488966666;18988966666;1400;1388
3107;18499688000;18488966666;18988966666;1398;1386
3108;18499883000;18488966666;18988966666;1400;1388
3109;18499889000;18488966666;18988966666;1398;1386
3110;18500089000;18488966666;18988966666;1400;1388
3111;18500094000;18488966666;18988966666;1400;1388
3112;18500291000;18488988888;18988988888;982;970
3113;18540924000;18489255555;18989255555;1398;1386
3113;18540956000;18489255555;18989255555;1398;1386
3114;18540968000;18489255555;18989255555;1400;1388
3115;18540973000;18489255555;18989255555;1398;1386
3116;18540976000;18530600000;19030600000;1400;1388
3117;18540980000;18530600000;19030600000;1400;1388
3118;18540984000;18530600000;19030600000;1398;1386
3119;18540987000;18530600000;19030600000;1400;1388
3120;18540990000;18530600000;19030600000;1398;1386
3121;18540994000;18530600000;19030600000;1400;1388
3122;18540997000;18530600000;19030600000;1400;1388
3123;18541000000;18530622222;19030622222;982;970
3114;18541115000;18489255555;18989255555;1400;1388
3115;18541317000;18489255555;18989255555;1398;1386
3116;18541323000;18530600000;19030600000;1400;1388
3118;18541521000;18530600000;19030600000;1398;1386
3119;18541527000;18530600000;19030600000;1400;1388
3120;18541726000;18530600000;19030600000;1398;1386
3121;18541731000;18530600000;19030600000;1400;1388
3122;18541932000;18530600000;19030600000;1400;1388
3123;18541937000;18530622222;19030622222;982;970
3124;18582627000;18530911111;19030911111;1398;1386
3124;18582659000;18530911111;19030911111;1398;1386
3125;18582670000;18530911111;19030911111;1400;1388
3126;18582675000;18530911111;19030911111;1398;1386
3127;18582678000;18572300000;19072300000;1400;1388
3128;18582682000;18572300000;19072300000;1400;1388
3129;18582686000;18572300000;19072300000;1398;1386
3130;18582689000;18572300000;19072300000;1400;1388
3131;18582693000;18572300000;19072300000;1398;1386
3132;18582697000;18572300000;19072300000;1400;1388
3133;18582700000;18572300000;19072300000;1400;1388
3134;18582703000;18572311111;19072311111;982;970
3125;18582808000;18530911111;19030911111;1400;1388
3126;18583010000;18530911111;19030911111;1398;1386
3127;18583015000;18572300000;19072300000;1400;1388
3128;18583215000;18572300000;19072300000;1400;1388
3129;18583220000;18572300000;19072300000;1398;1386
3130;18583419000;18572300000;19072300000;1400;1388
3131;18583424000;18572300000;19072300000;1398;1386
3132;18583623000;18572300000;19072300000;1400;1388
3133;18583829000;18572300000;19072300000;1400;1388
3134;18583833000;18572311111;19072311111;982;970
3135;18624293000;18572588888;19072588888;1398;1386
3135;18624325000;18572588888;19072588888;1398;1386
3136;18624337000;18572588888;19072588888;1400;1388
3137;18624341000;18572588888;19072588888;1398;1386
3138;18624345000;18613966666;19113966666;1400;1388
3139;18624349000;18613966666;19113966666;1400;1388
3140;18624353000;18613966666;19113966666;1398;1386
3141;18624356000;18613966666;19113966666;1400;1388
3142;18624359000;18613966666;19113966666;1398;1386
3143;18624363000;18613966666;19113966666;1400;1388
3144;18624366000;18613966666;19113966666;1400;1388
3145;18624369000;18613988888;19113988888;982;970
3137;18624476000;18572588888;19072588888;1398;1386
3138;18624679000;18613966666;19113966666;1400;1388
3139;18624685000;18613966666;19113966666;1400;1388
3140;18624884000;18613966666;19113966666;1398;1386
3141;18624889000;18613966666;19113966666;1400;1388
3142;18625089000;18613966666;19113966666;1398;1386
3143;18625094000;18613966666;19113966666;1400;1388
3144;18625293000;18613966666;19113966666;1400;1388
3145;18625297000;18613988888;19113988888;982;970
3146;18665931000;18614244444;19114244444;1398;1386
3146;18665963000;18614244444;19114244444;1398;1386
3147;18665974000;18614244444;19114244444;1400;1388
3148;18665979000;18614244444;19114244444;1398;1386
3149;18665983000;18655600000;19155600000;1400;1388
3150;18665987000;18655600000;19155600000;1400;1388
3151;18665990000;18655600000;19155600000;1398;1386
3152;18665994000;18655600000;19155600000;1400;1388
3153;18665997000;18655600000;19155600000;1398;1386
3154;18666000000;18655600000;19155600000;1400;1388
3155;18666003000;18655600000;19155600000;1400;1388
3156;18666007000;18655622222;19155622222;982;970
3147;18666126000;18614244444;19114244444;1400;1388
3148;18666317000;18614244444;19114244444;1398;1386
3149;18666323000;18655600000;19155600000;1400;1388
3150;18666520000;18655600000;19155600000;1400;1388
3151;18666526000;18655600000;19155600000;1398;1386
3152;18666725000;18655600000;19155600000;1400;1388
3153;18666730000;18655600000;19155600000;1398;1386
3154;18666928000;18655600000;19155600000;1400;1388
3158;18707615000;18655911111;19155911111;1400;1388
3157;18707648000;18655911111;19155911111;1398;1386
3158;18707685000;18655911111;19155911111;1400;1388
3159;18707690000;18655911111;19155911111;1398;1386
3160;18707705000;18697266666;19197266666;1400;1388
3162;18707709000;18697266666;19197266666;1398;1386
3163;18707714000;18697266666;19197266666;1400;1388
3164;18707718000;18697266666;19197266666;1398;1386
3165;18707722000;18697266666;19197266666;1400;1388
3166;18707726000;18697266666;19197266666;1400;1388
3167;18707729000;18697288888;19197288888;982;970
3159;18707815000;18655911111;19155911111;1398;1386
3160;18707825000;18697266666;19197266666;1400;1388
3161;18708002000;18697266666;19197266666;1400;1388
3162;18708212000;18697266666;19197266666;1398;1386
3163;18708217000;18697266666;19197266666;1400;1388
3164;18708408000;18697266666;19197266666;1398;1386
3165;18708413000;18697266666;19197266666;1400;1388
3166;18708609000;18697266666;19197266666;1400;1388
3167;18708614000;18697288888;19197288888;982;970
3168;18749296000;18697566666;19197566666;1398;1386
3168;18749310000;18697566666;19197566666;1398;1386
3169;18749329000;18697566666;19197566666;1400;1388
3170;18749333000;18697566666;19197566666;1398;1386
3171;18749336000;18738966666;19238966666;1400;1388
3172;18749340000;18738966666;19238966666;1400;1388
3173;18749343000;18738966666;19238966666;1398;1386
3174;18749347000;18738966666;19238966666;1400;1388
3175;18749350000;18738966666;19238966666;1398;1386
3176;18749353000;18738966666;19238966666;1400;1388
3177;18749356000;18738966666;19238966666;1400;1388
3178;18749359000;18738988888;19238988888;982;970
3169;18749509000;18697566666;19197566666;1400;1388
3170;18749518000;18697566666;19197566666;1398;1386
3171;18749699000;18738966666;19238966666;1400;1388
3172;18749903000;18738966666;19238966666;1400;1388
3173;18749909000;18738966666;19238966666;1398;1386
3174;18750105000;18738966666;19238966666;1400;1388
3176;18750110000;18738966666;19238966666;1400;1388
3177;18750309000;18738966666;19238966666;1400;1388
3178;18750314000;18738988888;19238988888;982;970
3179;18790953000;18739255555;19239255555;1398;1386
3179;18790973000;18739255555;19239255555;1398;1386
3180;18790983000;18739255555;19239255555;1400;1388
3181;18790987000;18739255555;19239255555;1398;1386
3182;18790990000;18780633333;19280633333;1400;1388
3183;18790995000;18780633333;19280633333;1400;1388
3184;18790998000;18780633333;19280633333;1398;1386
3185;18791001000;18780633333;19280633333;1400;1388
3186;18791005000;18780633333;19280633333;1398;1386
3187;18791008000;18780633333;19280633333;1400;1388
3188;18791012000;18780633333;19280633333;1400;1388
3189;18791015000;18780655555;19280655555;982;970
3180;18791174000;18739255555;19239255555;1400;1388
3181;18791183000;18739255555;19239255555;1398;1386
3182;18791375000;18780633333;19280633333;1400;1388
3183;18791569000;18780633333;19280633333;1400;1388
3184;18791575000;18780633333;19280633333;1398;1386
3185;18791769000;18780633333;19280633333;1400;1388
3186;18791773000;18780633333;19280633333;1398;1386
3187;18791986000;18780633333;19280633333;1400;1388
3188;18791991000;18780633333;19280633333;1400;1388
3190;18832602000;18780955555;19280955555;1398;1386
3190;18832619000;18780955555;19280955555;1398;1386
3191;18832638000;18780955555;19280955555;1400;1388
3192;18832643000;18780955555;19280955555;1398;1386
3193;18832646000;18822266666;19322266666;1400;1388
3194;18832650000;18822266666;19322266666;1400;1388
3195;18832653000;18822266666;19322266666;1398;1386
3196;18832657000;18822266666;19322266666;1400;1388
3197;18832660000;18822266666;19322266666;1398;1386
3198;18832663000;18822266666;19322266666;1400;1388
3199;18832666000;18822266666;19322266666;1400;1388
3200;18832670000;18822288888;19322288888;982;970
3191;18832812000;18780955555;19280955555;1400;1388
3192;18832822000;18780955555;19280955555;1398;1386
3193;18833011000;18822266666;19322266666;1400;1388
3194;18833219000;18822266666;19322266666;1400;1388
3195;18833227000;18822266666;19322266666;1398;1386
3196;18833418000;18822266666;19322266666;1400;1388
3197;18833426000;18822266666;19322266666;1398;1386
3198;18833627000;18822266666;19322266666;1400;1388
3199;18833636000;18822266666;19322266666;1400;1388
3200;18833830000;18822288888;19322288888;982;970
3201;18874263000;18822555555;19322555555;1398;1386
3202;18874285000;18822555555;19322555555;1400;1388
3203;18874289000;18822555555;19322555555;1398;1386
3204;18874302000;18863933333;19363933333;1400;1388
3201;18874313000;18822555555;19322555555;1398;1386
3205;18874385000;18863933333;19363933333;1400;1388
3206;18874398000;18863933333;19363933333;1398;1386
3207;18874402000;18863933333;19363933333;1400;1388
3208;18874405000;18863933333;19363933333;1398;1386
3210;18874409000;18863933333;19363933333;1400;1388
3211;18874415000;18863955555;19363955555;982;970
3202;18874499000;18822555555;19322555555;1400;1388
3203;18874516000;18822555555;19322555555;1398;1386
3204;18874678000;18863933333;19363933333;1400;1388
3205;18874884000;18863933333;19363933333;1400;1388
3206;18874893000;18863933333;19363933333;1398;1386
3207;18875085000;18863933333;19363933333;1400;1388
3208;18875093000;18863933333;19363933333;1398;1386
3209;18875287000;18863933333;19363933333;1400;1388
3210;18875309000;18863933333;19363933333;1400;1388
3211;18875498000;18863955555;19363955555;982;970
3212;18915932000;18864222222;19364222222;1398;1386
3212;18915949000;18864222222;19364222222;1398;1386
3213;18915968000;18864222222;19364222222;1400;1388
3214;18915972000;18864222222;19364222222;1398;1386
3215;18915976000;18905600000;19405600000;1400;1388
3216;18915979000;18905600000;19405600000;1400;1388
3217;18915983000;18905600000;19405600000;1398;1386
3218;18915986000;18905600000;19405600000;1400;1388
3219;18915990000;18905600000;19405600000;1398;1386
3220;18915993000;18905600000;19405600000;1400;1388
3221;18915996000;18905600000;19405600000;1400;1388
3222;18915999000;18905622222;19405622222;982;970
3213;18916147000;18864222222;19364222222;1400;1388
3214;18916156000;18864222222;19364222222;1398;1386
3215;18916335000;18905600000;19405600000;1400;1388
3217;18916539000;18905600000;19405600000;1398;1386
3218;18916544000;18905600000;19405600000;1400;1388
3219;18916742000;18905600000;19405600000;1398;1386
3220;18916747000;18905600000;19405600000;1400;1388
3221;18916941000;18905600000;19405600000;1400;1388
3222;18916946000;18905622222;19405622222;982;970
3223;18957604000;18905911111;19405911111;1398;1386
3223;18957617000;18905911111;19405911111;1398;1386
3224;18957636000;18905911111;19405911111;1400;1388
3225;18957640000;18905911111;19405911111;1398;1386
3226;18957643000;18947266666;19447266666;1400;1388
3227;18957647000;18947266666;19447266666;1400;1388
3229;18957650000;18947266666;19447266666;1400;1388
3230;18957666000;18947266666;19447266666;1398;1386
3231;18957670000;18947266666;19447266666;1400;1388
3232;18957673000;18947266666;19447266666;1400;1388
3233;18957677000;18947288888;19447288888;982;970
3224;18957801000;18905911111;19405911111;1400;1388
3225;18957807000;18905911111;19405911111;1398;1386
3226;18958010000;18947266666;19447266666;1400;1388
3227;18958217000;18947266666;19447266666;1400;1388
3228;18958223000;18947266666;19447266666;1398;1386
3229;18958394000;18947266666;19447266666;1400;1388
3230;18958399000;18947266666;19447266666;1398;1386
3232;18958596000;18947266666;19447266666;1400;1388
3233;18958601000;18947288888;19447288888;982;970
3234;18999267000;18947555555;19447555555;1398;1386
3234;18999281000;18947555555;19447555555;1398;1386
3236;18999300000;18947555555;19447555555;1398;1386
3237;18999317000;18988933333;19488933333;1400;1388
3238;18999322000;18988933333;19488933333;1400;1388
3239;18999332000;18988933333;19488933333;1398;1386
3241;18999335000;18988933333;19488933333;1398;1386
3242;18999339000;18988933333;19488933333;1400;1388
3243;18999352000;18988933333;19488933333;1400;1388
3244;18999355000;18988955555;19488955555;982;970
3235;18999465000;18947555555;19447555555;1400;1388
3236;18999485000;18947555555;19447555555;1398;1386
3237;18999665000;18988933333;19488933333;1400;1388
3238;18999871000;18988933333;19488933333;1400;1388
3239;18999876000;18988933333;19488933333;1398;1386
3240;19000069000;18988933333;19488933333;1400;1388
3243;19000087000;18988933333;19488933333;1400;1388
3244;19000273000;18988955555;19488955555;982;970
3245;19040953000;18989244444;19489244444;1398;1386
3245;19040971000;18989244444;19489244444;1398;1386
3246;19040990000;18989244444;19489244444;1400;1388
3247;19040994000;18989244444;19489244444;1398;1386
3248;19040997000;19030633333;19530633333;1400;1388
3249;19041001000;19030633333;19530633333;1400;1388
3250;19041004000;19030633333;19530633333;1398;1386
3251;19041007000;19030633333;19530633333;1400;1388
3252;19041011000;19030633333;19530633333;1398;1386
3253;19041014000;19030633333;19530633333;1400;1388
3254;19041017000;19030633333;19530633333;1400;1388
3255;19041020000;19030655555;19530655555;982;970
3246;19041176000;18989244444;19489244444;1400;1388
3247;19041194000;18989244444;19489244444;1398;1386
3248;19041375000;19030633333;19530633333;1400;1388
3249;19041581000;19030633333;19530633333;1400;1388
3250;19041589000;19030633333;19530633333;1398;1386
3251;19041781000;19030633333;19530633333;1400;1388
3252;19041789000;19030633333;19530633333;1398;1386
3253;19041993000;19030633333;19530633333;1400;1388
3254;19042001000;19030633333;19530633333;1400;1388
3255;19042194000;19030655555;19530655555;982;970
3257;19082646000;19030944444;19530944444;1400;1388
3256;19082679000;19030944444;19530944444;1398;1386
3257;19082716000;19030944444;19530944444;1400;1388
3258;19082721000;19030944444;19530944444;1398;1386
3259;19082736000;19072300000;19572300000;1400;1388
3260;19082740000;19072300000;19572300000;1400;1388
3261;19082744000;19072300000;19572300000;1398;1386
3262;19082752000;19072300000;19572300000;1400;1388
3263;19082756000;19072300000;19572300000;1398;1386
3265;19082759000;19072300000;19572300000;1400;1388
3266;19082774000;19072311111;19572311111;982;970
3258;19082866000;19030944444;19530944444;1398;1386
3259;19082875000;19072300000;19572300000;1400;1388
3260;19083051000;19072300000;19572300000;1400;1388
3262;19083236000;19072300000;19572300000;1400;1388
3263;19083241000;19072300000;19572300000;1398;1386
3264;19083438000;19072300000;19572300000;1400;1388
3265;19083457000;19072300000;19572300000;1400;1388
3266;19083646000;19072311111;19572311111;982;970
3267;19124331000;19072588888;19572588888;1398;1386
3267;19124395000;19072588888;19572588888;1398;1386
3268;19124410000;19072588888;19572588888;1400;1388
3269;19124415000;19072588888;19572588888;1398;1386
3270;19124419000;19113966666;19613966666;1400;1388
3271;19124423000;19113966666;19613966666;1400;1388
3272;19124426000;19113966666;19613966666;1398;1386
3273;19124430000;19113966666;19613966666;1400;1388
3274;19124434000;19113966666;19613966666;1398;1386
3275;19124437000;19113966666;19613966666;1400;1388
3276;19124440000;19113966666;19613966666;1400;1388
3277;19124444000;19113988888;19613988888;982;970
3268;19124493000;19072588888;19572588888;1400;1388
3269;19124712000;19072588888;19572588888;1398;1386
3270;19124721000;19113966666;19613966666;1400;1388
3271;19124916000;19113966666;19613966666;1400;1388
3272;19124925000;19113966666;19613966666;1398;1386
3273;19125118000;19113966666;19613966666;1400;1388
3275;19125127000;19113966666;19613966666;1400;1388
3276;19125319000;19113966666;19613966666;1400;1388
3277;19125327000;19113988888;19613988888;982;970
3278;19165967000;19114244444;19614244444;1398;1386
3278;19165991000;19114244444;19614244444;1398;1386
3279;19166011000;19114244444;19614244444;1400;1388
3280;19166016000;19114244444;19614244444;1398;1386
3281;19166020000;19155633333;19655633333;1400;1388
3284;19166024000;19155633333;19655633333;1400;1388
3285;19166031000;19155633333;19655633333;1398;1386
3286;19166040000;19155633333;19655633333;1400;1388
3288;19166065000;19155644444;19655644444;982;970
3279;19166174000;19114244444;19614244444;1400;1388
3280;19166184000;19114244444;19614244444;1398;1386
3281;19166367000;19155633333;19655633333;1400;1388
3282;19166578000;19155633333;19655633333;1400;1388
3283;19166603000;19155633333;19655633333;1398;1386
3284;19166781000;19155633333;19655633333;1400;1388
3285;19166790000;19155633333;19655633333;1398;1386
3286;19166978000;19155633333;19655633333;1400;1388
3287;19166983000;19155633333;19655633333;1400;1388
3288;19167183000;19155644444;19655644444;982;970
3289;19207620000;19155933333;19655933333;1398;1386
3290;19207641000;19155933333;19655933333;1400;1388
3291;19207655000;19155933333;19655933333;1398;1386
3290;19207665000;19155933333;19655933333;1400;1388
3292;19207738000;19197300000;19697300000;1400;1388
3293;19207751000;19197300000;19697300000;1400;1388
3294;19207755000;19197300000;19697300000;1398;1386
3295;19207759000;19197300000;19697300000;1400;1388
3296;19207762000;19197300000;19697300000;1398;1386
3297;19207766000;19197300000;19697300000;1400;1388
3298;19207769000;19197300000;19697300000;1400;1388
3299;19207772000;19197322222;19697322222;982;970
3291;19207846000;19155933333;19655933333;1398;1386
3292;19207874000;19197300000;19697300000;1400;1388
3293;19208055000;19197300000;19697300000;1400;1388
3294;19208244000;19197300000;19697300000;1398;1386
3295;19208253000;19197300000;19697300000;1400;1388
3296;19208453000;19197300000;19697300000;1398;1386
3297;19208461000;19197300000;19697300000;1400;1388
3298;19208653000;19197300000;19697300000;1400;1388
3299;19208662000;19197322222;19697322222;982;970
3301;19249275000;19197600000;19697600000;1400;1388
3300;19249308000;19197600000;19697600000;1398;1386
3301;19249347000;19197600000;19697600000;1400;1388
3302;19249363000;19197600000;19697600000;1398;1386
3303;19249367000;19238933333;19738933333;1400;1388
3304;19249372000;19238933333;19738933333;1400;1388
3305;19249375000;19238933333;19738933333;1398;1386
3306;19249378000;19238933333;19738933333;1400;1388
3307;19249382000;19238933333;19738933333;1398;1386
3308;19249386000;19238933333;19738933333;1400;1388
3309;19249399000;19238933333;19738933333;1400;1388
3310;19249402000;19238955555;19738955555;982;970
3302;19249487000;19197600000;19697600000;1398;1386
3303;19249496000;19238933333;19738933333;1400;1388
3304;19249679000;19238933333;19738933333;1400;1388
3305;19249877000;19238933333;19738933333;1398;1386
3306;19249882000;19238933333;19738933333;1400;1388
3307;19250075000;19238933333;19738933333;1398;1386
3308;19250080000;19238933333;19738933333;1400;1388
3309;19250277000;19238933333;19738933333;1400;1388
3310;19250281000;19238955555;19738955555;982;970
3312;19290962000;19239233333;19739233333;1400;1388
3311;19290992000;19239233333;19739233333;1398;1386
3312;19291028000;19239233333;19739233333;1400;1388
3313;19291033000;19239233333;19739233333;1398;1386
3314;19291059000;19280633333;19780633333;1400;1388
3315;19291064000;19280633333;19780633333;1400;1388
3316;19291068000;19280633333;19780633333;1398;1386
3317;19291071000;19280633333;19780633333;1400;1388
3318;19291084000;19280633333;19780633333;1398;1386
3319;19291088000;19280633333;19780633333;1400;1388
3320;19291100000;19280633333;19780633333;1400;1388
3321;19291103000;19280644444;19780644444;982;970
3314;19291176000;19280633333;19780633333;1400;1388
3315;19291185000;19280633333;19780633333;1400;1388
3316;19291375000;19280633333;19780633333;1398;1386
3317;19291585000;19280633333;19780633333;1400;1388
3318;19291593000;19280633333;19780633333;1398;1386
3319;19291782000;19280633333;19780633333;1400;1388
3320;19291790000;19280633333;19780633333;1400;1388
3321;19291989000;19280644444;19780644444;982;970
3322;19332627000;19280944444;19780944444;1398;1386
3322;19332644000;19280944444;19780944444;1398;1386
3323;19332664000;19280944444;19780944444;1400;1388
3324;19332669000;19280944444;19780944444;1398;1386
3325;19332672000;19322300000;19822300000;1400;1388
3326;19332676000;19322300000;19822300000;1400;1388
3327;19332679000;19322300000;19822300000;1398;1386
3328;19332683000;19322300000;19822300000;1400;1388
3329;19332686000;19322300000;19822300000;1398;1386
3330;19332689000;19322300000;19822300000;1400;1388
3331;19332692000;19322300000;19822300000;1400;1388
3332;19332695000;19322311111;19822311111;982;970
3323;19332840000;19280944444;19780944444;1400;1388
3324;19332850000;19280944444;19780944444;1398;1386
3325;19333029000;19322300000;19822300000;1400;1388
3326;19333235000;19322300000;19822300000;1400;1388
3327;19333240000;19322300000;19822300000;1398;1386
3328;19333437000;19322300000;19822300000;1400;1388
3329;19333442000;19322300000;19822300000;1398;1386
3330;19333654000;19322300000;19822300000;1400;1388
3331;19333659000;19322300000;19822300000;1400;1388
3332;19333848000;19322311111;19822311111;982;970
3333;19374301000;19322600000;19822600000;1398;1386
3334;19374323000;19322600000;19822600000;1400;1388
3335;19374337000;19322600000;19822600000;1398;1386
3336;19374340000;19363966666;19863966666;1400;1388
3337;19374344000;19363966666;19863966666;1400;1388
3333;19374363000;19322600000;19822600000;1398;1386
3338;19374435000;19363966666;19863966666;1398;1386
3339;19374458000;19363966666;19863966666;1400;1388
3340;19374463000;19363966666;19863966666;1398;1386
3341;19374477000;19363966666;19863966666;1400;1388
3342;19374481000;19363966666;19863966666;1400;1388
3335;19374491000;19322600000;19822600000;1398;1386
3343;19374565000;19363977777;19863977777;982;970
3336;19374713000;19363966666;19863966666;1400;1388
3337;19374722000;19363966666;19863966666;1400;1388
3338;19374914000;19363966666;19863966666;1398;1386
3339;19374922000;19363966666;19863966666;1400;1388
3340;19375115000;19363966666;19863966666;1398;1386
3341;19375123000;19363966666;19863966666;1400;1388
3342;19375316000;19363966666;19863966666;1400;1388
3343;19375324000;19363977777;19863977777;982;970
3344;19415967000;19364277777;19864277777;1398;1386
3344;19415985000;19364277777;19864277777;1398;1386
3345;19416005000;19364277777;19864277777;1400;1388
3346;19416009000;19364277777;19864277777;1398;1386
3347;19416012000;19405633333;19905633333;1400;1388
3348;19416016000;19405633333;19905633333;1400;1388
3349;19416020000;19405633333;19905633333;1398;1386
3350;19416023000;19405633333;19905633333;1400;1388
3351;19416026000;19405633333;19905633333;1398;1386
3352;19416030000;19405633333;19905633333;1400;1388
3353;19416033000;19405633333;19905633333;1400;1388
3354;19416036000;19405655555;19905655555;982;970
3345;19416179000;19364277777;19864277777;1400;1388
3346;19416189000;19364277777;19864277777;1398;1386
3347;19416378000;19405633333;19905633333;1400;1388
3348;19416575000;19405633333;19905633333;1400;1388
3351;19416581000;19405633333;19905633333;1398;1386
3352;19416775000;19405633333;19905633333;1400;1388
3353;19416780000;19405633333;19905633333;1400;1388
3354;19416981000;19405655555;19905655555;982;970
3355;19457635000;19405933333;19905933333;1398;1386
3355;19457649000;19405933333;19905933333;1398;1386
3356;19457668000;19405933333;19905933333;1400;1388
3357;19457672000;19405933333;19905933333;1398;1386
3358;19457676000;19447300000;19947300000;1400;1388
3359;19457680000;19447300000;19947300000;1400;1388
3360;19457683000;19447300000;19947300000;1398;1386
3361;19457687000;19447300000;19947300000;1400;1388
3362;19457690000;19447300000;19947300000;1398;1386
3363;19457693000;19447300000;19947300000;1400;1388
3364;19457696000;19447300000;19947300000;1400;1388
3365;19457699000;19447322222;19947322222;982;970
3356;19457841000;19405933333;19905933333;1400;1388
3357;19457851000;19405933333;19905933333;1398;1386
3358;19458032000;19447300000;19947300000;1400;1388
3360;19458235000;19447300000;19947300000;1398;1386
3361;19458240000;19447300000;19947300000;1400;1388
3362;19458435000;19447300000;19947300000;1398;1386
3363;19458440000;19447300000;19947300000;1400;1388
3364;19458638000;19447300000;19947300000;1400;1388
3365;19458642000;19447322222;19947322222;982;970
3366;19499311000;19447588888;19947588888;1398;1386
3366;19499368000;19447588888;19947588888;1398;1386
3367;19499386000;19447588888;19947588888;1400;1388
3368;19499392000;19447588888;19947588888;1398;1386
3369;19499397000;19488933333;19988933333;1400;1388
3370;19499401000;19488933333;19988933333;1400;1388
3371;19499405000;19488933333;19988933333;1398;1386
3372;19499409000;19488933333;19988933333;1400;1388
3373;19499413000;19488933333;19988933333;1398;1386
3374;19499417000;19488933333;19988933333;1400;1388
3375;19499421000;19488933333;19988933333;1400;1388
3376;19499424000;19488955555;19988955555;982;970
3367;19499457000;19447588888;19947588888;1400;1388
3368;19499655000;19447588888;19947588888;1398;1386
3369;19499664000;19488933333;19988933333;1400;1388
3370;19499872000;19488933333;19988933333;1400;1388
3371;19499882000;19488933333;19988933333;1398;1386
3372;19500077000;19488933333;19988933333;1400;1388
3373;19500086000;19488933333;19988933333;1398;1386
3374;19500279000;19488933333;19988933333;1400;1388
3375;19500484000;19488933333;19988933333;1400;1388
3376;19500494000;19488955555;19988955555;982;970
3377;19540981000;19489233333;19989233333;1398;1386
3377;19541013000;19489233333;19989233333;1398;1386
3378;19541025000;19489233333;19989233333;1400;1388
3379;19541030000;19489233333;19989233333;1398;1386
3380;19541034000;19530633333;20030633333;1400;1388
3381;19541038000;19530633333;20030633333;1400;1388
3382;19541066000;19530633333;20030633333;1398;1386
3383;19541070000;19530633333;20030633333;1400;1388
3385;19541073000;19530633333;20030633333;1400;1388
3386;19541091000;19530633333;20030633333;1400;1388
3387;19541095000;19530655555;20030655555;982;970
3378;19541179000;19489233333;19989233333;1400;1388
3379;19541188000;19489233333;19989233333;1398;1386
3380;19541374000;19530633333;20030633333;1400;1388
3381;19541581000;19530633333;20030633333;1400;1388
3383;19541590000;19530633333;20030633333;1400;1388
3384;19541781000;19530633333;20030633333;1398;1386
3385;19541805000;19530633333;20030633333;1400;1388
3386;19541984000;19530633333;20030633333;1400;1388
3387;19541992000;19530655555;20030655555;982;970
3390;19582646000;19530955555;20030955555;1398;1386
3388;19582679000;19530955555;20030955555;1398;1386
3389;19582718000;19530955555;20030955555;1400;1388
3390;19582733000;19530955555;20030955555;1398;1386
3391;19582737000;19572300000;20072300000;1400;1388
3393;19582742000;19572300000;20072300000;1398;1386
3394;19582746000;19572300000;20072300000;1400;1388
3395;19582750000;19572300000;20072300000;1398;1386
3396;19582754000;19572300000;20072300000;1400;1388
3397;19582757000;19572300000;20072300000;1400;1388
3398;19582770000;19572311111;20072311111;982;970
3391;19582846000;19572300000;20072300000;1400;1388
3392;19582856000;19572300000;20072300000;1400;1388
3393;19583024000;19572300000;20072300000;1398;1386
3394;19583236000;19572300000;20072300000;1400;1388
3395;19583242000;19572300000;20072300000;1398;1386
3396;19583442000;19572300000;20072300000;1400;1388
3399;19624296000;19572600000;20072600000;1398;1386
3399;19624310000;19572600000;20072600000;1398;1386
3400;19624329000;19572600000;20072600000;1400;1388
3401;19624334000;19572600000;20072600000;1398;1386
3402;19624337000;19613966666;20113966666;1400;1388
3403;19624341000;19613966666;20113966666;1400;1388
3404;19624344000;19613966666;20113966666;1398;1386
3405;19624348000;19613966666;20113966666;1400;1388
3406;19624351000;19613966666;20113966666;1398;1386
3407;19624354000;19613966666;20113966666;1400;1388
3408;19624357000;19613966666;20113966666;1400;1388
3409;19624360000;19613988888;20113988888;982;970
3400;19624497000;19572600000;20072600000;1400;1388
3401;19624503000;19572600000;20072600000;1398;1386
3402;19624697000;19613966666;20113966666;1400;1388
3403;19624902000;19613966666;20113966666;1400;1388
3404;19624908000;19613966666;20113966666;1398;1386
3406;19625104000;19613966666;20113966666;1398;1386
3407;19625109000;19613966666;20113966666;1400;1388
3408;19625315000;19613966666;20113966666;1400;1388
3409;19625320000;19613988888;20113988888;982;970
3410;19665936000;19614255555;20114255555;1398;1386
3410;19665972000;19614255555;20114255555;1398;1386
3411;19665981000;19614255555;20114255555;1400;1388
3412;19665985000;19614255555;20114255555;1398;1386
3413;19665989000;19655600000;20155600000;1400;1388
3414;19665993000;19655600000;20155600000;1400;1388
3415;19665997000;19655600000;20155600000;1398;1386
3416;19666000000;19655600000;20155600000;1400;1388
3417;19666004000;19655600000;20155600000;1398;1386
3418;19666007000;19655600000;20155600000;1400;1388
3420;19666010000;19655622222;20155622222;982;970
3411;19666134000;19614255555;20114255555;1400;1388
3412;19666139000;19614255555;20114255555;1398;1386
3413;19666333000;19655600000;20155600000;1400;1388
3414;19666548000;19655600000;20155600000;1400;1388
3415;19666554000;19655600000;20155600000;1398;1386
3416;19666739000;19655600000;20155600000;1400;1388
3417;19666744000;19655600000;20155600000;1398;1386
3418;19666958000;19655600000;20155600000;1400;1388
3419;19666963000;19655600000;20155600000;1400;1388
3420;19667152000;19655622222;20155622222;982;970
3421;19707607000;19655922222;20155922222;1398;1386
3423;19707620000;19655922222;20155922222;1398;1386
3424;19707641000;19697266666;20197266666;1400;1388
3425;19707656000;19697266666;20197266666;1400;1388
3426;19707659000;19697266666;20197266666;1398;1386
3427;19707669000;19697266666;20197266666;1400;1388
3428;19707673000;19697266666;20197266666;1398;1386
3429;19707694000;19697266666;20197266666;1400;1388
3430;19707697000;19697266666;20197266666;1400;1388
3431;19707700000;19697288888;20197288888;982;970
3422;19707812000;19655922222;20155922222;1400;1388
3423;19707836000;19655922222;20155922222;1398;1386
3424;19708011000;19697266666;20197266666;1400;1388
3425;19708218000;19697266666;20197266666;1400;1388
3426;19708227000;19697266666;20197266666;1398;1386
3427;19708419000;19697266666;20197266666;1400;1388
3428;19708427000;19697266666;20197266666;1398;1386
3429;19708627000;19697266666;20197266666;1400;1388
3430;19708636000;19697266666;20197266666;1400;1388
3431;19708830000;19697288888;20197288888;982;970
3432;19749295000;19697566666;20197566666;1398;1386
3432;19749309000;19697566666;20197566666;1398;1386
3433;19749328000;19697566666;20197566666;1400;1388
3434;19749333000;19697566666;20197566666;1398;1386
3435;19749336000;19738966666;20238966666;1400;1388
3436;19749340000;19738966666;20238966666;1400;1388
3437;19749344000;19738966666;20238966666;1398;1386
3438;19749347000;19738966666;20238966666;1400;1388
3439;19749351000;19738966666;20238966666;1398;1386
3440;19749354000;19738966666;20238966666;1400;1388
3441;19749357000;19738966666;20238966666;1400;1388
3442;19749360000;19738988888;20238988888;982;970
3433;19749498000;19697566666;20197566666;1400;1388
3434;19749504000;19697566666;20197566666;1398;1386
3435;19749697000;19738966666;20238966666;1400;1388
3438;19749902000;19738966666;20238966666;1400;1388
3439;19749907000;19738966666;20238966666;1398;1386
3440;19750103000;19738966666;20238966666;1400;1388
3441;19750107000;19738966666;20238966666;1400;1388
3442;19750302000;19738988888;20238988888;982;970
3443;19790924000;19739266666;20239266666;1398;1386
3443;19790952000;19739266666;20239266666;1398;1386
3444;19790962000;19739266666;20239266666;1400;1388
3445;19790966000;19739266666;20239266666;1398;1386
3446;19790970000;19780600000;20280600000;1400;1388
3447;19790974000;19780600000;20280600000;1400;1388
3448;19790977000;19780600000;20280600000;1398;1386
3450;19790981000;19780600000;20280600000;1398;1386
3451;19790986000;19780600000;20280600000;1400;1388
3452;19791001000;19780600000;20280600000;1400;1388
3453;19791004000;19780622222;20280622222;982;970
3444;19791133000;19739266666;20239266666;1400;1388
3445;19791139000;19739266666;20239266666;1398;1386
3446;19791327000;19780600000;20280600000;1400;1388
3447;19791538000;19780600000;20280600000;1400;1388
3448;19791543000;19780600000;20280600000;1398;1386
3449;19791740000;19780600000;20280600000;1400;1388
3450;19791759000;19780600000;20280600000;1398;1386
3451;19791949000;19780600000;20280600000;1400;1388
3452;19791954000;19780600000;20280600000;1400;1388
3453;19792152000;19780622222;20280622222;982;970
3454;19832604000;19780922222;20280922222;1398;1386
3454;19832619000;19780922222;20280922222;1398;1386
3455;19832637000;19780922222;20280922222;1400;1388
3456;19832641000;19780922222;20280922222;1398;1386
3457;19832645000;19822266666;20322266666;1400;1388
3458;19832648000;19822266666;20322266666;1400;1388
3459;19832652000;19822266666;20322266666;1398;1386
3460;19832655000;19822266666;20322266666;1400;1388
3461;19832658000;19822266666;20322266666;1398;1386
3463;19832661000;19822266666;20322266666;1400;1388
3464;19832667000;19822288888;20322288888;982;970
3455;19832813000;19780922222;20280922222;1400;1388
3456;19832822000;19780922222;20280922222;1398;1386
3457;19833012000;19822266666;20322266666;1400;1388
3458;19833218000;19822266666;20322266666;1400;1388
3459;19833227000;19822266666;20322266666;1398;1386
3460;19833417000;19822266666;20322266666;1400;1388
3461;19833426000;19822266666;20322266666;1398;1386
3462;19833627000;19822266666;20322266666;1400;1388
3463;19833649000;19822266666;20322266666;1400;1388
3464;19833833000;19822288888;20322288888;982;970
3465;19874295000;19822555555;20322555555;1398;1386
3465;19874308000;19822555555;20322555555;1398;1386
3466;19874328000;19822555555;20322555555;1400;1388
3467;19874332000;19822555555;20322555555;1398;1386
3468;19874335000;19863966666;20363966666;1400;1388
3469;19874339000;19863966666;20363966666;1400;1388
3470;19874351000;19863966666;20363966666;1398;1386
3471;19874355000;19863966666;20363966666;1400;1388
3472;19874358000;19863966666;20363966666;1398;1386
3474;19874362000;19863966666;20363966666;1400;1388
3475;19874378000;19863988888;20363988888;982;970
3466;19874498000;19822555555;20322555555;1400;1388
3467;19874505000;19822555555;20322555555;1398;1386
3468;19874697000;19863966666;20363966666;1400;1388
3469;19874903000;19863966666;20363966666;1400;1388
3470;19874908000;19863966666;20363966666;1398;1386
3471;19875103000;19863966666;20363966666;1400;1388
3472;19875108000;19863966666;20363966666;1398;1386
3473;19875303000;19863966666;20363966666;1400;1388
3474;19875516000;19863966666;20363966666;1400;1388
3476;19915922000;19864266666;20364266666;1398;1386
3476;19915952000;19864266666;20364266666;1398;1386
3477;19915971000;19864266666;20364266666;1400;1388
3478;19915976000;19864266666;20364266666;1398;1386
3479;19915979000;19905600000;20405600000;1400;1388
3480;19915983000;19905600000;20405600000;1400;1388
3481;19915986000;19905600000;20405600000;1398;1386
3482;19915989000;19905600000;20405600000;1400;1388
3483;19915992000;19905600000;20405600000;1398;1386
3484;19915995000;19905600000;20405600000;1400;1388
3485;19915999000;19905600000;20405600000;1400;1388
3486;19916002000;19905622222;20405622222;982;970
3477;19916132000;19864266666;20364266666;1400;1388
3478;19916138000;19864266666;20364266666;1398;1386
3479;19916324000;19905600000;20405600000;1400;1388
3480;19916537000;19905600000;20405600000;1400;1388
3482;19916542000;19905600000;20405600000;1400;1388
3483;19916725000;19905600000;20405600000;1398;1386
3484;19916730000;19905600000;20405600000;1400;1388
3485;19916937000;19905600000;20405600000;1400;1388
3486;19916942000;19905622222;20405622222;982;970
3487;19957615000;19905922222;20405922222;1398;1386
3487;19957643000;19905922222;20405922222;1398;1386
3488;19957662000;19905922222;20405922222;1400;1388
3489;19957667000;19905922222;20405922222;1398;1386
3490;19957670000;19947266666;20447266666;1400;1388
3491;19957674000;19947266666;20447266666;1400;1388
3492;19957677000;19947266666;20447266666;1398;1386
3493;19957681000;19947266666;20447266666;1400;1388
3494;19957684000;19947266666;20447266666;1398;1386
3495;19957687000;19947266666;20447266666;1400;1388
3496;19957690000;19947266666;20447266666;1400;1388
3497;19957693000;19947277777;20447277777;982;970
3488;19957808000;19905922222;20405922222;1400;1388
3489;19957814000;19905922222;20405922222;1398;1386
3490;19958000000;19947266666;20447266666;1400;1388
3492;19958205000;19947266666;20447266666;1398;1386
3493;19958210000;19947266666;20447266666;1400;1388
3494;19958416000;19947266666;20447266666;1398;1386
3495;19958421000;19947266666;20447266666;1400;1388
3496;19958617000;19947266666;20447266666;1400;1388
3497;19958622000;19947277777;20447277777;982;970
3498;19999291000;19947555555;20447555555;1398;1386
3498;19999308000;19947555555;20447555555;1398;1386
3500;19999328000;19947555555;20447555555;1398;1386
3501;19999345000;19988966666;20488966666;1400;1388
3502;19999350000;19988966666;20488966666;1400;1388
3503;19999354000;19988966666;20488966666;1398;1386
3504;19999358000;19988966666;20488966666;1400;1388
3505;19999361000;19988966666;20488966666;1398;1386
3506;19999365000;19988966666;20488966666;1400;1388
3507;19999378000;19988966666;20488966666;1400;1388
3508;19999381000;19988988888;20488988888;982;970
3499;19999479000;19947555555;20447555555;1400;1388
3500;19999700000;19947555555;20447555555;1398;1386
3501;19999705000;19988966666;20488966666;1400;1388
3502;19999904000;19988966666;20488966666;1400;1388
3503;19999909000;19988966666;20488966666;1398;1386
3504;20000105000;19988966666;20488966666;1400;1388
3505;20000110000;19988966666;20488966666;1398;1386
3506;20000306000;19988966666;20488966666;1400;1388
3507;20000519000;19988966666;20488966666;1400;1388
3508;20000524000;19988988888;20488988888;982;970
3509;20040963000;19989288888;20489288888;1398;1386
3510;20040984000;19989288888;20489288888;1400;1388
3511;20040988000;19989288888;20489288888;1398;1386
3509;20041007000;19989288888;20489288888;1398;1386
3512;20041085000;20030633333;20530633333;1400;1388
3513;20041098000;20030633333;20530633333;1400;1388
3514;20041102000;20030633333;20530633333;1398;1386
3515;20041106000;20030633333;20530633333;1400;1388
3516;20041109000;20030633333;20530633333;1398;1386
3517;20041113000;20030633333;20530633333;1400;1388
3518;20041126000;20030633333;20530633333;1400;1388
3519;20041130000;20030655555;20530655555;982;970
3510;20041165000;19989288888;20489288888;1400;1388
3511;20041376000;19989288888;20489288888;1398;1386
3512;20041385000;20030633333;20530633333;1400;1388
3514;20041581000;20030633333;20530633333;1398;1386
3515;20041590000;20030633333;20530633333;1400;1388
3516;20041789000;20030633333;20530633333;1398;1386
3517;20041798000;20030633333;20530633333;1400;1388
3518;20041983000;20030633333;20530633333;1400;1388
3519;20041991000;20030655555;20530655555;982;970
3520;20082643000;20030955555;20530955555;1398;1386
3520;20082665000;20030955555;20530955555;1398;1386
3521;20082685000;20030955555;20530955555;1400;1388
3522;20082690000;20030955555;20530955555;1398;1386
3523;20082693000;20072300000;20572300000;1400;1388
3524;20082697000;20072300000;20572300000;1400;1388
3526;20082701000;20072300000;20572300000;1400;1388
3527;20082717000;20072300000;20572300000;1398;1386
3528;20082720000;20072300000;20572300000;1400;1388
3529;20082724000;20072300000;20572300000;1400;1388
3530;20082727000;20072311111;20572311111;982;970
3521;20082840000;20030955555;20530955555;1400;1388
3522;20082849000;20030955555;20530955555;1398;1386
3523;20083039000;20072300000;20572300000;1400;1388
3524;20083237000;20072300000;20572300000;1400;1388
3525;20083243000;20072300000;20572300000;1398;1386
3526;20083439000;20072300000;20572300000;1400;1388
3527;20083445000;20072300000;20572300000;1398;1386
3528;20083644000;20072300000;20572300000;1400;1388
3529;20083648000;20072300000;20572300000;1400;1388
3530;20083847000;20072311111;20572311111;982;970
3531;20124264000;20072588888;20572588888;1398;1386
3531;20124277000;20072588888;20572588888;1398;1386
3532;20124297000;20072588888;20572588888;1400;1388
3533;20124301000;20072588888;20572588888;1398;1386
3534;20124304000;20113933333;20613933333;1400;1388
3536;20124308000;20113933333;20613933333;1398;1386
3537;20124324000;20113933333;20613933333;1400;1388
3538;20124328000;20113933333;20613933333;1398;1386
3539;20124331000;20113933333;20613933333;1400;1388
3540;20124335000;20113933333;20613933333;1400;1388
3541;20124338000;20113955555;20613955555;982;970
3532;20124468000;20072588888;20572588888;1400;1388
3533;20124475000;20072588888;20572588888;1398;1386
3534;20124666000;20113933333;20613933333;1400;1388
3535;20124871000;20113933333;20613933333;1400;1388
3536;20124890000;20113933333;20613933333;1398;1386
3537;20125073000;20113933333;20613933333;1400;1388
3538;20125077000;20113933333;20613933333;1398;1386
3539;20125274000;20113933333;20613933333;1400;1388
3540;20125489000;20113933333;20613933333;1400;1388
3541;20125494000;20113955555;20613955555;982;970
3542;20165925000;20114211111;20614211111;1398;1386
3542;20165952000;20114211111;20614211111;1398;1386
3543;20165961000;20114211111;20614211111;1400;1388
3544;20165965000;20114211111;20614211111;1398;1386
3545;20165969000;20155600000;20655600000;1400;1388
3546;20165973000;20155600000;20655600000;1400;1388
3547;20165976000;20155600000;20655600000;1398;1386
3548;20165979000;20155600000;20655600000;1400;1388
3550;20165982000;20155600000;20655600000;1400;1388
3551;20165988000;20155600000;20655600000;1400;1388
3552;20166002000;20155622222;20655622222;982;970
3543;20166134000;20114211111;20614211111;1400;1388
3545;20166140000;20155600000;20655600000;1400;1388
3546;20166326000;20155600000;20655600000;1400;1388
3547;20166538000;20155600000;20655600000;1398;1386
3548;20166543000;20155600000;20655600000;1400;1388
3549;20166739000;20155600000;20655600000;1398;1386
3550;20166757000;20155600000;20655600000;1400;1388
3551;20166941000;20155600000;20655600000;1400;1388
3552;20166946000;20155622222;20655622222;982;970
3553;20207603000;20155911111;20655911111;1398;1386
3553;20207640000;20155911111;20655911111;1398;1386
3554;20207651000;20155911111;20655911111;1400;1388
3555;20207655000;20155911111;20655911111;1398;1386
3556;20207658000;20197266666;20697266666;1400;1388
3560;20207662000;20197266666;20697266666;1398;1386
3561;20207668000;20197266666;20697266666;1400;1388
3562;20207682000;20197266666;20697266666;1400;1388
3563;20207686000;20197288888;20697288888;982;970
3554;20207799000;20155911111;20655911111;1400;1388
3555;20207805000;20155911111;20655911111;1398;1386
3556;20207998000;20197266666;20697266666;1400;1388
3557;20208204000;20197266666;20697266666;1400;1388
3558;20208223000;20197266666;20697266666;1398;1386
3559;20208405000;20197266666;20697266666;1400;1388
3560;20208422000;20197266666;20697266666;1398;1386
3561;20208613000;20197266666;20697266666;1400;1388
3562;20208618000;20197266666;20697266666;1400;1388
3563;20208816000;20197288888;20697288888;982;970
3564;20249295000;20197566666;20697566666;1398;1386
3564;20249310000;20197566666;20697566666;1398;1386
3566;20249329000;20197566666;20697566666;1398;1386
3567;20249346000;20238966666;20738966666;1400;1388
3568;20249351000;20238966666;20738966666;1400;1388
3569;20249363000;20238966666;20738966666;1398;1386
3570;20249366000;20238966666;20738966666;1400;1388
3571;20249379000;20238966666;20738966666;1398;1386
3572;20249382000;20238966666;20738966666;1400;1388
3573;20249386000;20238966666;20738966666;1400;1388
3574;20249389000;20238988888;20738988888;982;970
3565;20249495000;20197566666;20697566666;1400;1388
3566;20249514000;20197566666;20697566666;1398;1386
3567;20249695000;20238966666;20738966666;1400;1388
3568;20249901000;20238966666;20738966666;1400;1388
3569;20249906000;20238966666;20738966666;1398;1386
3570;20250101000;20238966666;20738966666;1400;1388
3571;20250106000;20238966666;20738966666;1398;1386
3572;20250303000;20238966666;20738966666;1400;1388
3573;20250515000;20238966666;20738966666;1400;1388
3574;20250520000;20238988888;20738988888;982;970
3575;20290937000;20239266666;20739266666;1398;1386
3575;20290956000;20239266666;20739266666;1398;1386
3576;20290978000;20239266666;20739266666;1400;1388
3577;20290983000;20239266666;20739266666;1398;1386
3578;20290986000;20280600000;20780600000;1400;1388
3579;20290990000;20280600000;20780600000;1400;1388
3580;20290993000;20280600000;20780600000;1398;1386
3581;20290997000;20280600000;20780600000;1400;1388
3582;20291000000;20280600000;20780600000;1398;1386
3583;20291003000;20280600000;20780600000;1400;1388
3584;20291006000;20280600000;20780600000;1400;1388
3585;20291010000;20280622222;20780622222;982;970
3576;20291146000;20239266666;20739266666;1400;1388
3577;20291156000;20239266666;20739266666;1398;1386
3578;20291344000;20280600000;20780600000;1400;1388
3579;20291541000;20280600000;20780600000;1400;1388
3580;20291547000;20280600000;20780600000;1398;1386
3581;20291739000;20280600000;20780600000;1400;1388
3583;20291743000;20280600000;20780600000;1400;1388
3584;20291942000;20280600000;20780600000;1400;1388
3585;20291946000;20280622222;20780622222;982;970
3586;20332642000;20280922222;20780922222;1398;1386
3589;20332679000;20322266666;20822266666;1400;1388
3591;20332702000;20322266666;20822266666;1398;1386
3594;20332707000;20322266666;20822266666;1400;1388
3595;20332737000;20322266666;20822266666;1400;1388
3596;20332742000;20322288888;20822288888;982;970
3586;20332777000;20280922222;20780922222;1398;1386
3587;20332791000;20280922222;20780922222;1400;1388
3588;20333012000;20280922222;20780922222;1398;1386
3589;20333037000;20322266666;20822266666;1400;1388
3590;20333216000;20322266666;20822266666;1400;1388
3591;20333240000;20322266666;20822266666;1398;1386
3593;20333417000;20322266666;20822266666;1398;1386
3594;20333425000;20322266666;20822266666;1400;1388
3595;20333618000;20322266666;20822266666;1400;1388
3596;20333627000;20322288888;20822288888;982;970
3597;20374257000;20322577777;20822577777;1398;1386
3597;20374274000;20322577777;20822577777;1398;1386
3599;20374348000;20322577777;20822577777;1398;1386
3600;20374361000;20363933333;20863933333;1400;1388
3601;20374366000;20363933333;20863933333;1400;1388
3602;20374388000;20363933333;20863933333;1398;1386
3605;20374391000;20363933333;20863933333;1400;1388
3606;20374396000;20363933333;20863933333;1400;1388
3607;20374399000;20363955555;20863955555;982;970
3598;20374473000;20322577777;20822577777;1400;1388
3599;20374482000;20322577777;20822577777;1398;1386
3600;20374678000;20363933333;20863933333;1400;1388
3601;20374884000;20363933333;20863933333;1400;1388
3602;20374893000;20363933333;20863933333;1398;1386
3603;20375075000;20363933333;20863933333;1400;1388
3604;20375080000;20363933333;20863933333;1398;1386
3605;20375275000;20363933333;20863933333;1400;1388
3606;20375488000;20363933333;20863933333;1400;1388
3607;20375493000;20363955555;20863955555;982;970
3608;20415984000;20364255555;20864255555;1398;1386
3608;20416009000;20364255555;20864255555;1398;1386
3609;20416029000;20364255555;20864255555;1400;1388
3610;20416033000;20364255555;20864255555;1398;1386
3611;20416037000;20405633333;20905633333;1400;1388
3612;20416040000;20405633333;20905633333;1400;1388
3613;20416058000;20405633333;20905633333;1398;1386
3614;20416063000;20405633333;20905633333;1400;1388
3615;20416066000;20405633333;20905633333;1398;1386
3616;20416069000;20405633333;20905633333;1400;1388
3617;20416072000;20405633333;20905633333;1400;1388
3618;20416075000;20405655555;20905655555;982;970
3609;20416167000;20364255555;20864255555;1400;1388
3610;20416173000;20364255555;20864255555;1398;1386
3611;20416375000;20405633333;20905633333;1400;1388
3612;20416580000;20405633333;20905633333;1400;1388
3613;20416585000;20405633333;20905633333;1398;1386
3614;20416781000;20405633333;20905633333;1400;1388
3615;20416786000;20405633333;20905633333;1398;1386
3616;20416990000;20405633333;20905633333;1400;1388
3617;20416995000;20405633333;20905633333;1400;1388
3618;20417198000;20405655555;20905655555;982;970
3619;20457617000;20405944444;20905944444;1398;1386
3619;20457645000;20405944444;20905944444;1398;1386
3620;20457664000;20405944444;20905944444;1400;1388
3621;20457669000;20405944444;20905944444;1398;1386
3622;20457672000;20447266666;20947266666;1400;1388
3623;20457676000;20447266666;20947266666;1400;1388
3624;20457680000;20447266666;20947266666;1398;1386
3625;20457683000;20447266666;20947266666;1400;1388
3626;20457686000;20447266666;20947266666;1398;1386
3627;20457689000;20447266666;20947266666;1400;1388
3628;20457692000;20447266666;20947266666;1400;1388
3629;20457696000;20447288888;20947288888;982;970
3620;20457812000;20405944444;20905944444;1400;1388
3621;20457818000;20405944444;20905944444;1398;1386
3622;20458011000;20447266666;20947266666;1400;1388
3623;20458189000;20447266666;20947266666;1400;1388
3624;20458194000;20447266666;20947266666;1398;1386
3625;20458393000;20447266666;20947266666;1400;1388
3626;20458398000;20447266666;20947266666;1398;1386
3627;20458596000;20447266666;20947266666;1400;1388
3628;20458802000;20447266666;20947266666;1400;1388
3629;20458807000;20447288888;20947288888;982;970
3630;20499230000;20447555555;20947555555;1398;1386
3630;20499246000;20447555555;20947555555;1398;1386
3631;20499266000;20447555555;20947555555;1400;1388
3632;20499270000;20447555555;20947555555;1398;1386
3633;20499274000;20488933333;20988933333;1400;1388
3634;20499278000;20488933333;20988933333;1400;1388
3635;20499281000;20488933333;20988933333;1398;1386
3637;20499284000;20488933333;20988933333;1398;1386
3638;20499290000;20488933333;20988933333;1400;1388
3639;20499304000;20488933333;20988933333;1400;1388
3640;20499308000;20488955555;20988955555;982;970
3631;20499421000;20447555555;20947555555;1400;1388
3632;20499622000;20447555555;20947555555;1398;1386
3633;20499627000;20488933333;20988933333;1400;1388
3634;20499826000;20488933333;20988933333;1400;1388
3635;20499831000;20488933333;20988933333;1398;1386
3637;20500031000;20488933333;20988933333;1398;1386
3638;20500035000;20488933333;20988933333;1400;1388
3639;20500237000;20488933333;20988933333;1400;1388
3640;20500241000;20488955555;20988955555;982;970
3641;20540965000;20489244444;20989244444;1398;1386
3641;20540986000;20489244444;20989244444;1398;1386
3642;20541055000;20489244444;20989244444;1400;1388
3643;20541068000;20489244444;20989244444;1398;1386
3644;20541073000;20530633333;21030633333;1400;1388
3645;20541077000;20530633333;21030633333;1400;1388
3646;20541080000;20530633333;21030633333;1398;1386
3647;20541083000;20530633333;21030633333;1400;1388
3648;20541087000;20530633333;21030633333;1398;1386
3651;20541091000;20530655555;21030655555;982;970
3642;20541166000;20489244444;20989244444;1400;1388
3643;20541176000;20489244444;20989244444;1398;1386
3644;20541354000;20530633333;21030633333;1400;1388
3645;20541560000;20530633333;21030633333;1400;1388
3646;20541569000;20530633333;21030633333;1398;1386
3647;20541765000;20530633333;21030633333;1400;1388
3648;20541774000;20530633333;21030633333;1398;1386
3650;20541970000;20530633333;21030633333;1400;1388
3651;20541978000;20530655555;21030655555;982;970
3652;20582604000;20530966666;21030966666;1398;1386
3652;20582625000;20530966666;21030966666;1398;1386
3653;20582646000;20530966666;21030966666;1400;1388
3654;20582650000;20530966666;21030966666;1398;1386
3655;20582654000;20572266666;21072266666;1400;1388
3657;20582657000;20572266666;21072266666;1398;1386
3658;20582661000;20572266666;21072266666;1400;1388
3659;20582665000;20572266666;21072266666;1398;1386
3660;20582668000;20572266666;21072266666;1400;1388
3661;20582671000;20572266666;21072266666;1400;1388
3662;20582675000;20572288888;21072288888;982;970
3653;20582812000;20530966666;21030966666;1400;1388
3654;20582822000;20530966666;21030966666;1398;1386
3655;20583010000;20572266666;21072266666;1400;1388
3656;20583218000;20572266666;21072266666;1400;1388
3657;20583226000;20572266666;21072266666;1398;1386
3658;20583419000;20572266666;21072266666;1400;1388
3659;20583427000;20572266666;21072266666;1398;1386
3660;20583629000;20572266666;21072266666;1400;1388
3661;20583637000;20572266666;21072266666;1400;1388
3662;20583819000;20572288888;21072288888;982;970
3663;20624294000;20572577777;21072577777;1398;1386
3663;20624307000;20572577777;21072577777;1398;1386
3664;20624326000;20572577777;21072577777;1400;1388
3665;20624331000;20572577777;21072577777;1398;1386
3666;20624334000;20613966666;21113966666;1400;1388
3667;20624338000;20613966666;21113966666;1400;1388
3668;20624341000;20613966666;21113966666;1398;1386
3669;20624344000;20613966666;21113966666;1400;1388
3670;20624348000;20613966666;21113966666;1398;1386
3671;20624351000;20613966666;21113966666;1400;1388
3664;20624507000;20572577777;21072577777;1400;1388
3665;20624523000;20572577777;21072577777;1398;1386
3666;20624707000;20613966666;21113966666;1400;1388
3667;20624901000;20613966666;21113966666;1400;1388
3668;20624906000;20613966666;21113966666;1398;1386
3669;20625102000;20613966666;21113966666;1400;1388
3670;20625107000;20613966666;21113966666;1398;1386
3671;20625303000;20613966666;21113966666;1400;1388
3672;20625515000;20613966666;21113966666;1400;1388
3673;20625520000;20613977777;21113977777;982;970
3674;20665967000;20614255555;21114255555;1398;1386
3674;20665997000;20614255555;21114255555;1398;1386
3675;20666016000;20614255555;21114255555;1400;1388
3676;20666020000;20614255555;21114255555;1398;1386
3677;20666024000;20655633333;21155633333;1400;1388
3678;20666027000;20655633333;21155633333;1400;1388
3679;20666031000;20655633333;21155633333;1398;1386
3680;20666034000;20655633333;21155633333;1400;1388
3681;20666038000;20655633333;21155633333;1398;1386
3682;20666041000;20655633333;21155633333;1400;1388
3683;20666053000;20655633333;21155633333;1400;1388
3684;20666057000;20655655555;21155655555;982;970
3675;20666173000;20614255555;21114255555;1400;1388
3676;20666179000;20614255555;21114255555;1398;1386
3677;20666371000;20655633333;21155633333;1400;1388
3678;20666567000;20655633333;21155633333;1400;1388
3679;20666572000;20655633333;21155633333;1398;1386
3681;20666781000;20655633333;21155633333;1398;1386
3682;20666786000;20655633333;21155633333;1400;1388
3683;20666971000;20655633333;21155633333;1400;1388
3684;20666975000;20655655555;21155655555;982;970
3685;20707669000;20655955555;21155955555;1398;1386
3685;20707713000;20655955555;21155955555;1398;1386
3687;20707778000;20655955555;21155955555;1398;1386
3686;20707824000;20655955555;21155955555;1400;1388
3688;20707914000;20697266666;21197266666;1400;1388
3689;20707938000;20697266666;21197266666;1400;1388
3690;20707942000;20697266666;21197266666;1398;1386
3691;20707955000;20697266666;21197266666;1400;1388
3692;20707959000;20697266666;21197266666;1398;1386
3693;20707962000;20697266666;21197266666;1400;1388
3694;20707976000;20697266666;21197266666;1400;1388
3687;20708013000;20655955555;21155955555;1398;1386
3688;20708023000;20697266666;21197266666;1400;1388
3689;20708218000;20697266666;21197266666;1400;1388
3690;20708227000;20697266666;21197266666;1398;1386
3691;20708418000;20697266666;21197266666;1400;1388
3692;20708426000;20697266666;21197266666;1398;1386
3693;20708627000;20697266666;21197266666;1400;1388
3694;20708636000;20697266666;21197266666;1400;1388
3695;20708831000;20697288888;21197288888;982;970
3696;20749290000;20697555555;21197555555;1398;1386
3697;20749302000;20697555555;21197555555;1400;1388
3696;20749314000;20697555555;21197555555;1398;1386
3698;20749386000;20697555555;21197555555;1398;1386
3699;20749399000;20738966666;21238966666;1400;1388
3700;20749404000;20738966666;21238966666;1400;1388
3701;20749408000;20738966666;21238966666;1398;1386
3702;20749411000;20738966666;21238966666;1400;1388
3703;20749414000;20738966666;21238966666;1398;1386
3704;20749418000;20738966666;21238966666;1400;1388
3705;20749421000;20738966666;21238966666;1400;1388
3706;20749424000;20738988888;21238988888;982;970
3697;20749499000;20697555555;21197555555;1400;1388
3698;20749508000;20697555555;21197555555;1398;1386
3699;20749707000;20738966666;21238966666;1400;1388
3700;20749914000;20738966666;21238966666;1400;1388
3701;20749923000;20738966666;21238966666;1398;1386
3702;20750115000;20738966666;21238966666;1400;1388
3704;20750123000;20738966666;21238966666;1400;1388
3705;20750316000;20738966666;21238966666;1400;1388
3706;20750324000;20738988888;21238988888;982;970
3707;20790962000;20739255555;21239255555;1398;1386
3707;20790979000;20739255555;21239255555;1398;1386
3708;20790999000;20739255555;21239255555;1400;1388
3709;20791004000;20739255555;21239255555;1398;1386
3710;20791007000;20780633333;21280633333;1400;1388
3711;20791011000;20780633333;21280633333;1400;1388
3712;20791014000;20780633333;21280633333;1398;1386
3713;20791018000;20780633333;21280633333;1400;1388
3714;20791021000;20780633333;21280633333;1398;1386
3715;20791024000;20780633333;21280633333;1400;1388
3716;20791028000;20780633333;21280633333;1400;1388
3717;20791031000;20780644444;21280644444;982;970
3708;20791175000;20739255555;21239255555;1400;1388
3710;20791184000;20780633333;21280633333;1400;1388
3711;20791373000;20780633333;21280633333;1400;1388
3712;20791570000;20780633333;21280633333;1398;1386
3713;20791575000;20780633333;21280633333;1400;1388
3714;20791769000;20780633333;21280633333;1398;1386
3715;20791773000;20780633333;21280633333;1400;1388
3716;20791971000;20780633333;21280633333;1400;1388
3717;20791975000;20780644444;21280644444;982;970
3719;20832647000;20780944444;21280944444;1400;1388
3720;20832660000;20780944444;21280944444;1398;1386
3721;20832681000;20822300000;21322300000;1400;1388
3722;20832686000;20822300000;21322300000;1400;1388
3718;20832711000;20780944444;21280944444;1398;1386
3723;20832810000;20822300000;21322300000;1398;1386
3724;20832835000;20822300000;21322300000;1400;1388
3725;20832839000;20822300000;21322300000;1398;1386
3726;20832843000;20822300000;21322300000;1400;1388
3719;20832852000;20780944444;21280944444;1400;1388
3720;20832873000;20780944444;21280944444;1398;1386
3727;20832911000;20822300000;21322300000;1400;1388
3728;20832925000;20822311111;21322311111;982;970
3721;20833058000;20822300000;21322300000;1400;1388
3722;20833246000;20822300000;21322300000;1400;1388
3723;20833255000;20822300000;21322300000;1398;1386
3724;20833448000;20822300000;21322300000;1400;1388
3726;20833457000;20822300000;21322300000;1400;1388
3728;20833655000;20822311111;21322311111;982;970
3729;20874306000;20822577777;21322577777;1398;1386
3729;20874338000;20822577777;21322577777;1398;1386
3730;20874360000;20822577777;21322577777;1400;1388
3731;20874364000;20822577777;21322577777;1398;1386
3732;20874367000;20863966666;21363966666;1400;1388
3733;20874371000;20863966666;21363966666;1400;1388
3734;20874375000;20863966666;21363966666;1398;1386
3735;20874379000;20863966666;21363966666;1400;1388
3736;20874382000;20863966666;21363966666;1398;1386
3737;20874385000;20863966666;21363966666;1400;1388
3738;20874388000;20863966666;21363966666;1400;1388
3739;20874391000;20863988888;21363988888;982;970
3730;20874508000;20822577777;21322577777;1400;1388
3731;20874517000;20822577777;21322577777;1398;1386
3732;20874707000;20863966666;21363966666;1400;1388
3733;20874913000;20863966666;21363966666;1400;1388
3734;20874921000;20863966666;21363966666;1398;1386
3735;20875105000;20863966666;21363966666;1400;1388
3736;20875110000;20863966666;21363966666;1398;1386
3737;20875305000;20863966666;21363966666;1400;1388
3738;20875516000;20863966666;21363966666;1400;1388
3739;20875521000;20863988888;21363988888;982;970
3740;20915947000;20864244444;21364244444;1398;1386
3740;20915960000;20864244444;21364244444;1398;1386
3741;20915979000;20864244444;21364244444;1400;1388
3744;20915984000;20905622222;21405622222;1400;1388
3745;20916000000;20905622222;21405622222;1398;1386
3746;20916004000;20905622222;21405622222;1400;1388
3747;20916008000;20905622222;21405622222;1398;1386
3748;20916011000;20905622222;21405622222;1400;1388
3749;20916014000;20905622222;21405622222;1400;1388
3750;20916017000;20905633333;21405633333;982;970
3743;20916140000;20905622222;21405622222;1400;1388
3744;20916147000;20905622222;21405622222;1400;1388
3745;20916339000;20905622222;21405622222;1398;1386
3746;20916544000;20905622222;21405622222;1400;1388
3747;20916549000;20905622222;21405622222;1398;1386
3748;20916744000;20905622222;21405622222;1400;1388
3749;20916749000;20905622222;21405622222;1400;1388
3750;20916953000;20905633333;21405633333;982;970
3751;20957584000;20905922222;21405922222;1398;1386
3751;20957602000;20905922222;21405922222;1398;1386
3752;20957622000;20905922222;21405922222;1400;1388
3753;20957627000;20905922222;21405922222;1398;1386
3754;20957640000;20947266666;21447266666;1400;1388
3755;20957644000;20947266666;21447266666;1400;1388
3756;20957647000;20947266666;21447266666;1398;1386
3757;20957650000;20947266666;21447266666;1400;1388
3758;20957653000;20947266666;21447266666;1398;1386
3760;20957656000;20947266666;21447266666;1400;1388
3761;20957660000;20947277777;21447277777;982;970
3754;20957809000;20947266666;21447266666;1400;1388
3755;20957818000;20947266666;21447266666;1400;1388
3756;20958008000;20947266666;21447266666;1398;1386
3759;20958215000;20947266666;21447266666;1400;1388
3760;20958224000;20947266666;21447266666;1400;1388
3761;20958418000;20947277777;21447277777;982;970
3762;20999310000;20947544444;21447544444;1398;1386
3762;20999332000;20947544444;21447544444;1398;1386
3763;20999352000;20947544444;21447544444;1400;1388
3764;20999357000;20947544444;21447544444;1398;1386
3765;20999360000;20988966666;21488966666;1400;1388
3766;20999364000;20988966666;21488966666;1400;1388
3767;20999367000;20988966666;21488966666;1398;1386
3768;20999371000;20988966666;21488966666;1400;1388
3769;20999374000;20988966666;21488966666;1398;1386
3771;20999377000;20988966666;21488966666;1400;1388
3772;20999393000;20988977777;21488977777;982;970
3763;20999508000;20947544444;21447544444;1400;1388
3764;20999518000;20947544444;21447544444;1398;1386
3765;20999709000;20988966666;21488966666;1400;1388
3766;20999913000;20988966666;21488966666;1400;1388
3767;20999922000;20988966666;21488966666;1398;1386
3768;21000101000;20988966666;21488966666;1400;1388
3769;21000106000;20988966666;21488966666;1398;1386
3771;21000305000;20988966666;21488966666;1400;1388
3772;21000310000;20988977777;21488977777;982;970
3773;21040967000;20989266666;21489266666;1398;1386
3773;21041004000;20989266666;21489266666;1398;1386
3774;21041013000;20989266666;21489266666;1400;1388
3775;21041018000;20989266666;21489266666;1398;1386
3776;21041021000;21030633333;21530633333;1400;1388
3777;21041033000;21030633333;21530633333;1400;1388
3779;21041037000;21030633333;21530633333;1400;1388
3780;21041040000;21030633333;21530633333;1398;1386
3781;21041058000;21030633333;21530633333;1400;1388
3782;21041062000;21030633333;21530633333;1400;1388
3783;21041065000;21030655555;21530655555;982;970
3774;21041176000;20989266666;21489266666;1400;1388
3775;21041185000;20989266666;21489266666;1398;1386
3776;21041364000;21030633333;21530633333;1400;1388
3777;21041570000;21030633333;21530633333;1400;1388
3778;21041575000;21030633333;21530633333;1398;1386
3779;21041769000;21030633333;21530633333;1400;1388
3780;21041775000;21030633333;21530633333;1398;1386
3781;21041980000;21030633333;21530633333;1400;1388
3782;21041984000;21030633333;21530633333;1400;1388
3783;21042183000;21030655555;21530655555;982;970
3784;21082636000;21030944444;21530944444;1398;1386
3784;21082651000;21030944444;21530944444;1398;1386
3785;21082670000;21030944444;21530944444;1400;1388
3787;21082674000;21072300000;21572300000;1400;1388
3788;21082691000;21072300000;21572300000;1400;1388
3789;21082695000;21072300000;21572300000;1398;1386
3790;21082698000;21072300000;21572300000;1400;1388
3791;21082702000;21072300000;21572300000;1398;1386
3792;21082706000;21072300000;21572300000;1400;1388
3793;21082709000;21072300000;21572300000;1400;1388
3794;21082712000;21072322222;21572322222;982;970
3785;21082830000;21030944444;21530944444;1400;1388
3786;21082836000;21030944444;21530944444;1398;1386
3787;21083041000;21072300000;21572300000;1400;1388
3788;21083247000;21072300000;21572300000;1400;1388
3789;21083252000;21072300000;21572300000;1398;1386
3790;21083446000;21072300000;21572300000;1400;1388
3791;21083451000;21072300000;21572300000;1398;1386
3792;21083656000;21072300000;21572300000;1400;1388
3793;21083661000;21072300000;21572300000;1400;1388
3794;21083850000;21072322222;21572322222;982;970
3795;21124306000;21072588888;21572588888;1398;1386
3795;21124332000;21072588888;21572588888;1398;1386
3798;21124352000;21113966666;21613966666;1400;1388
3799;21124369000;21113966666;21613966666;1400;1388
3800;21124373000;21113966666;21613966666;1398;1386
3801;21124377000;21113966666;21613966666;1400;1388
3802;21124380000;21113966666;21613966666;1398;1386
3803;21124384000;21113966666;21613966666;1400;1388
3804;21124387000;21113966666;21613966666;1400;1388
3805;21124390000;21113988888;21613988888;982;970
3796;21124499000;21072588888;21572588888;1400;1388
3797;21124519000;21072588888;21572588888;1398;1386
3798;21124708000;21113966666;21613966666;1400;1388
3799;21124914000;21113966666;21613966666;1400;1388
3800;21124920000;21113966666;21613966666;1398;1386
3801;21125114000;21113966666;21613966666;1400;1388
3803;21125119000;21113966666;21613966666;1400;1388
3804;21125315000;21113966666;21613966666;1400;1388
3805;21125320000;21113988888;21613988888;982;970
3806;21165938000;21114233333;21614233333;1398;1386
3806;21165968000;21114233333;21614233333;1398;1386
3807;21165987000;21114233333;21614233333;1400;1388
3808;21165992000;21114233333;21614233333;1398;1386
3809;21165995000;21155600000;21655600000;1400;1388
3810;21165999000;21155600000;21655600000;1400;1388
3811;21166003000;21155600000;21655600000;1398;1386
3814;21166006000;21155600000;21655600000;1400;1388
3815;21166022000;21155600000;21655600000;1400;1388
3816;21166026000;21155622222;21655622222;982;970
3807;21166145000;21114233333;21614233333;1400;1388
3808;21166151000;21114233333;21614233333;1398;1386
3809;21166327000;21155600000;21655600000;1400;1388
3810;21166550000;21155600000;21655600000;1400;1388
3811;21166555000;21155600000;21655600000;1398;1386
3812;21166740000;21155600000;21655600000;1400;1388
3813;21166759000;21155600000;21655600000;1398;1386
3814;21166963000;21155600000;21655600000;1400;1388
3815;21166968000;21155600000;21655600000;1400;1388
3816;21167162000;21155622222;21655622222;982;970
3817;21207646000;21155900000;21655900000;1398;1386
3817;21207673000;21155900000;21655900000;1398;1386
3818;21207692000;21155900000;21655900000;1400;1388
3820;21207696000;21197300000;21697300000;1400;1388
3821;21207713000;21197300000;21697300000;1400;1388
3822;21207726000;21197300000;21697300000;1398;1386
3823;21207729000;21197300000;21697300000;1400;1388
3824;21207732000;21197300000;21697300000;1398;1386
3826;21207745000;21197300000;21697300000;1400;1388
3827;21207748000;21197322222;21697322222;982;970
3818;21207824000;21155900000;21655900000;1400;1388
3819;21207830000;21155900000;21655900000;1398;1386
3820;21208052000;21197300000;21697300000;1400;1388
3821;21208247000;21197300000;21697300000;1400;1388
3822;21208252000;21197300000;21697300000;1398;1386
3823;21208448000;21197300000;21697300000;1400;1388
3824;21208453000;21197300000;21697300000;1398;1386
3825;21208645000;21197300000;21697300000;1400;1388
3826;21208663000;21197300000;21697300000;1400;1388
3827;21208860000;21197322222;21697322222;982;970
3828;21249275000;21197600000;21697600000;1398;1386
3828;21249303000;21197600000;21697600000;1398;1386
3830;21249322000;21197600000;21697600000;1398;1386
3831;21249340000;21238933333;21738933333;1400;1388
3832;21249344000;21238933333;21738933333;1400;1388
3833;21249355000;21238933333;21738933333;1398;1386
3834;21249358000;21238933333;21738933333;1400;1388
3835;21249361000;21238933333;21738933333;1398;1386
3836;21249374000;21238933333;21738933333;1400;1388
3837;21249377000;21238933333;21738933333;1400;1388
3838;21249380000;21238955555;21738955555;982;970
3829;21249467000;21197600000;21697600000;1400;1388
3830;21249486000;21197600000;21697600000;1398;1386
3831;21249678000;21238933333;21738933333;1400;1388
3832;21249883000;21238933333;21738933333;1400;1388
3833;21249888000;21238933333;21738933333;1398;1386
3834;21250074000;21238933333;21738933333;1400;1388
3835;21250078000;21238933333;21738933333;1398;1386
3836;21250275000;21238933333;21738933333;1400;1388
3837;21250496000;21238933333;21738933333;1400;1388
3838;21250501000;21238955555;21738955555;982;970
3839;21290911000;21239233333;21739233333;1398;1386
3839;21290938000;21239233333;21739233333;1398;1386
3840;21290947000;21239233333;21739233333;1400;1388
3841;21290952000;21239233333;21739233333;1398;1386
3842;21290955000;21280600000;21780600000;1400;1388
3843;21290959000;21280600000;21780600000;1400;1388
3844;21290962000;21280600000;21780600000;1398;1386
3846;21290965000;21280600000;21780600000;1398;1386
3847;21290971000;21280600000;21780600000;1400;1388
3848;21290984000;21280600000;21780600000;1400;1388
3849;21290988000;21280622222;21780622222;982;970
3840;21291120000;21239233333;21739233333;1400;1388
3842;21291125000;21280600000;21780600000;1400;1388
3843;21291313000;21280600000;21780600000;1400;1388
3844;21291535000;21280600000;21780600000;1398;1386
3845;21291540000;21280600000;21780600000;1400;1388
3846;21291737000;21280600000;21780600000;1398;1386
3847;21291742000;21280600000;21780600000;1400;1388
3848;21291928000;21280600000;21780600000;1400;1388
3849;21291933000;21280622222;21780622222;982;970
3850;21332613000;21280911111;21780911111;1398;1386
3850;21332641000;21280911111;21780911111;1398;1386
3851;21332661000;21280911111;21780911111;1400;1388
3852;21332665000;21280911111;21780911111;1398;1386
3853;21332668000;21322266666;21822266666;1400;1388
3854;21332672000;21322266666;21822266666;1400;1388
3855;21332676000;21322266666;21822266666;1398;1386
3856;21332679000;21322266666;21822266666;1400;1388
3857;21332682000;21322266666;21822266666;1398;1386
3858;21332685000;21322266666;21822266666;1400;1388
3859;21332689000;21322266666;21822266666;1400;1388
3860;21332692000;21322277777;21822277777;982;970
3851;21332808000;21280911111;21780911111;1400;1388
3852;21332814000;21280911111;21780911111;1398;1386
3853;21333008000;21322266666;21822266666;1400;1388
3854;21333215000;21322266666;21822266666;1400;1388
3855;21333220000;21322266666;21822266666;1398;1386
3856;21333419000;21322266666;21822266666;1400;1388
3860;21333424000;21322277777;21822277777;982;970
3861;21374295000;21322555555;21822555555;1398;1386
3861;21374311000;21322555555;21822555555;1398;1386
3862;21374330000;21322555555;21822555555;1400;1388
3863;21374334000;21322555555;21822555555;1398;1386
3865;21374338000;21363966666;21863966666;1400;1388
3866;21374344000;21363966666;21863966666;1398;1386
3867;21374373000;21363966666;21863966666;1400;1388
3868;21374377000;21363966666;21863966666;1398;1386
3869;21374389000;21363966666;21863966666;1400;1388
3870;21374393000;21363966666;21863966666;1400;1388
3871;21374396000;21363988888;21863988888;982;970
3862;21374509000;21322555555;21822555555;1400;1388
3863;21374518000;21322555555;21822555555;1398;1386
3864;21374707000;21363966666;21863966666;1400;1388
3865;21374904000;21363966666;21863966666;1400;1388
3866;21374911000;21363966666;21863966666;1398;1386
3867;21375104000;21363966666;21863966666;1400;1388
3868;21375109000;21363966666;21863966666;1398;1386
3869;21375304000;21363966666;21863966666;1400;1388
3870;21375516000;21363966666;21863966666;1400;1388
3871;21375521000;21363988888;21863988888;982;970
3872;21415937000;21364266666;21864266666;1398;1386
3872;21415961000;21364266666;21864266666;1398;1386
3873;21415980000;21364266666;21864266666;1400;1388
3874;21415984000;21364266666;21864266666;1398;1386
3877;21415987000;21405600000;21905600000;1398;1386
3878;21416004000;21405600000;21905600000;1400;1388
3879;21416008000;21405600000;21905600000;1398;1386
3880;21416011000;21405600000;21905600000;1400;1388
3881;21416014000;21405600000;21905600000;1400;1388
3875;21416134000;21405600000;21905600000;1400;1388
3876;21416154000;21405600000;21905600000;1400;1388
3877;21416333000;21405600000;21905600000;1398;1386
3878;21416538000;21405600000;21905600000;1400;1388
3879;21416543000;21405600000;21905600000;1398;1386
3880;21416738000;21405600000;21905600000;1400;1388
3881;21416743000;21405600000;21905600000;1400;1388
3882;21416946000;21405622222;21905622222;982;970
3883;21457636000;21405888888;21905888888;1398;1386
3883;21457650000;21405888888;21905888888;1398;1386
3884;21457668000;21405888888;21905888888;1400;1388
3885;21457673000;21405888888;21905888888;1398;1386
3887;21457676000;21447300000;21947300000;1400;1388
3888;21457682000;21447300000;21947300000;1398;1386
3889;21457696000;21447300000;21947300000;1400;1388
3890;21457700000;21447300000;21947300000;1398;1386
3893;21457703000;21447311111;21947311111;982;970
3884;21457842000;21405888888;21905888888;1400;1388
3885;21457851000;21405888888;21905888888;1398;1386
3886;21458032000;21447300000;21947300000;1400;1388
3887;21458238000;21447300000;21947300000;1400;1388
3888;21458243000;21447300000;21947300000;1398;1386
3890;21458436000;21447300000;21947300000;1398;1386
3891;21458441000;21447300000;21947300000;1400;1388
3892;21458638000;21447300000;21947300000;1400;1388
3893;21458656000;21447311111;21947311111;982;970
3894;21499319000;21447577777;21947577777;1398;1386
3894;21499369000;21447577777;21947577777;1398;1386
3896;21499397000;21447577777;21947577777;1398;1386
3897;21499422000;21488966666;21988966666;1400;1388
3898;21499429000;21488966666;21988966666;1400;1388
3899;21499435000;21488966666;21988966666;1398;1386
3900;21499441000;21488966666;21988966666;1400;1388
3901;21499455000;21488966666;21988966666;1398;1386
3902;21499460000;21488966666;21988966666;1400;1388
3903;21499475000;21488966666;21988966666;1400;1388
3895;21499512000;21447577777;21947577777;1400;1388
3896;21499543000;21447577777;21947577777;1398;1386
3897;21499681000;21488966666;21988966666;1400;1388
3898;21499898000;21488966666;21988966666;1400;1388
3899;21499908000;21488966666;21988966666;1398;1386
3900;21500103000;21488966666;21988966666;1400;1388
3901;21500115000;21488966666;21988966666;1398;1386
3902;21500290000;21488966666;21988966666;1400;1388
3903;21500493000;21488966666;21988966666;1400;1388
3904;21500501000;21488977777;21988977777;982;970
3905;21540998000;21489255555;21989255555;1398;1386
3905;21541022000;21489255555;21989255555;1398;1386
3906;21541059000;21489255555;21989255555;1400;1388
3907;21541065000;21489255555;21989255555;1398;1386
3908;21541069000;21530633333;22030633333;1400;1388
3909;21541073000;21530633333;22030633333;1400;1388
3910;21541077000;21530633333;22030633333;1398;1386
3911;21541081000;21530633333;22030633333;1400;1388
3912;21541084000;21530633333;22030633333;1398;1386
3913;21541088000;21530633333;22030633333;1400;1388
3914;21541102000;21530633333;22030633333;1400;1388
3915;21541105000;21530644444;22030644444;982;970
3906;21541183000;21489255555;21989255555;1400;1388
3908;21541193000;21530633333;22030633333;1400;1388
3909;21541373000;21530633333;22030633333;1400;1388
3910;21541579000;21530633333;22030633333;1398;1386
3911;21541587000;21530633333;22030633333;1400;1388
3913;21541782000;21530633333;22030633333;1400;1388
3914;21541790000;21530633333;22030633333;1400;1388
3915;21541987000;21530644444;22030644444;982;970
3916;21582597000;21530944444;22030944444;1398;1386
3916;21582614000;21530944444;22030944444;1398;1386
3917;21582687000;21530944444;22030944444;1400;1388
3918;21582700000;21530944444;22030944444;1398;1386
3919;21582705000;21572266666;22072266666;1400;1388
3920;21582708000;21572266666;22072266666;1400;1388
3921;21582712000;21572266666;22072266666;1398;1386
3922;21582715000;21572266666;22072266666;1400;1388
3923;21582718000;21572266666;22072266666;1398;1386
3924;21582722000;21572266666;22072266666;1400;1388
3925;21582725000;21572266666;22072266666;1400;1388
3926;21582728000;21572288888;22072288888;982;970
3917;21582803000;21530944444;22030944444;1400;1388
3919;21582813000;21572266666;22072266666;1400;1388
3920;21583011000;21572266666;22072266666;1400;1388
3921;21583218000;21572266666;22072266666;1398;1386
3922;21583227000;21572266666;22072266666;1400;1388
3923;21583419000;21572266666;22072266666;1398;1386
3924;21583427000;21572266666;22072266666;1400;1388
3925;21583619000;21572266666;22072266666;1400;1388
3926;21583627000;21572288888;22072288888;982;970
3927;21624303000;21572566666;22072566666;1398;1386
3927;21624327000;21572566666;22072566666;1398;1386
3928;21624348000;21572566666;22072566666;1400;1388
3929;21624353000;21572566666;22072566666;1398;1386
3930;21624356000;21613966666;22113966666;1400;1388
3931;21624360000;21613966666;22113966666;1400;1388
3932;21624364000;21613966666;22113966666;1398;1386
3933;21624367000;21613966666;22113966666;1400;1388
3934;21624371000;21613966666;22113966666;1398;1386
3936;21624374000;21613966666;22113966666;1400;1388
3937;21624381000;21613988888;22113988888;982;970
3928;21624491000;21572566666;22072566666;1400;1388
3929;21624692000;21572566666;22072566666;1398;1386
3930;21624701000;21613966666;22113966666;1400;1388
3931;21624886000;21613966666;22113966666;1400;1388
3932;21624891000;21613966666;22113966666;1398;1386
3934;21625091000;21613966666;22113966666;1398;1386
3935;21625096000;21613966666;22113966666;1400;1388
3936;21625296000;21613966666;22113966666;1400;1388
3937;21625301000;21613988888;22113988888;982;970
3938;21665924000;21614255555;22114255555;1398;1386
3939;21665945000;21614255555;22114255555;1400;1388
3940;21665950000;21614255555;22114255555;1398;1386
3941;21665963000;21655600000;22155600000;1400;1388
3942;21665967000;21655600000;22155600000;1400;1388
3938;21665980000;21614255555;22114255555;1398;1386
3945;21666061000;21655600000;22155600000;1398;1386
3946;21666087000;21655600000;22155600000;1400;1388
3947;21666103000;21655600000;22155600000;1400;1388
3948;21666107000;21655622222;22155622222;982;970
3939;21666153000;21614255555;22114255555;1400;1388
3940;21666346000;21614255555;22114255555;1398;1386
3941;21666355000;21655600000;22155600000;1400;1388
3942;21666551000;21655600000;22155600000;1400;1388
3943;21666560000;21655600000;22155600000;1398;1386
3944;21666751000;21655600000;22155600000;1400;1388
3945;21666773000;21655600000;22155600000;1398;1386
3946;21666961000;21655600000;22155600000;1400;1388
3947;21666970000;21655600000;22155600000;1400;1388
3948;21667165000;21655622222;22155622222;982;970
3949;21707643000;21655911111;22155911111;1398;1386
3949;21707675000;21655911111;22155911111;1398;1386
3950;21707685000;21655911111;22155911111;1400;1388
3951;21707689000;21655911111;22155911111;1398;1386
3952;21707693000;21697300000;22197300000;1400;1388
3953;21707697000;21697300000;22197300000;1400;1388
3954;21707700000;21697300000;22197300000;1398;1386
3955;21707703000;21697300000;22197300000;1400;1388
3956;21707706000;21697300000;22197300000;1398;1386
3958;21707710000;21697300000;22197300000;1400;1388
3959;21707734000;21697322222;22197322222;982;970
3950;21707833000;21655911111;22155911111;1400;1388
3951;21707840000;21655911111;22155911111;1398;1386
3952;21708029000;21697300000;22197300000;1400;1388
3953;21708238000;21697300000;22197300000;1400;1388
3954;21708243000;21697300000;22197300000;1398;1386
3955;21708436000;21697300000;22197300000;1400;1388
3956;21708441000;21697300000;22197300000;1398;1386
3957;21708645000;21697300000;22197300000;1400;1388
3958;21708664000;21697300000;22197300000;1400;1388
3959;21708849000;21697322222;22197322222;982;970
3960;21749296000;21697588888;22197588888;1398;1386
3960;21749311000;21697588888;22197588888;1398;1386
3961;21749331000;21697588888;22197588888;1400;1388
3962;21749335000;21697588888;22197588888;1398;1386
3963;21749338000;21738966666;22238966666;1400;1388
3964;21749342000;21738966666;22238966666;1400;1388
3965;21749346000;21738966666;22238966666;1398;1386
3966;21749349000;21738966666;22238966666;1400;1388
3967;21749352000;21738966666;22238966666;1398;1386
3968;21749356000;21738966666;22238966666;1400;1388
3970;21749359000;21738988888;22238988888;982;970
3961;21749496000;21697588888;22197588888;1400;1388
3962;21749502000;21697588888;22197588888;1398;1386
3963;21749695000;21738966666;22238966666;1400;1388
3964;21749901000;21738966666;22238966666;1400;1388
3965;21749906000;21738966666;22238966666;1398;1386
3966;21750103000;21738966666;22238966666;1400;1388
3967;21750109000;21738966666;22238966666;1398;1386
3968;21750307000;21738966666;22238966666;1400;1388
3969;21750311000;21738966666;22238966666;1400;1388
3971;21790952000;21739277777;22239277777;1398;1386
3971;21790980000;21739277777;22239277777;1398;1386
3972;21790989000;21739277777;22239277777;1400;1388
3974;21790993000;21780633333;22280633333;1400;1388
3975;21791000000;21780633333;22280633333;1400;1388
3976;21791013000;21780633333;22280633333;1398;1386
3977;21791017000;21780633333;22280633333;1400;1388
3978;21791021000;21780633333;22280633333;1398;1386
3979;21791024000;21780633333;22280633333;1400;1388
3980;21791028000;21780633333;22280633333;1400;1388
3981;21791031000;21780655555;22280655555;982;970
3972;21791163000;21739277777;22239277777;1400;1388
3973;21791169000;21739277777;22239277777;1398;1386
3974;21791363000;21780633333;22280633333;1400;1388
3975;21791568000;21780633333;22280633333;1400;1388
3976;21791573000;21780633333;22280633333;1398;1386
3977;21791768000;21780633333;22280633333;1400;1388
3978;21791772000;21780633333;22280633333;1398;1386
3979;21791978000;21780633333;22280633333;1400;1388
3980;21791983000;21780633333;22280633333;1400;1388
3981;21792182000;21780655555;22280655555;982;970
3982;21832586000;21780955555;22280955555;1398;1386
3982;21832615000;21780955555;22280955555;1398;1386
3983;21832624000;21780955555;22280955555;1400;1388
3984;21832629000;21780955555;22280955555;1398;1386
3985;21832633000;21822266666;22322266666;1400;1388
3986;21832636000;21822266666;22322266666;1400;1388
3987;21832640000;21822266666;22322266666;1398;1386
3988;21832643000;21822266666;22322266666;1400;1388
3989;21832646000;21822266666;22322266666;1398;1386
3990;21832649000;21822266666;22322266666;1400;1388
3991;21832653000;21822266666;22322266666;1400;1388
3992;21832656000;21822288888;22322288888;982;970
3983;21832811000;21780955555;22280955555;1400;1388
3984;21832821000;21780955555;22280955555;1398;1386
3985;21833010000;21822266666;22322266666;1400;1388
3986;21833217000;21822266666;22322266666;1400;1388
3987;21833226000;21822266666;22322266666;1398;1386
3988;21833417000;21822266666;22322266666;1400;1388
3989;21833426000;21822266666;22322266666;1398;1386
3990;21833625000;21822266666;22322266666;1400;1388
3991;21833634000;21822266666;22322266666;1400;1388
3992;21833830000;21822288888;22322288888;982;970
3993;21874302000;21822555555;22322555555;1398;1386
3993;21874333000;21822555555;22322555555;1398;1386
3994;21874344000;21822555555;22322555555;1400;1388
3995;21874348000;21822555555;22322555555;1398;1386
3996;21874352000;21863966666;22363966666;1400;1388
3997;21874356000;21863966666;22363966666;1400;1388
3998;21874369000;21863966666;22363966666;1398;1386
3999;21874372000;21863966666;22363966666;1400;1388
4000;21874375000;21863966666;22363966666;1398;1386
4001;21874379000;21863966666;22363966666;1400;1388
4002;21874382000;21863966666;22363966666;1400;1388
4003;21874385000;21863988888;22363988888;982;970
3994;21874506000;21822555555;22322555555;1400;1388
3995;21874516000;21822555555;22322555555;1398;1386
3996;21874705000;21863966666;22363966666;1400;1388
3997;21874902000;21863966666;22363966666;1400;1388
3998;21874907000;21863966666;22363966666;1398;1386
3999;21875112000;21863966666;22363966666;1400;1388
4000;21875118000;21863966666;22363966666;1398;1386
4001;21875303000;21863966666;22363966666;1400;1388
4002;21875515000;21863966666;22363966666;1400;1388
4003;21875520000;21863988888;22363988888;982;970
4004;21915931000;21864255555;22364255555;1398;1386
4004;21915996000;21864255555;22364255555;1398;1386
4005;21916012000;21864255555;22364255555;1400;1388
4006;21916017000;21864255555;22364255555;1398;1386
4009;21916021000;21905600000;22405600000;1398;1386
4010;21916040000;21905600000;22405600000;1400;1388
4011;21916073000;21905600000;22405600000;1398;1386
4012;21916079000;21905600000;22405600000;1400;1388
4013;21916093000;21905600000;22405600000;1400;1388
4014;21916096000;21905622222;22405622222;982;970
4005;21916109000;21864255555;22364255555;1400;1388
4007;21916126000;21905600000;22405600000;1400;1388
4008;21916311000;21905600000;22405600000;1400;1388
4009;21916524000;21905600000;22405600000;1398;1386
4010;21916533000;21905600000;22405600000;1400;1388
4011;21916724000;21905600000;22405600000;1398;1386
4012;21916732000;21905600000;22405600000;1400;1388
4013;21916925000;21905600000;22405600000;1400;1388
4014;21916934000;21905622222;22405622222;982;970
4015;21957641000;21905911111;22405911111;1398;1386
4015;21957671000;21905911111;22405911111;1398;1386
4017;21957749000;21905911111;22405911111;1398;1386
4018;21957784000;21947300000;22447300000;1400;1388
4019;21957789000;21947300000;22447300000;1400;1388
4020;21957804000;21947300000;22447300000;1398;1386
4021;21957808000;21947300000;22447300000;1400;1388
4022;21957812000;21947300000;22447300000;1398;1386
4023;21957816000;21947300000;22447300000;1400;1388
4024;21957820000;21947300000;22447300000;1400;1388
4025;21957823000;21947311111;22447311111;982;970
4016;21957846000;21905911111;22405911111;1400;1388
4017;21957879000;21905911111;22405911111;1398;1386
4018;21958056000;21947300000;22447300000;1400;1388
4019;21958248000;21947300000;22447300000;1400;1388
4020;21958257000;21947300000;22447300000;1398;1386
4021;21958448000;21947300000;22447300000;1400;1388
4022;21958457000;21947300000;22447300000;1398;1386
4023;21958659000;21947300000;22447300000;1400;1388
4024;21958668000;21947300000;22447300000;1400;1388
4025;21958861000;21947311111;22447311111;982;970
4026;21999304000;21947588888;22447588888;1398;1386
4026;21999326000;21947588888;22447588888;1398;1386
4027;21999346000;21947588888;22447588888;1400;1388
4028;21999350000;21947588888;22447588888;1398;1386
4029;21999354000;21988966666;22488966666;1400;1388
4030;21999358000;21988966666;22488966666;1400;1388
4031;21999361000;21988966666;22488966666;1398;1386
4032;21999364000;21988966666;22488966666;1400;1388
4034;21999368000;21988966666;22488966666;1400;1388
4035;21999384000;21988966666;22488966666;1400;1388
4036;21999387000;21988988888;22488988888;982;970
4027;21999509000;21947588888;22447588888;1400;1388
4028;21999519000;21947588888;22447588888;1398;1386
4029;21999698000;21988966666;22488966666;1400;1388
4030;21999904000;21988966666;22488966666;1400;1388
4031;21999909000;21988966666;22488966666;1398;1386
4032;22000102000;21988966666;22488966666;1400;1388
4033;22000107000;21988966666;22488966666;1398;1386
4034;22000307000;21988966666;22488966666;1400;1388
4035;22000312000;21988966666;22488966666;1400;1388
4036;22000516000;21988988888;22488988888;982;970
4037;22040937000;21989277777;22489277777;1398;1386
4037;22040974000;21989277777;22489277777;1398;1386
4038;22040984000;21989277777;22489277777;1400;1388
4039;22040988000;21989277777;22489277777;1398;1386
4040;22041010000;22030600000;22530600000;1400;1388
4041;22041014000;22030600000;22530600000;1400;1388
4042;22041018000;22030600000;22530600000;1398;1386
4044;22041021000;22030600000;22530600000;1398;1386
4045;22041037000;22030600000;22530600000;1400;1388
4046;22041040000;22030600000;22530600000;1400;1388
4047;22041052000;22030622222;22530622222;982;970
4038;22041133000;21989277777;22489277777;1400;1388
4040;22041346000;22030600000;22530600000;1400;1388
4041;22041352000;22030600000;22530600000;1400;1388
4042;22041549000;22030600000;22530600000;1398;1386
4043;22041554000;22030600000;22530600000;1400;1388
4044;22041740000;22030600000;22530600000;1398;1386
4045;22041745000;22030600000;22530600000;1400;1388
4046;22041953000;22030600000;22530600000;1400;1388
4047;22041958000;22030622222;22530622222;982;970
4048;22082632000;22030911111;22530911111;1398;1386
4048;22082645000;22030911111;22530911111;1398;1386
4049;22082664000;22030911111;22530911111;1400;1388
4051;22082668000;22072300000;22572300000;1400;1388
4052;22082685000;22072300000;22572300000;1400;1388
4053;22082689000;22072300000;22572300000;1398;1386
4054;22082692000;22072300000;22572300000;1400;1388
4055;22082696000;22072300000;22572300000;1398;1386
4056;22082699000;22072300000;22572300000;1400;1388
4058;22082702000;22072322222;22572322222;982;970
4049;22082841000;22030911111;22530911111;1400;1388
4050;22082851000;22030911111;22530911111;1398;1386
4051;22083031000;22072300000;22572300000;1400;1388
4052;22083236000;22072300000;22572300000;1400;1388
4053;22083242000;22072300000;22572300000;1398;1386
4054;22083435000;22072300000;22572300000;1400;1388
4055;22083440000;22072300000;22572300000;1398;1386
4056;22083644000;22072300000;22572300000;1400;1388
4057;22083649000;22072300000;22572300000;1400;1388
4060;22124310000;22072588888;22572588888;1400;1388
4059;22124347000;22072588888;22572588888;1398;1386
4060;22124368000;22072588888;22572588888;1400;1388
4061;22124372000;22072588888;22572588888;1398;1386
4062;22124376000;22113966666;22613966666;1400;1388
4063;22124389000;22113966666;22613966666;1400;1388
4064;22124393000;22113966666;22613966666;1398;1386
4065;22124396000;22113966666;22613966666;1400;1388
4066;22124399000;22113966666;22613966666;1398;1386
4067;22124402000;22113966666;22613966666;1400;1388
4068;22124406000;22113966666;22613966666;1400;1388
4069;22124409000;22113988888;22613988888;982;970
4061;22124501000;22072588888;22572588888;1398;1386
4062;22124507000;22113966666;22613966666;1400;1388
4063;22124699000;22113966666;22613966666;1400;1388
4064;22124905000;22113966666;22613966666;1398;1386
4065;22124910000;22113966666;22613966666;1400;1388
4066;22125119000;22113966666;22613966666;1398;1386
4067;22125124000;22113966666;22613966666;1400;1388
4068;22125309000;22113966666;22613966666;1400;1388
4069;22125314000;22113988888;22613988888;982;970
4070;22165956000;22114233333;22614233333;1398;1386
4070;22165983000;22114233333;22614233333;1398;1386
4071;22165993000;22114233333;22614233333;1400;1388
4072;22165997000;22114233333;22614233333;1398;1386
4073;22166000000;22155633333;22655633333;1400;1388
4074;22166004000;22155633333;22655633333;1400;1388
4075;22166008000;22155633333;22655633333;1398;1386
4076;22166011000;22155633333;22655633333;1400;1388
4077;22166015000;22155633333;22655633333;1398;1386
4078;22166018000;22155633333;22655633333;1400;1388
4079;22166021000;22155633333;22655633333;1400;1388
4080;22166024000;22155655555;22655655555;982;970
4071;22166163000;22114233333;22614233333;1400;1388
4072;22166169000;22114233333;22614233333;1398;1386
4073;22166356000;22155633333;22655633333;1400;1388
4074;22166568000;22155633333;22655633333;1400;1388
4075;22166573000;22155633333;22655633333;1398;1386
4076;22166769000;22155633333;22655633333;1400;1388
4077;22166774000;22155633333;22655633333;1398;1386
4079;22166971000;22155633333;22655633333;1400;1388
4080;22166976000;22155655555;22655655555;982;970
4081;22207591000;22155933333;22655933333;1398;1386
4081;22207608000;22155933333;22655933333;1398;1386
4082;22207628000;22155933333;22655933333;1400;1388
4083;22207632000;22155933333;22655933333;1398;1386
4084;22207644000;22197266666;22697266666;1400;1388
4085;22207649000;22197266666;22697266666;1400;1388
4086;22207652000;22197266666;22697266666;1398;1386
4087;22207655000;22197266666;22697266666;1400;1388
4088;22207659000;22197266666;22697266666;1398;1386
4089;22207662000;22197266666;22697266666;1400;1388
4082;22207791000;22155933333;22655933333;1400;1388
4083;22207983000;22155933333;22655933333;1398;1386
4088;22207989000;22197266666;22697266666;1398;1386
4089;22208187000;22197266666;22697266666;1400;1388
4090;22208193000;22197266666;22697266666;1400;1388
4091;22208390000;22197288888;22697288888;982;970
4092;22249289000;22197566666;22697566666;1398;1386
4092;22249320000;22197566666;22697566666;1398;1386
4093;22249332000;22197566666;22697566666;1400;1388
4094;22249336000;22197566666;22697566666;1398;1386
4095;22249341000;22238966666;22738966666;1400;1388
4096;22249345000;22238966666;22738966666;1400;1388
4097;22249348000;22238966666;22738966666;1398;1386
4098;22249352000;22238966666;22738966666;1400;1388
4099;22249355000;22238966666;22738966666;1398;1386
4100;22249358000;22238966666;22738966666;1400;1388
4102;22249361000;22238988888;22738988888;982;970
4093;22249490000;22197566666;22697566666;1400;1388
4094;22249690000;22197566666;22697566666;1398;1386
4095;22249699000;22238966666;22738966666;1400;1388
4096;22249884000;22238966666;22738966666;1400;1388
4097;22249890000;22238966666;22738966666;1398;1386
4099;22250090000;22238966666;22738966666;1398;1386
4100;22250095000;22238966666;22738966666;1400;1388
4101;22250293000;22238966666;22738966666;1400;1388
4102;22250313000;22238988888;22738988888;982;970
4103;22290932000;22239255555;22739255555;1398;1386
4103;22290963000;22239255555;22739255555;1398;1386
4104;22290975000;22239255555;22739255555;1400;1388
4105;22290979000;22239255555;22739255555;1398;1386
4107;22290983000;22280600000;22780600000;1400;1388
4108;22290990000;22280600000;22780600000;1398;1386
4109;22291003000;22280600000;22780600000;1400;1388
4110;22291007000;22280600000;22780600000;1398;1386
4111;22291011000;22280600000;22780600000;1400;1388
4112;22291014000;22280600000;22780600000;1400;1388
4113;22291017000;22280622222;22780622222;982;970
4105;22291115000;22239255555;22739255555;1398;1386
4106;22291315000;22280600000;22780600000;1400;1388
4109;22291336000;22280600000;22780600000;1400;1388
4110;22291539000;22280600000;22780600000;1398;1386
4111;22291544000;22280600000;22780600000;1400;1388
4112;22291742000;22280600000;22780600000;1400;1388
4113;22291747000;22280622222;22780622222;982;970
4114;22332624000;22280911111;22780911111;1398;1386
4114;22332640000;22280911111;22780911111;1398;1386
4115;22332659000;22280911111;22780911111;1400;1388
4116;22332663000;22280911111;22780911111;1398;1386
4117;22332667000;22322300000;22822300000;1400;1388
4118;22332670000;22322300000;22822300000;1400;1388
4119;22332674000;22322300000;22822300000;1398;1386
4120;22332677000;22322300000;22822300000;1400;1388
4121;22332681000;22322300000;22822300000;1398;1386
4122;22332684000;22322300000;22822300000;1400;1388
4123;22332687000;22322300000;22822300000;1400;1388
4115;22332831000;22280911111;22780911111;1400;1388
4116;22332837000;22280911111;22780911111;1398;1386
4117;22333030000;22322300000;22822300000;1400;1388
4118;22333235000;22322300000;22822300000;1400;1388
4119;22333241000;22322300000;22822300000;1398;1386
4120;22333435000;22322300000;22822300000;1400;1388
4121;22333440000;22322300000;22822300000;1398;1386
4122;22333646000;22322300000;22822300000;1400;1388
4123;22333651000;22322300000;22822300000;1400;1388
4124;22333848000;22322311111;22822311111;982;970
4125;22374294000;22322600000;22822600000;1398;1386
4125;22374309000;22322600000;22822600000;1398;1386
4126;22374329000;22322600000;22822600000;1400;1388
4127;22374333000;22322600000;22822600000;1398;1386
4128;22374337000;22363966666;22863966666;1400;1388
4129;22374340000;22363966666;22863966666;1400;1388
4130;22374344000;22363966666;22863966666;1398;1386
4131;22374347000;22363966666;22863966666;1400;1388
4132;22374350000;22363966666;22863966666;1398;1386
4133;22374375000;22363966666;22863966666;1400;1388
4134;22374379000;22363966666;22863966666;1400;1388
4135;22374382000;22363988888;22863988888;982;970
4126;22374497000;22322600000;22822600000;1400;1388
4127;22374503000;22322600000;22822600000;1398;1386
4130;22374699000;22363966666;22863966666;1398;1386
4131;22374902000;22363966666;22863966666;1400;1388
4132;22374907000;22363966666;22863966666;1398;1386
4133;22375103000;22363966666;22863966666;1400;1388
4134;22375107000;22363966666;22863966666;1400;1388
4135;22375304000;22363988888;22863988888;982;970
4136;22415968000;22364277777;22864277777;1398;1386
4136;22415994000;22364277777;22864277777;1398;1386
4137;22416013000;22364277777;22864277777;1400;1388
4138;22416017000;22364277777;22864277777;1398;1386
4139;22416021000;22405633333;22905633333;1400;1388
4140;22416024000;22405633333;22905633333;1400;1388
4141;22416028000;22405633333;22905633333;1398;1386
4142;22416031000;22405633333;22905633333;1400;1388
4143;22416034000;22405633333;22905633333;1398;1386
4144;22416037000;22405633333;22905633333;1400;1388
4145;22416040000;22405633333;22905633333;1400;1388
4146;22416055000;22405655555;22905655555;982;970
4137;22416175000;22364277777;22864277777;1400;1388
4138;22416185000;22364277777;22864277777;1398;1386
4139;22416365000;22405633333;22905633333;1400;1388
4140;22416569000;22405633333;22905633333;1400;1388
4141;22416574000;22405633333;22905633333;1398;1386
4142;22416771000;22405633333;22905633333;1400;1388
4143;22416776000;22405633333;22905633333;1398;1386
4144;22416980000;22405633333;22905633333;1400;1388
4145;22416984000;22405633333;22905633333;1400;1388
4146;22417183000;22405655555;22905655555;982;970
4147;22457608000;22405944444;22905944444;1398;1386
4147;22457623000;22405944444;22905944444;1398;1386
4148;22457642000;22405944444;22905944444;1400;1388
4149;22457647000;22405944444;22905944444;1398;1386
4150;22457651000;22447266666;22947266666;1400;1388
4151;22457654000;22447266666;22947266666;1400;1388
4152;22457658000;22447266666;22947266666;1398;1386
4153;22457661000;22447266666;22947266666;1400;1388
4154;22457664000;22447266666;22947266666;1398;1386
4155;22457668000;22447266666;22947266666;1400;1388
4156;22457671000;22447266666;22947266666;1400;1388
4157;22457674000;22447288888;22947288888;982;970
4148;22457802000;22405944444;22905944444;1400;1388
4149;22457808000;22405944444;22905944444;1398;1386
4150;22458003000;22447266666;22947266666;1400;1388
4151;22458218000;22447266666;22947266666;1400;1388
4152;22458223000;22447266666;22947266666;1398;1386
4153;22458416000;22447266666;22947266666;1400;1388
4154;22458421000;22447266666;22947266666;1398;1386
4155;22458627000;22447266666;22947266666;1400;1388
4156;22458632000;22447266666;22947266666;1400;1388
4157;22458831000;22447288888;22947288888;982;970
4159;22499290000;22447555555;22947555555;1400;1388
4158;22499319000;22447555555;22947555555;1398;1386
4159;22499345000;22447555555;22947555555;1400;1388
4160;22499350000;22447555555;22947555555;1398;1386
4161;22499355000;22488966666;22988966666;1400;1388
4162;22499359000;22488966666;22988966666;1400;1388
4163;22499372000;22488966666;22988966666;1398;1386
4164;22499375000;22488966666;22988966666;1400;1388
4165;22499379000;22488966666;22988966666;1398;1386
4166;22499392000;22488966666;22988966666;1400;1388
4167;22499395000;22488966666;22988966666;1400;1388
4168;22499398000;22488988888;22988988888;982;970
4160;22499499000;22447555555;22947555555;1398;1386
4161;22499505000;22488966666;22988966666;1400;1388
4162;22499708000;22488966666;22988966666;1400;1388
4163;22499913000;22488966666;22988966666;1398;1386
4164;22499918000;22488966666;22988966666;1400;1388
4165;22500114000;22488966666;22988966666;1398;1386
4166;22500119000;22488966666;22988966666;1400;1388
4167;22500305000;22488966666;22988966666;1400;1388
4168;22500309000;22488988888;22988988888;982;970
4169;22540928000;22489266666;22989266666;1398;1386
4170;22540950000;22489266666;22989266666;1400;1388
4171;22540954000;22489266666;22989266666;1398;1386
4172;22540967000;22530600000;23030600000;1400;1388
4169;22540978000;22489266666;22989266666;1398;1386
4175;22541059000;22530600000;23030600000;1400;1388
4176;22541085000;22530600000;23030600000;1398;1386
4177;22541101000;22530600000;23030600000;1400;1388
4178;22541105000;22530600000;23030600000;1400;1388
4179;22541108000;22530622222;23030622222;982;970
4170;22541147000;22489266666;22989266666;1400;1388
4171;22541340000;22489266666;22989266666;1398;1386
4172;22541349000;22530600000;23030600000;1400;1388
4173;22541551000;22530600000;23030600000;1400;1388
4175;22541574000;22530600000;23030600000;1400;1388
4176;22541752000;22530600000;23030600000;1398;1386
4177;22541761000;22530600000;23030600000;1400;1388
4178;22541953000;22530600000;23030600000;1400;1388
4179;22541962000;22530622222;23030622222;982;970
4180;22582648000;22530922222;23030922222;1398;1386
4181;22582668000;22530922222;23030922222;1400;1388
4182;22582672000;22530922222;23030922222;1398;1386
4183;22582686000;22572300000;23072300000;1400;1388
4180;22582698000;22530922222;23030922222;1398;1386
4184;22582772000;22572300000;23072300000;1400;1388
4185;22582796000;22572300000;23072300000;1398;1386
4186;22582800000;22572300000;23072300000;1400;1388
4187;22582803000;22572300000;23072300000;1398;1386
4181;22582832000;22530922222;23030922222;1400;1388
4182;22583041000;22530922222;23030922222;1398;1386
4183;22583063000;22572300000;23072300000;1400;1388
4184;22583246000;22572300000;23072300000;1400;1388
4185;22583255000;22572300000;23072300000;1398;1386
4186;22583447000;22572300000;23072300000;1400;1388
4187;22583455000;22572300000;23072300000;1398;1386
4188;22583655000;22572300000;23072300000;1400;1388
4189;22583663000;22572300000;23072300000;1400;1388
4190;22583860000;22572322222;23072322222;982;970
4192;22624307000;22572600000;23072600000;1400;1388
4191;22624341000;22572600000;23072600000;1398;1386
4192;22624379000;22572600000;23072600000;1400;1388
4193;22624395000;22572600000;23072600000;1398;1386
4194;22624399000;22613966666;23113966666;1400;1388
4195;22624403000;22613966666;23113966666;1400;1388
4196;22624407000;22613966666;23113966666;1398;1386
4197;22624410000;22613966666;23113966666;1400;1388
4198;22624414000;22613966666;23113966666;1398;1386
4199;22624417000;22613966666;23113966666;1400;1388
4200;22624421000;22613966666;23113966666;1400;1388
4201;22624434000;22613988888;23113988888;982;970
4193;22624525000;22572600000;23072600000;1398;1386
4194;22624535000;22613966666;23113966666;1400;1388
4195;22624699000;22613966666;23113966666;1400;1388
4196;22624904000;22613966666;23113966666;1398;1386
4197;22624909000;22613966666;23113966666;1400;1388
4198;22625105000;22613966666;23113966666;1398;1386
4199;22625110000;22613966666;23113966666;1400;1388
4200;22625317000;22613966666;23113966666;1400;1388
4201;22625322000;22613988888;23113988888;982;970
4202;22665961000;22614244444;23114244444;1398;1386
4202;22665978000;22614244444;23114244444;1398;1386
4204;22665998000;22614244444;23114244444;1398;1386
4205;22666015000;22655633333;23155633333;1400;1388
4207;22666020000;22655633333;23155633333;1398;1386
4208;22666032000;22655633333;23155633333;1400;1388
4209;22666036000;22655633333;23155633333;1398;1386
4210;22666057000;22655633333;23155633333;1400;1388
4212;22666061000;22655655555;23155655555;982;970
4203;22666174000;22614244444;23114244444;1400;1388
4204;22666198000;22614244444;23114244444;1398;1386
4205;22666364000;22655633333;23155633333;1400;1388
4206;22666579000;22655633333;23155633333;1400;1388
4207;22666603000;22655633333;23155633333;1398;1386
4208;22666781000;22655633333;23155633333;1400;1388
4209;22666789000;22655633333;23155633333;1398;1386
4210;22666990000;22655633333;23155633333;1400;1388
4211;22666998000;22655633333;23155633333;1400;1388
4212;22667194000;22655655555;23155655555;982;970
4213;22707644000;22655955555;23155955555;1398;1386
4213;22707718000;22655955555;23155955555;1398;1386
4214;22707735000;22655955555;23155955555;1400;1388
4215;22707740000;22655955555;23155955555;1398;1386
4216;22707744000;22697266666;23197266666;1400;1388
4217;22707750000;22697266666;23197266666;1400;1388
4219;22707765000;22697266666;23197266666;1400;1388
4214;22707817000;22655955555;23155955555;1400;1388
4220;22707897000;22697266666;23197266666;1398;1386
4222;22707911000;22697266666;23197266666;1400;1388
4223;22707916000;22697288888;23197288888;982;970
4215;22708007000;22655955555;23155955555;1398;1386
4216;22708017000;22697266666;23197266666;1400;1388
4217;22708207000;22697266666;23197266666;1400;1388
4218;22708216000;22697266666;23197266666;1398;1386
4219;22708411000;22697266666;23197266666;1400;1388
4220;22708420000;22697266666;23197266666;1398;1386
4221;22708614000;22697266666;23197266666;1400;1388
4222;22708821000;22697266666;23197266666;1400;1388
4223;22708829000;22697288888;23197288888;982;970
4224;22749153000;22697577777;23197577777;1398;1386
4225;22749163000;22697577777;23197577777;1400;1388
4227;22749167000;22738966666;23238966666;1400;1388
4228;22749186000;22738966666;23238966666;1400;1388
4229;22749190000;22738966666;23238966666;1398;1386
4230;22749200000;22738966666;23238966666;1400;1388
4231;22749203000;22738966666;23238966666;1398;1386
4233;22749207000;22738966666;23238966666;1400;1388
4234;22749220000;22738977777;23238977777;982;970
4224;22749292000;22697577777;23197577777;1398;1386
4225;22749504000;22697577777;23197577777;1400;1388
4226;22749513000;22697577777;23197577777;1398;1386
4227;22749707000;22738966666;23238966666;1400;1388
4228;22749904000;22738966666;23238966666;1400;1388
4229;22749910000;22738966666;23238966666;1398;1386
4230;22750103000;22738966666;23238966666;1400;1388
4231;22750108000;22738966666;23238966666;1398;1386
4232;22750303000;22738966666;23238966666;1400;1388
4233;22750518000;22738966666;23238966666;1400;1388
4234;22750523000;22738977777;23238977777;982;970
4235;22790963000;22739266666;23239266666;1398;1386
4235;22791002000;22739266666;23239266666;1398;1386
4236;22791011000;22739266666;23239266666;1400;1388
4237;22791016000;22739266666;23239266666;1398;1386
4238;22791019000;22780633333;23280633333;1400;1388
4239;22791023000;22780633333;23280633333;1400;1388
4240;22791026000;22780633333;23280633333;1398;1386
4241;22791030000;22780633333;23280633333;1400;1388
4242;22791033000;22780633333;23280633333;1398;1386
4243;22791036000;22780633333;23280633333;1400;1388
4244;22791040000;22780633333;23280633333;1400;1388
4245;22791056000;22780644444;23280644444;982;970
4236;22791163000;22739266666;23239266666;1400;1388
4237;22791169000;22739266666;23239266666;1398;1386
4238;22791374000;22780633333;23280633333;1400;1388
4240;22791580000;22780633333;23280633333;1398;1386
4241;22791585000;22780633333;23280633333;1400;1388
4242;22791769000;22780633333;23280633333;1398;1386
4243;22791774000;22780633333;23280633333;1400;1388
4244;22791987000;22780633333;23280633333;1400;1388
4246;22832637000;22780955555;23280955555;1398;1386
4246;22832659000;22780955555;23280955555;1398;1386
4247;22832679000;22780955555;23280955555;1400;1388
4248;22832684000;22780955555;23280955555;1398;1386
4249;22832687000;22822300000;23322300000;1400;1388
4250;22832691000;22822300000;23322300000;1400;1388
4252;22832694000;22822300000;23322300000;1400;1388
4253;22832700000;22822300000;23322300000;1398;1386
4254;22832714000;22822300000;23322300000;1400;1388
4255;22832718000;22822300000;23322300000;1400;1388
4256;22832730000;22822322222;23322322222;982;970
4247;22832845000;22780955555;23280955555;1400;1388
4248;22832854000;22780955555;23280955555;1398;1386
4249;22833055000;22822300000;23322300000;1400;1388
4250;22833249000;22822300000;23322300000;1400;1388
4251;22833257000;22822300000;23322300000;1398;1386
4252;22833449000;22822300000;23322300000;1400;1388
4253;22833458000;22822300000;23322300000;1398;1386
4254;22833658000;22822300000;23322300000;1400;1388
4255;22833667000;22822300000;23322300000;1400;1388
4256;22833862000;22822322222;23322322222;982;970
4258;22874274000;22822600000;23322600000;1400;1388
4257;22874301000;22822600000;23322600000;1398;1386
4258;22874340000;22822600000;23322600000;1400;1388
4260;22874344000;22863933333;23363933333;1400;1388
4261;22874360000;22863933333;23363933333;1400;1388
4262;22874364000;22863933333;23363933333;1398;1386
4263;22874368000;22863933333;23363933333;1400;1388
4264;22874397000;22863933333;23363933333;1398;1386
4265;22874401000;22863933333;23363933333;1400;1388
4266;22874404000;22863933333;23363933333;1400;1388
4267;22874417000;22863955555;23363955555;982;970
4259;22874482000;22822600000;23322600000;1398;1386
4260;22874670000;22863933333;23363933333;1400;1388
4261;22874676000;22863933333;23363933333;1400;1388
4262;22874878000;22863933333;23363933333;1398;1386
4263;22874883000;22863933333;23363933333;1400;1388
4264;22875075000;22863933333;23363933333;1398;1386
4265;22875079000;22863933333;23363933333;1400;1388
4266;22875275000;22863933333;23363933333;1400;1388
4267;22875280000;22863955555;23363955555;982;970
4269;22915939000;22864233333;23364233333;1400;1388
4268;22915963000;22864233333;23364233333;1398;1386
4269;22915998000;22864233333;23364233333;1400;1388
4270;22916003000;22864233333;23364233333;1398;1386
4271;22916008000;22905600000;23405600000;1400;1388
4272;22916012000;22905600000;23405600000;1400;1388
4273;22916016000;22905600000;23405600000;1398;1386
4274;22916029000;22905600000;23405600000;1400;1388
4275;22916032000;22905600000;23405600000;1398;1386
4276;22916054000;22905600000;23405600000;1400;1388
4270;22916128000;22864233333;23364233333;1398;1386
4271;22916134000;22905600000;23405600000;1400;1388
4272;22916335000;22905600000;23405600000;1400;1388
4273;22916540000;22905600000;23405600000;1398;1386
4274;22916544000;22905600000;23405600000;1400;1388
4275;22916740000;22905600000;23405600000;1398;1386
4276;22916745000;22905600000;23405600000;1400;1388
4277;22916945000;22905600000;23405600000;1400;1388
4278;22916950000;22905622222;23405622222;982;970
4279;22957634000;22905922222;23405922222;1398;1386
4279;22957648000;22905922222;23405922222;1398;1386
4280;22957667000;22905922222;23405922222;1400;1388
4281;22957671000;22905922222;23405922222;1398;1386
4282;22957675000;22947300000;23447300000;1400;1388
4283;22957679000;22947300000;23447300000;1400;1388
4284;22957683000;22947300000;23447300000;1398;1386
4285;22957686000;22947300000;23447300000;1400;1388
4289;22957689000;22947322222;23447322222;982;970
4280;22957829000;22905922222;23405922222;1400;1388
4281;22958032000;22905922222;23405922222;1398;1386
4282;22958037000;22947300000;23447300000;1400;1388
4283;22958234000;22947300000;23447300000;1400;1388
4284;22958239000;22947300000;23447300000;1398;1386
4285;22958435000;22947300000;23447300000;1400;1388
4286;22958439000;22947300000;23447300000;1398;1386
4287;22958644000;22947300000;23447300000;1400;1388
4288;22958661000;22947300000;23447300000;1400;1388
4289;22958848000;22947322222;23447322222;982;970
4290;22999259000;22947600000;23447600000;1398;1386
4290;22999275000;22947600000;23447600000;1398;1386
4291;22999295000;22947600000;23447600000;1400;1388
4292;22999300000;22947600000;23447600000;1398;1386
4293;22999303000;22988933333;23488933333;1400;1388
4294;22999307000;22988933333;23488933333;1400;1388
4295;22999311000;22988933333;23488933333;1398;1386
4296;22999314000;22988933333;23488933333;1400;1388
4297;22999317000;22988933333;23488933333;1398;1386
4298;22999320000;22988933333;23488933333;1400;1388
4299;22999323000;22988933333;23488933333;1400;1388
4291;22999446000;22947600000;23447600000;1400;1388
4292;22999649000;22947600000;23447600000;1398;1386
4293;22999654000;22988933333;23488933333;1400;1388
4294;22999853000;22988933333;23488933333;1400;1388
4295;22999859000;22988933333;23488933333;1398;1386
4296;23000095000;22988933333;23488933333;1400;1388
4298;23000100000;22988933333;23488933333;1400;1388
4299;23000275000;22988933333;23488933333;1400;1388
4300;23000279000;22988955555;23488955555;982;970
4301;23040965000;22989255555;23489255555;1398;1386
4301;23040986000;22989255555;23489255555;1398;1386
4302;23041055000;22989255555;23489255555;1400;1388
4303;23041068000;22989255555;23489255555;1398;1386
4305;23041073000;23030633333;23530633333;1400;1388
4306;23041091000;23030633333;23530633333;1398;1386
4307;23041095000;23030633333;23530633333;1400;1388
4308;23041098000;23030633333;23530633333;1398;1386
4309;23041102000;23030633333;23530633333;1400;1388
4310;23041124000;23030633333;23530633333;1400;1388
4311;23041128000;23030644444;23530644444;982;970
4302;23041184000;22989255555;23489255555;1400;1388
4303;23041194000;22989255555;23489255555;1398;1386
4304;23041357000;23030633333;23530633333;1400;1388
4305;23041582000;23030633333;23530633333;1400;1388
4307;23041590000;23030633333;23530633333;1400;1388
4308;23041782000;23030633333;23530633333;1398;1386
4309;23041790000;23030633333;23530633333;1400;1388
4310;23041984000;23030633333;23530633333;1400;1388
4311;23041993000;23030644444;23530644444;982;970
4312;23082628000;23030955555;23530955555;1398;1386
4312;23082645000;23030955555;23530955555;1398;1386
4313;23082718000;23030955555;23530955555;1400;1388
4314;23082731000;23030955555;23530955555;1398;1386
4315;23082736000;23072300000;23572300000;1400;1388
4316;23082739000;23072300000;23572300000;1400;1388
4317;23082743000;23072300000;23572300000;1398;1386
4318;23082746000;23072300000;23572300000;1400;1388
4319;23082749000;23072300000;23572300000;1398;1386
4320;23082752000;23072300000;23572300000;1400;1388
4321;23082755000;23072300000;23572300000;1400;1388
4322;23082759000;23072322222;23572322222;982;970
4313;23082834000;23030955555;23530955555;1400;1388
4314;23082843000;23030955555;23530955555;1398;1386
4315;23083040000;23072300000;23572300000;1400;1388
4316;23083245000;23072300000;23572300000;1400;1388
4317;23083254000;23072300000;23572300000;1398;1386
4318;23083448000;23072300000;23572300000;1400;1388
4319;23083457000;23072300000;23572300000;1398;1386
4320;23083655000;23072300000;23572300000;1400;1388
4321;23083664000;23072300000;23572300000;1400;1388
4322;23083859000;23072322222;23572322222;982;970
4323;23124311000;23072600000;23572600000;1398;1386
4323;23124375000;23072600000;23572600000;1398;1386
4324;23124389000;23072600000;23572600000;1400;1388
4325;23124394000;23072600000;23572600000;1398;1386
4326;23124398000;23113933333;23613933333;1400;1388
4327;23124402000;23113933333;23613933333;1400;1388
4328;23124406000;23113933333;23613933333;1398;1386
4329;23124409000;23113933333;23613933333;1400;1388
4330;23124413000;23113933333;23613933333;1398;1386
4331;23124416000;23113933333;23613933333;1400;1388
4324;23124470000;23072600000;23572600000;1400;1388
4325;23124679000;23072600000;23572600000;1398;1386
4326;23124689000;23113933333;23613933333;1400;1388
4327;23124884000;23113933333;23613933333;1400;1388
4328;23124893000;23113933333;23613933333;1398;1386
4329;23125085000;23113933333;23613933333;1400;1388
4330;23125093000;23113933333;23613933333;1398;1386
4332;23125286000;23113933333;23613933333;1400;1388
4333;23125294000;23113955555;23613955555;982;970
4334;23165968000;23114222222;23614222222;1398;1386
4335;23165991000;23114222222;23614222222;1400;1388
4336;23165995000;23114222222;23614222222;1398;1386
4337;23166009000;23155633333;23655633333;1400;1388
4334;23166022000;23114222222;23614222222;1398;1386
4338;23166072000;23155633333;23655633333;1400;1388
4339;23166095000;23155633333;23655633333;1398;1386
4340;23166099000;23155633333;23655633333;1400;1388
4341;23166103000;23155633333;23655633333;1398;1386
4342;23166107000;23155633333;23655633333;1400;1388
4343;23166111000;23155633333;23655633333;1400;1388
4344;23166114000;23155644444;23655644444;982;970
4335;23166165000;23114222222;23614222222;1400;1388
4336;23166357000;23114222222;23614222222;1398;1386
4337;23166366000;23155633333;23655633333;1400;1388
4339;23166561000;23155633333;23655633333;1398;1386
4340;23166570000;23155633333;23655633333;1400;1388
4341;23166767000;23155633333;23655633333;1398;1386
4343;23166775000;23155633333;23655633333;1400;1388
4345;23207628000;23155944444;23655944444;1398;1386
4345;23207640000;23155944444;23655944444;1398;1386
4346;23207655000;23155944444;23655944444;1400;1388
4349;23207662000;23197300000;23697300000;1400;1388
4350;23207679000;23197300000;23697300000;1398;1386
4351;23207692000;23197300000;23697300000;1400;1388
4352;23207696000;23197300000;23697300000;1398;1386
4353;23207743000;23197300000;23697300000;1400;1388
4354;23207746000;23197300000;23697300000;1400;1388
4355;23207750000;23197311111;23697311111;982;970
4346;23207839000;23155944444;23655944444;1400;1388
4347;23207848000;23155944444;23655944444;1398;1386
4348;23208041000;23197300000;23697300000;1400;1388
4349;23208248000;23197300000;23697300000;1400;1388
4350;23208257000;23197300000;23697300000;1398;1386
4351;23208449000;23197300000;23697300000;1400;1388
4352;23208457000;23197300000;23697300000;1398;1386
4353;23208656000;23197300000;23697300000;1400;1388
4354;23208665000;23197300000;23697300000;1400;1388
4355;23208860000;23197311111;23697311111;982;970
4356;23249293000;23197600000;23697600000;1398;1386
4356;23249306000;23197600000;23697600000;1398;1386
4357;23249326000;23197600000;23697600000;1400;1388
4358;23249331000;23197600000;23697600000;1398;1386
4359;23249335000;23238966666;23738966666;1400;1388
4360;23249339000;23238966666;23738966666;1400;1388
4361;23249343000;23238966666;23738966666;1398;1386
4362;23249346000;23238966666;23738966666;1400;1388
4363;23249350000;23238966666;23738966666;1398;1386
4364;23249353000;23238966666;23738966666;1400;1388
4365;23249356000;23238966666;23738966666;1400;1388
4366;23249360000;23238988888;23738988888;982;970
4357;23249478000;23197600000;23697600000;1400;1388
4358;23249680000;23197600000;23697600000;1398;1386
4359;23249685000;23238966666;23738966666;1400;1388
4360;23249883000;23238966666;23738966666;1400;1388
4361;23249889000;23238966666;23738966666;1398;1386
4362;23250088000;23238966666;23738966666;1400;1388
4363;23250093000;23238966666;23738966666;1398;1386
4364;23250293000;23238966666;23738966666;1400;1388
4366;23250298000;23238988888;23738988888;982;970
4367;23290932000;23239266666;23739266666;1398;1386
4367;23290964000;23239266666;23739266666;1398;1386
4368;23290975000;23239266666;23739266666;1400;1388
4369;23290980000;23239266666;23739266666;1398;1386
4370;23290983000;23280600000;23780600000;1400;1388
4371;23290987000;23280600000;23780600000;1400;1388
4372;23290991000;23280600000;23780600000;1398;1386
4373;23290994000;23280600000;23780600000;1400;1388
4374;23290998000;23280600000;23780600000;1398;1386
4375;23291001000;23280600000;23780600000;1400;1388
4376;23291004000;23280600000;23780600000;1400;1388
4377;23291008000;23280622222;23780622222;982;970
4368;23291117000;23239266666;23739266666;1400;1388
4369;23291319000;23239266666;23739266666;1398;1386
4370;23291324000;23280600000;23780600000;1400;1388
4371;23291523000;23280600000;23780600000;1400;1388
4372;23291528000;23280600000;23780600000;1398;1386
4373;23291728000;23280600000;23780600000;1400;1388
4374;23291733000;23280600000;23780600000;1398;1386
4375;23291932000;23280600000;23780600000;1400;1388
4376;23292138000;23280600000;23780600000;1400;1388
4377;23292143000;23280622222;23780622222;982;970
4378;23332627000;23280933333;23780933333;1398;1386
4378;23332660000;23280933333;23780933333;1398;1386
4379;23332671000;23280933333;23780933333;1400;1388
4380;23332676000;23280933333;23780933333;1398;1386
4381;23332680000;23322300000;23822300000;1400;1388
4382;23332684000;23322300000;23822300000;1400;1388
4383;23332687000;23322300000;23822300000;1398;1386
4384;23332690000;23322300000;23822300000;1400;1388
4385;23332694000;23322300000;23822300000;1398;1386
4386;23332697000;23322300000;23822300000;1400;1388
4387;23332701000;23322300000;23822300000;1400;1388
4388;23332704000;23322311111;23822311111;982;970
4379;23332810000;23280933333;23780933333;1400;1388
4381;23333013000;23322300000;23822300000;1400;1388
4382;23333018000;23322300000;23822300000;1400;1388
4383;23333218000;23322300000;23822300000;1398;1386
4384;23333223000;23322300000;23822300000;1400;1388
4386;23333422000;23322300000;23822300000;1400;1388
4387;23333426000;23322300000;23822300000;1400;1388
4388;23333625000;23322311111;23822311111;982;970
4390;23374295000;23322611111;23822611111;1400;1388
4390;23374329000;23322611111;23822611111;1400;1388
4391;23374360000;23322611111;23822611111;1398;1386
4392;23374365000;23363966666;23863966666;1400;1388
4393;23374369000;23363966666;23863966666;1400;1388
4394;23374372000;23363966666;23863966666;1398;1386
4395;23374376000;23363966666;23863966666;1400;1388
4396;23374380000;23363966666;23863966666;1398;1386
4397;23374392000;23363966666;23863966666;1400;1388
4398;23374395000;23363966666;23863966666;1400;1388
4399;23374398000;23363977777;23863977777;982;970
4391;23374490000;23322611111;23822611111;1398;1386
4392;23374682000;23363966666;23863966666;1400;1388
4393;23374688000;23363966666;23863966666;1400;1388
4394;23374884000;23363966666;23863966666;1398;1386
4395;23374890000;23363966666;23863966666;1400;1388
4396;23375090000;23363966666;23863966666;1398;1386
4397;23375095000;23363966666;23863966666;1400;1388
4398;23375293000;23363966666;23863966666;1400;1388
4399;23375298000;23363977777;23863977777;982;970
4400;23415961000;23364277777;23864277777;1398;1386
4401;23415982000;23364277777;23864277777;1400;1388
4402;23415987000;23364277777;23864277777;1398;1386
4403;23416000000;23405633333;23905633333;1400;1388
4404;23416004000;23405633333;23905633333;1400;1388
4400;23416018000;23364277777;23864277777;1398;1386
4405;23416092000;23405633333;23905633333;1398;1386
4406;23416105000;23405633333;23905633333;1400;1388
4407;23416110000;23405633333;23905633333;1398;1386
4408;23416113000;23405633333;23905633333;1400;1388
4409;23416127000;23405633333;23905633333;1400;1388
4410;23416130000;23405644444;23905644444;982;970
4401;23416164000;23364277777;23864277777;1400;1388
4402;23416374000;23364277777;23864277777;1398;1386
4403;23416382000;23405633333;23905633333;1400;1388
4404;23416578000;23405633333;23905633333;1400;1388
4405;23416587000;23405633333;23905633333;1398;1386
4406;23416779000;23405633333;23905633333;1400;1388
4407;23416788000;23405633333;23905633333;1398;1386
4410;23416987000;23405644444;23905644444;982;970
4411;23457642000;23405933333;23905933333;1398;1386
4411;23457665000;23405933333;23905933333;1398;1386
4412;23457685000;23405933333;23905933333;1400;1388
4413;23457689000;23405933333;23905933333;1398;1386
4414;23457693000;23447300000;23947300000;1400;1388
4415;23457696000;23447300000;23947300000;1400;1388
4416;23457700000;23447300000;23947300000;1398;1386
4417;23457703000;23447300000;23947300000;1400;1388
4418;23457706000;23447300000;23947300000;1398;1386
4419;23457709000;23447300000;23947300000;1400;1388
4420;23457712000;23447300000;23947300000;1400;1388
4421;23457716000;23447322222;23947322222;982;970
4412;23457842000;23405933333;23905933333;1400;1388
4413;23457851000;23405933333;23905933333;1398;1386
4414;23458042000;23447300000;23947300000;1400;1388
4415;23458240000;23447300000;23947300000;1400;1388
4416;23458246000;23447300000;23947300000;1398;1386
4417;23458436000;23447300000;23947300000;1400;1388
4418;23458441000;23447300000;23947300000;1398;1386
4419;23458647000;23447300000;23947300000;1400;1388
4420;23458652000;23447300000;23947300000;1400;1388
4421;23458849000;23447322222;23947322222;982;970
4422;23499274000;23447588888;23947588888;1398;1386
4422;23499288000;23447588888;23947588888;1398;1386
4423;23499307000;23447588888;23947588888;1400;1388
4426;23499312000;23488933333;23988933333;1400;1388
4427;23499318000;23488933333;23988933333;1398;1386
4428;23499332000;23488933333;23988933333;1400;1388
4429;23499335000;23488933333;23988933333;1398;1386
4430;23499345000;23488933333;23988933333;1400;1388
4431;23499349000;23488933333;23988933333;1400;1388
4432;23499352000;23488955555;23988955555;982;970
4423;23499467000;23447588888;23947588888;1400;1388
4424;23499474000;23447588888;23947588888;1398;1386
4425;23499668000;23488933333;23988933333;1400;1388
4426;23499855000;23488933333;23988933333;1400;1388
4427;23499860000;23488933333;23988933333;1398;1386
4428;23500059000;23488933333;23988933333;1400;1388
4429;23500064000;23488933333;23988933333;1398;1386
4430;23500262000;23488933333;23988933333;1400;1388
4431;23500468000;23488933333;23988933333;1400;1388
4432;23500472000;23488955555;23988955555;982;970
4436;23540959000;23530633333;24030633333;1400;1388
4433;23541003000;23489244444;23989244444;1398;1386
4434;23541029000;23489244444;23989244444;1400;1388
4435;23541069000;23489244444;23989244444;1398;1386
4436;23541089000;23530633333;24030633333;1400;1388
4437;23541093000;23530633333;24030633333;1400;1388
4438;23541115000;23530633333;24030633333;1398;1386
4439;23541119000;23530633333;24030633333;1400;1388
4440;23541122000;23530633333;24030633333;1398;1386
4441;23541136000;23530633333;24030633333;1400;1388
4442;23541139000;23530633333;24030633333;1400;1388
4443;23541143000;23530655555;24030655555;982;970
4437;23541153000;23530633333;24030633333;1400;1388
4438;23541351000;23530633333;24030633333;1398;1386
4439;23541356000;23530633333;24030633333;1400;1388
4442;23541555000;23530633333;24030633333;1400;1388
4443;23541560000;23530655555;24030655555;982;970
4444;23582622000;23530966666;24030966666;1398;1386
4445;23582643000;23530966666;24030966666;1400;1388
4446;23582657000;23530966666;24030966666;1398;1386
4444;23582665000;23530966666;24030966666;1398;1386
4447;23582679000;23572300000;24072300000;1400;1388
4448;23582695000;23572300000;24072300000;1400;1388
4449;23582699000;23572300000;24072300000;1398;1386
4450;23582702000;23572300000;24072300000;1400;1388
4451;23582706000;23572300000;24072300000;1398;1386
4452;23582709000;23572300000;24072300000;1400;1388
4453;23582713000;23572300000;24072300000;1400;1388
4454;23582716000;23572311111;24072311111;982;970
4445;23582840000;23530966666;24030966666;1400;1388
4446;23582849000;23530966666;24030966666;1398;1386
4447;23583040000;23572300000;24072300000;1400;1388
4449;23583246000;23572300000;24072300000;1398;1386
4450;23583254000;23572300000;24072300000;1400;1388
4451;23583448000;23572300000;24072300000;1398;1386
4452;23583457000;23572300000;24072300000;1400;1388
4453;23583650000;23572300000;24072300000;1400;1388
4454;23583658000;23572311111;24072311111;982;970
4455;23624302000;23572600000;24072600000;1398;1386
4455;23624324000;23572600000;24072600000;1398;1386
4456;23624344000;23572600000;24072600000;1400;1388
4457;23624349000;23572600000;24072600000;1398;1386
4458;23624352000;23613966666;24113966666;1400;1388
4459;23624356000;23613966666;24113966666;1400;1388
4460;23624359000;23613966666;24113966666;1398;1386
4461;23624362000;23613966666;24113966666;1400;1388
4462;23624366000;23613966666;24113966666;1398;1386
4463;23624369000;23613966666;24113966666;1400;1388
4464;23624372000;23613966666;24113966666;1400;1388
4465;23624376000;23613988888;24113988888;982;970
4456;23624508000;23572600000;24072600000;1400;1388
4457;23624517000;23572600000;24072600000;1398;1386
4458;23624708000;23613966666;24113966666;1400;1388
4459;23624904000;23613966666;24113966666;1400;1388
4461;23624910000;23613966666;24113966666;1400;1388
4466;23665931000;23614266666;24114266666;1398;1386
4466;23665946000;23614266666;24114266666;1398;1386
4467;23665966000;23614266666;24114266666;1400;1388
4469;23665971000;23655600000;24155600000;1400;1388
4470;23665977000;23655600000;24155600000;1400;1388
4471;23665991000;23655600000;24155600000;1398;1386
4472;23665995000;23655600000;24155600000;1400;1388
4474;23665998000;23655600000;24155600000;1400;1388
4475;23666002000;23655600000;24155600000;1400;1388
4476;23666006000;23655622222;24155622222;982;970
4470;23666118000;23655600000;24155600000;1400;1388
4472;23666317000;23655600000;24155600000;1400;1388
4473;23666322000;23655600000;24155600000;1398;1386
4474;23666521000;23655600000;24155600000;1400;1388
4475;23666526000;23655600000;24155600000;1400;1388
4476;23666725000;23655622222;24155622222;982;970
4477;23707626000;23655933333;24155933333;1398;1386
4477;23707652000;23655933333;24155933333;1398;1386
4478;23707671000;23655933333;24155933333;1400;1388
4479;23707675000;23655933333;24155933333;1398;1386
4480;23707679000;23697300000;24197300000;1400;1388
4481;23707683000;23697300000;24197300000;1400;1388
4482;23707686000;23697300000;24197300000;1398;1386
4483;23707690000;23697300000;24197300000;1400;1388
4484;23707702000;23697300000;24197300000;1398;1386
4485;23707706000;23697300000;24197300000;1400;1388
4486;23707709000;23697300000;24197300000;1400;1388
4487;23707712000;23697311111;24197311111;982;970
4478;23707842000;23655933333;24155933333;1400;1388
4479;23707851000;23655933333;24155933333;1398;1386
4480;23708040000;23697300000;24197300000;1400;1388
4483;23708238000;23697300000;24197300000;1400;1388
4484;23708253000;23697300000;24197300000;1398;1386
4485;23708438000;23697300000;24197300000;1400;1388
4486;23708442000;23697300000;24197300000;1400;1388
4487;23708644000;23697311111;24197311111;982;970
4488;23749307000;23697577777;24197577777;1398;1386
4488;23749329000;23697577777;24197577777;1398;1386
4489;23749348000;23697577777;24197577777;1400;1388
4490;23749352000;23697577777;24197577777;1398;1386
4491;23749356000;23738966666;24238966666;1400;1388
4493;23749360000;23738966666;24238966666;1398;1386
4494;23749376000;23738966666;24238966666;1400;1388
4495;23749380000;23738966666;24238966666;1398;1386
4496;23749383000;23738966666;24238966666;1400;1388
4497;23749387000;23738966666;24238966666;1400;1388
4498;23749390000;23738988888;24238988888;982;970
4489;23749508000;23697577777;24197577777;1400;1388
4490;23749517000;23697577777;24197577777;1398;1386
4491;23749697000;23738966666;24238966666;1400;1388
4492;23749904000;23738966666;24238966666;1400;1388
4493;23749924000;23738966666;24238966666;1398;1386
4494;23750105000;23738966666;24238966666;1400;1388
4495;23750110000;23738966666;24238966666;1398;1386
4496;23750304000;23738966666;24238966666;1400;1388
4497;23750516000;23738966666;24238966666;1400;1388
4498;23750520000;23738988888;24238988888;982;970
4499;23790925000;23739244444;24239244444;1398;1386
4499;23790952000;23739244444;24239244444;1398;1386
4500;23790962000;23739244444;24239244444;1400;1388
4501;23790967000;23739244444;24239244444;1398;1386
4502;23790970000;23780600000;24280600000;1400;1388
4504;23790974000;23780600000;24280600000;1398;1386
4505;23790980000;23780600000;24280600000;1400;1388
4506;23790994000;23780600000;24280600000;1398;1386
4507;23790997000;23780600000;24280600000;1400;1388
4508;23791001000;23780600000;24280600000;1400;1388
4509;23791004000;23780622222;24280622222;982;970
4500;23791134000;23739244444;24239244444;1400;1388
4501;23791140000;23739244444;24239244444;1398;1386
4502;23791326000;23780600000;24280600000;1400;1388
4503;23791538000;23780600000;24280600000;1400;1388
4504;23791557000;23780600000;24280600000;1398;1386
4505;23791749000;23780600000;24280600000;1400;1388
4506;23791754000;23780600000;24280600000;1398;1386
4507;23791959000;23780600000;24280600000;1400;1388
4508;23791964000;23780600000;24280600000;1400;1388
4509;23792162000;23780622222;24280622222;982;970
4510;23832615000;23780911111;24280911111;1398;1386
4510;23832637000;23780911111;24280911111;1398;1386
4511;23832656000;23780911111;24280911111;1400;1388
4512;23832661000;23780911111;24280911111;1398;1386
4513;23832665000;23822266666;24322266666;1400;1388
4514;23832669000;23822266666;24322266666;1400;1388
4515;23832672000;23822266666;24322266666;1398;1386
4516;23832675000;23822266666;24322266666;1400;1388
4517;23832678000;23822266666;24322266666;1398;1386
4518;23832682000;23822266666;24322266666;1400;1388
4519;23832685000;23822266666;24322266666;1400;1388
4520;23832688000;23822288888;24322288888;982;970
4511;23832811000;23780911111;24280911111;1400;1388
4512;23832820000;23780911111;24280911111;1398;1386
4513;23833010000;23822266666;24322266666;1400;1388
4514;23833218000;23822266666;24322266666;1400;1388
4515;23833227000;23822266666;24322266666;1398;1386
4517;23833418000;23822266666;24322266666;1398;1386
4518;23833426000;23822266666;24322266666;1400;1388
4519;23833618000;23822266666;24322266666;1400;1388
4520;23833627000;23822288888;24322288888;982;970
4521;23874304000;23822544444;24322544444;1398;1386
4521;23874336000;23822544444;24322544444;1398;1386
4522;23874347000;23822544444;24322544444;1400;1388
4523;23874352000;23822544444;24322544444;1398;1386
4524;23874355000;23863966666;24363966666;1400;1388
4525;23874359000;23863966666;24363966666;1400;1388
4526;23874362000;23863966666;24363966666;1398;1386
4527;23874365000;23863966666;24363966666;1400;1388
4528;23874368000;23863966666;24363966666;1398;1386
4529;23874371000;23863966666;24363966666;1400;1388
4530;23874375000;23863966666;24363966666;1400;1388
4531;23874378000;23863988888;24363988888;982;970
4522;23874509000;23822544444;24322544444;1400;1388
4523;23874527000;23822544444;24322544444;1398;1386
4524;23874707000;23863966666;24363966666;1400;1388
4526;23874914000;23863966666;24363966666;1398;1386
4527;23874923000;23863966666;24363966666;1400;1388
4528;23875117000;23863966666;24363966666;1398;1386
4529;23875125000;23863966666;24363966666;1400;1388
4530;23875317000;23863966666;24363966666;1400;1388
4531;23875325000;23863988888;24363988888;982;970
4532;23916030000;23864244444;24364244444;1398;1386
4533;23916085000;23864244444;24364244444;1400;1388
4535;23916101000;23905633333;24405633333;1400;1388
4536;23916177000;23905633333;24405633333;1400;1388
4534;23916223000;23864244444;24364244444;1398;1386
4535;23916258000;23905633333;24405633333;1400;1388
4536;23916264000;23905633333;24405633333;1400;1388
4538;23916285000;23905633333;24405633333;1400;1388
4539;23916290000;23905633333;24405633333;1398;1386
4540;23916294000;23905633333;24405633333;1400;1388
4541;23916321000;23905633333;24405633333;1400;1388
4542;23916324000;23905644444;24405644444;982;970
4537;23916414000;23905633333;24405633333;1398;1386
4538;23916443000;23905633333;24405633333;1400;1388
4539;23916596000;23905633333;24405633333;1398;1386
4540;23916605000;23905633333;24405633333;1400;1388
4541;23916782000;23905633333;24405633333;1400;1388
4542;23916791000;23905644444;24405644444;982;970
4543;23957617000;23905933333;24405933333;1398;1386
4544;23957636000;23905933333;24405933333;1400;1388
4544;23957708000;23905933333;24405933333;1400;1388
4547;23957720000;23947300000;24447300000;1400;1388
4548;23957739000;23947300000;24447300000;1398;1386
4549;23957742000;23947300000;24447300000;1400;1388
4550;23957746000;23947300000;24447300000;1398;1386
4551;23957749000;23947300000;24447300000;1400;1388
4552;23957752000;23947300000;24447300000;1400;1388
4553;23957756000;23947311111;24447311111;982;970
4545;23957840000;23905933333;24405933333;1398;1386
4546;23957863000;23947300000;24447300000;1400;1388
4547;23958075000;23947300000;24447300000;1400;1388
4548;23958244000;23947300000;24447300000;1398;1386
4549;23958252000;23947300000;24447300000;1400;1388
4550;23958449000;23947300000;24447300000;1398;1386
4551;23958458000;23947300000;24447300000;1400;1388
4552;23958651000;23947300000;24447300000;1400;1388
4553;23958660000;23947311111;24447311111;982;970
4554;23999306000;23947577777;24447577777;1398;1386
4554;23999328000;23947577777;24447577777;1398;1386
4555;23999348000;23947577777;24447577777;1400;1388
4556;23999352000;23947577777;24447577777;1398;1386
4557;23999356000;23988966666;24488966666;1400;1388
4558;23999360000;23988966666;24488966666;1400;1388
4559;23999363000;23988966666;24488966666;1398;1386
4560;23999367000;23988966666;24488966666;1400;1388
4561;23999370000;23988966666;24488966666;1398;1386
4562;23999373000;23988966666;24488966666;1400;1388
4563;23999376000;23988966666;24488966666;1400;1388
4564;23999380000;23988977777;24488977777;982;970
4555;23999509000;23947577777;24447577777;1400;1388
4556;23999519000;23947577777;24447577777;1398;1386
4557;23999707000;23988966666;24488966666;1400;1388
4558;23999903000;23988966666;24488966666;1400;1388
4559;23999909000;23988966666;24488966666;1398;1386
4561;24000099000;23988966666;24488966666;1398;1386
4562;24000104000;23988966666;24488966666;1400;1388
4564;24000303000;23988977777;24488977777;982;970
4565;24040961000;23989277777;24489277777;1398;1386
4565;24040975000;23989277777;24489277777;1398;1386
4566;24040995000;23989277777;24489277777;1400;1388
4567;24041000000;23989277777;24489277777;1398;1386
4568;24041003000;24030633333;24530633333;1400;1388
4569;24041007000;24030633333;24530633333;1400;1388
4570;24041011000;24030633333;24530633333;1398;1386
4571;24041014000;24030633333;24530633333;1400;1388
4572;24041017000;24030633333;24530633333;1398;1386
4573;24041021000;24030633333;24530633333;1400;1388
4566;24041146000;23989277777;24489277777;1400;1388
4567;24041347000;23989277777;24489277777;1398;1386
4568;24041352000;24030633333;24530633333;1400;1388
4569;24041553000;24030633333;24530633333;1400;1388
4570;24041558000;24030633333;24530633333;1398;1386
4571;24041757000;24030633333;24530633333;1400;1388
4572;24041779000;24030633333;24530633333;1398;1386
4573;24041960000;24030633333;24530633333;1400;1388
4574;24042166000;24030633333;24530633333;1400;1388
4575;24042171000;24030655555;24530655555;982;970
4576;24082626000;24030944444;24530944444;1398;1386
4576;24082640000;24030944444;24530944444;1398;1386
4577;24082660000;24030944444;24530944444;1400;1388
4578;24082665000;24030944444;24530944444;1398;1386
4579;24082668000;24072300000;24572300000;1400;1388
4580;24082672000;24072300000;24572300000;1400;1388
4581;24082675000;24072300000;24572300000;1398;1386
4583;24082679000;24072300000;24572300000;1398;1386
4584;24082695000;24072300000;24572300000;1400;1388
4585;24082699000;24072300000;24572300000;1400;1388
4586;24082702000;24072311111;24572311111;982;970
4577;24082829000;24030944444;24530944444;1400;1388
4578;24082835000;24030944444;24530944444;1398;1386
4579;24083028000;24072300000;24572300000;1400;1388
4580;24083236000;24072300000;24572300000;1400;1388
4581;24083241000;24072300000;24572300000;1398;1386
4582;24083434000;24072300000;24572300000;1400;1388
4583;24083453000;24072300000;24572300000;1398;1386
4585;24083637000;24072300000;24572300000;1400;1388
4586;24083642000;24072311111;24572311111;982;970
4587;24124271000;24072577777;24572577777;1398;1386
4587;24124286000;24072577777;24572577777;1398;1386
4588;24124304000;24072577777;24572577777;1400;1388
4589;24124309000;24072577777;24572577777;1398;1386
4590;24124312000;24113933333;24613933333;1400;1388
4591;24124316000;24113933333;24613933333;1400;1388
4592;24124320000;24113933333;24613933333;1398;1386
4593;24124323000;24113933333;24613933333;1400;1388
4594;24124326000;24113933333;24613933333;1398;1386
4595;24124330000;24113933333;24613933333;1400;1388
4596;24124333000;24113933333;24613933333;1400;1388
4588;24124479000;24072577777;24572577777;1400;1388
4589;24124488000;24072577777;24572577777;1398;1386
4590;24124669000;24113933333;24613933333;1400;1388
4591;24124874000;24113933333;24613933333;1400;1388
4592;24124879000;24113933333;24613933333;1398;1386
4593;24125073000;24113933333;24613933333;1400;1388
4594;24125078000;24113933333;24613933333;1398;1386
4595;24125275000;24113933333;24613933333;1400;1388
4596;24125487000;24113933333;24613933333;1400;1388
4597;24125492000;24113955555;24613955555;982;970
4598;24165968000;24114200000;24614200000;1398;1386
4600;24165980000;24114200000;24614200000;1398;1386
4601;24166002000;24155633333;24655633333;1400;1388
4602;24166016000;24155633333;24655633333;1400;1388
4603;24166020000;24155633333;24655633333;1398;1386
4604;24166023000;24155633333;24655633333;1400;1388
4605;24166027000;24155633333;24655633333;1398;1386
4606;24166030000;24155633333;24655633333;1400;1388
4607;24166033000;24155633333;24655633333;1400;1388
4608;24166057000;24155644444;24655644444;982;970
4599;24166165000;24114200000;24614200000;1400;1388
4600;24166185000;24114200000;24614200000;1398;1386
4601;24166367000;24155633333;24655633333;1400;1388
4602;24166579000;24155633333;24655633333;1400;1388
4603;24166585000;24155633333;24655633333;1398;1386
4604;24166781000;24155633333;24655633333;1400;1388
4605;24166786000;24155633333;24655633333;1398;1386
4606;24166990000;24155633333;24655633333;1400;1388
4607;24166995000;24155633333;24655633333;1400;1388
4608;24167192000;24155644444;24655644444;982;970
4609;24207647000;24155922222;24655922222;1398;1386
4609;24207675000;24155922222;24655922222;1398;1386
4610;24207694000;24155922222;24655922222;1400;1388
4611;24207699000;24155922222;24655922222;1398;1386
4612;24207702000;24197300000;24697300000;1400;1388
4613;24207706000;24197300000;24697300000;1400;1388
4614;24207710000;24197300000;24697300000;1398;1386
4615;24207713000;24197300000;24697300000;1400;1388
4616;24207716000;24197300000;24697300000;1398;1386
4617;24207720000;24197300000;24697300000;1400;1388
4618;24207723000;24197300000;24697300000;1400;1388
4610;24207840000;24155922222;24655922222;1400;1388
4611;24207846000;24155922222;24655922222;1398;1386
4612;24208042000;24197300000;24697300000;1400;1388
4613;24208246000;24197300000;24697300000;1400;1388
4614;24208251000;24197300000;24697300000;1398;1386
4615;24208436000;24197300000;24697300000;1400;1388
4616;24208441000;24197300000;24697300000;1398;1386
4617;24208655000;24197300000;24697300000;1400;1388
4618;24208660000;24197300000;24697300000;1400;1388
4619;24208858000;24197311111;24697311111;982;970
4621;24249238000;24197577777;24697577777;1400;1388
4620;24249262000;24197577777;24697577777;1398;1386
4621;24249297000;24197577777;24697577777;1400;1388
4622;24249302000;24197577777;24697577777;1398;1386
4623;24249307000;24238933333;24738933333;1400;1388
4625;24249311000;24238933333;24738933333;1398;1386
4626;24249325000;24238933333;24738933333;1400;1388
4627;24249329000;24238933333;24738933333;1398;1386
4628;24249332000;24238933333;24738933333;1400;1388
4629;24249335000;24238933333;24738933333;1400;1388
4630;24249339000;24238955555;24738955555;982;970
4622;24249442000;24197577777;24697577777;1398;1386
4623;24249448000;24238933333;24738933333;1400;1388
4624;24249641000;24238933333;24738933333;1400;1388
4625;24249858000;24238933333;24738933333;1398;1386
4626;24249863000;24238933333;24738933333;1400;1388
4627;24250059000;24238933333;24738933333;1398;1386
4629;24250064000;24238933333;24738933333;1400;1388
4630;24250249000;24238955555;24738955555;982;970
4631;24290921000;24239222222;24739222222;1398;1386
4631;24290950000;24239222222;24739222222;1398;1386
4632;24290959000;24239222222;24739222222;1400;1388
4633;24290963000;24239222222;24739222222;1398;1386
4634;24290967000;24280600000;24780600000;1400;1388
4635;24290971000;24280600000;24780600000;1400;1388
4636;24290974000;24280600000;24780600000;1398;1386
4637;24290977000;24280600000;24780600000;1400;1388
4638;24290980000;24280600000;24780600000;1398;1386
4639;24290984000;24280600000;24780600000;1400;1388
4640;24290987000;24280600000;24780600000;1400;1388
4641;24290990000;24280611111;24780611111;982;970
4632;24291148000;24239222222;24739222222;1400;1388
4633;24291157000;24239222222;24739222222;1398;1386
4634;24291335000;24280600000;24780600000;1400;1388
4635;24291547000;24280600000;24780600000;1400;1388
4636;24291556000;24280600000;24780600000;1398;1386
4637;24291749000;24280600000;24780600000;1400;1388
4638;24291757000;24280600000;24780600000;1398;1386
4639;24291958000;24280600000;24780600000;1400;1388
4640;24291966000;24280600000;24780600000;1400;1388
4641;24292157000;24280611111;24780611111;982;970
4642;24332681000;24280888888;24780888888;1398;1386
4642;24332746000;24280888888;24780888888;1398;1386
4643;24332761000;24280888888;24780888888;1400;1388
4644;24332767000;24280888888;24780888888;1398;1386
4645;24332771000;24322300000;24822300000;1400;1388
4646;24332775000;24322300000;24822300000;1400;1388
4647;24332778000;24322300000;24822300000;1398;1386
4648;24332792000;24322300000;24822300000;1400;1388
4649;24332796000;24322300000;24822300000;1398;1386
4650;24332800000;24322300000;24822300000;1400;1388
4651;24332804000;24322300000;24822300000;1400;1388
4652;24332807000;24322311111;24822311111;982;970
4643;24332834000;24280888888;24780888888;1400;1388
4644;24333041000;24280888888;24780888888;1398;1386
4645;24333065000;24322300000;24822300000;1400;1388
4646;24333246000;24322300000;24822300000;1400;1388
4647;24333256000;24322300000;24822300000;1398;1386
4648;24333447000;24322300000;24822300000;1400;1388
4649;24333456000;24322300000;24822300000;1398;1386
4650;24333655000;24322300000;24822300000;1400;1388
4651;24333663000;24322300000;24822300000;1400;1388
4652;24333858000;24322311111;24822311111;982;970
4653;24374301000;24322588888;24822588888;1398;1386
4654;24374323000;24322588888;24822588888;1400;1388
4655;24374328000;24322588888;24822588888;1398;1386
4656;24374342000;24363966666;24863966666;1400;1388
4657;24374346000;24363966666;24863966666;1400;1388
4653;24374360000;24322588888;24822588888;1398;1386
4658;24374421000;24363966666;24863966666;1398;1386
4659;24374435000;24363966666;24863966666;1400;1388
4660;24374439000;24363966666;24863966666;1398;1386
4661;24374443000;24363966666;24863966666;1400;1388
4662;24374446000;24363966666;24863966666;1400;1388
4663;24374460000;24363988888;24863988888;982;970
4654;24374493000;24322588888;24822588888;1400;1388
4655;24374692000;24322588888;24822588888;1398;1386
4656;24374701000;24363966666;24863966666;1400;1388
4657;24374896000;24363966666;24863966666;1400;1388
4658;24374905000;24363966666;24863966666;1398;1386
4659;24375102000;24363966666;24863966666;1400;1388
4660;24375110000;24363966666;24863966666;1398;1386
4661;24375305000;24363966666;24863966666;1400;1388
4662;24375510000;24363966666;24863966666;1400;1388
4663;24375519000;24363988888;24863988888;982;970
4664;24415901000;24364266666;24864266666;1398;1386
4664;24415919000;24364266666;24864266666;1398;1386
4665;24415991000;24364266666;24864266666;1400;1388
4666;24416004000;24364266666;24864266666;1398;1386
4667;24416008000;24405600000;24905600000;1400;1388
4668;24416012000;24405600000;24905600000;1400;1388
4669;24416016000;24405600000;24905600000;1398;1386
4671;24416019000;24405600000;24905600000;1398;1386
4672;24416036000;24405600000;24905600000;1400;1388
4673;24416040000;24405600000;24905600000;1400;1388
4674;24416071000;24405622222;24905622222;982;970
4665;24416115000;24364266666;24864266666;1400;1388
4666;24416309000;24364266666;24864266666;1398;1386
4667;24416317000;24405600000;24905600000;1400;1388
4668;24416520000;24405600000;24905600000;1400;1388
4669;24416528000;24405600000;24905600000;1398;1386
4670;24416721000;24405600000;24905600000;1400;1388
4671;24416745000;24405600000;24905600000;1398;1386
4672;24416930000;24405600000;24905600000;1400;1388
4673;24416938000;24405600000;24905600000;1400;1388
4674;24417133000;24405622222;24905622222;982;970
4675;24457599000;24405888888;24905888888;1398;1386
4675;24457621000;24405888888;24905888888;1398;1386
4676;24457641000;24405888888;24905888888;1400;1388
4677;24457645000;24405888888;24905888888;1398;1386
4678;24457649000;24447266666;24947266666;1400;1388
4679;24457653000;24447266666;24947266666;1400;1388
4680;24457656000;24447266666;24947266666;1398;1386
4682;24457659000;24447266666;24947266666;1398;1386
4683;24457676000;24447266666;24947266666;1400;1388
4684;24457679000;24447266666;24947266666;1400;1388
4685;24457683000;24447277777;24947277777;982;970
4676;24457798000;24405888888;24905888888;1400;1388
4678;24457808000;24447266666;24947266666;1400;1388
4679;24457988000;24447266666;24947266666;1400;1388
4680;24458192000;24447266666;24947266666;1398;1386
4681;24458197000;24447266666;24947266666;1400;1388
4682;24458393000;24447266666;24947266666;1398;1386
4683;24458398000;24447266666;24947266666;1400;1388
4684;24458595000;24447266666;24947266666;1400;1388
4685;24458600000;24447277777;24947277777;982;970
4686;24499269000;24447522222;24947522222;1398;1386
4687;24499283000;24447522222;24947522222;1400;1388
4688;24499302000;24447522222;24947522222;1398;1386
4689;24499306000;24488933333;24988933333;1400;1388
4690;24499310000;24488933333;24988933333;1400;1388
4691;24499313000;24488933333;24988933333;1398;1386
4692;24499316000;24488933333;24988933333;1400;1388
4693;24499319000;24488933333;24988933333;1398;1386
4694;24499323000;24488933333;24988933333;1400;1388
4695;24499326000;24488933333;24988933333;1400;1388
4696;24499329000;24488944444;24988944444;982;970
4687;24499477000;24447522222;24947522222;1400;1388
4688;24499486000;24447522222;24947522222;1398;1386
4690;24499659000;24488933333;24988933333;1400;1388
4691;24499872000;24488933333;24988933333;1398;1386
4692;24499877000;24488933333;24988933333;1400;1388
4693;24500072000;24488933333;24988933333;1398;1386
4694;24500077000;24488933333;24988933333;1400;1388
4695;24500273000;24488933333;24988933333;1400;1388
4696;24500278000;24488944444;24988944444;982;970
4697;24540971000;24489200000;24989200000;1398;1386
4697;24540985000;24489200000;24989200000;1398;1386
4698;24541004000;24489200000;24989200000;1400;1388
4699;24541008000;24489200000;24989200000;1398;1386
4700;24541011000;24530633333;25030633333;1400;1388
4701;24541015000;24530633333;25030633333;1400;1388
4702;24541019000;24530633333;25030633333;1398;1386
4703;24541022000;24530633333;25030633333;1400;1388
4704;24541025000;24530633333;25030633333;1398;1386
4705;24541029000;24530633333;25030633333;1400;1388
4706;24541040000;24530633333;25030633333;1400;1388
4707;24541052000;24530644444;25030644444;982;970
4698;24541174000;24489200000;24989200000;1400;1388
4699;24541183000;24489200000;24989200000;1398;1386
4700;24541364000;24530633333;25030633333;1400;1388
4701;24541568000;24530633333;25030633333;1400;1388
4702;24541573000;24530633333;25030633333;1398;1386
4703;24541771000;24530633333;25030633333;1400;1388
4704;24541776000;24530633333;25030633333;1398;1386
4705;24541978000;24530633333;25030633333;1400;1388
4706;24541983000;24530633333;25030633333;1400;1388
4707;24542182000;24530644444;25030644444;982;970
4708;24582646000;24530944444;25030944444;1398;1386
4708;24582671000;24530944444;25030944444;1398;1386
4710;24582691000;24530944444;25030944444;1398;1386
4711;24582708000;24572300000;25072300000;1400;1388
4712;24582712000;24572300000;25072300000;1400;1388
4713;24582725000;24572300000;25072300000;1398;1386
4715;24582729000;24572300000;25072300000;1398;1386
4716;24582742000;24572300000;25072300000;1400;1388
4717;24582745000;24572300000;25072300000;1400;1388
4718;24582749000;24572322222;25072322222;982;970
4709;24582825000;24530944444;25030944444;1400;1388
4710;24582846000;24530944444;25030944444;1398;1386
4711;24583041000;24572300000;25072300000;1400;1388
4713;24583248000;24572300000;25072300000;1398;1386
4714;24583253000;24572300000;25072300000;1400;1388
4715;24583438000;24572300000;25072300000;1398;1386
4716;24583442000;24572300000;25072300000;1400;1388
4717;24583649000;24572300000;25072300000;1400;1388
4718;24583654000;24572322222;25072322222;982;970
4719;24624297000;24572588888;25072588888;1398;1386
4719;24624312000;24572588888;25072588888;1398;1386
4720;24624331000;24572588888;25072588888;1400;1388
4721;24624336000;24572588888;25072588888;1398;1386
4723;24624339000;24613966666;25113966666;1400;1388
4724;24624345000;24613966666;25113966666;1398;1386
4725;24624360000;24613966666;25113966666;1400;1388
4726;24624364000;24613966666;25113966666;1398;1386
4727;24624367000;24613966666;25113966666;1400;1388
4728;24624370000;24613966666;25113966666;1400;1388
4729;24624373000;24613988888;25113988888;982;970
4722;24624495000;24613966666;25113966666;1400;1388
4723;24624515000;24613966666;25113966666;1400;1388
4724;24624696000;24613966666;25113966666;1398;1386
4725;24624903000;24613966666;25113966666;1400;1388
4726;24624908000;24613966666;25113966666;1398;1386
4727;24625104000;24613966666;25113966666;1400;1388
4728;24625108000;24613966666;25113966666;1400;1388
4729;24625303000;24613988888;25113988888;982;970
4730;24665952000;24614233333;25114233333;1398;1386
4731;24665980000;24614233333;25114233333;1400;1388
4732;24665990000;24614233333;25114233333;1398;1386
4733;24665993000;24655633333;25155633333;1400;1388
4734;24665997000;24655633333;25155633333;1400;1388
4735;24666001000;24655633333;25155633333;1398;1386
4736;24666004000;24655633333;25155633333;1400;1388
4737;24666007000;24655633333;25155633333;1398;1386
4738;24666010000;24655633333;25155633333;1400;1388
4739;24666014000;24655633333;25155633333;1400;1388
4740;24666017000;24655644444;25155644444;982;970
4731;24666173000;24614233333;25114233333;1400;1388
4733;24666183000;24655633333;25155633333;1400;1388
4735;24666372000;24655633333;25155633333;1398;1386
4736;24666578000;24655633333;25155633333;1400;1388
4737;24666587000;24655633333;25155633333;1398;1386
4738;24666780000;24655633333;25155633333;1400;1388
4739;24666788000;24655633333;25155633333;1400;1388
4740;24666987000;24655644444;25155644444;982;970
4742;24707645000;24655933333;25155933333;1400;1388
4741;24707679000;24655933333;25155933333;1398;1386
4742;24707717000;24655933333;25155933333;1400;1388
4743;24707733000;24655933333;25155933333;1398;1386
4744;24707738000;24697300000;25197300000;1400;1388
4745;24707742000;24697300000;25197300000;1400;1388
4746;24707745000;24697300000;25197300000;1398;1386
4747;24707749000;24697300000;25197300000;1400;1388
4748;24707753000;24697300000;25197300000;1398;1386
4749;24707756000;24697300000;25197300000;1400;1388
4750;24707768000;24697300000;25197300000;1400;1388
4751;24707789000;24697311111;25197311111;982;970
4743;24707860000;24655933333;25155933333;1398;1386
4744;24707869000;24697300000;25197300000;1400;1388
4745;24708041000;24697300000;25197300000;1400;1388
4746;24708246000;24697300000;25197300000;1398;1386
4747;24708255000;24697300000;25197300000;1400;1388
4748;24708448000;24697300000;25197300000;1398;1386
4749;24708456000;24697300000;25197300000;1400;1388
4750;24708650000;24697300000;25197300000;1400;1388
4751;24708658000;24697311111;25197311111;982;970
4752;24749304000;24697600000;25197600000;1398;1386
4753;24749325000;24697600000;25197600000;1400;1388
4754;24749345000;24697600000;25197600000;1398;1386
4755;24749349000;24738966666;25238966666;1400;1388
4756;24749353000;24738966666;25238966666;1400;1388
4757;24749356000;24738966666;25238966666;1398;1386
4758;24749360000;24738966666;25238966666;1400;1388
4759;24749363000;24738966666;25238966666;1398;1386
4760;24749366000;24738966666;25238966666;1400;1388
4761;24749370000;24738966666;25238966666;1400;1388
4762;24749373000;24738977777;25238977777;982;970
4753;24749506000;24697600000;25197600000;1400;1388
4754;24749516000;24697600000;25197600000;1398;1386
4755;24749696000;24738966666;25238966666;1400;1388
4756;24749900000;24738966666;25238966666;1400;1388
4757;24749905000;24738966666;25238966666;1398;1386
4758;24750107000;24738966666;25238966666;1400;1388
4759;24750112000;24738966666;25238966666;1398;1386
4760;24750302000;24738966666;25238966666;1400;1388
4761;24750514000;24738966666;25238966666;1400;1388
4762;24750519000;24738977777;25238977777;982;970
4763;24790964000;24739277777;25239277777;1398;1386
4763;24791000000;24739277777;25239277777;1398;1386
4764;24791010000;24739277777;25239277777;1400;1388
4765;24791014000;24739277777;25239277777;1398;1386
4766;24791018000;24780633333;25280633333;1400;1388
4767;24791021000;24780633333;25280633333;1400;1388
4768;24791025000;24780633333;25280633333;1398;1386
4769;24791028000;24780633333;25280633333;1400;1388
4770;24791031000;24780633333;25280633333;1398;1386
4771;24791034000;24780633333;25280633333;1400;1388
4772;24791038000;24780633333;25280633333;1400;1388
4773;24791041000;24780644444;25280644444;982;970
4764;24791160000;24739277777;25239277777;1400;1388
4765;24791365000;24739277777;25239277777;1398;1386
4766;24791370000;24780633333;25280633333;1400;1388
4767;24791567000;24780633333;25280633333;1400;1388
4768;24791572000;24780633333;25280633333;1398;1386
4769;24791768000;24780633333;25280633333;1400;1388
4770;24791772000;24780633333;25280633333;1398;1386
4771;24791986000;24780633333;25280633333;1400;1388
4772;24791991000;24780633333;25280633333;1400;1388
4775;24832639000;24780966666;25280966666;1400;1388
4774;24832673000;24780966666;25280966666;1398;1386
4775;24832713000;24780966666;25280966666;1400;1388
4776;24832729000;24780966666;25280966666;1398;1386
4777;24832733000;24822300000;25322300000;1400;1388
4778;24832746000;24822300000;25322300000;1400;1388
4779;24832750000;24822300000;25322300000;1398;1386
4780;24832753000;24822300000;25322300000;1400;1388
4781;24832771000;24822300000;25322300000;1398;1386
4783;24832775000;24822300000;25322300000;1400;1388
4776;24832877000;24780966666;25280966666;1398;1386
4777;24832886000;24822300000;25322300000;1400;1388
4778;24833052000;24822300000;25322300000;1400;1388
4779;24833249000;24822300000;25322300000;1398;1386
4780;24833258000;24822300000;25322300000;1400;1388
4781;24833452000;24822300000;25322300000;1398;1386
4782;24833460000;24822300000;25322300000;1400;1388
4783;24833653000;24822300000;25322300000;1400;1388
4784;24833662000;24822322222;25322322222;982;970
4785;24874285000;24822600000;25322600000;1398;1386
4785;24874302000;24822600000;25322600000;1398;1386
4786;24874376000;24822600000;25322600000;1400;1388
4787;24874389000;24822600000;25322600000;1398;1386
4788;24874393000;24863966666;25363966666;1400;1388
4789;24874397000;24863966666;25363966666;1400;1388
4790;24874400000;24863966666;25363966666;1398;1386
4791;24874403000;24863966666;25363966666;1400;1388
4792;24874407000;24863966666;25363966666;1398;1386
4793;24874410000;24863966666;25363966666;1400;1388
4794;24874421000;24863966666;25363966666;1400;1388
4795;24874424000;24863988888;25363988888;982;970
4786;24874500000;24822600000;25322600000;1400;1388
4787;24874510000;24822600000;25322600000;1398;1386
4788;24874706000;24863966666;25363966666;1400;1388
4789;24874912000;24863966666;25363966666;1400;1388
4792;24874921000;24863966666;25363966666;1398;1386
4793;24875114000;24863966666;25363966666;1400;1388
4794;24875123000;24863966666;25363966666;1400;1388
4795;24875314000;24863988888;25363988888;982;970
4796;24915932000;24864266666;25364266666;1398;1386
4796;24915948000;24864266666;25364266666;1398;1386
4797;24915968000;24864266666;25364266666;1400;1388
4798;24915973000;24864266666;25364266666;1398;1386
4799;24915976000;24905600000;25405600000;1400;1388
4800;24915980000;24905600000;25405600000;1400;1388
4801;24915983000;24905600000;25405600000;1398;1386
4802;24915986000;24905600000;25405600000;1400;1388
4803;24915990000;24905600000;25405600000;1398;1386
4804;24915993000;24905600000;25405600000;1400;1388
4805;24915996000;24905600000;25405600000;1400;1388
4806;24915999000;24905622222;25405622222;982;970
4797;24916146000;24864266666;25364266666;1400;1388
4798;24916156000;24864266666;25364266666;1398;1386
4799;24916338000;24905600000;25405600000;1400;1388
4800;24916541000;24905600000;25405600000;1400;1388
4802;24916547000;24905600000;25405600000;1400;1388
4804;24916750000;24905600000;25405600000;1400;1388
4805;24916755000;24905600000;25405600000;1400;1388
4807;24957593000;24905933333;25405933333;1398;1386
4807;24957609000;24905933333;25405933333;1398;1386
4808;24957629000;24905933333;25405933333;1400;1388
4809;24957633000;24905933333;25405933333;1398;1386
4810;24957637000;24947266666;25447266666;1400;1388
4811;24957641000;24947266666;25447266666;1400;1388
4812;24957644000;24947266666;25447266666;1398;1386
4813;24957647000;24947266666;25447266666;1400;1388
4814;24957651000;24947266666;25447266666;1398;1386
4815;24957655000;24947266666;25447266666;1400;1388
4816;24957658000;24947266666;25447266666;1400;1388
4817;24957661000;24947288888;25447288888;982;970
4808;24957781000;24905933333;25405933333;1400;1388
4809;24957983000;24905933333;25405933333;1398;1386
4810;24957988000;24947266666;25447266666;1400;1388
4811;24958231000;24947266666;25447266666;1400;1388
4812;24958236000;24947266666;25447266666;1398;1386
4813;24958393000;24947266666;25447266666;1400;1388
4814;24958398000;24947266666;25447266666;1398;1386
4815;24958595000;24947266666;25447266666;1400;1388
4816;24958802000;24947266666;25447266666;1400;1388
4817;24958807000;24947288888;25447288888;982;970
4819;24999264000;24947577777;25447577777;1400;1388
4818;24999308000;24947577777;25447577777;1398;1386
4819;24999334000;24947577777;25447577777;1400;1388
4820;24999350000;24947577777;25447577777;1398;1386
4821;24999354000;24988933333;25488933333;1400;1388
4822;24999367000;24988933333;25488933333;1400;1388
4823;24999390000;24988933333;25488933333;1398;1386
4824;24999394000;24988933333;25488933333;1400;1388
4825;24999397000;24988933333;25488933333;1398;1386
4826;24999410000;24988933333;25488933333;1400;1388
4827;24999413000;24988933333;25488933333;1400;1388
4828;24999417000;24988955555;25488955555;982;970
4820;24999466000;24947577777;25447577777;1398;1386
4821;24999679000;24988933333;25488933333;1400;1388
4822;24999684000;24988933333;25488933333;1400;1388
4823;24999873000;24988933333;25488933333;1398;1386
4824;24999877000;24988933333;25488933333;1400;1388
4825;25000081000;24988933333;25488933333;1398;1386
4826;25000086000;24988933333;25488933333;1400;1388
4827;25000289000;24988933333;25488933333;1400;1388
4828;25000294000;24988955555;25488955555;982;970
4829;25040991000;24989266666;25489266666;1398;1386
4830;25041012000;24989266666;25489266666;1400;1388
4831;25041017000;24989266666;25489266666;1398;1386
4830;25041036000;24989266666;25489266666;1400;1388
4832;25041109000;25030633333;25530633333;1400;1388
4833;25041133000;25030633333;25530633333;1400;1388
4834;25041137000;25030633333;25530633333;1398;1386
4835;25041141000;25030633333;25530633333;1400;1388
4836;25041144000;25030633333;25530633333;1398;1386
4831;25041167000;24989266666;25489266666;1398;1386
4837;25041240000;25030633333;25530633333;1400;1388
4838;25041253000;25030633333;25530633333;1400;1388
4839;25041257000;25030655555;25530655555;982;970
4832;25041384000;25030633333;25530633333;1400;1388
4833;25041393000;25030633333;25530633333;1400;1388
4834;25041584000;25030633333;25530633333;1398;1386
4835;25041592000;25030633333;25530633333;1400;1388
4836;25041785000;25030633333;25530633333;1398;1386
4837;25041794000;25030633333;25530633333;1400;1388
4838;25041987000;25030633333;25530633333;1400;1388
4839;25041995000;25030655555;25530655555;982;970
4840;25082644000;25030955555;25530955555;1398;1386
4840;25082676000;25030955555;25530955555;1398;1386
4841;25082686000;25030955555;25530955555;1400;1388
4842;25082691000;25030955555;25530955555;1398;1386
4843;25082695000;25072300000;25572300000;1400;1388
4844;25082699000;25072300000;25572300000;1400;1388
4845;25082702000;25072300000;25572300000;1398;1386
4846;25082705000;25072300000;25572300000;1400;1388
4847;25082708000;25072300000;25572300000;1398;1386
4848;25082712000;25072300000;25572300000;1400;1388
4849;25082715000;25072300000;25572300000;1400;1388
4850;25082718000;25072311111;25572311111;982;970
4841;25082841000;25030955555;25530955555;1400;1388
4842;25082851000;25030955555;25530955555;1398;1386
4843;25083041000;25072300000;25572300000;1400;1388
4844;25083246000;25072300000;25572300000;1400;1388
4845;25083255000;25072300000;25572300000;1398;1386
4846;25083436000;25072300000;25572300000;1400;1388
4847;25083442000;25072300000;25572300000;1398;1386
4848;25083646000;25072300000;25572300000;1400;1388
4849;25083651000;25072300000;25572300000;1400;1388
4850;25083848000;25072311111;25572311111;982;970
4851;25124351000;25072600000;25572600000;1398;1386
4852;25124383000;25072600000;25572600000;1400;1388
4851;25124399000;25072600000;25572600000;1398;1386
4853;25124456000;25072600000;25572600000;1398;1386
4854;25124481000;25113966666;25613966666;1400;1388
4855;25124486000;25113966666;25613966666;1400;1388
4856;25124491000;25113966666;25613966666;1398;1386
4857;25124495000;25113966666;25613966666;1400;1388
4858;25124499000;25113966666;25613966666;1398;1386
4859;25124506000;25113966666;25613966666;1400;1388
4852;25124519000;25072600000;25572600000;1400;1388
4853;25124542000;25072600000;25572600000;1398;1386
4860;25124578000;25113966666;25613966666;1400;1388
4861;25124591000;25113977777;25613977777;982;970
4854;25124693000;25113966666;25613966666;1400;1388
4855;25124895000;25113966666;25613966666;1400;1388
4856;25124904000;25113966666;25613966666;1398;1386
4858;25125101000;25113966666;25613966666;1398;1386
4859;25125110000;25113966666;25613966666;1400;1388
4860;25125304000;25113966666;25613966666;1400;1388
4861;25125313000;25113977777;25613977777;982;970
4862;25165963000;25114255555;25614255555;1398;1386
4863;25165985000;25114255555;25614255555;1400;1388
4864;25165989000;25114255555;25614255555;1398;1386
4865;25166003000;25155633333;25655633333;1400;1388
4862;25166016000;25114255555;25614255555;1398;1386
4866;25166080000;25155633333;25655633333;1400;1388
4867;25166094000;25155633333;25655633333;1398;1386
4869;25166098000;25155633333;25655633333;1398;1386
4870;25166106000;25155633333;25655633333;1400;1388
4871;25166120000;25155633333;25655633333;1400;1388
4872;25166124000;25155644444;25655644444;982;970
4865;25166189000;25155633333;25655633333;1400;1388
4866;25166199000;25155633333;25655633333;1400;1388
4867;25166356000;25155633333;25655633333;1398;1386
4868;25166562000;25155633333;25655633333;1400;1388
4869;25166586000;25155633333;25655633333;1398;1386
4870;25166768000;25155633333;25655633333;1400;1388
4871;25166777000;25155633333;25655633333;1400;1388
4872;25166970000;25155644444;25655644444;982;970
4873;25207634000;25155955555;25655955555;1398;1386
4874;25207646000;25155955555;25655955555;1400;1388
4873;25207659000;25155955555;25655955555;1398;1386
4875;25207720000;25155955555;25655955555;1398;1386
4876;25207732000;25197300000;25697300000;1400;1388
4877;25207736000;25197300000;25697300000;1400;1388
4879;25207758000;25197300000;25697300000;1400;1388
4880;25207765000;25197300000;25697300000;1398;1386
4881;25207779000;25197300000;25697300000;1400;1388
4874;25207845000;25155955555;25655955555;1400;1388
4875;25208024000;25155955555;25655955555;1398;1386
4876;25208032000;25197300000;25697300000;1400;1388
4877;25208230000;25197300000;25697300000;1400;1388
4878;25208239000;25197300000;25697300000;1398;1386
4879;25208448000;25197300000;25697300000;1400;1388
4880;25208457000;25197300000;25697300000;1398;1386
4882;25208650000;25197300000;25697300000;1400;1388
4883;25208658000;25197322222;25697322222;982;970
4884;25249275000;25197622222;25697622222;1398;1386
4885;25249297000;25197622222;25697622222;1400;1388
4886;25249302000;25197622222;25697622222;1398;1386
4887;25249316000;25238933333;25738933333;1400;1388
4888;25249320000;25238933333;25738933333;1400;1388
4884;25249333000;25197622222;25697622222;1398;1386
4889;25249395000;25238933333;25738933333;1398;1386
4890;25249408000;25238933333;25738933333;1400;1388
4891;25249412000;25238933333;25738933333;1398;1386
4892;25249416000;25238933333;25738933333;1400;1388
4893;25249420000;25238933333;25738933333;1400;1388
4894;25249433000;25238955555;25738955555;982;970
4885;25249471000;25197622222;25697622222;1400;1388
4886;25249662000;25197622222;25697622222;1398;1386
4887;25249671000;25238933333;25738933333;1400;1388
4888;25249866000;25238933333;25738933333;1400;1388
4889;25249875000;25238933333;25738933333;1398;1386
4890;25250072000;25238933333;25738933333;1400;1388
4891;25250081000;25238933333;25738933333;1398;1386
4892;25250275000;25238933333;25738933333;1400;1388
4893;25250481000;25238933333;25738933333;1400;1388
4894;25250490000;25238955555;25738955555;982;970
4895;25290917000;25239255555;25739255555;1398;1386
4895;25290941000;25239255555;25739255555;1398;1386
4896;25290953000;25239255555;25739255555;1400;1388
4897;25290958000;25239255555;25739255555;1398;1386
4898;25290962000;25280600000;25780600000;1400;1388
4900;25290966000;25280600000;25780600000;1398;1386
4901;25290972000;25280600000;25780600000;1400;1388
4902;25290987000;25280600000;25780600000;1398;1386
4903;25290991000;25280600000;25780600000;1400;1388
4904;25290996000;25280600000;25780600000;1400;1388
4896;25291102000;25239255555;25739255555;1400;1388
4897;25291302000;25239255555;25739255555;1398;1386
4898;25291307000;25280600000;25780600000;1400;1388
4899;25291506000;25280600000;25780600000;1400;1388
4900;25291526000;25280600000;25780600000;1398;1386
4901;25291712000;25280600000;25780600000;1400;1388
4902;25291716000;25280600000;25780600000;1398;1386
4903;25291914000;25280600000;25780600000;1400;1388
4904;25292121000;25280600000;25780600000;1400;1388
4905;25292125000;25280622222;25780622222;982;970
4906;25332587000;25280933333;25780933333;1398;1386
4906;25332604000;25280933333;25780933333;1398;1386
4907;25332615000;25280933333;25780933333;1400;1388
4908;25332620000;25280933333;25780933333;1398;1386
4909;25332624000;25322266666;25822266666;1400;1388
4910;25332628000;25322266666;25822266666;1400;1388
4911;25332631000;25322266666;25822266666;1398;1386
4912;25332635000;25322266666;25822266666;1400;1388
4913;25332639000;25322266666;25822266666;1398;1386
4914;25332642000;25322266666;25822266666;1400;1388
4915;25332646000;25322266666;25822266666;1400;1388
4916;25332649000;25322288888;25822288888;982;970
4907;25332770000;25280933333;25780933333;1400;1388
4908;25332971000;25280933333;25780933333;1398;1386
4909;25332976000;25322266666;25822266666;1400;1388
4912;25333175000;25322266666;25822266666;1400;1388
4913;25333180000;25322266666;25822266666;1398;1386
4914;25333380000;25322266666;25822266666;1400;1388
4915;25333384000;25322266666;25822266666;1400;1388
4916;25333583000;25322288888;25822288888;982;970
4917;25374259000;25322588888;25822588888;1398;1386
4917;25374271000;25322588888;25822588888;1398;1386
4918;25374282000;25322588888;25822588888;1400;1388
4919;25374287000;25322588888;25822588888;1398;1386
4920;25374290000;25363966666;25863966666;1400;1388
4921;25374295000;25363966666;25863966666;1400;1388
4922;25374299000;25363966666;25863966666;1398;1386
4923;25374312000;25363966666;25863966666;1400;1388
4924;25374316000;25363966666;25863966666;1398;1386
4925;25374320000;25363966666;25863966666;1400;1388
4926;25374323000;25363966666;25863966666;1400;1388
4927;25374327000;25363988888;25863988888;982;970
4918;25374461000;25322588888;25822588888;1400;1388
4919;25374664000;25322588888;25822588888;1398;1386
4920;25374670000;25363966666;25863966666;1400;1388
4923;25374866000;25363966666;25863966666;1400;1388
4924;25374871000;25363966666;25863966666;1398;1386
4925;25375072000;25363966666;25863966666;1400;1388
4926;25375076000;25363966666;25863966666;1400;1388
4927;25375276000;25363988888;25863988888;982;970
4928;25415961000;25364288888;25864288888;1398;1386
4928;25415979000;25364288888;25864288888;1398;1386
4929;25415999000;25364288888;25864288888;1400;1388
4930;25416004000;25364288888;25864288888;1398;1386
4931;25416007000;25405633333;25905633333;1400;1388
4932;25416011000;25405633333;25905633333;1400;1388
4933;25416015000;25405633333;25905633333;1398;1386
4934;25416018000;25405633333;25905633333;1400;1388
4935;25416021000;25405633333;25905633333;1398;1386
4936;25416024000;25405633333;25905633333;1400;1388
4929;25416175000;25364288888;25864288888;1400;1388
4930;25416185000;25364288888;25864288888;1398;1386
4931;25416373000;25405633333;25905633333;1400;1388
4932;25416579000;25405633333;25905633333;1400;1388
4933;25416588000;25405633333;25905633333;1398;1386
4934;25416782000;25405633333;25905633333;1400;1388
4935;25416791000;25405633333;25905633333;1398;1386
4936;25416990000;25405633333;25905633333;1400;1388
4937;25416998000;25405633333;25905633333;1400;1388
4938;25417193000;25405644444;25905644444;982;970
4939;25457638000;25405944444;25905944444;1398;1386
4939;25457652000;25405944444;25905944444;1398;1386
4940;25457671000;25405944444;25905944444;1400;1388
4941;25457676000;25405944444;25905944444;1398;1386
4942;25457680000;25447300000;25947300000;1400;1388
4943;25457684000;25447300000;25947300000;1400;1388
4944;25457687000;25447300000;25947300000;1398;1386
4945;25457690000;25447300000;25947300000;1400;1388
4946;25457694000;25447300000;25947300000;1398;1386
4947;25457697000;25447300000;25947300000;1400;1388
4949;25457700000;25447322222;25947322222;982;970
4940;25457833000;25405944444;25905944444;1400;1388
4941;25457839000;25405944444;25905944444;1398;1386
4942;25458031000;25447300000;25947300000;1400;1388
4943;25458237000;25447300000;25947300000;1400;1388
4944;25458242000;25447300000;25947300000;1398;1386
4945;25458436000;25447300000;25947300000;1400;1388
4946;25458441000;25447300000;25947300000;1398;1386
4947;25458646000;25447300000;25947300000;1400;1388
4948;25458650000;25447300000;25947300000;1400;1388
4949;25458853000;25447322222;25947322222;982;970
4950;25499254000;25447600000;25947600000;1398;1386
4950;25499283000;25447600000;25947600000;1398;1386
4951;25499292000;25447600000;25947600000;1400;1388
4952;25499296000;25447600000;25947600000;1398;1386
4953;25499300000;25488933333;25988933333;1400;1388
4954;25499304000;25488933333;25988933333;1400;1388
4955;25499307000;25488933333;25988933333;1398;1386
4956;25499310000;25488933333;25988933333;1400;1388
4957;25499313000;25488933333;25988933333;1398;1386
4958;25499317000;25488933333;25988933333;1400;1388
4959;25499320000;25488933333;25988933333;1400;1388
4960;25499324000;25488955555;25988955555;982;970
4951;25499477000;25447600000;25947600000;1400;1388
4952;25499484000;25447600000;25947600000;1398;1386
4953;25499675000;25488933333;25988933333;1400;1388
4954;25499881000;25488933333;25988933333;1400;1388
4955;25499886000;25488933333;25988933333;1398;1386
4956;25500082000;25488933333;25988933333;1400;1388
4957;25500087000;25488933333;25988933333;1398;1386
4958;25500282000;25488933333;25988933333;1400;1388
4959;25500495000;25488933333;25988933333;1400;1388
4960;25500500000;25488955555;25988955555;982;970
4963;25540968000;25489255555;25989255555;1398;1386
4961;25541081000;25489255555;25989255555;1398;1386
4962;25541123000;25489255555;25989255555;1400;1388
4964;25541145000;25530600000;26030600000;1400;1388
4965;25541192000;25530600000;26030600000;1400;1388
4963;25541217000;25489255555;25989255555;1398;1386
4964;25541240000;25530600000;26030600000;1400;1388
4965;25541246000;25530600000;26030600000;1400;1388
4966;25541250000;25530600000;26030600000;1398;1386
4967;25541253000;25530600000;26030600000;1400;1388
4968;25541257000;25530600000;26030600000;1398;1386
4969;25541260000;25530600000;26030600000;1400;1388
4970;25541264000;25530600000;26030600000;1400;1388
4971;25541268000;25530622222;26030622222;982;970
4966;25541343000;25530600000;26030600000;1398;1386
4967;25541554000;25530600000;26030600000;1400;1388
4968;25541563000;25530600000;26030600000;1398;1386
4969;25541754000;25530600000;26030600000;1400;1388
4970;25541763000;25530600000;26030600000;1400;1388
4971;25541962000;25530622222;26030622222;982;970
4972;25582627000;25530944444;26030944444;1398;1386
4972;25582644000;25530944444;26030944444;1398;1386
4974;25582718000;25530944444;26030944444;1398;1386
4975;25582742000;25572300000;26072300000;1400;1388
4977;25582753000;25572300000;26072300000;1398;1386
4978;25582758000;25572300000;26072300000;1400;1388
4979;25582771000;25572300000;26072300000;1398;1386
4980;25582775000;25572300000;26072300000;1400;1388
4982;25582778000;25572311111;26072311111;982;970
4973;25582831000;25530944444;26030944444;1400;1388
4974;25583042000;25530944444;26030944444;1398;1386
4975;25583064000;25572300000;26072300000;1400;1388
4976;25583238000;25572300000;26072300000;1400;1388
4977;25583258000;25572300000;26072300000;1398;1386
4978;25583436000;25572300000;26072300000;1400;1388
4979;25583441000;25572300000;26072300000;1398;1386
4980;25583645000;25572300000;26072300000;1400;1388
4981;25583650000;25572300000;26072300000;1400;1388
4982;25583849000;25572311111;26072311111;982;970
4983;25624301000;25572611111;26072611111;1398;1386
4983;25624315000;25572611111;26072611111;1398;1386
4984;25624335000;25572611111;26072611111;1400;1388
4985;25624339000;25572611111;26072611111;1398;1386
4986;25624343000;25613966666;26113966666;1400;1388
4987;25624347000;25613966666;26113966666;1400;1388
4988;25624350000;25613966666;26113966666;1398;1386
4989;25624354000;25613966666;26113966666;1400;1388
4990;25624357000;25613966666;26113966666;1398;1386
4991;25624360000;25613966666;26113966666;1400;1388
4992;25624363000;25613966666;26113966666;1400;1388
4993;25624367000;25613988888;26113988888;982;970
4984;25624500000;25572611111;26072611111;1400;1388
4985;25624506000;25572611111;26072611111;1398;1386
4986;25624699000;25613966666;26113966666;1400;1388
4987;25624915000;25613966666;26113966666;1400;1388
4988;25624920000;25613966666;26113966666;1398;1386
4989;25625105000;25613966666;26113966666;1400;1388
4990;25625110000;25613966666;26113966666;1398;1386
4991;25625316000;25613966666;26113966666;1400;1388
4992;25625518000;25613966666;26113966666;1400;1388
4993;25625523000;25613988888;26113988888;982;970
4995;25665965000;25614266666;26114266666;1400;1388
4994;25666005000;25614266666;26114266666;1398;1386
4995;25666032000;25614266666;26114266666;1400;1388
4996;25666066000;25614266666;26114266666;1398;1386
4997;25666071000;25655633333;26155633333;1400;1388
4998;25666075000;25655633333;26155633333;1400;1388
4999;25666079000;25655633333;26155633333;1398;1386
5000;25666082000;25655633333;26155633333;1400;1388
5001;25666086000;25655633333;26155633333;1398;1386
5002;25666099000;25655633333;26155633333;1400;1388
5003;25666102000;25655633333;26155633333;1400;1388
5004;25666105000;25655644444;26155644444;982;970
4996;25666157000;25614266666;26114266666;1398;1386
4997;25666345000;25655633333;26155633333;1400;1388
4998;25666351000;25655633333;26155633333;1400;1388
4999;25666550000;25655633333;26155633333;1398;1386
5000;25666554000;25655633333;26155633333;1400;1388
5001;25666755000;25655633333;26155633333;1398;1386
5002;25666760000;25655633333;26155633333;1400;1388
5003;25666958000;25655633333;26155633333;1400;1388
5005;25707634000;25655966666;26155966666;1398;1386
5005;25707648000;25655966666;26155966666;1398;1386
5006;25707667000;25655966666;26155966666;1400;1388
5007;25707672000;25655966666;26155966666;1398;1386
5008;25707688000;25697300000;26197300000;1400;1388
5009;25707692000;25697300000;26197300000;1400;1388
5011;25707695000;25697300000;26197300000;1400;1388
5012;25707711000;25697300000;26197300000;1398;1386
5013;25707715000;25697300000;26197300000;1400;1388
5014;25707719000;25697300000;26197300000;1400;1388
5015;25707723000;25697311111;26197311111;982;970
5006;25707839000;25655966666;26155966666;1400;1388
5007;25707849000;25655966666;26155966666;1398;1386
5008;25708030000;25697300000;26197300000;1400;1388
5009;25708235000;25697300000;26197300000;1400;1388
5010;25708241000;25697300000;26197300000;1398;1386
5011;25708438000;25697300000;26197300000;1400;1388
5012;25708443000;25697300000;26197300000;1398;1386
5013;25708642000;25697300000;26197300000;1400;1388
5014;25708647000;25697300000;26197300000;1400;1388
5015;25708846000;25697311111;26197311111;982;970
5016;25749307000;25697600000;26197600000;1398;1386
5016;25749330000;25697600000;26197600000;1398;1386
5017;25749349000;25697600000;26197600000;1400;1388
5018;25749354000;25697600000;26197600000;1398;1386
5019;25749357000;25738966666;26238966666;1400;1388
5020;25749361000;25738966666;26238966666;1400;1388
5021;25749365000;25738966666;26238966666;1398;1386
5022;25749368000;25738966666;26238966666;1400;1388
5023;25749371000;25738966666;26238966666;1398;1386
5024;25749375000;25738966666;26238966666;1400;1388
5025;25749378000;25738966666;26238966666;1400;1388
5026;25749381000;25738988888;26238988888;982;970
5017;25749510000;25697600000;26197600000;1400;1388
5018;25749516000;25697600000;26197600000;1398;1386
5019;25749707000;25738966666;26238966666;1400;1388
5020;25749913000;25738966666;26238966666;1400;1388
5021;25749918000;25738966666;26238966666;1398;1386
5023;25750114000;25738966666;26238966666;1398;1386
5024;25750120000;25738966666;26238966666;1400;1388
5025;25750315000;25738966666;26238966666;1400;1388
5026;25750320000;25738988888;26238988888;982;970
5027;25790962000;25739266666;26239266666;1398;1386
5027;25790979000;25739266666;26239266666;1398;1386
5030;25790999000;25780633333;26280633333;1400;1388
5031;25791016000;25780633333;26280633333;1400;1388
5032;25791020000;25780633333;26280633333;1398;1386
5033;25791033000;25780633333;26280633333;1400;1388
5034;25791037000;25780633333;26280633333;1398;1386
5035;25791057000;25780633333;26280633333;1400;1388
5036;25791061000;25780633333;26280633333;1400;1388
5037;25791064000;25780655555;26280655555;982;970
5029;25791173000;25739266666;26239266666;1398;1386
5030;25791183000;25780633333;26280633333;1400;1388
5031;25791372000;25780633333;26280633333;1400;1388
5032;25791582000;25780633333;26280633333;1398;1386
5034;25791591000;25780633333;26280633333;1398;1386
5035;25791779000;25780633333;26280633333;1400;1388
5036;25791788000;25780633333;26280633333;1400;1388
5037;25791987000;25780655555;26280655555;982;970
5038;25832588000;25780955555;26280955555;1398;1386
5039;25832611000;25780955555;26280955555;1400;1388
5040;25832632000;25780955555;26280955555;1398;1386
5041;25832645000;25822266666;26322266666;1400;1388
5042;25832649000;25822266666;26322266666;1400;1388
5043;25832652000;25822266666;26322266666;1398;1386
5044;25832656000;25822266666;26322266666;1400;1388
5045;25832659000;25822266666;26322266666;1398;1386
5046;25832662000;25822266666;26322266666;1400;1388
5047;25832665000;25822266666;26322266666;1400;1388
5048;25832669000;25822288888;26322288888;982;970
5039;25832796000;25780955555;26280955555;1400;1388
5040;25832805000;25780955555;26280955555;1398;1386
5041;25832994000;25822266666;26322266666;1400;1388
5042;25833201000;25822266666;26322266666;1400;1388
5043;25833210000;25822266666;26322266666;1398;1386
5044;25833400000;25822266666;26322266666;1400;1388
5045;25833409000;25822266666;26322266666;1398;1386
5046;25833610000;25822266666;26322266666;1400;1388
5047;25833618000;25822266666;26322266666;1400;1388
5048;25833813000;25822288888;26322288888;982;970
5049;25874259000;25822555555;26322555555;1398;1386
5050;25874281000;25822555555;26322555555;1400;1388
5051;25874285000;25822555555;26322555555;1398;1386
5052;25874299000;25863933333;26363933333;1400;1388
5053;25874314000;25863933333;26363933333;1400;1388
5049;25874329000;25822555555;26322555555;1398;1386
5054;25874403000;25863933333;26363933333;1398;1386
5055;25874415000;25863933333;26363933333;1400;1388
5056;25874430000;25863933333;26363933333;1398;1386
5057;25874433000;25863933333;26363933333;1400;1388
5058;25874437000;25863933333;26363933333;1400;1388
5059;25874440000;25863955555;26363955555;982;970
5050;25874470000;25822555555;26322555555;1400;1388
5051;25874678000;25822555555;26322555555;1398;1386
5052;25874687000;25863933333;26363933333;1400;1388
5054;25874883000;25863933333;26363933333;1398;1386
5055;25874892000;25863933333;26363933333;1400;1388
5056;25875086000;25863933333;26363933333;1398;1386
5057;25875095000;25863933333;26363933333;1400;1388
5058;25875286000;25863933333;26363933333;1400;1388
5059;25875294000;25863955555;26363955555;982;970
5060;25915979000;25864233333;26364233333;1398;1386
5060;25916011000;25864233333;26364233333;1398;1386
5061;25916022000;25864233333;26364233333;1400;1388
5062;25916026000;25864233333;26364233333;1398;1386
5063;25916030000;25905633333;26405633333;1400;1388
5064;25916034000;25905633333;26405633333;1400;1388
5065;25916037000;25905633333;26405633333;1398;1386
5066;25916040000;25905633333;26405633333;1400;1388
5067;25916053000;25905633333;26405633333;1398;1386
5068;25916057000;25905633333;26405633333;1400;1388
5069;25916060000;25905633333;26405633333;1400;1388
5070;25916063000;25905644444;26405644444;982;970
5061;25916176000;25864233333;26364233333;1400;1388
5063;25916185000;25905633333;26405633333;1400;1388
5064;25916375000;25905633333;26405633333;1400;1388
5065;25916581000;25905633333;26405633333;1398;1386
5066;25916590000;25905633333;26405633333;1400;1388
5067;25916781000;25905633333;26405633333;1398;1386
5068;25916790000;25905633333;26405633333;1400;1388
5069;25916991000;25905633333;26405633333;1400;1388
5071;25957635000;25905977777;26405977777;1398;1386
5071;25957660000;25905977777;26405977777;1398;1386
5072;25957680000;25905977777;26405977777;1400;1388
5073;25957685000;25905977777;26405977777;1398;1386
5074;25957689000;25947300000;26447300000;1400;1388
5075;25957693000;25947300000;26447300000;1400;1388
5076;25957696000;25947300000;26447300000;1398;1386
5077;25957699000;25947300000;26447300000;1400;1388
5078;25957703000;25947300000;26447300000;1398;1386
5079;25957706000;25947300000;26447300000;1400;1388
5080;25957709000;25947300000;26447300000;1400;1388
5081;25957712000;25947322222;26447322222;982;970
5072;25957822000;25905977777;26405977777;1400;1388
5073;25958023000;25905977777;26405977777;1398;1386
5074;25958032000;25947300000;26447300000;1400;1388
5075;25958229000;25947300000;26447300000;1400;1388
5076;25958237000;25947300000;26447300000;1398;1386
5077;25958444000;25947300000;26447300000;1400;1388
5078;25958454000;25947300000;26447300000;1398;1386
5081;25958636000;25947322222;26447322222;982;970
5082;25999298000;25947600000;26447600000;1398;1386
5083;25999311000;25947600000;26447600000;1400;1388
5084;25999316000;25947600000;26447600000;1398;1386
5085;25999321000;25988966666;26488966666;1400;1388
5083;25999331000;25947600000;26447600000;1400;1388
5087;25999392000;25988966666;26488966666;1398;1386
5088;25999419000;25988966666;26488966666;1400;1388
5089;25999424000;25988966666;26488966666;1398;1386
5090;25999427000;25988966666;26488966666;1400;1388
5091;25999431000;25988966666;26488966666;1400;1388
5084;25999505000;25947600000;26447600000;1398;1386
5085;25999514000;25988966666;26488966666;1400;1388
5086;25999690000;25988966666;26488966666;1400;1388
5087;25999898000;25988966666;26488966666;1398;1386
5088;25999906000;25988966666;26488966666;1400;1388
5089;26000112000;25988966666;26488966666;1398;1386
5090;26000120000;25988966666;26488966666;1400;1388
5091;26000317000;25988966666;26488966666;1400;1388
5092;26000326000;25988988888;26488988888;982;970
5094;26040964000;25989277777;26489277777;1400;1388
5093;26040997000;25989277777;26489277777;1398;1386
5095;26041095000;25989277777;26489277777;1398;1386
5096;26041117000;26030633333;26530633333;1400;1388
5097;26041130000;26030633333;26530633333;1400;1388
5098;26041134000;26030633333;26530633333;1398;1386
5099;26041137000;26030633333;26530633333;1400;1388
5100;26041141000;26030633333;26530633333;1398;1386
5102;26041144000;26030633333;26530633333;1400;1388
5103;26041150000;26030655555;26530655555;982;970
5094;26041172000;25989277777;26489277777;1400;1388
5095;26041377000;25989277777;26489277777;1398;1386
5096;26041385000;26030633333;26530633333;1400;1388
5097;26041582000;26030633333;26530633333;1400;1388
5099;26041590000;26030633333;26530633333;1400;1388
5100;26041782000;26030633333;26530633333;1398;1386
5101;26041790000;26030633333;26530633333;1400;1388
5102;26041984000;26030633333;26530633333;1400;1388
5103;26041992000;26030655555;26530655555;982;970
5104;26082644000;26030966666;26530966666;1398;1386
5104;26082675000;26030966666;26530966666;1398;1386
5105;26082687000;26030966666;26530966666;1400;1388
5106;26082691000;26030966666;26530966666;1398;1386
5107;26082695000;26072300000;26572300000;1400;1388
5108;26082699000;26072300000;26572300000;1400;1388
5109;26082702000;26072300000;26572300000;1398;1386
5110;26082705000;26072300000;26572300000;1400;1388
5111;26082708000;26072300000;26572300000;1398;1386
5112;26082712000;26072300000;26572300000;1400;1388
5113;26082715000;26072300000;26572300000;1400;1388
5114;26082718000;26072322222;26572322222;982;970
5105;26082841000;26030966666;26530966666;1400;1388
5106;26082850000;26030966666;26530966666;1398;1386
5107;26083030000;26072300000;26572300000;1400;1388
5109;26083236000;26072300000;26572300000;1398;1386
5110;26083241000;26072300000;26572300000;1400;1388
5111;26083436000;26072300000;26572300000;1398;1386
5112;26083441000;26072300000;26572300000;1400;1388
5113;26083638000;26072300000;26572300000;1400;1388
5114;26083642000;26072322222;26572322222;982;970
5115;26124271000;26072600000;26572600000;1398;1386
5115;26124286000;26072600000;26572600000;1398;1386
5116;26124305000;26072600000;26572600000;1400;1388
5117;26124309000;26072600000;26572600000;1398;1386
5118;26124313000;26113933333;26613933333;1400;1388
5119;26124316000;26113933333;26613933333;1400;1388
5120;26124320000;26113933333;26613933333;1398;1386
5121;26124323000;26113933333;26613933333;1400;1388
5122;26124326000;26113933333;26613933333;1398;1386
5123;26124330000;26113933333;26613933333;1400;1388
5124;26124334000;26113933333;26613933333;1400;1388
5125;26124337000;26113955555;26613955555;982;970
5116;26124479000;26072600000;26572600000;1400;1388
5117;26124488000;26072600000;26572600000;1398;1386
5118;26124666000;26113933333;26613933333;1400;1388
5120;26124871000;26113933333;26613933333;1398;1386
5121;26124876000;26113933333;26613933333;1400;1388
5122;26125073000;26113933333;26613933333;1398;1386
5123;26125078000;26113933333;26613933333;1400;1388
5124;26125273000;26113933333;26613933333;1400;1388
5125;26125278000;26113955555;26613955555;982;970
5126;26165956000;26114211111;26614211111;1398;1386
5126;26165971000;26114211111;26614211111;1398;1386
5127;26165991000;26114211111;26614211111;1400;1388
5128;26165996000;26114211111;26614211111;1398;1386
5129;26165999000;26155633333;26655633333;1400;1388
5130;26166004000;26155633333;26655633333;1400;1388
5131;26166007000;26155633333;26655633333;1398;1386
5132;26166010000;26155633333;26655633333;1400;1388
5133;26166013000;26155633333;26655633333;1398;1386
5134;26166017000;26155633333;26655633333;1400;1388
5135;26166020000;26155633333;26655633333;1400;1388
5136;26166023000;26155655555;26655655555;982;970
5127;26166144000;26114211111;26614211111;1400;1388
5128;26166346000;26114211111;26614211111;1398;1386
5129;26166352000;26155633333;26655633333;1400;1388
5130;26166550000;26155633333;26655633333;1400;1388
5131;26166555000;26155633333;26655633333;1398;1386
5132;26166754000;26155633333;26655633333;1400;1388
5133;26166759000;26155633333;26655633333;1398;1386
5134;26166958000;26155633333;26655633333;1400;1388
5135;26167163000;26155633333;26655633333;1400;1388
5137;26207626000;26155944444;26655944444;1398;1386
5137;26207658000;26155944444;26655944444;1398;1386
5138;26207670000;26155944444;26655944444;1400;1388
5140;26207683000;26197300000;26697300000;1400;1388
5141;26207701000;26197300000;26697300000;1400;1388
5142;26207706000;26197300000;26697300000;1398;1386
5143;26207719000;26197300000;26697300000;1400;1388
5144;26207723000;26197300000;26697300000;1398;1386
5145;26207736000;26197300000;26697300000;1400;1388
5147;26207740000;26197322222;26697322222;982;970
5138;26207810000;26155944444;26655944444;1400;1388
5139;26208012000;26155944444;26655944444;1398;1386
5140;26208032000;26197300000;26697300000;1400;1388
5141;26208235000;26197300000;26697300000;1400;1388
5142;26208240000;26197300000;26697300000;1398;1386
5143;26208435000;26197300000;26697300000;1400;1388
5144;26208440000;26197300000;26697300000;1398;1386
5145;26208646000;26197300000;26697300000;1400;1388
5146;26208650000;26197300000;26697300000;1400;1388
5147;26208849000;26197322222;26697322222;982;970
5148;26249290000;26197600000;26697600000;1398;1386
5149;26249312000;26197600000;26697600000;1400;1388
5150;26249316000;26197600000;26697600000;1398;1386
5148;26249334000;26197600000;26697600000;1398;1386
5151;26249406000;26238966666;26738966666;1400;1388
5152;26249419000;26238966666;26738966666;1400;1388
5153;26249423000;26238966666;26738966666;1398;1386
5154;26249427000;26238966666;26738966666;1400;1388
5155;26249430000;26238966666;26738966666;1398;1386
5156;26249433000;26238966666;26738966666;1400;1388
5157;26249436000;26238966666;26738966666;1400;1388
5158;26249440000;26238977777;26738977777;982;970
5149;26249515000;26197600000;26697600000;1400;1388
5150;26249525000;26197600000;26697600000;1398;1386
5151;26249711000;26238966666;26738966666;1400;1388
5152;26249914000;26238966666;26738966666;1400;1388
5153;26249923000;26238966666;26738966666;1398;1386
5154;26250115000;26238966666;26738966666;1400;1388
5155;26250123000;26238966666;26738966666;1398;1386
5156;26250317000;26238966666;26738966666;1400;1388
5157;26250325000;26238966666;26738966666;1400;1388
5158;26250527000;26238977777;26738977777;982;970
5159;26290905000;26239266666;26739266666;1398;1386
5159;26290922000;26239266666;26739266666;1398;1386
5160;26290941000;26239266666;26739266666;1400;1388
5161;26290946000;26239266666;26739266666;1398;1386
5162;26290949000;26280600000;26780600000;1400;1388
5163;26290953000;26280600000;26780600000;1400;1388
5164;26290956000;26280600000;26780600000;1398;1386
5165;26290959000;26280600000;26780600000;1400;1388
5166;26290962000;26280600000;26780600000;1398;1386
5167;26290966000;26280600000;26780600000;1400;1388
5168;26290969000;26280600000;26780600000;1400;1388
5169;26290972000;26280622222;26780622222;982;970
5160;26291119000;26239266666;26739266666;1400;1388
5161;26291129000;26239266666;26739266666;1398;1386
5162;26291303000;26280600000;26780600000;1400;1388
5163;26291512000;26280600000;26780600000;1400;1388
5164;26291518000;26280600000;26780600000;1398;1386
5165;26291712000;26280600000;26780600000;1400;1388
5166;26291717000;26280600000;26780600000;1398;1386
5167;26291921000;26280600000;26780600000;1400;1388
5168;26291926000;26280600000;26780600000;1400;1388
5169;26292125000;26280622222;26780622222;982;970
5170;26332623000;26280922222;26780922222;1398;1386
5170;26332686000;26280922222;26780922222;1398;1386
5171;26332701000;26280922222;26780922222;1400;1388
5172;26332706000;26280922222;26780922222;1398;1386
5173;26332710000;26322266666;26822266666;1400;1388
5174;26332714000;26322266666;26822266666;1400;1388
5175;26332717000;26322266666;26822266666;1398;1386
5176;26332722000;26322266666;26822266666;1400;1388
5178;26332726000;26322266666;26822266666;1400;1388
5179;26332744000;26322266666;26822266666;1400;1388
5180;26332748000;26322277777;26822277777;982;970
5171;26332806000;26280922222;26780922222;1400;1388
5172;26332813000;26280922222;26780922222;1398;1386
5174;26332997000;26322266666;26822266666;1400;1388
5175;26333203000;26322266666;26822266666;1398;1386
5176;26333212000;26322266666;26822266666;1400;1388
5177;26333403000;26322266666;26822266666;1398;1386
5178;26333428000;26322266666;26822266666;1400;1388
5179;26333612000;26322266666;26822266666;1400;1388
5181;26374260000;26322566666;26822566666;1398;1386
5181;26374278000;26322566666;26822566666;1398;1386
5182;26374351000;26322566666;26822566666;1400;1388
5183;26374364000;26322566666;26822566666;1398;1386
5184;26374368000;26363933333;26863933333;1400;1388
5185;26374372000;26363933333;26863933333;1400;1388
5186;26374375000;26363933333;26863933333;1398;1386
5187;26374379000;26363933333;26863933333;1400;1388
5188;26374382000;26363933333;26863933333;1398;1386
5189;26374386000;26363933333;26863933333;1400;1388
5190;26374389000;26363933333;26863933333;1400;1388
5191;26374392000;26363944444;26863944444;982;970
5182;26374468000;26322566666;26822566666;1400;1388
5183;26374478000;26322566666;26822566666;1398;1386
5184;26374675000;26363933333;26863933333;1400;1388
5186;26374881000;26363933333;26863933333;1398;1386
5187;26374890000;26363933333;26863933333;1400;1388
5188;26375083000;26363933333;26863933333;1398;1386
5189;26375091000;26363933333;26863933333;1400;1388
5190;26375284000;26363933333;26863933333;1400;1388
5191;26375293000;26363944444;26863944444;982;970
5192;26415980000;26364233333;26864233333;1398;1386
5192;26416001000;26364233333;26864233333;1398;1386
5193;26416021000;26364233333;26864233333;1400;1388
5194;26416027000;26364233333;26864233333;1398;1386
5195;26416030000;26405633333;26905633333;1400;1388
5196;26416034000;26405633333;26905633333;1400;1388
5198;26416037000;26405633333;26905633333;1400;1388
5199;26416068000;26405633333;26905633333;1398;1386
5200;26416073000;26405633333;26905633333;1400;1388
5201;26416085000;26405633333;26905633333;1400;1388
5202;26416089000;26405655555;26905655555;982;970
5193;26416166000;26364233333;26864233333;1400;1388
5194;26416176000;26364233333;26864233333;1398;1386
5195;26416367000;26405633333;26905633333;1400;1388
5196;26416572000;26405633333;26905633333;1400;1388
5197;26416577000;26405633333;26905633333;1398;1386
5198;26416773000;26405633333;26905633333;1400;1388
5199;26416778000;26405633333;26905633333;1398;1386
5200;26416979000;26405633333;26905633333;1400;1388
5201;26416984000;26405633333;26905633333;1400;1388
5202;26417183000;26405655555;26905655555;982;970
5203;26457606000;26405944444;26905944444;1398;1386
5203;26457620000;26405944444;26905944444;1398;1386
5204;26457639000;26405944444;26905944444;1400;1388
5206;26457643000;26447266666;26947266666;1400;1388
5208;26457660000;26447266666;26947266666;1398;1386
5209;26457664000;26447266666;26947266666;1400;1388
5210;26457668000;26447266666;26947266666;1398;1386
5211;26457671000;26447266666;26947266666;1400;1388
5212;26457675000;26447266666;26947266666;1400;1388
5213;26457678000;26447288888;26947288888;982;970
5204;26457810000;26405944444;26905944444;1400;1388
5206;26457816000;26447266666;26947266666;1400;1388
5207;26458010000;26447266666;26947266666;1400;1388
5208;26458216000;26447266666;26947266666;1398;1386
5209;26458222000;26447266666;26947266666;1400;1388
5210;26458408000;26447266666;26947266666;1398;1386
5211;26458413000;26447266666;26947266666;1400;1388
5212;26458609000;26447266666;26947266666;1400;1388
5213;26458614000;26447288888;26947288888;982;970
5214;26499310000;26447566666;26947566666;1398;1386
5215;26499332000;26447566666;26947566666;1400;1388
5216;26499346000;26447566666;26947566666;1398;1386
5217;26499350000;26488966666;26988966666;1400;1388
5214;26499362000;26447566666;26947566666;1398;1386
5218;26499428000;26488966666;26988966666;1400;1388
5219;26499442000;26488966666;26988966666;1398;1386
5220;26499446000;26488966666;26988966666;1400;1388
5223;26499460000;26488966666;26988966666;1400;1388
5224;26499464000;26488988888;26988988888;982;970
5215;26499499000;26447566666;26947566666;1400;1388
5216;26499710000;26447566666;26947566666;1398;1386
5218;26499719000;26488966666;26988966666;1400;1388
5219;26499914000;26488966666;26988966666;1398;1386
5220;26499923000;26488966666;26988966666;1400;1388
5221;26500117000;26488966666;26988966666;1398;1386
5222;26500125000;26488966666;26988966666;1400;1388
5223;26500318000;26488966666;26988966666;1400;1388
5224;26500327000;26488988888;26988988888;982;970
5225;26540932000;26489277777;26989277777;1398;1386
5225;26540958000;26489277777;26989277777;1398;1386
5226;26540978000;26489277777;26989277777;1400;1388
5227;26540982000;26489277777;26989277777;1398;1386
5228;26540986000;26530600000;27030600000;1400;1388
5229;26540990000;26530600000;27030600000;1400;1388
5230;26540993000;26530600000;27030600000;1398;1386
5231;26540996000;26530600000;27030600000;1400;1388
5232;26541000000;26530600000;27030600000;1398;1386
5233;26541003000;26530600000;27030600000;1400;1388
5234;26541006000;26530600000;27030600000;1400;1388
5228;26541145000;26530600000;27030600000;1400;1388
5229;26541153000;26530600000;27030600000;1400;1388
5230;26541337000;26530600000;27030600000;1398;1386
5231;26541549000;26530600000;27030600000;1400;1388
5232;26541557000;26530600000;27030600000;1398;1386
5233;26541751000;26530600000;27030600000;1400;1388
5234;26541759000;26530600000;27030600000;1400;1388
5235;26541957000;26530622222;27030622222;982;970
5236;26582605000;26530933333;27030933333;1398;1386
5236;26582638000;26530933333;27030933333;1398;1386
5237;26582650000;26530933333;27030933333;1400;1388
5238;26582654000;26530933333;27030933333;1398;1386
5239;26582658000;26572266666;27072266666;1400;1388
5240;26582662000;26572266666;27072266666;1400;1388
5241;26582665000;26572266666;27072266666;1398;1386
5242;26582669000;26572266666;27072266666;1400;1388
5243;26582672000;26572266666;27072266666;1398;1386
5244;26582676000;26572266666;27072266666;1400;1388
5245;26582679000;26572266666;27072266666;1400;1388
5237;26582791000;26530933333;27030933333;1400;1388
5238;26582993000;26530933333;27030933333;1398;1386
5239;26583002000;26572266666;27072266666;1400;1388
5240;26583198000;26572266666;27072266666;1400;1388
5241;26583207000;26572266666;27072266666;1398;1386
5242;26583403000;26572266666;27072266666;1400;1388
5243;26583411000;26572266666;27072266666;1398;1386
5244;26583606000;26572266666;27072266666;1400;1388
5245;26583802000;26572266666;27072266666;1400;1388
5246;26583807000;26572288888;27072288888;982;970
5247;26624289000;26572577777;27072577777;1398;1386
5248;26624311000;26572577777;27072577777;1400;1388
5249;26624315000;26572577777;27072577777;1398;1386
5250;26624328000;26613966666;27113966666;1400;1388
5247;26624339000;26572577777;27072577777;1398;1386
5251;26624410000;26613966666;27113966666;1400;1388
5252;26624424000;26613966666;27113966666;1398;1386
5253;26624428000;26613966666;27113966666;1400;1388
5254;26624431000;26613966666;27113966666;1398;1386
5255;26624434000;26613966666;27113966666;1400;1388
5256;26624438000;26613966666;27113966666;1400;1388
5257;26624441000;26613977777;27113977777;982;970
5248;26624517000;26572577777;27072577777;1400;1388
5250;26624527000;26613966666;27113966666;1400;1388
5251;26624707000;26613966666;27113966666;1400;1388
5252;26624912000;26613966666;27113966666;1398;1386
5253;26624921000;26613966666;27113966666;1400;1388
5254;26625115000;26613966666;27113966666;1398;1386
5255;26625123000;26613966666;27113966666;1400;1388
5257;26625315000;26613977777;27113977777;982;970
5258;26665950000;26614255555;27114255555;1398;1386
5258;26665966000;26614255555;27114255555;1398;1386
5260;26665976000;26614255555;27114255555;1398;1386
5261;26665982000;26655633333;27155633333;1400;1388
5262;26665997000;26655633333;27155633333;1400;1388
5263;26666000000;26655633333;27155633333;1398;1386
5264;26666004000;26655633333;27155633333;1400;1388
5265;26666007000;26655633333;27155633333;1398;1386
5266;26666010000;26655633333;27155633333;1400;1388
5267;26666014000;26655633333;27155633333;1400;1388
5268;26666027000;26655644444;27155644444;982;970
5259;26666131000;26614255555;27114255555;1400;1388
5260;26666332000;26614255555;27114255555;1398;1386
5262;26666338000;26655633333;27155633333;1400;1388
5263;26666536000;26655633333;27155633333;1398;1386
5264;26666541000;26655633333;27155633333;1400;1388
5265;26666740000;26655633333;27155633333;1398;1386
5266;26666745000;26655633333;27155633333;1400;1388
5267;26666945000;26655633333;27155633333;1400;1388
5268;26666950000;26655644444;27155644444;982;970
5270;26707652000;26655955555;27155955555;1400;1388
5271;26707719000;26655955555;27155955555;1398;1386
5269;26707736000;26655955555;27155955555;1398;1386
5272;26707821000;26697300000;27197300000;1400;1388
5273;26707857000;26697300000;27197300000;1400;1388
5274;26707862000;26697300000;27197300000;1398;1386
5275;26707876000;26697300000;27197300000;1400;1388
5270;26707888000;26655955555;27155955555;1400;1388
5276;26707952000;26697300000;27197300000;1398;1386
5277;26707966000;26697300000;27197300000;1400;1388
5278;26707970000;26697300000;27197300000;1400;1388
5279;26707974000;26697311111;27197311111;982;970
5273;26708039000;26697300000;27197300000;1400;1388
5274;26708063000;26697300000;27197300000;1398;1386
5275;26708219000;26697300000;27197300000;1400;1388
5276;26708228000;26697300000;27197300000;1398;1386
5277;26708433000;26697300000;27197300000;1400;1388
5278;26708441000;26697300000;27197300000;1400;1388
5279;26708635000;26697311111;27197311111;982;970
5280;26749313000;26697600000;27197600000;1398;1386
5280;26749395000;26697600000;27197600000;1398;1386
5281;26749409000;26697600000;27197600000;1400;1388
5282;26749414000;26697600000;27197600000;1398;1386
5283;26749418000;26738966666;27238966666;1400;1388
5284;26749422000;26738966666;27238966666;1400;1388
5285;26749425000;26738966666;27238966666;1398;1386
5286;26749428000;26738966666;27238966666;1400;1388
5287;26749432000;26738966666;27238966666;1398;1386
5288;26749436000;26738966666;27238966666;1400;1388
5289;26749440000;26738966666;27238966666;1400;1388
5290;26749443000;26738977777;27238977777;982;970
5281;26749515000;26697600000;27197600000;1400;1388
5282;26749525000;26697600000;27197600000;1398;1386
5283;26749707000;26738966666;27238966666;1400;1388
5284;26749914000;26738966666;27238966666;1400;1388
5285;26749923000;26738966666;27238966666;1398;1386
5286;26750116000;26738966666;27238966666;1400;1388
5287;26750124000;26738966666;27238966666;1398;1386
5288;26750317000;26738966666;27238966666;1400;1388
5289;26750326000;26738966666;27238966666;1400;1388
5290;26750526000;26738977777;27238977777;982;970
5291;26790967000;26739266666;27239266666;1398;1386
5291;26790981000;26739266666;27239266666;1398;1386
5292;26791000000;26739266666;27239266666;1400;1388
5293;26791004000;26739266666;27239266666;1398;1386
5294;26791008000;26780633333;27280633333;1400;1388
5295;26791011000;26780633333;27280633333;1400;1388
5296;26791015000;26780633333;27280633333;1398;1386
5297;26791018000;26780633333;27280633333;1400;1388
5298;26791022000;26780633333;27280633333;1398;1386
5299;26791025000;26780633333;27280633333;1400;1388
5300;26791028000;26780633333;27280633333;1400;1388
5301;26791031000;26780655555;27280655555;982;970
5292;26791168000;26739266666;27239266666;1400;1388
5293;26791174000;26739266666;27239266666;1398;1386
5294;26791365000;26780633333;27280633333;1400;1388
5296;26791582000;26780633333;27280633333;1398;1386
5297;26791587000;26780633333;27280633333;1400;1388
5298;26791782000;26780633333;27280633333;1398;1386
5299;26791787000;26780633333;27280633333;1400;1388
5300;26791986000;26780633333;27280633333;1400;1388
5301;26791991000;26780655555;27280655555;982;970
5302;26832634000;26780955555;27280955555;1398;1386
5302;26832658000;26780955555;27280955555;1398;1386
5303;26832679000;26780955555;27280955555;1400;1388
5304;26832684000;26780955555;27280955555;1398;1386
5305;26832688000;26822300000;27322300000;1400;1388
5306;26832692000;26822300000;27322300000;1400;1388
5307;26832696000;26822300000;27322300000;1398;1386
5309;26832699000;26822300000;27322300000;1398;1386
5310;26832706000;26822300000;27322300000;1400;1388
5311;26832720000;26822300000;27322300000;1400;1388
5312;26832724000;26822311111;27322311111;982;970
5303;26832823000;26780955555;27280955555;1400;1388
5304;26833022000;26780955555;27280955555;1398;1386
5305;26833031000;26822300000;27322300000;1400;1388
5306;26833227000;26822300000;27322300000;1400;1388
5307;26833236000;26822300000;27322300000;1398;1386
5308;26833432000;26822300000;27322300000;1400;1388
5309;26833456000;26822300000;27322300000;1398;1386
5310;26833636000;26822300000;27322300000;1400;1388
5311;26833842000;26822300000;27322300000;1400;1388
5312;26833868000;26822311111;27322311111;982;970
5313;26874287000;26822588888;27322588888;1398;1386
5313;26874304000;26822588888;27322588888;1398;1386
5314;26874378000;26822588888;27322588888;1400;1388
5315;26874391000;26822588888;27322588888;1398;1386
5316;26874395000;26863966666;27363966666;1400;1388
5317;26874399000;26863966666;27363966666;1400;1388
5318;26874403000;26863966666;27363966666;1398;1386
5319;26874406000;26863966666;27363966666;1400;1388
5320;26874409000;26863966666;27363966666;1398;1386
5321;26874413000;26863966666;27363966666;1400;1388
5322;26874416000;26863966666;27363966666;1400;1388
5323;26874420000;26863977777;27363977777;982;970
5314;26874497000;26822588888;27322588888;1400;1388
5315;26874506000;26822588888;27322588888;1398;1386
5319;26874706000;26863966666;27363966666;1400;1388
5320;26874912000;26863966666;27363966666;1398;1386
5321;26874921000;26863966666;27363966666;1400;1388
5322;26875121000;26863966666;27363966666;1400;1388
5324;26915976000;26864266666;27364266666;1398;1386
5324;26916007000;26864266666;27364266666;1398;1386
5325;26916018000;26864266666;27364266666;1400;1388
5326;26916022000;26864266666;27364266666;1398;1386
5329;26916026000;26905633333;27405633333;1398;1386
5330;26916055000;26905633333;27405633333;1400;1388
5331;26916060000;26905633333;27405633333;1398;1386
5332;26916064000;26905633333;27405633333;1400;1388
5333;26916077000;26905633333;27405633333;1400;1388
5334;26916080000;26905644444;27405644444;982;970
5325;26916167000;26864266666;27364266666;1400;1388
5326;26916177000;26864266666;27364266666;1398;1386
5327;26916373000;26905633333;27405633333;1400;1388
5328;26916579000;26905633333;27405633333;1400;1388
5329;26916602000;26905633333;27405633333;1398;1386
5330;26916770000;26905633333;27405633333;1400;1388
5331;26916775000;26905633333;27405633333;1398;1386
5332;26916978000;26905633333;27405633333;1400;1388
5333;26916982000;26905633333;27405633333;1400;1388
5334;26917183000;26905644444;27405644444;982;970
5335;26957645000;26905955555;27405955555;1398;1386
5335;26957668000;26905955555;27405955555;1398;1386
5336;26957688000;26905955555;27405955555;1400;1388
5337;26957692000;26905955555;27405955555;1398;1386
5338;26957696000;26947300000;27447300000;1400;1388
5339;26957699000;26947300000;27447300000;1400;1388
5340;26957703000;26947300000;27447300000;1398;1386
5341;26957706000;26947300000;27447300000;1400;1388
5342;26957709000;26947300000;27447300000;1398;1386
5343;26957713000;26947300000;27447300000;1400;1388
5344;26957716000;26947300000;27447300000;1400;1388
5345;26957719000;26947311111;27447311111;982;970
5336;26957840000;26905955555;27405955555;1400;1388
5337;26957856000;26905955555;27405955555;1398;1386
5338;26958039000;26947300000;27447300000;1400;1388
5339;26958246000;26947300000;27447300000;1400;1388
5340;26958252000;26947300000;27447300000;1398;1386
5341;26958454000;26947300000;27447300000;1400;1388
5343;26958468000;26947300000;27447300000;1400;1388
5344;26958647000;26947300000;27447300000;1400;1388
5345;26958652000;26947311111;27447311111;982;970
5346;26999305000;26947600000;27447600000;1398;1386
5346;26999330000;26947600000;27447600000;1398;1386
5347;26999349000;26947600000;27447600000;1400;1388
5348;26999354000;26947600000;27447600000;1398;1386
5349;26999357000;26988966666;27488966666;1400;1388
5350;26999361000;26988966666;27488966666;1400;1388
5353;26999364000;26988966666;27488966666;1398;1386
5355;26999370000;26988966666;27488966666;1400;1388
5356;26999384000;26988988888;27488988888;982;970
5347;26999507000;26947600000;27447600000;1400;1388
5348;26999513000;26947600000;27447600000;1398;1386
5349;26999705000;26988966666;27488966666;1400;1388
5350;26999901000;26988966666;27488966666;1400;1388
5351;26999906000;26988966666;27488966666;1398;1386
5352;27000101000;26988966666;27488966666;1400;1388
5353;27000118000;26988966666;27488966666;1398;1386
5354;27000304000;26988966666;27488966666;1400;1388
5355;27000517000;26988966666;27488966666;1400;1388
5356;27000521000;26988988888;27488988888;982;970
5357;27040923000;26989277777;27489277777;1398;1386
5358;27040950000;26989277777;27489277777;1400;1388
5359;27040970000;26989277777;27489277777;1398;1386
5360;27040974000;27030600000;27530600000;1400;1388
5361;27040978000;27030600000;27530600000;1400;1388
5363;27040981000;27030600000;27530600000;1400;1388
5364;27040997000;27030600000;27530600000;1398;1386
5365;27041001000;27030600000;27530600000;1400;1388
5366;27041004000;27030600000;27530600000;1400;1388
5367;27041008000;27030622222;27530622222;982;970
5358;27041134000;26989277777;27489277777;1400;1388
5359;27041140000;26989277777;27489277777;1398;1386
5360;27041327000;27030600000;27530600000;1400;1388
5361;27041539000;27030600000;27530600000;1400;1388
5362;27041544000;27030600000;27530600000;1398;1386
5363;27041739000;27030600000;27530600000;1400;1388
5364;27041744000;27030600000;27530600000;1398;1386
5365;27041948000;27030600000;27530600000;1400;1388
5366;27041953000;27030600000;27530600000;1400;1388
5367;27042152000;27030622222;27530622222;982;970
5369;27082588000;27030922222;27530922222;1400;1388
5368;27082633000;27030922222;27530922222;1398;1386
5369;27082657000;27030922222;27530922222;1400;1388
5370;27082672000;27030922222;27530922222;1398;1386
5371;27082676000;27072266666;27572266666;1400;1388
5372;27082691000;27072266666;27572266666;1400;1388
5373;27082694000;27072266666;27572266666;1398;1386
5374;27082698000;27072266666;27572266666;1400;1388
5375;27082702000;27072266666;27572266666;1398;1386
5376;27082714000;27072266666;27572266666;1400;1388
5377;27082718000;27072266666;27572266666;1400;1388
5378;27082721000;27072288888;27572288888;982;970
5370;27082792000;27030922222;27530922222;1398;1386
5371;27082798000;27072266666;27572266666;1400;1388
5372;27083000000;27072266666;27572266666;1400;1388
5373;27083207000;27072266666;27572266666;1398;1386
5374;27083212000;27072266666;27572266666;1400;1388
5375;27083406000;27072266666;27572266666;1398;1386
5377;27083411000;27072266666;27572266666;1400;1388
5378;27083616000;27072288888;27572288888;982;970
5379;27124293000;27072566666;27572566666;1398;1386
5379;27124309000;27072566666;27572566666;1398;1386
5380;27124328000;27072566666;27572566666;1400;1388
5381;27124333000;27072566666;27572566666;1398;1386
5382;27124336000;27113966666;27613966666;1400;1388
5383;27124340000;27113966666;27613966666;1400;1388
5384;27124343000;27113966666;27613966666;1398;1386
5385;27124346000;27113966666;27613966666;1400;1388
5386;27124350000;27113966666;27613966666;1398;1386
5387;27124353000;27113966666;27613966666;1400;1388
5388;27124356000;27113966666;27613966666;1400;1388
5389;27124359000;27113988888;27613988888;982;970
5380;27124495000;27072566666;27572566666;1400;1388
5381;27124501000;27072566666;27572566666;1398;1386
5382;27124697000;27113966666;27613966666;1400;1388
5383;27124901000;27113966666;27613966666;1400;1388
5384;27124906000;27113966666;27613966666;1398;1386
5385;27125103000;27113966666;27613966666;1400;1388
5386;27125108000;27113966666;27613966666;1398;1386
5387;27125303000;27113966666;27613966666;1400;1388
5388;27125516000;27113966666;27613966666;1400;1388
5389;27125521000;27113988888;27613988888;982;970
5390;27165954000;27114244444;27614244444;1398;1386
5390;27165982000;27114244444;27614244444;1398;1386
5392;27165992000;27114244444;27614244444;1398;1386
5393;27166009000;27155633333;27655633333;1400;1388
5394;27166014000;27155633333;27655633333;1400;1388
5395;27166026000;27155633333;27655633333;1398;1386
5396;27166030000;27155633333;27655633333;1400;1388
5397;27166033000;27155633333;27655633333;1398;1386
5398;27166054000;27155633333;27655633333;1400;1388
5399;27166058000;27155633333;27655633333;1400;1388
5400;27166061000;27155644444;27655644444;982;970
5391;27166162000;27114244444;27614244444;1400;1388
5392;27166182000;27114244444;27614244444;1398;1386
5393;27166357000;27155633333;27655633333;1400;1388
5394;27166568000;27155633333;27655633333;1400;1388
5395;27166573000;27155633333;27655633333;1398;1386
5396;27166771000;27155633333;27655633333;1400;1388
5397;27166776000;27155633333;27655633333;1398;1386
5398;27166979000;27155633333;27655633333;1400;1388
5399;27166983000;27155633333;27655633333;1400;1388
5400;27167183000;27155644444;27655644444;982;970
5401;27207639000;27155944444;27655944444;1398;1386
5401;27207653000;27155944444;27655944444;1398;1386
5402;27207672000;27155944444;27655944444;1400;1388
5403;27207677000;27155944444;27655944444;1398;1386
5404;27207680000;27197300000;27697300000;1400;1388
5406;27207684000;27197300000;27697300000;1398;1386
5407;27207690000;27197300000;27697300000;1400;1388
5408;27207704000;27197300000;27697300000;1398;1386
5409;27207707000;27197300000;27697300000;1400;1388
5410;27207711000;27197300000;27697300000;1400;1388
5411;27207714000;27197322222;27697322222;982;970
5402;27207831000;27155944444;27655944444;1400;1388
5403;27207837000;27155944444;27655944444;1398;1386
5404;27208032000;27197300000;27697300000;1400;1388
5405;27208238000;27197300000;27697300000;1400;1388
5408;27208257000;27197300000;27697300000;1398;1386
5409;27208438000;27197300000;27697300000;1400;1388
5410;27208443000;27197300000;27697300000;1400;1388
5411;27208645000;27197322222;27697322222;982;970
5412;27249296000;27197611111;27697611111;1398;1386
5412;27249312000;27197611111;27697611111;1398;1386
5413;27249331000;27197611111;27697611111;1400;1388
5414;27249335000;27197611111;27697611111;1398;1386
5415;27249338000;27238966666;27738966666;1400;1388
5416;27249342000;27238966666;27738966666;1400;1388
5417;27249346000;27238966666;27738966666;1398;1386
5418;27249349000;27238966666;27738966666;1400;1388
5419;27249353000;27238966666;27738966666;1398;1386
5420;27249356000;27238966666;27738966666;1400;1388
5421;27249359000;27238966666;27738966666;1400;1388
5422;27249362000;27238988888;27738988888;982;970
5413;27249508000;27197611111;27697611111;1400;1388
5414;27249517000;27197611111;27697611111;1398;1386
5415;27249698000;27238966666;27738966666;1400;1388
5416;27249902000;27238966666;27738966666;1400;1388
5417;27249908000;27238966666;27738966666;1398;1386
5418;27250104000;27238966666;27738966666;1400;1388
5419;27250109000;27238966666;27738966666;1398;1386
5420;27250304000;27238966666;27738966666;1400;1388
5421;27250516000;27238966666;27738966666;1400;1388
5422;27250521000;27238988888;27738988888;982;970
5423;27290954000;27239277777;27739277777;1398;1386
5423;27290981000;27239277777;27739277777;1398;1386
5424;27290991000;27239277777;27739277777;1400;1388
5425;27290995000;27239277777;27739277777;1398;1386
5426;27290998000;27280633333;27780633333;1400;1388
5427;27291002000;27280633333;27780633333;1400;1388
5428;27291006000;27280633333;27780633333;1398;1386
5429;27291009000;27280633333;27780633333;1400;1388
5430;27291012000;27280633333;27780633333;1398;1386
5431;27291015000;27280633333;27780633333;1400;1388
5432;27291019000;27280633333;27780633333;1400;1388
5433;27291022000;27280655555;27780655555;982;970
5424;27291165000;27239277777;27739277777;1400;1388
5425;27291172000;27239277777;27739277777;1398;1386
5426;27291364000;27280633333;27780633333;1400;1388
5427;27291568000;27280633333;27780633333;1400;1388
5428;27291573000;27280633333;27780633333;1398;1386
5429;27291768000;27280633333;27780633333;1400;1388
5430;27291772000;27280633333;27780633333;1398;1386
5431;27291978000;27280633333;27780633333;1400;1388
5432;27291983000;27280633333;27780633333;1400;1388
5433;27292183000;27280655555;27780655555;982;970
5434;27332620000;27280966666;27780966666;1398;1386
5434;27332638000;27280966666;27780966666;1398;1386
5435;27332658000;27280966666;27780966666;1400;1388
5436;27332662000;27280966666;27780966666;1398;1386
5437;27332666000;27322300000;27822300000;1400;1388
5438;27332670000;27322300000;27822300000;1400;1388
5439;27332673000;27322300000;27822300000;1398;1386
5441;27332677000;27322300000;27822300000;1398;1386
5442;27332682000;27322300000;27822300000;1400;1388
5443;27332696000;27322300000;27822300000;1400;1388
5444;27332700000;27322322222;27822322222;982;970
5435;27332822000;27280966666;27780966666;1400;1388
5436;27333023000;27280966666;27780966666;1398;1386
5437;27333032000;27322300000;27822300000;1400;1388
5438;27333228000;27322300000;27822300000;1400;1388
5439;27333237000;27322300000;27822300000;1398;1386
5440;27333433000;27322300000;27822300000;1400;1388
5441;27333464000;27322300000;27822300000;1398;1386
5444;27333654000;27322322222;27822322222;982;970
5445;27374263000;27322611111;27822611111;1398;1386
5445;27374281000;27322611111;27822611111;1398;1386
5446;27374354000;27322611111;27822611111;1400;1388
5447;27374367000;27322611111;27822611111;1398;1386
5448;27374371000;27363933333;27863933333;1400;1388
5449;27374376000;27363933333;27863933333;1400;1388
5450;27374379000;27363933333;27863933333;1398;1386
5451;27374382000;27363933333;27863933333;1400;1388
5452;27374386000;27363933333;27863933333;1398;1386
5453;27374389000;27363933333;27863933333;1400;1388
5454;27374392000;27363933333;27863933333;1400;1388
5446;27374467000;27322611111;27822611111;1400;1388
5447;27374477000;27322611111;27822611111;1398;1386
5448;27374676000;27363933333;27863933333;1400;1388
5449;27374881000;27363933333;27863933333;1400;1388
5450;27374890000;27363933333;27863933333;1398;1386
5451;27375084000;27363933333;27863933333;1400;1388
5452;27375092000;27363933333;27863933333;1398;1386
5453;27375288000;27363933333;27863933333;1400;1388
5454;27375296000;27363933333;27863933333;1400;1388
5455;27375494000;27363955555;27863955555;982;970
5458;27415982000;27364255555;27864255555;1398;1386
5459;27416005000;27405633333;27905633333;1400;1388
5460;27416019000;27405633333;27905633333;1400;1388
5461;27416023000;27405633333;27905633333;1398;1386
5462;27416066000;27405633333;27905633333;1400;1388
5463;27416080000;27405633333;27905633333;1398;1386
5464;27416083000;27405633333;27905633333;1400;1388
5465;27416086000;27405633333;27905633333;1400;1388
5466;27416100000;27405655555;27905655555;982;970
5456;27416131000;27364255555;27864255555;1398;1386
5457;27416159000;27364255555;27864255555;1400;1388
5458;27416379000;27364255555;27864255555;1398;1386
5459;27416388000;27405633333;27905633333;1400;1388
5460;27416578000;27405633333;27905633333;1400;1388
5461;27416587000;27405633333;27905633333;1398;1386
5462;27416780000;27405633333;27905633333;1400;1388
5463;27416788000;27405633333;27905633333;1398;1386
5464;27416989000;27405633333;27905633333;1400;1388
5465;27416997000;27405633333;27905633333;1400;1388
5466;27417193000;27405655555;27905655555;982;970
5467;27457643000;27405944444;27905944444;1398;1386
5467;27457674000;27405944444;27905944444;1398;1386
5468;27457685000;27405944444;27905944444;1400;1388
5469;27457690000;27405944444;27905944444;1398;1386
5470;27457693000;27447300000;27947300000;1400;1388
5471;27457697000;27447300000;27947300000;1400;1388
5472;27457701000;27447300000;27947300000;1398;1386
5473;27457704000;27447300000;27947300000;1400;1388
5474;27457708000;27447300000;27947300000;1398;1386
5475;27457711000;27447300000;27947300000;1400;1388
5476;27457714000;27447300000;27947300000;1400;1388
5477;27457717000;27447311111;27947311111;982;970
5469;27457841000;27405944444;27905944444;1398;1386
5470;27457850000;27447300000;27947300000;1400;1388
5471;27458040000;27447300000;27947300000;1400;1388
5472;27458237000;27447300000;27947300000;1398;1386
5473;27458244000;27447300000;27947300000;1400;1388
5474;27458437000;27447300000;27947300000;1398;1386
5475;27458442000;27447300000;27947300000;1400;1388
5476;27458637000;27447300000;27947300000;1400;1388
5477;27458642000;27447311111;27947311111;982;970
5478;27499294000;27447588888;27947588888;1398;1386
5478;27499307000;27447588888;27947588888;1398;1386
5479;27499327000;27447588888;27947588888;1400;1388
5480;27499331000;27447588888;27947588888;1398;1386
5483;27499335000;27488966666;27988966666;1398;1386
5484;27499352000;27488966666;27988966666;1400;1388
5485;27499356000;27488966666;27988966666;1398;1386
5486;27499359000;27488966666;27988966666;1400;1388
5487;27499362000;27488966666;27988966666;1400;1388
5488;27499366000;27488977777;27988977777;982;970
5479;27499497000;27447588888;27947588888;1400;1388
5480;27499503000;27447588888;27947588888;1398;1386
5481;27499696000;27488966666;27988966666;1400;1388
5482;27499901000;27488966666;27988966666;1400;1388
5483;27499919000;27488966666;27988966666;1398;1386
5484;27500089000;27488966666;27988966666;1400;1388
5485;27500094000;27488966666;27988966666;1398;1386
5486;27500292000;27488966666;27988966666;1400;1388
5487;27500497000;27488966666;27988966666;1400;1388
5488;27500502000;27488977777;27988977777;982;970
5489;27540998000;27489277777;27989277777;1398;1386
5489;27541076000;27489277777;27989277777;1398;1386
5490;27541092000;27489277777;27989277777;1400;1388
5491;27541097000;27489277777;27989277777;1398;1386
5492;27541101000;27530633333;28030633333;1400;1388
5493;27541106000;27530633333;28030633333;1400;1388
5494;27541110000;27530633333;28030633333;1398;1386
5495;27541113000;27530633333;28030633333;1400;1388
5496;27541127000;27530633333;28030633333;1398;1386
5497;27541131000;27530633333;28030633333;1400;1388
5498;27541134000;27530633333;28030633333;1400;1388
5499;27541138000;27530644444;28030644444;982;970
5490;27541167000;27489277777;27989277777;1400;1388
5491;27541375000;27489277777;27989277777;1398;1386
5492;27541384000;27530633333;28030633333;1400;1388
5493;27541579000;27530633333;28030633333;1400;1388
5494;27541588000;27530633333;28030633333;1398;1386
5495;27541780000;27530633333;28030633333;1400;1388
5496;27541788000;27530633333;28030633333;1398;1386
5497;27541989000;27530633333;28030633333;1400;1388
5498;27541998000;27530633333;28030633333;1400;1388
5499;27542193000;27530644444;28030644444;982;970
