seqnum;now;rtptime;deadline
1;3331084000;3278400000;3478400000
2;3331112000;3278400000;3478400000
3;3331113000;3278400000;3478400000
4;3331116000;3278400000;3478400000
5;3331137000;3278400000;3478400000
6;3331148000;3278400000;3478400000
7;3331149000;3278400000;3478400000
8;3331161000;3278400000;3478400000
9;3331191000;3278400000;3478400000
10;3380362000;3278400000;3478400000
11;3380418000;3309944444;3509944444
12;3380420000;3309944444;3509944444
13;3380431000;3309944444;3509944444
14;3380433000;3309944444;3509944444
15;3380443000;3309944444;3509944444
16;3380445000;3309944444;3509944444
17;3380456000;3309944444;3509944444
18;3380457000;3309944444;3509944444
19;3380468000;3309944444;3509944444
20;3380478000;3309944444;3509944444
21;3411886000;3309944444;3509944444
22;3413366000;3351644444;3551644444
23;3413497000;3351644444;3551644444
24;3413767000;3351644444;3551644444
25;3413770000;3351644444;3551644444
26;3413930000;3351644444;3551644444
27;3414042000;3351644444;3551644444
28;3414145000;3351644444;3551644444
29;3414148000;3351644444;3551644444
30;3414338000;3351644444;3551644444
31;3414547000;3351644444;3551644444
32;3453606000;3351644444;3551644444
33;3455035000;3393288888;3593288888
34;3455172000;3393288888;3593288888
35;3455408000;3393288888;3593288888
36;3455420000;3393288888;3593288888
37;3455585000;3393288888;3593288888
38;3455627000;3393288888;3593288888
39;3455813000;3393288888;3593288888
40;3455873000;3393288888;3593288888
41;3456000000;3393288888;3593288888
42;3456206000;3393288888;3593288888
43;3498917000;3393288888;3593288888
44;3498984000;3434944444;3634944444
45;3498986000;3434944444;3634944444
46;3498988000;3434944444;3634944444
47;3498998000;3434944444;3634944444
48;3499008000;3434944444;3634944444
49;3499018000;3434944444;3634944444
50;3499019000;3434944444;3634944444
51;3499029000;3434944444;3634944444
52;3499031000;3434944444;3634944444
53;3499040000;3434944444;3634944444
54;3536897000;3434944444;3634944444
55;3538349000;3476566666;3676566666
56;3538488000;3476566666;3676566666
57;3538727000;3476566666;3676566666
58;3538739000;3476566666;3676566666
59;3538912000;3476566666;3676566666
60;3538930000;3476566666;3676566666
61;3539117000;3476566666;3676566666
62;3539255000;3476566666;3676566666
63;3539329000;3476566666;3676566666
64;3539553000;3476566666;3676566666
65;3578548000;3476566666;3676566666
66;3580003000;3518244444;3718244444
67;3580143000;3518244444;3718244444
68;3580408000;3518244444;3718244444
69;3580410000;3518244444;3718244444
70;3580680000;3518244444;3718244444
71;3580683000;3518244444;3718244444
72;3580787000;3518244444;3718244444
73;3580790000;3518244444;3718244444
74;3580959000;3518244444;3718244444
75;3581165000;3518244444;3718244444
76;3620095000;3518244444;3718244444
77;3621627000;3559911111;3759911111
78;3621803000;3559911111;3759911111
79;3622028000;3559911111;3759911111
80;3622030000;3559911111;3759911111
81;3622226000;3559911111;3759911111
82;3622239000;3559911111;3759911111
83;3622424000;3559911111;3759911111
84;3622485000;3559911111;3759911111
85;3622626000;3559911111;3759911111
86;3622833000;3559911111;3759911111
87;3666357000;3559911111;3759911111
88;3666408000;3601566666;3801566666
89;3666409000;3601566666;3801566666
90;3666421000;3601566666;3801566666
91;3666422000;3601566666;3801566666
92;3666432000;3601566666;3801566666
93;3666433000;3601566666;3801566666
94;3666435000;3601566666;3801566666
95;3666436000;3601566666;3801566666
96;3666446000;3601566666;3801566666
97;3666456000;3601566666;3801566666
98;3703479000;3601566666;3801566666
99;3705025000;3643244444;3843244444
100;3705178000;3643244444;3843244444
101;3705418000;3643244444;3843244444
102;3705430000;3643244444;3843244444
103;3705589000;3643244444;3843244444
104;3705592000;3643244444;3843244444
105;3705814000;3643244444;3843244444
106;3705816000;3643244444;3843244444
107;3706008000;3643244444;3843244444
108;3706214000;3643244444;3843244444
109;3745138000;3643244444;3843244444
110;3746647000;3684955555;3884955555
111;3746833000;3684955555;3884955555
112;3747080000;3684955555;3884955555
113;3747083000;3684955555;3884955555
114;3747249000;3684955555;3884955555
115;3747253000;3684955555;3884955555
116;3747488000;3684955555;3884955555
117;3747490000;3684955555;3884955555
118;3747654000;3684955555;3884955555
119;3747871000;3684955555;3884955555
120;3786836000;3684955555;3884955555
121;3788295000;3726577777;3926577777
122;3788498000;3726577777;3926577777
123;3788715000;3726577777;3926577777
124;3788717000;3726577777;3926577777
125;3788912000;3726577777;3926577777
126;3788939000;3726577777;3926577777
127;3789118000;3726577777;3926577777
128;3789120000;3726577777;3926577777
129;3789308000;3726577777;3926577777
130;3789521000;3726577777;3926577777
131;3828439000;3726577777;3926577777
132;3829959000;3768244444;3968244444
133;3830157000;3768244444;3968244444
134;3830399000;3768244444;3968244444
135;3830403000;3768244444;3968244444
136;3830583000;3768244444;3968244444
137;3830655000;3768244444;3968244444
138;3830795000;3768244444;3968244444
139;3830802000;3768244444;3968244444
140;3830975000;3768244444;3968244444
141;3831190000;3768244444;3968244444
142;3870123000;3768244444;3968244444
143;3871629000;3809900000;4009900000
144;3871825000;3809900000;4009900000
145;3872042000;3809900000;4009900000
146;3872058000;3809900000;4009900000
147;3872252000;3809900000;4009900000
148;3872256000;3809900000;4009900000
149;3872455000;3809900000;4009900000
150;3872462000;3809900000;4009900000
151;3872644000;3809900000;4009900000
152;3872849000;3809900000;4009900000
153;3911782000;3809900000;4009900000
154;3913295000;3851588888;4051588888
155;3913490000;3851588888;4051588888
156;3913721000;3851588888;4051588888
157;3913726000;3851588888;4051588888
158;3913910000;3851588888;4051588888
159;3913912000;3851588888;4051588888
160;3914119000;3851588888;4051588888
161;3914147000;3851588888;4051588888
162;3914311000;3851588888;4051588888
163;3914525000;3851588888;4051588888
164;3953470000;3851588888;4051588888
165;3954942000;3893277777;4093277777
166;3955138000;3893277777;4093277777
167;3955366000;3893277777;4093277777
168;3955382000;3893277777;4093277777
169;3955594000;3893277777;4093277777
170;3955596000;3893277777;4093277777
171;3955766000;3893277777;4093277777
172;3955880000;3893277777;4093277777
173;3955985000;3893277777;4093277777
174;3955987000;3893277777;4093277777
175;3995114000;3893277777;4093277777
176;3996605000;3934900000;4134900000
177;3996820000;3934900000;4134900000
178;3997037000;3934900000;4134900000
179;3997048000;3934900000;4134900000
180;3997247000;3934900000;4134900000
181;3997250000;3934900000;4134900000
183;3997462000;3934900000;4134900000
184;3997632000;3934900000;4134900000
185;3997847000;3934900000;4134900000
186;4036793000;3934900000;4134900000
187;4038309000;3976544444;4176544444
188;4038499000;3976544444;4176544444
189;4038502000;3976544444;4176544444
190;4038753000;3976544444;4176544444
191;4038938000;3976544444;4176544444
192;4038941000;3976544444;4176544444
193;4039117000;3976544444;4176544444
194;4039122000;3976544444;4176544444
195;4039338000;3976544444;4176544444
196;4039340000;3976544444;4176544444
197;4078462000;3976544444;4176544444
198;4079972000;4018211111;4218211111
199;4080165000;4018211111;4218211111
200;4080167000;4018211111;4218211111
201;4080397000;4018211111;4218211111
202;4080583000;4018211111;4218211111
203;4080621000;4018211111;4218211111
204;4080782000;4018211111;4218211111
205;4080784000;4018211111;4218211111
206;4081004000;4018211111;4218211111
207;4081017000;4018211111;4218211111
208;4120112000;4018211111;4218211111
209;4121638000;4059855555;4259855555
210;4121829000;4059855555;4259855555
211;4121831000;4059855555;4259855555
212;4122062000;4059855555;4259855555
213;4122249000;4059855555;4259855555
214;4122282000;4059855555;4259855555
215;4122457000;4059855555;4259855555
216;4122595000;4059855555;4259855555
217;4122604000;4059855555;4259855555
218;4122870000;4059855555;4259855555
219;4161772000;4059855555;4259855555
220;4163307000;4101577777;4301577777
221;4163504000;4101577777;4301577777
222;4163507000;4101577777;4301577777
223;4163730000;4101577777;4301577777
224;4163922000;4101577777;4301577777
225;4163954000;4101577777;4301577777
226;4164127000;4101577777;4301577777
227;4164130000;4101577777;4301577777
228;4164319000;4101577777;4301577777
229;4164547000;4101577777;4301577777
230;4203498000;4101577777;4301577777
231;4204994000;4143222222;4343222222
232;4205184000;4143222222;4343222222
233;4205187000;4143222222;4343222222
234;4205419000;4143222222;4343222222
235;4205594000;4143222222;4343222222
236;4205716000;4143222222;4343222222
237;4205822000;4143222222;4343222222
238;4205891000;4143222222;4343222222
239;4206003000;4143222222;4343222222
240;4206246000;4143222222;4343222222
241;4245140000;4143222222;4343222222
242;4246638000;4184900000;4384900000
243;4246828000;4184900000;4384900000
244;4246831000;4184900000;4384900000
245;4247063000;4184900000;4384900000
246;4247251000;4184900000;4384900000
247;4247253000;4184900000;4384900000
248;4247528000;4184900000;4384900000
249;4247531000;4184900000;4384900000
250;4247606000;4184900000;4384900000
251;4247845000;4184900000;4384900000
252;4286801000;4184900000;4384900000
253;4288326000;4226566666;4426566666
254;4288532000;4226566666;4426566666
255;4288534000;4226566666;4426566666
256;4288778000;4226566666;4426566666
257;4289052000;4226566666;4426566666
258;4289055000;4226566666;4426566666
259;4289162000;4226566666;4426566666
260;4289180000;4226566666;4426566666
261;4289354000;4226566666;4426566666
262;4289357000;4226566666;4426566666
263;4328471000;4226566666;4426566666
264;4329989000;4268222222;4468222222
265;4330176000;4268222222;4468222222
266;4330179000;4268222222;4468222222
267;4330401000;4268222222;4468222222
268;4330614000;4268222222;4468222222
269;4330617000;4268222222;4468222222
270;4330780000;4268222222;4468222222
271;4330795000;4268222222;4468222222
272;4330969000;4268222222;4468222222
273;4331195000;4268222222;4468222222
274;4370137000;4268222222;4468222222
275;4371663000;4309877777;4509877777
276;4371831000;4309877777;4509877777
277;4372072000;4309877777;4509877777
278;4372074000;4309877777;4509877777
279;4372263000;4309877777;4509877777
280;4372280000;4309877777;4509877777
281;4372476000;4309877777;4509877777
282;4372482000;4309877777;4509877777
283;4372698000;4309877777;4509877777
284;4372812000;4309877777;4509877777
285;4411709000;4309877777;4509877777
286;4413269000;4351577777;4551577777
287;4413452000;4351577777;4551577777
288;4413726000;4351577777;4551577777
289;4413744000;4351577777;4551577777
290;4413942000;4351577777;4551577777
291;4413944000;4351577777;4551577777
292;4414127000;4351577777;4551577777
293;4414153000;4351577777;4551577777
294;4414318000;4351577777;4551577777
295;4414320000;4351577777;4551577777
296;4453482000;4351577777;4551577777
297;4454954000;4393200000;4593200000
298;4455144000;4393200000;4593200000
299;4455146000;4393200000;4593200000
300;4455380000;4393200000;4593200000
301;4455553000;4393200000;4593200000
302;4455561000;4393200000;4593200000
303;4455738000;4393200000;4593200000
304;4455871000;4393200000;4593200000
305;4455987000;4393200000;4593200000
306;4455989000;4393200000;4593200000
307;4495092000;4393200000;4593200000
308;4496682000;4434866666;4634866666
309;4496808000;4434866666;4634866666
310;4497030000;4434866666;4634866666
311;4497057000;4434866666;4634866666
312;4497250000;4434866666;4634866666
313;4497255000;4434866666;4634866666
314;4497452000;4434866666;4634866666
315;4497458000;4434866666;4634866666
316;4497660000;4434866666;4634866666
317;4497662000;4434866666;4634866666
318;4536771000;4434866666;4634866666
319;4538306000;4476577777;4676577777
320;4538499000;4476577777;4676577777
321;4538501000;4476577777;4676577777
322;4538729000;4476577777;4676577777
323;4538934000;4476577777;4676577777
324;4538936000;4476577777;4676577777
325;4539126000;4476577777;4676577777
326;4539240000;4476577777;4676577777
327;4539351000;4476577777;4676577777
328;4539353000;4476577777;4676577777
329;4578483000;4476577777;4676577777
330;4579966000;4518233333;4718233333
331;4580154000;4518233333;4718233333
332;4580156000;4518233333;4718233333
333;4580381000;4518233333;4718233333
334;4580615000;4518233333;4718233333
335;4580617000;4518233333;4718233333
336;4580788000;4518233333;4718233333
337;4580881000;4518233333;4718233333
338;4580994000;4518233333;4718233333
339;4581160000;4518233333;4718233333
340;4620074000;4518233333;4718233333
341;4621648000;4559866666;4759866666
342;4621804000;4559866666;4759866666
343;4622022000;4559866666;4759866666
344;4622039000;4559866666;4759866666
345;4622254000;4559866666;4759866666
346;4622256000;4559866666;4759866666
347;4622451000;4559866666;4759866666
348;4622575000;4559866666;4759866666
349;4622600000;4559866666;4759866666
350;4622873000;4559866666;4759866666
351;4661755000;4559866666;4759866666
352;4663304000;4601555555;4801555555
353;4663498000;4601555555;4801555555
354;4663501000;4601555555;4801555555
355;4663701000;4601555555;4801555555
356;4663920000;4601555555;4801555555
357;4663923000;4601555555;4801555555
358;4664139000;4601555555;4801555555
359;4664172000;4601555555;4801555555
360;4664376000;4601555555;4801555555
361;4664379000;4601555555;4801555555
362;4703474000;4601555555;4801555555
363;4704954000;4643211111;4843211111
364;4705145000;4643211111;4843211111
365;4705148000;4643211111;4843211111
366;4705379000;4643211111;4843211111
367;4705570000;4643211111;4843211111
368;4705572000;4643211111;4843211111
369;4705817000;4643211111;4843211111
370;4705878000;4643211111;4843211111
371;4705998000;4643211111;4843211111
372;4706013000;4643211111;4843211111
373;4745129000;4643211111;4843211111
374;4746675000;4684877777;4884877777
375;4746833000;4684877777;4884877777
376;4747078000;4684877777;4884877777
377;4747080000;4684877777;4884877777
378;4747305000;4684877777;4884877777
379;4747307000;4684877777;4884877777
380;4747494000;4684877777;4884877777
381;4747565000;4684877777;4884877777
382;4747699000;4684877777;4884877777
383;4747713000;4684877777;4884877777
384;4786783000;4684877777;4884877777
385;4788317000;4726588888;4926588888
386;4788518000;4726588888;4926588888
387;4788520000;4726588888;4926588888
388;4788737000;4726588888;4926588888
389;4788959000;4726588888;4926588888
390;4788961000;4726588888;4926588888
391;4789154000;4726588888;4926588888
392;4789181000;4726588888;4926588888
393;4789352000;4726588888;4926588888
394;4789368000;4726588888;4926588888
395;4828493000;4726588888;4926588888
396;4829967000;4768233333;4968233333
397;4830159000;4768233333;4968233333
398;4830160000;4768233333;4968233333
399;4830383000;4768233333;4968233333
400;4830598000;4768233333;4968233333
401;4830603000;4768233333;4968233333
402;4830761000;4768233333;4968233333
403;4830763000;4768233333;4968233333
404;4830955000;4768233333;4968233333
405;4831161000;4768233333;4968233333
406;4870152000;4768233333;4968233333
407;4871645000;4809855555;5009855555
408;4871823000;4809855555;5009855555
409;4871825000;4809855555;5009855555
410;4872074000;4809855555;5009855555
411;4872288000;4809855555;5009855555
412;4872290000;4809855555;5009855555
413;4872462000;4809855555;5009855555
414;4872464000;4809855555;5009855555
415;4872660000;4809855555;5009855555
416;4872662000;4809855555;5009855555
417;4913270000;4809855555;5009855555
418;4913329000;4851588888;5051588888
419;4913472000;4851588888;5051588888
420;4913712000;4851588888;5051588888
421;4913714000;4851588888;5051588888
422;4913988000;4851588888;5051588888
423;4913990000;4851588888;5051588888
424;4914111000;4851588888;5051588888
425;4914113000;4851588888;5051588888
426;4914314000;4851588888;5051588888
427;4914350000;4851588888;5051588888
428;4953510000;4851588888;5051588888
429;4955051000;4893233333;5093233333
430;4955123000;4893233333;5093233333
431;4955392000;4893233333;5093233333
432;4955395000;4893233333;5093233333
433;4955598000;4893233333;5093233333
434;4955617000;4893233333;5093233333
435;4955773000;4893233333;5093233333
436;4955778000;4893233333;5093233333
437;4955987000;4893233333;5093233333
438;4956185000;4893233333;5093233333
439;4995191000;4893233333;5093233333
440;4996651000;4934900000;5134900000
441;4996828000;4934900000;5134900000
442;4996831000;4934900000;5134900000
443;4997023000;4934900000;5134900000
444;4997244000;4934900000;5134900000
445;4997382000;4934900000;5134900000
446;4997401000;4934900000;5134900000
447;4997431000;4934900000;5134900000
448;4997669000;4934900000;5134900000
449;4997680000;4934900000;5134900000
450;5036858000;4934900000;5134900000
451;5038340000;4976533333;5176533333
452;5038498000;4976533333;5176533333
453;5038766000;4976533333;5176533333
454;5038769000;4976533333;5176533333
455;5038935000;4976533333;5176533333
456;5038939000;4976533333;5176533333
457;5039136000;4976533333;5176533333
458;5039141000;4976533333;5176533333
459;5039337000;4976533333;5176533333
460;5039536000;4976533333;5176533333
461;5078498000;4976533333;5176533333
462;5080029000;5018222222;5218222222
463;5080184000;5018222222;5218222222
464;5080186000;5018222222;5218222222
465;5080427000;5018222222;5218222222
466;5080654000;5018222222;5218222222
467;5080657000;5018222222;5218222222
468;5080802000;5018222222;5218222222
469;5080805000;5018222222;5218222222
470;5081013000;5018222222;5218222222
471;5081015000;5018222222;5218222222
472;5120126000;5018222222;5218222222
473;5121639000;5059877777;5259877777
474;5121828000;5059877777;5259877777
475;5121831000;5059877777;5259877777
476;5122057000;5059877777;5259877777
477;5122229000;5059877777;5259877777
478;5122240000;5059877777;5259877777
479;5122459000;5059877777;5259877777
480;5122462000;5059877777;5259877777
481;5122648000;5059877777;5259877777
482;5122871000;5059877777;5259877777
483;5161794000;5059877777;5259877777
484;5163323000;5101566666;5301566666
485;5163497000;5101566666;5301566666
486;5163714000;5101566666;5301566666
487;5163716000;5101566666;5301566666
488;5163971000;5101566666;5301566666
489;5163974000;5101566666;5301566666
490;5164148000;5101566666;5301566666
491;5164284000;5101566666;5301566666
492;5164366000;5101566666;5301566666
493;5164378000;5101566666;5301566666
494;5203470000;5101566666;5301566666
495;5204975000;5143255555;5343255555
496;5205167000;5143255555;5343255555
497;5205169000;5143255555;5343255555
498;5205392000;5143255555;5343255555
499;5205590000;5143255555;5343255555
500;5205593000;5143255555;5343255555
501;5205764000;5143255555;5343255555
502;5205766000;5143255555;5343255555
503;5206000000;5143255555;5343255555
504;5206002000;5143255555;5343255555
505;5245173000;5143255555;5343255555
506;5246673000;5184877777;5384877777
507;5246832000;5184877777;5384877777
508;5247086000;5184877777;5384877777
509;5247089000;5184877777;5384877777
510;5247242000;5184877777;5384877777
511;5247361000;5184877777;5384877777
512;5247466000;5184877777;5384877777
513;5247593000;5184877777;5384877777
514;5247682000;5184877777;5384877777
515;5247690000;5184877777;5384877777
516;5286781000;5184877777;5384877777
517;5288326000;5226588888;5426588888
518;5288535000;5226588888;5426588888
519;5288538000;5226588888;5426588888
520;5288740000;5226588888;5426588888
521;5288909000;5226588888;5426588888
522;5289010000;5226588888;5426588888
523;5289135000;5226588888;5426588888
524;5289140000;5226588888;5426588888
525;5289309000;5226588888;5426588888
526;5289522000;5226588888;5426588888
527;5328462000;5226588888;5426588888
528;5329965000;5268244444;5468244444
529;5330183000;5268244444;5468244444
530;5330185000;5268244444;5468244444
531;5330403000;5268244444;5468244444
532;5330584000;5268244444;5468244444
533;5330696000;5268244444;5468244444
534;5330801000;5268244444;5468244444
535;5330803000;5268244444;5468244444
536;5331012000;5268244444;5468244444
537;5331014000;5268244444;5468244444
538;5370150000;5268244444;5468244444
539;5371655000;5309877777;5509877777
540;5371851000;5309877777;5509877777
541;5371854000;5309877777;5509877777
542;5372070000;5309877777;5509877777
543;5372251000;5309877777;5509877777
544;5372351000;5309877777;5509877777
545;5372453000;5309877777;5509877777
546;5372458000;5309877777;5509877777
547;5372643000;5309877777;5509877777
548;5372848000;5309877777;5509877777
549;5411758000;5309877777;5509877777
550;5413313000;5351588888;5551588888
551;5413532000;5351588888;5551588888
552;5413534000;5351588888;5551588888
553;5413764000;5351588888;5551588888
554;5413913000;5351588888;5551588888
555;5413972000;5351588888;5551588888
556;5414128000;5351588888;5551588888
557;5414226000;5351588888;5551588888
558;5414330000;5351588888;5551588888
559;5414332000;5351588888;5551588888
560;5453435000;5351588888;5551588888
561;5454978000;5393233333;5593233333
562;5455182000;5393233333;5593233333
563;5455185000;5393233333;5593233333
564;5455403000;5393233333;5593233333
565;5455583000;5393233333;5593233333
566;5455644000;5393233333;5593233333
567;5455791000;5393233333;5593233333
568;5455793000;5393233333;5593233333
569;5456016000;5393233333;5593233333
570;5456225000;5393233333;5593233333
571;5495138000;5393233333;5593233333
572;5496655000;5434900000;5634900000
573;5496844000;5434900000;5634900000
574;5496846000;5434900000;5634900000
575;5497054000;5434900000;5634900000
576;5497249000;5434900000;5634900000
577;5497349000;5434900000;5634900000
578;5497500000;5434900000;5634900000
579;5497524000;5434900000;5634900000
580;5497627000;5434900000;5634900000
581;5497848000;5434900000;5634900000
582;5536771000;5434900000;5634900000
583;5538315000;5476588888;5676588888
584;5538532000;5476588888;5676588888
585;5538534000;5476588888;5676588888
586;5538721000;5476588888;5676588888
587;5538917000;5476588888;5676588888
588;5538983000;5476588888;5676588888
589;5539120000;5476588888;5676588888
590;5539147000;5476588888;5676588888
591;5539296000;5476588888;5676588888
592;5539542000;5476588888;5676588888
593;5578503000;5476588888;5676588888
594;5579965000;5518255555;5718255555
595;5580155000;5518255555;5718255555
596;5580157000;5518255555;5718255555
597;5580397000;5518255555;5718255555
598;5580658000;5518255555;5718255555
599;5580672000;5518255555;5718255555
600;5580783000;5518255555;5718255555
601;5580785000;5518255555;5718255555
602;5580988000;5518255555;5718255555
603;5580990000;5518255555;5718255555
604;5620162000;5518255555;5718255555
605;5621654000;5559877777;5759877777
606;5621843000;5559877777;5759877777
607;5621845000;5559877777;5759877777
608;5622053000;5559877777;5759877777
609;5622247000;5559877777;5759877777
610;5622348000;5559877777;5759877777
611;5622498000;5559877777;5759877777
612;5622521000;5559877777;5759877777
613;5622627000;5559877777;5759877777
614;5622847000;5559877777;5759877777
615;5661767000;5559877777;5759877777
616;5663305000;5601588888;5801588888
617;5663497000;5601588888;5801588888
618;5663499000;5601588888;5801588888
619;5663736000;5601588888;5801588888
620;5663902000;5601588888;5801588888
621;5663905000;5601588888;5801588888
622;5664117000;5601588888;5801588888
623;5664176000;5601588888;5801588888
624;5664331000;5601588888;5801588888
625;5664333000;5601588888;5801588888
626;5703506000;5601588888;5801588888
627;5704973000;5643211111;5843211111
628;5705164000;5643211111;5843211111
629;5705166000;5643211111;5843211111
630;5705390000;5643211111;5843211111
631;5705636000;5643211111;5843211111
632;5705639000;5643211111;5843211111
633;5705792000;5643211111;5843211111
634;5705795000;5643211111;5843211111
635;5706018000;5643211111;5843211111
636;5706023000;5643211111;5843211111
637;5745115000;5643211111;5843211111
638;5746637000;5684877777;5884877777
639;5746828000;5684877777;5884877777
640;5746830000;5684877777;5884877777
641;5747055000;5684877777;5884877777
642;5747222000;5684877777;5884877777
643;5747232000;5684877777;5884877777
644;5747459000;5684877777;5884877777
645;5747461000;5684877777;5884877777
646;5747668000;5684877777;5884877777
647;5747670000;5684877777;5884877777
648;5786780000;5684877777;5884877777
649;5788281000;5726555555;5926555555
650;5788472000;5726555555;5926555555
651;5788475000;5726555555;5926555555
652;5788698000;5726555555;5926555555
653;5788870000;5726555555;5926555555
654;5789009000;5726555555;5926555555
655;5789111000;5726555555;5926555555
656;5789127000;5726555555;5926555555
657;5789306000;5726555555;5926555555
658;5789317000;5726555555;5926555555
659;5828473000;5726555555;5926555555
660;5829949000;5768222222;5968222222
661;5830140000;5768222222;5968222222
662;5830142000;5768222222;5968222222
663;5830368000;5768222222;5968222222
664;5830564000;5768222222;5968222222
665;5830567000;5768222222;5968222222
666;5830769000;5768222222;5968222222
667;5830881000;5768222222;5968222222
668;5830964000;5768222222;5968222222
669;5831028000;5768222222;5968222222
670;5870141000;5768222222;5968222222
671;5871660000;5809855555;6009855555
672;5871849000;5809855555;6009855555
673;5871851000;5809855555;6009855555
674;5872131000;5809855555;6009855555
675;5872259000;5809855555;6009855555
676;5872397000;5809855555;6009855555
677;5872477000;5809855555;6009855555
678;5872556000;5809855555;6009855555
679;5872662000;5809855555;6009855555
680;5872664000;5809855555;6009855555
681;5911760000;5809855555;6009855555
682;5913320000;5851588888;6051588888
683;5913508000;5851588888;6051588888
684;5913510000;5851588888;6051588888
685;5913720000;5851588888;6051588888
686;5913916000;5851588888;6051588888
687;5914015000;5851588888;6051588888
688;5914230000;5851588888;6051588888
689;5914244000;5851588888;6051588888
690;5914356000;5851588888;6051588888
691;5914358000;5851588888;6051588888
692;5953455000;5851588888;6051588888
693;5955033000;5893266666;6093266666
694;5955179000;5893266666;6093266666
695;5955181000;5893266666;6093266666
696;5955397000;5893266666;6093266666
697;5955581000;5893266666;6093266666
698;5955680000;5893266666;6093266666
699;5955804000;5893266666;6093266666
700;5955826000;5893266666;6093266666
701;5955961000;5893266666;6093266666
702;5956223000;5893266666;6093266666
703;5995170000;5893266666;6093266666
704;5996659000;5934922222;6134922222
705;5996849000;5934922222;6134922222
706;5996852000;5934922222;6134922222
707;5997099000;5934922222;6134922222
708;5997300000;5934922222;6134922222
709;5997302000;5934922222;6134922222
710;5997471000;5934922222;6134922222
711;5997594000;5934922222;6134922222
712;5997699000;5934922222;6134922222
713;5997701000;5934922222;6134922222
714;6036839000;5934922222;6134922222
715;6038307000;5976588888;6176588888
716;6038496000;5976588888;6176588888
717;6038498000;5976588888;6176588888
718;6038724000;5976588888;6176588888
719;6038891000;5976588888;6176588888
720;6038893000;5976588888;6176588888
721;6039124000;5976588888;6176588888
722;6039235000;5976588888;6176588888
723;6039313000;5976588888;6176588888
724;6039546000;5976588888;6176588888
725;6078505000;5976588888;6176588888
726;6079993000;6018211111;6218211111
727;6080185000;6018211111;6218211111
728;6080187000;6018211111;6218211111
729;6080420000;6018211111;6218211111
730;6080601000;6018211111;6218211111
731;6080614000;6018211111;6218211111
732;6080800000;6018211111;6218211111
733;6080812000;6018211111;6218211111
734;6080999000;6018211111;6218211111
735;6081195000;6018211111;6218211111
736;6120749000;6018211111;6218211111
737;6121660000;6059888888;6259888888
738;6121821000;6059888888;6259888888
739;6121823000;6059888888;6259888888
740;6122061000;6059888888;6259888888
741;6122227000;6059888888;6259888888
742;6122365000;6059888888;6259888888
743;6122448000;6059888888;6259888888
744;6122469000;6059888888;6259888888
745;6122659000;6059888888;6259888888
746;6122671000;6059888888;6259888888
747;6161793000;6059888888;6259888888
748;6163288000;6101622222;6301622222
749;6163481000;6101622222;6301622222
750;6163483000;6101622222;6301622222
751;6163706000;6101622222;6301622222
752;6163867000;6101622222;6301622222
753;6163874000;6101622222;6301622222
754;6164108000;6101622222;6301622222
755;6164245000;6101622222;6301622222
756;6164321000;6101622222;6301622222
757;6164336000;6101622222;6301622222
758;6203531000;6101622222;6301622222
759;6204960000;6143266666;6343266666
760;6205119000;6143266666;6343266666
761;6205389000;6143266666;6343266666
762;6205391000;6143266666;6343266666
763;6205609000;6143266666;6343266666
764;6205619000;6143266666;6343266666
765;6205760000;6143266666;6343266666
766;6205828000;6143266666;6343266666
767;6205999000;6143266666;6343266666
768;6206010000;6143266666;6343266666
769;6245190000;6143266666;6343266666
770;6246615000;6184888888;6384888888
771;6246803000;6184888888;6384888888
772;6246806000;6184888888;6384888888
773;6247065000;6184888888;6384888888
774;6247214000;6184888888;6384888888
775;6247356000;6184888888;6384888888
776;6247438000;6184888888;6384888888
777;6247457000;6184888888;6384888888
778;6247644000;6184888888;6384888888
779;6247656000;6184888888;6384888888
780;6286791000;6184888888;6384888888
781;6288286000;6226577777;6426577777
782;6288472000;6226577777;6426577777
783;6288474000;6226577777;6426577777
784;6288699000;6226577777;6426577777
785;6288862000;6226577777;6426577777
786;6288872000;6226577777;6426577777
787;6289100000;6226577777;6426577777
788;6289102000;6226577777;6426577777
789;6289281000;6226577777;6426577777
790;6289506000;6226577777;6426577777
791;6328480000;6226577777;6426577777
792;6329949000;6268233333;6468233333
793;6330139000;6268233333;6468233333
794;6330142000;6268233333;6468233333
795;6330383000;6268233333;6468233333
796;6330611000;6268233333;6468233333
797;6330630000;6268233333;6468233333
798;6330764000;6268233333;6468233333
799;6330831000;6268233333;6468233333
800;6330997000;6268233333;6468233333
801;6331000000;6268233333;6468233333
802;6370137000;6268233333;6468233333
803;6371617000;6309866666;6509866666
804;6371809000;6309866666;6509866666
805;6371812000;6309866666;6509866666
806;6372055000;6309866666;6509866666
807;6372209000;6309866666;6509866666
808;6372344000;6309866666;6509866666
809;6372443000;6309866666;6509866666
810;6372592000;6309866666;6509866666
811;6372595000;6309866666;6509866666
812;6372826000;6309866666;6509866666
813;6411770000;6309866666;6509866666
814;6413282000;6351600000;6551600000
815;6413472000;6351600000;6551600000
816;6413474000;6351600000;6551600000
817;6413699000;6351600000;6551600000
818;6413867000;6351600000;6551600000
819;6413869000;6351600000;6551600000
820;6414098000;6351600000;6551600000
821;6414101000;6351600000;6551600000
822;6414328000;6351600000;6551600000
823;6414332000;6351600000;6551600000
824;6453501000;6351600000;6551600000
825;6454951000;6393222222;6593222222
826;6455120000;6393222222;6593222222
827;6455133000;6393222222;6593222222
828;6455316000;6393222222;6593222222
829;6455640000;6393222222;6593222222
830;6455652000;6393222222;6593222222
831;6455776000;6393222222;6593222222
832;6455778000;6393222222;6593222222
833;6455988000;6393222222;6593222222
834;6456002000;6393222222;6593222222
835;6495126000;6393222222;6593222222
836;6496617000;6434911111;6634911111
837;6496808000;6434911111;6634911111
838;6496810000;6434911111;6634911111
839;6497033000;6434911111;6634911111
840;6497200000;6434911111;6634911111
841;6497335000;6434911111;6634911111
842;6497449000;6434911111;6634911111
843;6497566000;6434911111;6634911111
844;6497578000;6434911111;6634911111
845;6497850000;6434911111;6634911111
846;6536830000;6434911111;6634911111
847;6538283000;6476588888;6676588888
848;6538473000;6476588888;6676588888
849;6538476000;6476588888;6676588888
850;6538700000;6476588888;6676588888
851;6538865000;6476588888;6676588888
852;6539008000;6476588888;6676588888
853;6539096000;6476588888;6676588888
854;6539100000;6476588888;6676588888
855;6539308000;6476588888;6676588888
856;6539320000;6476588888;6676588888
857;6578491000;6476588888;6676588888
858;6579949000;6518244444;6718244444
859;6580138000;6518244444;6718244444
860;6580141000;6518244444;6718244444
861;6580366000;6518244444;6718244444
862;6580534000;6518244444;6718244444
863;6580544000;6518244444;6718244444
864;6580768000;6518244444;6718244444
865;6580771000;6518244444;6718244444
866;6580948000;6518244444;6718244444
867;6581170000;6518244444;6718244444
868;6620145000;6518244444;6718244444
869;6621629000;6559888888;6759888888
870;6621817000;6559888888;6759888888
871;6621829000;6559888888;6759888888
872;6622018000;6559888888;6759888888
873;6622251000;6559888888;6759888888
874;6622286000;6559888888;6759888888
875;6622464000;6559888888;6759888888
876;6622481000;6559888888;6759888888
877;6622671000;6559888888;6759888888
878;6622674000;6559888888;6759888888
879;6661791000;6559888888;6759888888
880;6663305000;6601566666;6801566666
881;6663494000;6601566666;6801566666
882;6663497000;6601566666;6801566666
883;6663721000;6601566666;6801566666
884;6663889000;6601566666;6801566666
885;6664023000;6601566666;6801566666
886;6664177000;6601566666;6801566666
887;6664193000;6601566666;6801566666
888;6664326000;6601566666;6801566666
889;6664329000;6601566666;6801566666
890;6703469000;6601566666;6801566666
891;6704994000;6643222222;6843222222
892;6705185000;6643222222;6843222222
893;6705187000;6643222222;6843222222
894;6705433000;6643222222;6843222222
895;6705618000;6643222222;6843222222
896;6705638000;6643222222;6843222222
897;6705805000;6643222222;6843222222
898;6705873000;6643222222;6843222222
899;6706044000;6643222222;6843222222
900;6706055000;6643222222;6843222222
901;6745125000;6643222222;6843222222
902;6746658000;6684900000;6884900000
903;6746848000;6684900000;6884900000
904;6746851000;6684900000;6884900000
905;6747077000;6684900000;6884900000
906;6747243000;6684900000;6884900000
907;6747385000;6684900000;6884900000
908;6747488000;6684900000;6884900000
909;6747516000;6684900000;6884900000
910;6747682000;6684900000;6884900000
911;6747685000;6684900000;6884900000
912;6786802000;6684900000;6884900000
913;6788327000;6726588888;6926588888
914;6788534000;6726588888;6926588888
915;6788537000;6726588888;6926588888
916;6788745000;6726588888;6926588888
917;6788913000;6726588888;6926588888
918;6788915000;6726588888;6926588888
919;6789148000;6726588888;6926588888
920;6789310000;6726588888;6926588888
921;6789394000;6726588888;6926588888
922;6789439000;6726588888;6926588888
923;6828507000;6726588888;6926588888
924;6829995000;6768255555;6968255555
925;6830154000;6768255555;6968255555
926;6830428000;6768255555;6968255555
927;6830430000;6768255555;6968255555
928;6830432000;6768255555;6968255555
929;6830588000;6768255555;6968255555
930;6830833000;6768255555;6968255555
931;6830845000;6768255555;6968255555
932;6831002000;6768255555;6968255555
933;6831014000;6768255555;6968255555
934;6870157000;6768255555;6968255555
935;6871643000;6809888888;7009888888
936;6871829000;6809888888;7009888888
937;6871831000;6809888888;7009888888
938;6872056000;6809888888;7009888888
939;6872227000;6809888888;7009888888
940;6872251000;6809888888;7009888888
941;6872445000;6809888888;7009888888
942;6872460000;6809888888;7009888888
943;6872670000;6809888888;7009888888
944;6872673000;6809888888;7009888888
945;6911790000;6809888888;7009888888
946;6913306000;6851577777;7051577777
947;6913496000;6851577777;7051577777
948;6913499000;6851577777;7051577777
949;6913754000;6851577777;7051577777
950;6913928000;6851577777;7051577777
951;6913930000;6851577777;7051577777
952;6914127000;6851577777;7051577777
953;6914130000;6851577777;7051577777
954;6914351000;6851577777;7051577777
955;6914354000;6851577777;7051577777
956;6953493000;6851577777;7051577777
957;6954980000;6893255555;7093255555
958;6955163000;6893255555;7093255555
959;6955380000;6893255555;7093255555
960;6955392000;6893255555;7093255555
961;6955648000;6893255555;7093255555
962;6955651000;6893255555;7093255555
963;6955809000;6893255555;7093255555
964;6955812000;6893255555;7093255555
965;6956045000;6893255555;7093255555
966;6956048000;6893255555;7093255555
967;6995158000;6893255555;7093255555
968;6996614000;6934933333;7134933333
969;6996806000;6934933333;7134933333
970;6996808000;6934933333;7134933333
971;6997031000;6934933333;7134933333
972;6997198000;6934933333;7134933333
973;6997210000;6934933333;7134933333
974;6997434000;6934933333;7134933333
975;6997437000;6934933333;7134933333
976;6997660000;6934933333;7134933333
977;6997668000;6934933333;7134933333
978;7036836000;6934933333;7134933333
979;7038327000;6976555555;7176555555
980;7038532000;6976555555;7176555555
981;7038535000;6976555555;7176555555
982;7038745000;6976555555;7176555555
983;7038909000;6976555555;7176555555
984;7039030000;6976555555;7176555555
985;7039145000;6976555555;7176555555
986;7039213000;6976555555;7176555555
987;7039360000;6976555555;7176555555
988;7039363000;6976555555;7176555555
989;7078474000;6976555555;7176555555
990;7080009000;7018244444;7218244444
991;7080163000;7018244444;7218244444
992;7080441000;7018244444;7218244444
993;7080444000;7018244444;7218244444
994;7080445000;7018244444;7218244444
995;7080575000;7018244444;7218244444
996;7080783000;7018244444;7218244444
997;7080786000;7018244444;7218244444
998;7080992000;7018244444;7218244444
999;7081223000;7018244444;7218244444
1000;7120163000;7018244444;7218244444
1001;7121650000;7059888888;7259888888
1002;7121809000;7059888888;7259888888
1003;7122059000;7059888888;7259888888
1004;7122062000;7059888888;7259888888
1005;7122296000;7059888888;7259888888
1006;7122312000;7059888888;7259888888
1007;7122450000;7059888888;7259888888
1008;7122595000;7059888888;7259888888
1009;7122613000;7059888888;7259888888
1010;7122864000;7059888888;7259888888
1011;7161791000;7059888888;7259888888
1012;7163329000;7101577777;7301577777
1013;7163534000;7101577777;7301577777
1014;7163537000;7101577777;7301577777
1015;7163734000;7101577777;7301577777
1016;7163919000;7101577777;7301577777
1017;7164061000;7101577777;7301577777
1018;7164142000;7101577777;7301577777
1019;7164162000;7101577777;7301577777
1020;7164357000;7101577777;7301577777
1021;7164369000;7101577777;7301577777
1022;7203480000;7101577777;7301577777
1023;7204991000;7143277777;7343277777
1024;7205172000;7143277777;7343277777
1025;7205184000;7143277777;7343277777
1026;7205357000;7143277777;7343277777
1027;7205560000;7143277777;7343277777
1028;7205563000;7143277777;7343277777
1029;7205811000;7143277777;7343277777
1030;7205814000;7143277777;7343277777
1031;7206043000;7143277777;7343277777
1032;7206046000;7143277777;7343277777
1033;7245109000;7143277777;7343277777
1034;7246632000;7184922222;7384922222
1035;7246849000;7184922222;7384922222
1036;7246851000;7184922222;7384922222
1037;7247040000;7184922222;7384922222
1038;7247234000;7184922222;7384922222
1039;7247299000;7184922222;7384922222
1040;7247434000;7184922222;7384922222
1041;7247530000;7184922222;7384922222
1042;7247626000;7184922222;7384922222
1043;7247891000;7184922222;7384922222
1044;7286836000;7184922222;7384922222
1045;7288298000;7226622222;7426622222
1046;7288479000;7226622222;7426622222
1047;7288732000;7226622222;7426622222
1048;7288735000;7226622222;7426622222
1049;7288896000;7226622222;7426622222
1050;7288915000;7226622222;7426622222
1051;7289133000;7226622222;7426622222
1052;7289207000;7226622222;7426622222
1053;7289339000;7226622222;7426622222
1054;7289344000;7226622222;7426622222
1055;7328521000;7226622222;7426622222
1056;7329961000;7268233333;7468233333
1057;7330161000;7268233333;7468233333
1058;7330164000;7268233333;7468233333
1059;7330410000;7268233333;7468233333
1060;7330595000;7268233333;7468233333
1061;7330691000;7268233333;7468233333
1062;7330732000;7268233333;7468233333
1063;7330738000;7268233333;7468233333
1064;7330955000;7268233333;7468233333
1065;7331202000;7268233333;7468233333
1066;7370137000;7268233333;7468233333
1067;7371628000;7309855555;7509855555
1068;7371831000;7309855555;7509855555
1069;7371834000;7309855555;7509855555
1070;7372046000;7309855555;7509855555
1071;7372256000;7309855555;7509855555
1072;7372258000;7309855555;7509855555
1073;7372450000;7309855555;7509855555
1074;7372452000;7309855555;7509855555
1075;7372657000;7309855555;7509855555
1076;7372659000;7309855555;7509855555
1077;7411749000;7309855555;7509855555
1078;7413289000;7351566666;7551566666
1079;7413481000;7351566666;7551566666
1080;7413493000;7351566666;7551566666
1081;7413667000;7351566666;7551566666
1082;7413892000;7351566666;7551566666
1083;7413995000;7351566666;7551566666
1084;7414143000;7351566666;7551566666
1085;7414149000;7351566666;7551566666
1086;7414270000;7351566666;7551566666
1087;7414529000;7351566666;7551566666
1088;7453452000;7351566666;7551566666
1089;7454944000;7393211111;7593211111
1090;7455103000;7393211111;7593211111
1091;7455362000;7393211111;7593211111
1092;7455364000;7393211111;7593211111
1093;7455635000;7393211111;7593211111
1094;7455636000;7393211111;7593211111
1095;7455743000;7393211111;7593211111
1096;7455745000;7393211111;7593211111
1097;7455933000;7393211111;7593211111
1098;7456179000;7393211111;7593211111
1099;7495117000;7393211111;7593211111
1100;7496626000;7434877777;7634877777
1101;7496821000;7434877777;7634877777
1102;7496822000;7434877777;7634877777
1103;7497031000;7434877777;7634877777
1104;7497227000;7434877777;7634877777
1105;7497286000;7434877777;7634877777
1106;7497449000;7434877777;7634877777
1107;7497560000;7434877777;7634877777
1108;7497625000;7434877777;7634877777
1109;7497820000;7434877777;7634877777
1110;7536708000;7434877777;7634877777
1111;7538328000;7476555555;7676555555
1112;7538510000;7476555555;7676555555
1113;7538520000;7476555555;7676555555
1114;7538727000;7476555555;7676555555
1115;7538915000;7476555555;7676555555
1116;7538979000;7476555555;7676555555
1117;7539128000;7476555555;7676555555
1118;7539213000;7476555555;7676555555
1119;7539360000;7476555555;7676555555
1120;7539362000;7476555555;7676555555
1121;7578459000;7476555555;7676555555
1122;7579960000;7518233333;7718233333
1123;7580154000;7518233333;7718233333
1124;7580156000;7518233333;7718233333
1125;7580365000;7518233333;7718233333
1126;7580566000;7518233333;7718233333
1127;7580665000;7518233333;7718233333
1128;7580767000;7518233333;7718233333
1129;7580772000;7518233333;7718233333
1130;7580953000;7518233333;7718233333
1131;7581159000;7518233333;7718233333
1132;7620104000;7518233333;7718233333
1133;7621647000;7559866666;7759866666
1134;7621841000;7559866666;7759866666
1135;7621843000;7559866666;7759866666
1136;7622058000;7559866666;7759866666
1137;7622294000;7559866666;7759866666
1138;7622317000;7559866666;7759866666
1139;7622475000;7559866666;7759866666
1140;7622481000;7559866666;7759866666
1141;7622643000;7559866666;7759866666
1142;7622847000;7559866666;7759866666
1143;7661749000;7559866666;7759866666
1144;7663305000;7601577777;7801577777
1145;7663495000;7601577777;7801577777
1146;7663497000;7601577777;7801577777
1147;7663737000;7601577777;7801577777
1148;7663902000;7601577777;7801577777
1149;7663905000;7601577777;7801577777
1150;7664116000;7601577777;7801577777
1151;7664164000;7601577777;7801577777
1152;7664328000;7601577777;7801577777
1153;7664331000;7601577777;7801577777
1154;7703480000;7601577777;7801577777
1155;7704993000;7643211111;7843211111
1156;7705184000;7643211111;7843211111
1157;7705187000;7643211111;7843211111
1158;7705401000;7643211111;7843211111
1159;7705588000;7643211111;7843211111
1160;7705598000;7643211111;7843211111
1161;7705814000;7643211111;7843211111
1162;7705819000;7643211111;7843211111
1163;7706004000;7643211111;7843211111
1164;7706200000;7643211111;7843211111
1165;7745108000;7643211111;7843211111
1166;7746632000;7684877777;7884877777
1167;7746817000;7684877777;7884877777
1168;7746829000;7684877777;7884877777
1169;7747001000;7684877777;7884877777
1170;7747233000;7684877777;7884877777
1171;7747240000;7684877777;7884877777
1172;7747465000;7684877777;7884877777
1173;7747468000;7684877777;7884877777
1174;7747656000;7684877777;7884877777
1175;7747669000;7684877777;7884877777
1176;7786783000;7684877777;7884877777
1177;7788270000;7726544444;7926544444
1178;7788471000;7726544444;7926544444
1179;7788473000;7726544444;7926544444
1180;7788691000;7726544444;7926544444
1181;7788870000;7726544444;7926544444
1182;7788932000;7726544444;7926544444
1183;7789057000;7726544444;7926544444
1184;7789185000;7726544444;7926544444
1185;7789274000;7726544444;7926544444
1186;7789499000;7726544444;7926544444
1187;7828448000;7726544444;7926544444
1188;7829937000;7768211111;7968211111
1189;7830138000;7768211111;7968211111
1190;7830140000;7768211111;7968211111
1191;7830349000;7768211111;7968211111
1192;7830540000;7768211111;7968211111
1193;7830546000;7768211111;7968211111
1194;7830773000;7768211111;7968211111
1195;7830778000;7768211111;7968211111
1196;7830943000;7768211111;7968211111
1197;7830951000;7768211111;7968211111
1198;7870040000;7768211111;7968211111
1199;7871617000;7809855555;8009855555
1200;7871830000;7809855555;8009855555
1201;7871832000;7809855555;8009855555
1202;7872044000;7809855555;8009855555
1203;7872290000;7809855555;8009855555
1204;7872292000;7809855555;8009855555
1205;7872460000;7809855555;8009855555
1206;7872572000;7809855555;8009855555
1207;7872694000;7809855555;8009855555
1208;7872695000;7809855555;8009855555
1209;7911769000;7809855555;8009855555
1210;7913322000;7851577777;8051577777
1211;7913521000;7851577777;8051577777
1212;7913523000;7851577777;8051577777
1213;7913735000;7851577777;8051577777
1214;7913917000;7851577777;8051577777
1215;7914018000;7851577777;8051577777
1216;7914168000;7851577777;8051577777
1217;7914278000;7851577777;8051577777
1218;7914288000;7851577777;8051577777
1219;7914522000;7851577777;8051577777
1220;7953419000;7851577777;8051577777
1221;7954903000;7893266666;8093266666
1222;7955117000;7893266666;8093266666
1223;7955323000;7893266666;8093266666
1224;7955339000;7893266666;8093266666
1225;7955569000;7893266666;8093266666
1226;7955663000;7893266666;8093266666
1227;7955768000;7893266666;8093266666
1228;7955784000;7893266666;8093266666
1229;7955940000;7893266666;8093266666
1230;7956161000;7893266666;8093266666
1231;7995142000;7893266666;8093266666
1232;7996664000;7934900000;8134900000
1233;7996820000;7934900000;8134900000
1234;7996822000;7934900000;8134900000
1235;7997041000;7934900000;8134900000
1236;7997229000;7934900000;8134900000
1237;7997234000;7934900000;8134900000
1238;7997448000;7934900000;8134900000
1239;7997450000;7934900000;8134900000
1240;7997659000;7934900000;8134900000
1241;7997661000;7934900000;8134900000
1242;8036803000;7934900000;8134900000
1243;8038325000;7976544444;8176544444
1244;8038506000;7976544444;8176544444
1245;8038525000;7976544444;8176544444
1246;8038766000;7976544444;8176544444
1247;8038941000;7976544444;8176544444
1248;8038944000;7976544444;8176544444
1249;8039142000;7976544444;8176544444
1250;8039144000;7976544444;8176544444
1251;8039374000;7976544444;8176544444
1252;8039377000;7976544444;8176544444
1253;8078463000;7976544444;8176544444
1254;8079996000;8018222222;8218222222
1255;8080186000;8018222222;8218222222
1256;8080188000;8018222222;8218222222
1257;8080413000;8018222222;8218222222
1258;8080588000;8018222222;8218222222
1259;8080698000;8018222222;8218222222
1260;8080824000;8018222222;8218222222
1261;8080827000;8018222222;8218222222
1262;8081019000;8018222222;8218222222
1263;8081032000;8018222222;8218222222
1264;8120121000;8018222222;8218222222
1265;8121660000;8059888888;8259888888
1266;8121852000;8059888888;8259888888
1267;8121855000;8059888888;8259888888
1268;8122098000;8059888888;8259888888
1269;8122281000;8059888888;8259888888
1270;8122308000;8059888888;8259888888
1271;8122472000;8059888888;8259888888
1272;8122594000;8059888888;8259888888
1273;8122700000;8059888888;8259888888
1274;8122702000;8059888888;8259888888
1275;8161737000;8059888888;8259888888
1276;8163313000;8101600000;8301600000
1277;8163474000;8101600000;8301600000
1278;8163757000;8101600000;8301600000
1279;8163760000;8101600000;8301600000
1280;8163926000;8101600000;8301600000
1281;8163953000;8101600000;8301600000
1282;8164150000;8101600000;8301600000
1283;8164194000;8101600000;8301600000
1284;8164292000;8101600000;8301600000
1285;8164558000;8101600000;8301600000
1286;8203447000;8101600000;8301600000
1287;8204956000;8143244444;8343244444
1288;8205152000;8143244444;8343244444
1289;8205155000;8143244444;8343244444
1290;8205392000;8143244444;8343244444
1291;8205556000;8143244444;8343244444
1292;8205697000;8143244444;8343244444
1293;8205779000;8143244444;8343244444
1294;8205799000;8143244444;8343244444
1295;8205991000;8143244444;8343244444
1296;8206002000;8143244444;8343244444
1297;8245148000;8143244444;8343244444
1298;8246638000;8184877777;8384877777
1299;8246828000;8184877777;8384877777
1300;8246831000;8184877777;8384877777
1301;8247055000;8184877777;8384877777
1302;8247226000;8184877777;8384877777
1303;8247236000;8184877777;8384877777
1304;8247458000;8184877777;8384877777
1305;8247476000;8184877777;8384877777
1306;8247648000;8184877777;8384877777
1307;8247828000;8184877777;8384877777
1308;8286766000;8184877777;8384877777
1309;8288290000;8226566666;8426566666
1310;8288484000;8226566666;8426566666
1311;8288497000;8226566666;8426566666
1312;8288670000;8226566666;8426566666
1313;8288937000;8226566666;8426566666
1314;8288939000;8226566666;8426566666
1315;8289116000;8226566666;8426566666
1316;8289118000;8226566666;8426566666
1317;8289327000;8226566666;8426566666
1318;8289329000;8226566666;8426566666
1319;8328471000;8226566666;8426566666
1320;8329963000;8268222222;8468222222
1321;8330163000;8268222222;8468222222
1322;8330165000;8268222222;8468222222
1323;8330390000;8268222222;8468222222
1324;8330569000;8268222222;8468222222
1325;8330597000;8268222222;8468222222
1326;8330781000;8268222222;8468222222
1327;8330782000;8268222222;8468222222
1328;8330992000;8268222222;8468222222
1329;8330994000;8268222222;8468222222
1330;8370129000;8268222222;8468222222
1331;8371632000;8309866666;8509866666
1332;8371827000;8309866666;8509866666
1333;8371830000;8309866666;8509866666
1334;8372050000;8309866666;8509866666
1335;8372218000;8309866666;8509866666
1336;8372318000;8309866666;8509866666
1337;8372448000;8309866666;8509866666
1338;8372450000;8309866666;8509866666
1339;8372620000;8309866666;8509866666
1340;8372825000;8309866666;8509866666
1341;8411776000;8309866666;8509866666
1342;8413298000;8351577777;8551577777
1343;8413496000;8351577777;8551577777
1344;8413499000;8351577777;8551577777
1345;8413714000;8351577777;8551577777
1346;8413894000;8351577777;8551577777
1347;8413954000;8351577777;8551577777
1348;8414108000;8351577777;8551577777
1349;8414195000;8351577777;8551577777
1350;8414341000;8351577777;8551577777
1351;8414343000;8351577777;8551577777
1352;8453483000;8351577777;8551577777
1353;8454943000;8393211111;8593211111
1354;8455124000;8393211111;8593211111
1355;8455126000;8393211111;8593211111
1356;8455355000;8393211111;8593211111
1357;8455544000;8393211111;8593211111
1358;8455551000;8393211111;8593211111
1359;8455769000;8393211111;8593211111
1360;8455775000;8393211111;8593211111
1361;8455930000;8393211111;8593211111
1362;8456179000;8393211111;8593211111
1363;8495108000;8393211111;8593211111
1364;8496600000;8434900000;8634900000
1365;8496788000;8434900000;8634900000
1366;8496790000;8434900000;8634900000
1367;8497003000;8434900000;8634900000
1368;8497206000;8434900000;8634900000
1369;8497310000;8434900000;8634900000
1370;8497413000;8434900000;8634900000
1371;8497420000;8434900000;8634900000
1372;8497593000;8434900000;8634900000
1373;8497805000;8434900000;8634900000
1374;8536761000;8434900000;8634900000
1375;8538248000;8476588888;8676588888
1376;8538445000;8476588888;8676588888
1377;8538672000;8476588888;8676588888
1378;8538684000;8476588888;8676588888
1379;8538971000;8476588888;8676588888
1380;8538986000;8476588888;8676588888
1381;8539097000;8476588888;8676588888
1382;8539098000;8476588888;8676588888
1383;8539297000;8476588888;8676588888
1384;8539299000;8476588888;8676588888
1385;8578494000;8476588888;8676588888
1386;8579943000;8518244444;8718244444
1387;8580133000;8518244444;8718244444
1388;8580135000;8518244444;8718244444
1389;8580355000;8518244444;8718244444
1390;8580542000;8518244444;8718244444
1391;8580658000;8518244444;8718244444
1392;8580748000;8518244444;8718244444
1393;8580776000;8518244444;8718244444
1394;8580923000;8518244444;8718244444
1395;8581131000;8518244444;8718244444
1396;8620114000;8518244444;8718244444
1397;8621624000;8559877777;8759877777
1398;8621819000;8559877777;8759877777
1399;8621820000;8559877777;8759877777
1400;8622047000;8559877777;8759877777
1401;8622321000;8559877777;8759877777
1402;8622335000;8559877777;8759877777
1403;8622463000;8559877777;8759877777
1404;8622572000;8559877777;8759877777
1405;8622632000;8559877777;8759877777
1406;8622819000;8559877777;8759877777
1407;8661709000;8559877777;8759877777
1408;8663297000;8601566666;8801566666
1409;8663491000;8601566666;8801566666
1410;8663494000;8601566666;8801566666
1411;8663744000;8601566666;8801566666
1412;8663925000;8601566666;8801566666
1413;8663930000;8601566666;8801566666
1414;8664110000;8601566666;8801566666
1415;8664115000;8601566666;8801566666
1416;8664334000;8601566666;8801566666
1417;8664346000;8601566666;8801566666
1418;8703469000;8601566666;8801566666
1419;8704977000;8643400000;8843400000
1420;8705167000;8643400000;8843400000
1421;8705170000;8643400000;8843400000
1422;8705394000;8643400000;8843400000
1423;8705557000;8643400000;8843400000
1424;8705699000;8643400000;8843400000
1425;8705825000;8643400000;8843400000
1426;8705827000;8643400000;8843400000
1427;8705987000;8643400000;8843400000
1428;8705990000;8643400000;8843400000
1429;8745300000;8643400000;8843400000
1430;8746639000;8684900000;8884900000
1431;8746829000;8684900000;8884900000
1432;8746850000;8684900000;8884900000
1433;8747066000;8684900000;8884900000
1434;8747238000;8684900000;8884900000
1435;8747240000;8684900000;8884900000
1436;8747459000;8684900000;8884900000
1437;8747462000;8684900000;8884900000
1438;8747690000;8684900000;8884900000
1439;8747694000;8684900000;8884900000
1440;8786801000;8684900000;8884900000
1441;8788273000;8726566666;8926566666
1442;8788472000;8726566666;8926566666
1443;8788475000;8726566666;8926566666
1444;8788700000;8726566666;8926566666
1445;8788865000;8726566666;8926566666
1446;8788871000;8726566666;8926566666
1447;8789099000;8726566666;8926566666
1448;8789101000;8726566666;8926566666
1449;8789333000;8726566666;8926566666
1450;8789336000;8726566666;8926566666
1451;8828462000;8726566666;8926566666
1452;8829930000;8768233333;8968233333
1453;8830122000;8768233333;8968233333
1454;8830334000;8768233333;8968233333
1455;8830336000;8768233333;8968233333
1456;8830603000;8768233333;8968233333
1457;8830606000;8768233333;8968233333
1458;8830766000;8768233333;8968233333
1459;8830769000;8768233333;8968233333
1460;8830995000;8768233333;8968233333
1461;8830999000;8768233333;8968233333
1462;8870137000;8768233333;8968233333
1463;8871661000;8809866666;9009866666
1464;8871850000;8809866666;9009866666
1465;8871852000;8809866666;9009866666
1466;8872076000;8809866666;9009866666
1467;8872243000;8809866666;9009866666
1468;8872365000;8809866666;9009866666
1469;8872495000;8809866666;9009866666
1470;8872497000;8809866666;9009866666
1471;8872685000;8809866666;9009866666
1472;8872697000;8809866666;9009866666
1473;8911784000;8809866666;9009866666
1474;8913327000;8851600000;9051600000
1475;8913505000;8851600000;9051600000
1476;8913508000;8851600000;9051600000
1477;8913749000;8851600000;9051600000
1478;8913935000;8851600000;9051600000
1479;8914011000;8851600000;9051600000
1480;8914122000;8851600000;9051600000
1481;8914141000;8851600000;9051600000
1482;8914346000;8851600000;9051600000
1483;8914357000;8851600000;9051600000
1484;8953503000;8851600000;9051600000
1485;8954970000;8893255555;9093255555
1486;8955159000;8893255555;9093255555
1487;8955162000;8893255555;9093255555
1488;8955403000;8893255555;9093255555
1489;8955555000;8893255555;9093255555
1490;8955690000;8893255555;9093255555
1491;8955836000;8893255555;9093255555
1492;8955838000;8893255555;9093255555
1493;8955994000;8893255555;9093255555
1494;8955997000;8893255555;9093255555
1495;8995158000;8893255555;9093255555
1496;8996637000;8934911111;9134911111
1497;8996828000;8934911111;9134911111
1498;8996830000;8934911111;9134911111
1499;8997054000;8934911111;9134911111
1500;8997221000;8934911111;9134911111
1501;8997224000;8934911111;9134911111
1502;8997457000;8934911111;9134911111
1503;8997460000;8934911111;9134911111
1504;8997652000;8934911111;9134911111
1505;8997870000;8934911111;9134911111
1506;9036812000;8934911111;9134911111
1507;9038328000;8976544444;9176544444
1508;9038504000;8976544444;9176544444
1509;9038523000;8976544444;9176544444
1510;9038692000;8976544444;9176544444
1511;9038905000;8976544444;9176544444
1512;9038919000;8976544444;9176544444
1513;9039152000;8976544444;9176544444
1514;9039156000;8976544444;9176544444
1515;9039341000;8976544444;9176544444
1516;9039354000;8976544444;9176544444
1517;9078442000;8976544444;9176544444
1518;9079972000;9018233333;9218233333
1519;9080148000;9018233333;9218233333
1520;9080160000;9018233333;9218233333
1521;9080335000;9018233333;9218233333
1522;9080676000;9018233333;9218233333
1523;9080678000;9018233333;9218233333
1524;9080784000;9018233333;9218233333
1525;9080790000;9018233333;9218233333
1526;9080995000;9018233333;9218233333
1527;9081007000;9018233333;9218233333
1528;9120152000;9018233333;9218233333
1529;9121659000;9059866666;9259866666
1530;9121854000;9059866666;9259866666
1531;9121857000;9059866666;9259866666
1532;9122077000;9059866666;9259866666
1533;9122240000;9059866666;9259866666
1534;9122251000;9059866666;9259866666
1535;9122491000;9059866666;9259866666
1536;9122533000;9059866666;9259866666
1537;9122660000;9059866666;9259866666
1538;9122865000;9059866666;9259866666
1539;9161768000;9059866666;9259866666
1540;9163328000;9101600000;9301600000
1541;9163526000;9101600000;9301600000
1542;9163528000;9101600000;9301600000
1543;9163746000;9101600000;9301600000
1544;9163909000;9101600000;9301600000
1545;9163920000;9101600000;9301600000
1546;9164147000;9101600000;9301600000
1547;9164150000;9101600000;9301600000
1548;9164350000;9101600000;9301600000
1549;9164352000;9101600000;9301600000
1550;9203497000;9101600000;9301600000
1551;9204982000;9143266666;9343266666
1552;9205174000;9143266666;9343266666
1553;9205187000;9143266666;9343266666
1554;9205359000;9143266666;9343266666
1555;9205622000;9143266666;9343266666
1556;9205623000;9143266666;9343266666
1557;9205804000;9143266666;9343266666
1558;9205806000;9143266666;9343266666
1559;9206017000;9143266666;9343266666
1560;9206019000;9143266666;9343266666
1561;9245172000;9143266666;9343266666
1562;9246632000;9184922222;9384922222
1563;9246828000;9184922222;9384922222
1564;9246830000;9184922222;9384922222
1565;9247046000;9184922222;9384922222
1566;9247226000;9184922222;9384922222
1567;9247325000;9184922222;9384922222
1568;9247448000;9184922222;9384922222
1569;9247450000;9184922222;9384922222
1570;9247620000;9184922222;9384922222
1571;9247825000;9184922222;9384922222
1572;9286796000;9184922222;9384922222
1573;9288300000;9226577777;9426577777
1574;9288505000;9226577777;9426577777
1575;9288507000;9226577777;9426577777
1576;9288722000;9226577777;9426577777
1577;9288903000;9226577777;9426577777
1578;9289002000;9226577777;9426577777
1579;9289121000;9226577777;9426577777
1580;9289148000;9226577777;9426577777
1581;9289282000;9226577777;9426577777
1582;9289505000;9226577777;9426577777
1583;9328482000;9226577777;9426577777
1584;9329966000;9268300000;9468300000
1585;9330161000;9268300000;9468300000
1586;9330164000;9268300000;9468300000
1587;9330380000;9268300000;9468300000
1588;9330616000;9268300000;9468300000
1589;9330621000;9268300000;9468300000
1590;9330746000;9268300000;9468300000
1591;9330826000;9268300000;9468300000
1592;9330938000;9268300000;9468300000
1593;9331203000;9268300000;9468300000
1594;9370205000;9268300000;9468300000
1595;9371632000;9309877777;9509877777
1596;9371821000;9309877777;9509877777
1597;9371823000;9309877777;9509877777
1598;9372031000;9309877777;9509877777
1599;9372224000;9309877777;9509877777
1600;9372324000;9309877777;9509877777
1601;9372449000;9309877777;9509877777
1602;9372451000;9309877777;9509877777
1603;9372621000;9309877777;9509877777
1604;9372825000;9309877777;9509877777
1605;9411780000;9309877777;9509877777
1606;9413293000;9351588888;9551588888
1607;9413489000;9351588888;9551588888
1608;9413503000;9351588888;9551588888
1609;9413703000;9351588888;9551588888
1610;9413895000;9351588888;9551588888
1611;9414022000;9351588888;9551588888
1612;9414124000;9351588888;9551588888
1613;9414211000;9351588888;9551588888
1614;9414285000;9351588888;9551588888
1615;9414292000;9351588888;9551588888
1616;9453459000;9351588888;9551588888
1617;9454958000;9393222222;9593222222
1618;9455147000;9393222222;9593222222
1619;9455149000;9393222222;9593222222
1620;9455369000;9393222222;9593222222
1621;9455571000;9393222222;9593222222
1622;9455609000;9393222222;9593222222
1623;9455773000;9393222222;9593222222
1624;9455859000;9393222222;9593222222
1625;9456006000;9393222222;9593222222
1626;9456008000;9393222222;9593222222
1627;9495127000;9393222222;9593222222
1628;9496654000;9434900000;9634900000
1629;9496842000;9434900000;9634900000
1630;9496844000;9434900000;9634900000
1631;9497055000;9434900000;9634900000
1632;9497244000;9434900000;9634900000
1633;9497344000;9434900000;9634900000
1634;9497469000;9434900000;9634900000
1635;9497471000;9434900000;9634900000
1636;9497642000;9434900000;9634900000
1637;9497847000;9434900000;9634900000
1638;9536793000;9434900000;9634900000
1639;9538325000;9476600000;9676600000
1640;9538531000;9476600000;9676600000
1641;9538533000;9476600000;9676600000
1642;9538740000;9476600000;9676600000
1643;9538921000;9476600000;9676600000
1644;9538924000;9476600000;9676600000
1645;9539138000;9476600000;9676600000
1646;9539205000;9476600000;9676600000
1647;9539371000;9476600000;9676600000
1648;9539392000;9476600000;9676600000
1649;9578503000;9476600000;9676600000
1650;9579981000;9518255555;9718255555
1651;9580170000;9518255555;9718255555
1652;9580173000;9518255555;9718255555
1653;9580420000;9518255555;9718255555
1654;9580604000;9518255555;9718255555
1655;9580623000;9518255555;9718255555
1656;9580792000;9518255555;9718255555
1657;9580860000;9518255555;9718255555
1658;9581030000;9518255555;9718255555
1659;9581041000;9518255555;9718255555
1660;9620158000;9518255555;9718255555
1661;9621660000;9559900000;9759900000
1662;9621850000;9559900000;9759900000
1663;9621852000;9559900000;9759900000
1664;9622113000;9559900000;9759900000
1665;9622251000;9559900000;9759900000
1666;9622254000;9559900000;9759900000
1667;9622470000;9559900000;9759900000
1668;9622593000;9559900000;9759900000
1669;9622717000;9559900000;9759900000
1670;9622719000;9559900000;9759900000
1671;9661802000;9559900000;9759900000
1672;9663307000;9601600000;9801600000
1673;9663496000;9601600000;9801600000
1674;9663499000;9601600000;9801600000
1675;9663724000;9601600000;9801600000
1676;9663892000;9601600000;9801600000
1677;9663895000;9601600000;9801600000
1678;9664123000;9601600000;9801600000
1679;9664128000;9601600000;9801600000
1680;9664315000;9601600000;9801600000
1681;9664527000;9601600000;9801600000
1682;9703495000;9601600000;9801600000
1683;9704956000;9643222222;9843222222
1684;9705141000;9643222222;9843222222
1685;9705399000;9643222222;9843222222
1686;9705401000;9643222222;9843222222
1687;9705587000;9643222222;9843222222
1688;9705595000;9643222222;9843222222
1689;9705794000;9643222222;9843222222
1690;9705797000;9643222222;9843222222
1691;9705993000;9643222222;9843222222
1692;9706010000;9643222222;9843222222
1693;9745121000;9643222222;9843222222
1694;9746638000;9684900000;9884900000
1695;9746827000;9684900000;9884900000
1696;9746830000;9684900000;9884900000
1697;9747055000;9684900000;9884900000
1698;9747218000;9684900000;9884900000
1699;9747229000;9684900000;9884900000
1700;9747442000;9684900000;9884900000
1701;9747459000;9684900000;9884900000
1702;9747667000;9684900000;9884900000
1703;9747670000;9684900000;9884900000
1704;9786803000;9684900000;9884900000
1705;9788303000;9726566666;9926566666
1706;9788492000;9726566666;9926566666
1707;9788495000;9726566666;9926566666
1708;9788720000;9726566666;9926566666
1709;9788884000;9726566666;9926566666
1710;9789040000;9726566666;9926566666
1711;9789122000;9726566666;9926566666
1712;9789142000;9726566666;9926566666
1713;9789349000;9726566666;9926566666
1714;9789353000;9726566666;9926566666
1715;9828489000;9726566666;9926566666
1716;9829970000;9768233333;9968233333
1717;9830159000;9768233333;9968233333
1718;9830162000;9768233333;9968233333
1719;9830386000;9768233333;9968233333
1720;9830561000;9768233333;9968233333
1721;9830603000;9768233333;9968233333
1722;9830791000;9768233333;9968233333
1723;9830794000;9768233333;9968233333
1724;9830979000;9768233333;9968233333
1725;9831202000;9768233333;9968233333
1726;9870150000;9768233333;9968233333
1727;9871671000;9809866666;10009866666
1728;9871829000;9809866666;10009866666
1729;9872082000;9809866666;10009866666
1730;9872084000;9809866666;10009866666
1731;9872243000;9809866666;10009866666
1732;9872398000;9809866666;10009866666
1733;9872481000;9809866666;10009866666
1734;9872539000;9809866666;10009866666
1735;9872680000;9809866666;10009866666
1736;9872683000;9809866666;10009866666
1737;9911769000;9809866666;10009866666
1738;9913326000;9851600000;10051600000
1739;9913531000;9851600000;10051600000
1740;9913534000;9851600000;10051600000
1741;9913745000;9851600000;10051600000
1742;9913909000;9851600000;10051600000
1743;9913933000;9851600000;10051600000
1744;9914145000;9851600000;10051600000
1745;9914148000;9851600000;10051600000
1746;9914371000;9851600000;10051600000
1747;9914375000;9851600000;10051600000
1748;9953502000;9851600000;10051600000
1749;9954986000;9893266666;10093266666
1750;9955173000;9893266666;10093266666
1751;9955185000;9893266666;10093266666
1752;9955354000;9893266666;10093266666
1753;9955577000;9893266666;10093266666
1754;9955592000;9893266666;10093266666
1755;9955821000;9893266666;10093266666
1756;9955824000;9893266666;10093266666
1757;9956010000;9893266666;10093266666
1758;9956022000;9893266666;10093266666
1759;9995157000;9893266666;10093266666
1760;9996640000;9934933333;10134933333
1761;9996831000;9934933333;10134933333
1762;9997044000;9934933333;10134933333
1763;9997047000;9934933333;10134933333
1764;9997240000;9934933333;10134933333
1765;9997243000;9934933333;10134933333
1766;9997480000;9934933333;10134933333
1767;9997652000;9934933333;10134933333
1768;9997655000;9934933333;10134933333
1769;9997893000;9934933333;10134933333
1770;10036835000;9934933333;10134933333
1771;10038325000;9976577777;10176577777
1772;10038531000;9976577777;10176577777
1773;10038533000;9976577777;10176577777
1774;10038741000;9976577777;10176577777
1775;10038912000;9976577777;10176577777
1776;10039051000;9976577777;10176577777
1777;10039175000;9976577777;10176577777
1778;10039177000;9976577777;10176577777
1779;10039348000;9976577777;10176577777
1780;10039360000;9976577777;10176577777
1781;10078495000;9976577777;10176577777
1782;10080004000;10018244444;10218244444
1783;10080162000;10018244444;10218244444
1784;10080417000;10018244444;10218244444
1785;10080419000;10018244444;10218244444
1786;10080576000;10018244444;10218244444
1787;10080620000;10018244444;10218244444
1788;10080842000;10018244444;10218244444
1789;10080854000;10018244444;10218244444
1790;10081013000;10018244444;10218244444
1791;10081025000;10018244444;10218244444
1792;10120149000;10018244444;10218244444
1793;10121638000;10059888888;10259888888
1794;10121827000;10059888888;10259888888
1795;10121830000;10059888888;10259888888
1796;10122054000;10059888888;10259888888
1797;10122219000;10059888888;10259888888
1798;10122229000;10059888888;10259888888
1799;10122458000;10059888888;10259888888
1800;10122461000;10059888888;10259888888
1801;10122667000;10059888888;10259888888
1802;10122670000;10059888888;10259888888
1803;10161792000;10059888888;10259888888
1804;10163293000;10101588888;10301588888
1805;10163483000;10101588888;10301588888
1806;10163486000;10101588888;10301588888
1807;10163710000;10101588888;10301588888
1808;10163875000;10101588888;10301588888
1809;10164009000;10101588888;10301588888
1810;10164156000;10101588888;10301588888
1811;10164175000;10101588888;10301588888
1812;10164324000;10101588888;10301588888
1813;10164326000;10101588888;10301588888
1814;10203507000;10101588888;10301588888
1815;10204984000;10143244444;10343244444
1816;10205142000;10143244444;10343244444
1817;10205396000;10143244444;10343244444
1818;10205398000;10143244444;10343244444
1819;10205637000;10143244444;10343244444
1820;10205640000;10143244444;10343244444
1821;10205762000;10143244444;10343244444
1822;10205765000;10143244444;10343244444
1823;10205938000;10143244444;10343244444
1824;10206163000;10143244444;10343244444
1825;10245146000;10143244444;10343244444
1826;10246661000;10184900000;10384900000
1827;10246852000;10184900000;10384900000
1828;10246854000;10184900000;10384900000
1829;10247077000;10184900000;10384900000
1830;10247283000;10184900000;10384900000
1831;10247285000;10184900000;10384900000
1832;10247484000;10184900000;10384900000
1833;10247502000;10184900000;10384900000
1834;10247636000;10184900000;10384900000
1835;10247866000;10184900000;10384900000
1836;10286813000;10184900000;10384900000
1837;10288262000;10226611111;10426611111
1838;10288460000;10226611111;10426611111
1839;10288472000;10226611111;10426611111
1840;10288666000;10226611111;10426611111
1841;10288856000;10226611111;10426611111
1842;10288951000;10226611111;10426611111
1843;10289098000;10226611111;10426611111
1844;10289209000;10226611111;10426611111
1845;10289268000;10226611111;10426611111
1846;10289530000;10226611111;10426611111
1847;10328491000;10226611111;10426611111
1848;10329971000;10268200000;10468200000
1849;10330181000;10268200000;10468200000
1850;10330184000;10268200000;10468200000
1851;10330407000;10268200000;10468200000
1852;10330669000;10268200000;10468200000
1853;10330685000;10268200000;10468200000
1854;10330811000;10268200000;10468200000
1855;10330914000;10268200000;10468200000
1856;10330977000;10268200000;10468200000
1857;10331182000;10268200000;10468200000
1858;10370063000;10268200000;10468200000
1859;10371648000;10309888888;10509888888
1860;10371830000;10309888888;10509888888
1861;10372082000;10309888888;10509888888
1862;10372084000;10309888888;10509888888
1863;10372351000;10309888888;10509888888
1864;10372353000;10309888888;10509888888
1865;10372471000;10309888888;10509888888
1866;10372572000;10309888888;10509888888
1867;10372699000;10309888888;10509888888
1868;10372700000;10309888888;10509888888
1869;10411776000;10309888888;10509888888
1870;10413312000;10351600000;10551600000
1871;10413530000;10351600000;10551600000
1872;10413533000;10351600000;10551600000
1873;10413733000;10351600000;10551600000
1874;10413914000;10351600000;10551600000
1875;10414014000;10351600000;10551600000
1876;10414116000;10351600000;10551600000
1877;10414122000;10351600000;10551600000
1878;10414305000;10351600000;10551600000
1879;10414514000;10351600000;10551600000
1880;10453473000;10351600000;10551600000
1881;10454979000;10393222222;10593222222
1882;10455183000;10393222222;10593222222
1883;10455186000;10393222222;10593222222
1884;10455411000;10393222222;10593222222
1885;10455584000;10393222222;10593222222
1886;10455646000;10393222222;10593222222
1887;10455808000;10393222222;10593222222
1888;10455810000;10393222222;10593222222
1889;10456007000;10393222222;10593222222
1890;10456009000;10393222222;10593222222
1891;10495096000;10393222222;10593222222
1892;10496622000;10434911111;10634911111
1893;10496799000;10434911111;10634911111
1894;10496800000;10434911111;10634911111
1895;10497016000;10434911111;10634911111
1896;10497204000;10434911111;10634911111
1897;10497329000;10434911111;10634911111
1898;10497487000;10434911111;10634911111
1899;10497492000;10434911111;10634911111
1900;10497610000;10434911111;10634911111
1901;10497805000;10434911111;10634911111
1902;10536740000;10434911111;10634911111
1903;10538290000;10476555555;10676555555
1904;10538468000;10476555555;10676555555
1905;10538469000;10476555555;10676555555
1906;10538685000;10476555555;10676555555
1907;10538876000;10476555555;10676555555
1908;10538938000;10476555555;10676555555
1909;10539100000;10476555555;10676555555
1910;10539102000;10476555555;10676555555
1911;10539271000;10476555555;10676555555
1912;10539493000;10476555555;10676555555
1913;10578446000;10476555555;10676555555
1914;10579912000;10518233333;10718233333
1915;10580106000;10518233333;10718233333
1916;10580333000;10518233333;10718233333
1917;10580345000;10518233333;10718233333
1918;10580576000;10518233333;10718233333
1919;10580598000;10518233333;10718233333
1920;10580753000;10518233333;10718233333
1921;10580760000;10518233333;10718233333
1922;10580908000;10518233333;10718233333
1923;10581172000;10518233333;10718233333
1924;10620139000;10518233333;10718233333
1925;10621626000;10559855555;10759855555
1926;10621818000;10559855555;10759855555
1927;10621820000;10559855555;10759855555
1928;10622056000;10559855555;10759855555
1929;10622319000;10559855555;10759855555
1930;10622334000;10559855555;10759855555
1931;10622462000;10559855555;10759855555
1932;10622559000;10559855555;10759855555
1933;10622606000;10559855555;10759855555
1934;10622866000;10559855555;10759855555
1935;10661739000;10559855555;10759855555
1936;10663313000;10601544444;10801544444
1937;10663529000;10601544444;10801544444
1938;10663532000;10601544444;10801544444
1939;10663743000;10601544444;10801544444
1940;10663903000;10601544444;10801544444
1941;10663913000;10601544444;10801544444
1942;10664143000;10601544444;10801544444
1943;10664146000;10601544444;10801544444
1944;10664366000;10601544444;10801544444
1945;10664371000;10601544444;10801544444
1946;10703446000;10601544444;10801544444
1947;10704945000;10643222222;10843222222
1948;10705131000;10643222222;10843222222
1949;10705144000;10643222222;10843222222
1950;10705307000;10643222222;10843222222
1951;10705616000;10643222222;10843222222
1952;10705619000;10643222222;10843222222
1953;10705770000;10643222222;10843222222
1954;10705776000;10643222222;10843222222
1955;10705999000;10643222222;10843222222
1956;10706013000;10643222222;10843222222
1957;10745122000;10643222222;10843222222
1958;10746660000;10684877777;10884877777
1959;10746851000;10684877777;10884877777
1960;10746853000;10684877777;10884877777
1961;10747077000;10684877777;10884877777
1962;10747248000;10684877777;10884877777
1963;10747383000;10684877777;10884877777
1964;10747492000;10684877777;10884877777
1965;10747518000;10684877777;10884877777
1966;10747684000;10684877777;10884877777
1967;10747696000;10684877777;10884877777
1968;10786780000;10684877777;10884877777
1969;10788327000;10726577777;10926577777
1970;10788537000;10726577777;10926577777
1971;10788539000;10726577777;10926577777
1972;10788780000;10726577777;10926577777
1973;10788912000;10726577777;10926577777
1974;10788954000;10726577777;10926577777
1975;10789147000;10726577777;10926577777
1976;10789264000;10726577777;10926577777
1977;10789357000;10726577777;10926577777
1978;10789361000;10726577777;10926577777
1979;10828481000;10726577777;10926577777
1980;10829998000;10768255555;10968255555
1981;10830189000;10768255555;10968255555
1982;10830191000;10768255555;10968255555
1983;10830417000;10768255555;10968255555
1984;10830581000;10768255555;10968255555
1985;10830585000;10768255555;10968255555
1986;10830849000;10768255555;10968255555
1987;10830860000;10768255555;10968255555
1988;10831023000;10768255555;10968255555
1989;10831035000;10768255555;10968255555
1990;10870171000;10768255555;10968255555
1991;10871657000;10809888888;11009888888
1992;10871828000;10809888888;11009888888
1993;10872075000;10809888888;11009888888
1994;10872087000;10809888888;11009888888
1995;10872243000;10809888888;11009888888
1996;10872248000;10809888888;11009888888
1997;10872528000;10809888888;11009888888
1998;10872532000;10809888888;11009888888
1999;10872682000;10809888888;11009888888
2000;10872693000;10809888888;11009888888
2001;10911791000;10809888888;11009888888
2002;10913303000;10851600000;11051600000
2003;10913495000;10851600000;11051600000
2004;10913498000;10851600000;11051600000
2005;10913721000;10851600000;11051600000
2006;10913893000;10851600000;11051600000
2007;10913936000;10851600000;11051600000
2008;10914151000;10851600000;11051600000
2009;10914162000;10851600000;11051600000
2010;10914326000;10851600000;11051600000
2011;10914341000;10851600000;11051600000
2012;10953524000;10851600000;11051600000
2013;10954971000;10893233333;11093233333
2014;10955160000;10893233333;11093233333
2015;10955163000;10893233333;11093233333
2016;10955388000;10893233333;11093233333
2017;10955571000;10893233333;11093233333
2018;10955588000;10893233333;11093233333
2019;10955791000;10893233333;11093233333
2020;10955793000;10893233333;11093233333
2021;10956016000;10893233333;11093233333
2022;10956020000;10893233333;11093233333
2023;10995135000;10893233333;11093233333
2024;10996636000;10934888888;11134888888
2025;10996825000;10934888888;11134888888
2026;10996827000;10934888888;11134888888
2027;10997054000;10934888888;11134888888
2028;10997218000;10934888888;11134888888
2029;10997338000;10934888888;11134888888
2030;10997445000;10934888888;11134888888
2031;10997531000;10934888888;11134888888
2032;10997665000;10934888888;11134888888
2033;10997682000;10934888888;11134888888
2034;11036792000;10934888888;11134888888
2035;11038324000;10976533333;11176533333
2036;11038531000;10976533333;11176533333
2037;11038534000;10976533333;11176533333
2038;11038743000;10976533333;11176533333
2039;11038905000;10976533333;11176533333
2040;11039048000;10976533333;11176533333
2041;11039157000;10976533333;11176533333
2042;11039160000;10976533333;11176533333
2043;11039347000;10976533333;11176533333
2044;11039350000;10976533333;11176533333
2045;11078436000;10976533333;11176533333
2046;11079991000;11018222222;11218222222
2047;11080181000;11018222222;11218222222
2048;11080184000;11018222222;11218222222
2049;11080430000;11018222222;11218222222
2050;11080605000;11018222222;11218222222
2051;11080758000;11018222222;11218222222
2052;11080841000;11018222222;11218222222
2053;11080909000;11018222222;11218222222
2054;11080995000;11018222222;11218222222
2055;11081226000;11018222222;11218222222
2056;11120125000;11018222222;11218222222
2057;11121640000;11059866666;11259866666
2058;11121830000;11059866666;11259866666
2059;11121833000;11059866666;11259866666
2060;11122060000;11059866666;11259866666
2061;11122230000;11059866666;11259866666
2062;11122365000;11059866666;11259866666
2063;11122472000;11059866666;11259866666
2064;11122531000;11059866666;11259866666
2065;11122658000;11059866666;11259866666
2066;11122661000;11059866666;11259866666
2067;11161769000;11059866666;11259866666
2068;11163325000;11101566666;11301566666
2069;11163533000;11101566666;11301566666
2070;11163536000;11101566666;11301566666
2071;11163744000;11101566666;11301566666
2072;11163908000;11101566666;11301566666
2073;11164051000;11101566666;11301566666
2074;11164159000;11101566666;11301566666
2075;11164162000;11101566666;11301566666
2076;11164350000;11101566666;11301566666
2077;11164361000;11101566666;11301566666
2078;11203484000;11101566666;11301566666
2079;11205005000;11143255555;11343255555
2080;11205163000;11143255555;11343255555
2081;11205418000;11143255555;11343255555
2082;11205420000;11143255555;11343255555
2083;11205579000;11143255555;11343255555
2084;11205691000;11143255555;11343255555
2085;11205809000;11143255555;11343255555
2086;11205819000;11143255555;11343255555
2087;11206016000;11143255555;11343255555
2088;11206028000;11143255555;11343255555
2089;11245158000;11143255555;11343255555
2090;11246661000;11184900000;11384900000
2091;11246851000;11184900000;11384900000
2092;11246854000;11184900000;11384900000
2093;11247081000;11184900000;11384900000
2094;11247245000;11184900000;11384900000
2095;11247255000;11184900000;11384900000
2096;11247481000;11184900000;11384900000
2097;11247548000;11184900000;11384900000
2098;11247674000;11184900000;11384900000
2099;11247686000;11184900000;11384900000
2100;11286813000;11184900000;11384900000
2101;11288316000;11226600000;11426600000
2102;11288496000;11226600000;11426600000
2103;11288752000;11226600000;11426600000
2104;11288754000;11226600000;11426600000
2105;11288913000;11226600000;11426600000
2106;11288940000;11226600000;11426600000
2107;11289151000;11226600000;11426600000
2108;11289155000;11226600000;11426600000
2109;11289346000;11226600000;11426600000
2110;11289348000;11226600000;11426600000
2111;11328491000;11226600000;11426600000
2112;11329986000;11268266666;11468266666
2113;11330183000;11268266666;11468266666
2114;11330185000;11268266666;11468266666
2115;11330432000;11268266666;11468266666
2116;11330652000;11268266666;11468266666
2117;11330668000;11268266666;11468266666
2118;11330795000;11268266666;11468266666
2119;11330910000;11268266666;11468266666
2120;11331034000;11268266666;11468266666
2121;11331037000;11268266666;11468266666
2122;11370172000;11268266666;11468266666
2123;11371647000;11309900000;11509900000
2124;11371849000;11309900000;11509900000
2125;11371852000;11309900000;11509900000
2126;11372067000;11309900000;11509900000
2127;11372258000;11309900000;11509900000
2128;11372260000;11309900000;11509900000
2129;11372441000;11309900000;11509900000
2130;11372537000;11309900000;11509900000
2131;11372637000;11309900000;11509900000
2132;11372655000;11309900000;11509900000
2133;11411801000;11309900000;11509900000
2134;11413313000;11351600000;11551600000
2135;11413510000;11351600000;11551600000
2136;11413530000;11351600000;11551600000
2137;11413737000;11351600000;11551600000
2138;11414003000;11351600000;11551600000
2139;11414016000;11351600000;11551600000
2140;11414145000;11351600000;11551600000
2141;11414266000;11351600000;11551600000
2142;11414290000;11351600000;11551600000
2143;11414545000;11351600000;11551600000
2144;11453479000;11351600000;11551600000
2145;11454989000;11393244444;11593244444
2146;11455168000;11393244444;11593244444
2147;11455170000;11393244444;11593244444
2148;11455395000;11393244444;11593244444
2149;11455669000;11393244444;11593244444
2150;11455693000;11393244444;11593244444
2151;11455805000;11393244444;11593244444
2152;11455807000;11393244444;11593244444
2153;11456005000;11393244444;11593244444
2154;11456007000;11393244444;11593244444
2155;11495133000;11393244444;11593244444
2156;11496624000;11434922222;11634922222
2157;11496819000;11434922222;11634922222
2158;11496821000;11434922222;11634922222
2159;11497042000;11434922222;11634922222
2160;11497222000;11434922222;11634922222
2161;11497322000;11434922222;11634922222
2162;11497447000;11434922222;11634922222
2163;11497453000;11434922222;11634922222
2164;11497620000;11434922222;11634922222
2165;11497825000;11434922222;11634922222
2166;11536793000;11434922222;11634922222
2167;11538311000;11476577777;11676577777
2168;11538507000;11476577777;11676577777
2169;11538509000;11476577777;11676577777
2170;11538724000;11476577777;11676577777
2171;11538915000;11476577777;11676577777
2172;11539015000;11476577777;11676577777
2173;11539138000;11476577777;11676577777
2174;11539140000;11476577777;11676577777
2175;11539339000;11476577777;11676577777
2176;11539341000;11476577777;11676577777
2177;11578467000;11476577777;11676577777
2178;11579955000;11518266666;11718266666
2179;11580149000;11518266666;11718266666
2180;11580151000;11518266666;11718266666
2181;11580417000;11518266666;11718266666
2182;11580597000;11518266666;11718266666
2183;11580620000;11518266666;11718266666
2184;11580768000;11518266666;11718266666
2185;11580890000;11518266666;11718266666
2186;11580912000;11518266666;11718266666
2187;11581197000;11518266666;11718266666
2188;11620137000;11518266666;11718266666
2189;11621643000;11559933333;11759933333
2190;11621839000;11559933333;11759933333
2191;11621840000;11559933333;11759933333
2192;11622055000;11559933333;11759933333
2193;11622247000;11559933333;11759933333
2194;11622370000;11559933333;11759933333
2195;11622544000;11559933333;11759933333
2196;11622546000;11559933333;11759933333
2197;11622634000;11559933333;11759933333
2198;11622641000;11559933333;11759933333
2199;11661832000;11559933333;11759933333
2200;11663301000;11601600000;11801600000
2201;11663493000;11601600000;11801600000
2202;11663496000;11601600000;11801600000
2203;11663735000;11601600000;11801600000
2204;11663900000;11601600000;11801600000
2205;11663903000;11601600000;11801600000
2206;11664110000;11601600000;11801600000
2207;11664178000;11601600000;11801600000
2208;11664345000;11601600000;11801600000
2209;11664350000;11601600000;11801600000
2210;11703502000;11601600000;11801600000
2211;11704998000;11643233333;11843233333
2212;11705188000;11643233333;11843233333
2213;11705190000;11643233333;11843233333
2214;11705415000;11643233333;11843233333
2215;11705582000;11643233333;11843233333
2216;11705586000;11643233333;11843233333
2217;11705794000;11643233333;11843233333
2218;11705806000;11643233333;11843233333
2219;11705989000;11643233333;11843233333
2220;11706231000;11643233333;11843233333
2221;11745143000;11643233333;11843233333
2222;11746631000;11684911111;11884911111
2223;11746829000;11684911111;11884911111
2224;11746831000;11684911111;11884911111
2225;11747047000;11684911111;11884911111
2226;11747229000;11684911111;11884911111
2227;11747328000;11684911111;11884911111
2228;11747431000;11684911111;11884911111
2229;11747433000;11684911111;11884911111
2230;11747621000;11684911111;11884911111
2231;11747825000;11684911111;11884911111
2232;11786794000;11684911111;11884911111
2233;11788268000;11726566666;11926566666
2234;11788470000;11726566666;11926566666
2235;11788473000;11726566666;11926566666
2236;11788682000;11726566666;11926566666
2237;11788872000;11726566666;11926566666
2238;11788934000;11726566666;11926566666
2239;11789087000;11726566666;11926566666
2240;11789172000;11726566666;11926566666
2241;11789318000;11726566666;11926566666
2242;11789320000;11726566666;11926566666
2243;11828472000;11726566666;11926566666
2244;11829949000;11768244444;11968244444
2245;11830150000;11768244444;11968244444
2246;11830153000;11768244444;11968244444
2247;11830367000;11768244444;11968244444
2248;11830555000;11768244444;11968244444
2249;11830640000;11768244444;11968244444
2250;11830808000;11768244444;11968244444
2251;11830830000;11768244444;11968244444
2252;11830926000;11768244444;11968244444
2253;11831190000;11768244444;11968244444
2254;11870158000;11768244444;11968244444
2255;11871628000;11809877777;12009877777
2256;11871799000;11809877777;12009877777
2257;11872031000;11809877777;12009877777
2258;11872033000;11809877777;12009877777
2259;11872224000;11809877777;12009877777
2260;11872323000;11809877777;12009877777
2261;11872448000;11809877777;12009877777
2262;11872462000;11809877777;12009877777
2263;11872619000;11809877777;12009877777
2264;11872824000;11809877777;12009877777
2265;11911751000;11809877777;12009877777
2266;11913312000;11851588888;12051588888
2267;11913506000;11851588888;12051588888
2268;11913508000;11851588888;12051588888
2269;11913776000;11851588888;12051588888
2270;11913913000;11851588888;12051588888
2271;11914037000;11851588888;12051588888
2272;11914195000;11851588888;12051588888
2273;11914197000;11851588888;12051588888
2274;11914318000;11851588888;12051588888
2275;11914520000;11851588888;12051588888
2276;11953417000;11851588888;12051588888
2277;11954974000;11893266666;12093266666
2278;11955152000;11893266666;12093266666
2279;11955154000;11893266666;12093266666
2280;11955369000;11893266666;12093266666
2281;11955566000;11893266666;12093266666
2282;11955667000;11893266666;12093266666
2283;11955781000;11893266666;12093266666
2284;11955880000;11893266666;12093266666
2285;11955992000;11893266666;12093266666
2286;11956093000;11893266666;12093266666
2287;11995081000;11893266666;12093266666
2288;11996571000;11934922222;12134922222
2289;11996772000;11934922222;12134922222
2290;11996988000;11934922222;12134922222
2291;11997004000;11934922222;12134922222
2292;11997227000;11934922222;12134922222
2293;11997296000;11934922222;12134922222
2294;11997427000;11934922222;12134922222
2295;11997454000;11934922222;12134922222
2296;11997622000;11934922222;12134922222
2297;11997870000;11934922222;12134922222
2298;12036823000;11934922222;12134922222
2299;12038326000;11976577777;12176577777
2300;12038528000;11976577777;12176577777
2301;12038531000;11976577777;12176577777
2302;12038773000;11976577777;12176577777
2303;12038955000;11976577777;12176577777
2304;12038958000;11976577777;12176577777
2305;12039159000;11976577777;12176577777
2306;12039277000;11976577777;12176577777
2307;12039296000;11976577777;12176577777
2308;12039554000;11976577777;12176577777
2309;12078480000;11976577777;12176577777
2310;12079991000;12018244444;12218244444
2311;12080182000;12018244444;12218244444
2312;12080184000;12018244444;12218244444
2313;12080409000;12018244444;12218244444
2314;12080582000;12018244444;12218244444
2315;12080601000;12018244444;12218244444
2316;12080784000;12018244444;12218244444
2317;12080787000;12018244444;12218244444
2318;12081001000;12018244444;12218244444
2319;12081004000;12018244444;12218244444
2320;12120145000;12018244444;12218244444
2321;12121658000;12059900000;12259900000
2322;12121848000;12059900000;12259900000
2323;12121851000;12059900000;12259900000
2324;12122077000;12059900000;12259900000
2325;12122244000;12059900000;12259900000
2326;12122247000;12059900000;12259900000
2327;12122478000;12059900000;12259900000
2328;12122480000;12059900000;12259900000
2329;12122704000;12059900000;12259900000
2330;12122708000;12059900000;12259900000
2331;12161794000;12059900000;12259900000
2332;12163286000;12101622222;12301622222
2333;12163480000;12101622222;12301622222
2334;12163718000;12101622222;12301622222
2335;12163730000;12101622222;12301622222
2336;12163883000;12101622222;12301622222
2337;12164023000;12101622222;12301622222
2338;12164167000;12101622222;12301622222
2339;12164187000;12101622222;12301622222
2340;12164325000;12101622222;12301622222
2341;12164337000;12101622222;12301622222
2342;12203532000;12101622222;12301622222
2343;12204948000;12143244444;12343244444
2344;12205137000;12143244444;12343244444
2345;12205139000;12143244444;12343244444
2346;12205366000;12143244444;12343244444
2347;12205538000;12143244444;12343244444
2348;12205548000;12143244444;12343244444
2349;12205733000;12143244444;12343244444
2350;12205742000;12143244444;12343244444
2351;12205970000;12143244444;12343244444
2352;12205982000;12143244444;12343244444
2353;12245145000;12143244444;12343244444
2354;12246651000;12184900000;12384900000
2355;12246837000;12184900000;12384900000
2356;12246849000;12184900000;12384900000
2357;12247019000;12184900000;12384900000
2358;12247240000;12184900000;12384900000
2359;12247255000;12184900000;12384900000
2360;12247481000;12184900000;12384900000
2361;12247485000;12184900000;12384900000
2362;12247675000;12184900000;12384900000
2363;12247688000;12184900000;12384900000
2364;12286793000;12184900000;12384900000
2365;12288285000;12226633333;12426633333
2366;12288481000;12226633333;12426633333
2367;12288493000;12226633333;12426633333
2368;12288666000;12226633333;12426633333
2369;12288890000;12226633333;12426633333
2370;12288976000;12226633333;12426633333
2371;12289087000;12226633333;12426633333
2372;12289095000;12226633333;12426633333
2373;12289269000;12226633333;12426633333
2374;12289533000;12226633333;12426633333
2375;12328539000;12226633333;12426633333
2376;12329981000;12268233333;12468233333
2377;12330182000;12268233333;12468233333
2378;12330184000;12268233333;12468233333
2379;12330407000;12268233333;12468233333
2380;12330581000;12268233333;12468233333
2381;12330609000;12268233333;12468233333
2382;12330788000;12268233333;12468233333
2383;12330790000;12268233333;12468233333
2384;12331007000;12268233333;12468233333
2385;12331008000;12268233333;12468233333
2386;12370138000;12268233333;12468233333
2387;12371648000;12309888888;12509888888
2388;12371848000;12309888888;12509888888
2389;12371850000;12309888888;12509888888
2390;12372066000;12309888888;12509888888
2391;12372247000;12309888888;12509888888
2392;12372355000;12309888888;12509888888
2393;12372447000;12309888888;12509888888
2394;12372474000;12309888888;12509888888
2395;12372625000;12309888888;12509888888
2396;12372846000;12309888888;12509888888
2397;12411771000;12309888888;12509888888
2398;12413311000;12351622222;12551622222
2399;12413531000;12351622222;12551622222
2400;12413534000;12351622222;12551622222
2401;12413741000;12351622222;12551622222
2402;12414007000;12351622222;12551622222
2403;12414022000;12351622222;12551622222
2404;12414149000;12351622222;12551622222
2405;12414276000;12351622222;12551622222
2406;12414323000;12351622222;12551622222
2407;12414518000;12351622222;12551622222
2408;12453502000;12351622222;12551622222
2409;12454980000;12393244444;12593244444
2410;12455154000;12393244444;12593244444
2411;12455391000;12393244444;12593244444
2412;12455393000;12393244444;12593244444
2413;12455695000;12393244444;12593244444
2414;12455696000;12393244444;12593244444
2415;12455808000;12393244444;12593244444
2416;12455810000;12393244444;12593244444
2417;12455996000;12393244444;12593244444
2418;12456008000;12393244444;12593244444
2419;12495149000;12393244444;12593244444
2420;12496648000;12434911111;12634911111
2421;12496841000;12434911111;12634911111
2422;12496843000;12434911111;12634911111
2423;12497067000;12434911111;12634911111
2424;12497246000;12434911111;12634911111
2425;12497372000;12434911111;12634911111
2426;12497481000;12434911111;12634911111
2427;12497483000;12434911111;12634911111
2428;12497641000;12434911111;12634911111
2429;12497839000;12434911111;12634911111
2430;12536782000;12434911111;12634911111
2431;12538310000;12476600000;12676600000
2432;12538505000;12476600000;12676600000
2433;12538507000;12476600000;12676600000
2434;12538723000;12476600000;12676600000
2435;12538914000;12476600000;12676600000
2436;12539027000;12476600000;12676600000
2437;12539128000;12476600000;12676600000
2438;12539130000;12476600000;12676600000
2439;12539305000;12476600000;12676600000
2440;12539504000;12476600000;12676600000
2441;12578471000;12476600000;12676600000
2442;12579953000;12518255555;12718255555
2443;12580150000;12518255555;12718255555
2444;12580151000;12518255555;12718255555
2445;12580365000;12518255555;12718255555
2446;12580613000;12518255555;12718255555
2447;12580637000;12518255555;12718255555
2448;12580768000;12518255555;12718255555
2449;12580880000;12518255555;12718255555
2450;12581001000;12518255555;12718255555
2451;12581002000;12518255555;12718255555
2452;12620161000;12518255555;12718255555
2453;12621630000;12559888888;12759888888
2454;12621823000;12559888888;12759888888
2455;12621832000;12559888888;12759888888
2456;12622044000;12559888888;12759888888
2457;12622223000;12559888888;12759888888
2458;12622228000;12559888888;12759888888
2459;12622432000;12559888888;12759888888
2460;12622436000;12559888888;12759888888
2461;12622646000;12559888888;12759888888
2462;12622648000;12559888888;12759888888
2463;12661763000;12559888888;12759888888
2464;12663283000;12601577777;12801577777
2465;12663471000;12601577777;12801577777
2466;12663737000;12601577777;12801577777
2467;12663739000;12601577777;12801577777
2468;12663894000;12601577777;12801577777
2469;12663897000;12601577777;12801577777
2470;12664135000;12601577777;12801577777
2471;12664185000;12601577777;12801577777
2472;12664350000;12601577777;12801577777
2473;12664356000;12601577777;12801577777
2474;12703482000;12601577777;12801577777
2475;12704994000;12643222222;12843222222
2476;12705183000;12643222222;12843222222
2477;12705186000;12643222222;12843222222
2478;12705399000;12643222222;12843222222
2479;12705588000;12643222222;12843222222
2480;12705726000;12643222222;12843222222
2481;12705807000;12643222222;12843222222
2482;12705827000;12643222222;12843222222
2483;12706045000;12643222222;12843222222
2484;12706048000;12643222222;12843222222
2485;12745123000;12643222222;12843222222
2486;12746657000;12684900000;12884900000
2487;12746846000;12684900000;12884900000
2488;12746849000;12684900000;12884900000
2489;12747071000;12684900000;12884900000
2490;12747240000;12684900000;12884900000
2491;12747340000;12684900000;12884900000
2492;12747499000;12684900000;12884900000
2493;12747510000;12684900000;12884900000
2494;12747624000;12684900000;12884900000
2495;12747845000;12684900000;12884900000
2496;12786785000;12684900000;12884900000
2497;12788324000;12726577777;12926577777
2498;12788529000;12726577777;12926577777
2499;12788532000;12726577777;12926577777
2500;12788756000;12726577777;12926577777
2501;12788916000;12726577777;12926577777
2502;12789057000;12726577777;12926577777
2503;12789139000;12726577777;12926577777
2504;12789235000;12726577777;12926577777
2505;12789357000;12726577777;12926577777
2506;12789363000;12726577777;12926577777
2507;12828480000;12726577777;12926577777
2508;12829990000;12768255555;12968255555
2509;12830181000;12768255555;12968255555
2510;12830184000;12768255555;12968255555
2511;12830409000;12768255555;12968255555
2512;12830583000;12768255555;12968255555
2513;12830717000;12768255555;12968255555
2514;12830820000;12768255555;12968255555
2515;12830839000;12768255555;12968255555
2516;12831014000;12768255555;12968255555
2517;12831025000;12768255555;12968255555
2518;12870172000;12768255555;12968255555
2519;12871676000;12809888888;13009888888
2520;12871837000;12809888888;13009888888
2521;12872090000;12809888888;13009888888
2522;12872093000;12809888888;13009888888
2523;12872251000;12809888888;13009888888
2524;12872358000;12809888888;13009888888
2525;12872477000;12809888888;13009888888
2526;12872481000;12809888888;13009888888
2527;12872712000;12809888888;13009888888
2528;12872716000;12809888888;13009888888
2529;12911791000;12809888888;13009888888
2530;12913306000;12851622222;13051622222
2531;12913496000;12851622222;13051622222
2532;12913499000;12851622222;13051622222
2533;12913722000;12851622222;13051622222
2534;12913883000;12851622222;13051622222
2535;12913892000;12851622222;13051622222
2536;12914123000;12851622222;13051622222
2537;12914126000;12851622222;13051622222
2538;12914356000;12851622222;13051622222
2539;12914360000;12851622222;13051622222
2540;12953530000;12851622222;13051622222
2541;12954962000;12893255555;13093255555
2542;12955149000;12893255555;13093255555
2543;12955161000;12893255555;13093255555
2544;12955330000;12893255555;13093255555
2545;12955561000;12893255555;13093255555
2546;12955591000;12893255555;13093255555
2547;12955783000;12893255555;13093255555
2548;12955849000;12893255555;13093255555
2549;12956019000;12893255555;13093255555
2550;12956031000;12893255555;13093255555
2551;12995159000;12893255555;13093255555
2552;12996636000;12934911111;13134911111
2553;12996827000;12934911111;13134911111
2554;12996829000;12934911111;13134911111
2555;12997058000;12934911111;13134911111
2556;12997229000;12934911111;13134911111
2557;12997365000;12934911111;13134911111
2558;12997465000;12934911111;13134911111
2559;12997601000;12934911111;13134911111
2560;12997603000;12934911111;13134911111
2561;12997869000;12934911111;13134911111
2562;13036815000;12934911111;13134911111
2563;13038325000;12976566666;13176566666
2564;13038531000;12976566666;13176566666
2565;13038534000;12976566666;13176566666
2566;13038743000;12976566666;13176566666
2567;13038910000;12976566666;13176566666
2568;13038920000;12976566666;13176566666
2569;13039142000;12976566666;13176566666
2570;13039161000;12976566666;13176566666
2571;13039334000;12976566666;13176566666
2572;13039537000;12976566666;13176566666
2573;13078468000;12976566666;13176566666
2574;13079988000;13018244444;13218244444
2575;13080171000;13018244444;13218244444
2576;13080183000;13018244444;13218244444
2577;13080357000;13018244444;13218244444
2578;13080608000;13018244444;13218244444
2579;13080620000;13018244444;13218244444
2580;13080795000;13018244444;13218244444
2581;13080812000;13018244444;13218244444
2582;13081023000;13018244444;13218244444
2583;13081026000;13018244444;13218244444
2584;13120148000;13018244444;13218244444
2585;13121637000;13059888888;13259888888
2586;13121826000;13059888888;13259888888
2587;13121829000;13059888888;13259888888
2588;13122055000;13059888888;13259888888
2589;13122217000;13059888888;13259888888
2590;13122228000;13059888888;13259888888
2591;13122458000;13059888888;13259888888
2592;13122566000;13059888888;13259888888
2593;13122585000;13059888888;13259888888
2594;13122842000;13059888888;13259888888
2595;13161804000;13059888888;13259888888
2596;13163312000;13101577777;13301577777
2597;13163473000;13101577777;13301577777
2598;13163742000;13101577777;13301577777
2599;13163745000;13101577777;13301577777
2600;13163918000;13101577777;13301577777
2601;13164077000;13101577777;13301577777
2602;13164081000;13101577777;13301577777
2603;13164088000;13101577777;13301577777
2604;13164305000;13101577777;13301577777
2605;13164317000;13101577777;13301577777
2606;13203441000;13101577777;13301577777
2607;13204907000;13143233333;13343233333
2608;13205140000;13143233333;13343233333
2609;13205142000;13143233333;13343233333
2610;13205368000;13143233333;13343233333
2611;13205572000;13143233333;13343233333
2612;13205574000;13143233333;13343233333
2613;13205819000;13143233333;13343233333
2614;13205833000;13143233333;13343233333
2615;13205936000;13143233333;13343233333
2616;13206181000;13143233333;13343233333
2617;13245147000;13143233333;13343233333
2618;13246639000;13184911111;13384911111
2619;13246829000;13184911111;13384911111
2620;13247049000;13184911111;13384911111
2621;13247051000;13184911111;13384911111
2622;13247257000;13184911111;13384911111
2623;13247275000;13184911111;13384911111
2624;13247451000;13184911111;13384911111
2625;13247453000;13184911111;13384911111
2626;13247640000;13184911111;13384911111
2627;13247873000;13184911111;13384911111
2628;13286816000;13184911111;13384911111
2629;13288320000;13226600000;13426600000
2630;13288525000;13226600000;13426600000
2631;13288528000;13226600000;13426600000
2632;13288750000;13226600000;13426600000
2633;13289026000;13226600000;13426600000
2634;13289028000;13226600000;13426600000
2635;13289140000;13226600000;13426600000
2636;13289141000;13226600000;13426600000
2637;13289332000;13226600000;13426600000
2638;13289344000;13226600000;13426600000
2639;13328531000;13226600000;13426600000
2640;13329959000;13268233333;13468233333
2641;13330161000;13268233333;13468233333
2642;13330164000;13268233333;13468233333
2643;13330374000;13268233333;13468233333
2644;13330556000;13268233333;13468233333
2645;13330558000;13268233333;13468233333
2646;13330746000;13268233333;13468233333
2647;13330817000;13268233333;13468233333
2648;13330940000;13268233333;13468233333
2649;13331201000;13268233333;13468233333
2650;13370137000;13268233333;13468233333
2651;13371629000;13309855555;13509855555
2652;13371821000;13309855555;13509855555
2653;13371823000;13309855555;13509855555
2654;13372046000;13309855555;13509855555
2655;13372337000;13309855555;13509855555
2656;13372339000;13309855555;13509855555
2657;13372450000;13309855555;13509855555
2658;13372452000;13309855555;13509855555
2659;13372655000;13309855555;13509855555
2660;13372657000;13309855555;13509855555
2661;13411759000;13309855555;13509855555
2662;13413292000;13351555555;13551555555
2663;13413485000;13351555555;13551555555
2664;13413487000;13351555555;13551555555
2665;13413704000;13351555555;13551555555
2666;13413889000;13351555555;13551555555
2667;13414005000;13351555555;13551555555
2668;13414097000;13351555555;13551555555
2669;13414125000;13351555555;13551555555
2670;13414269000;13351555555;13551555555
2671;13414491000;13351555555;13551555555
2672;13453447000;13351555555;13551555555
2673;13454980000;13393200000;13593200000
2674;13455169000;13393200000;13593200000
2675;13455171000;13393200000;13593200000
2676;13455402000;13393200000;13593200000
2677;13455656000;13393200000;13593200000
2678;13455670000;13393200000;13593200000
2679;13455773000;13393200000;13593200000
2680;13455847000;13393200000;13593200000
2681;13455990000;13393200000;13593200000
2682;13455992000;13393200000;13593200000
2683;13495089000;13393200000;13593200000
2684;13496646000;13434888888;13634888888
2685;13496844000;13434888888;13634888888
2686;13496845000;13434888888;13634888888
2687;13497056000;13434888888;13634888888
2688;13497246000;13434888888;13634888888
2689;13497346000;13434888888;13634888888
2690;13497465000;13434888888;13634888888
2691;13497492000;13434888888;13634888888
2692;13497625000;13434888888;13634888888
2693;13497888000;13434888888;13634888888
2694;13536791000;13434888888;13634888888
2695;13538324000;13476566666;13676566666
2696;13538529000;13476566666;13676566666
2697;13538532000;13476566666;13676566666
2698;13538773000;13476566666;13676566666
2699;13538954000;13476566666;13676566666
2700;13538957000;13476566666;13676566666
2701;13539157000;13476566666;13676566666
2702;13539174000;13476566666;13676566666
2703;13539343000;13476566666;13676566666
2704;13539410000;13476566666;13676566666
2705;13578469000;13476566666;13676566666
2706;13579965000;13518233333;13718233333
2707;13580158000;13518233333;13718233333
2708;13580161000;13518233333;13718233333
2709;13580373000;13518233333;13718233333
2710;13580634000;13518233333;13718233333
2711;13580636000;13518233333;13718233333
2712;13580781000;13518233333;13718233333
2713;13580784000;13518233333;13718233333
2714;13581016000;13518233333;13718233333
2715;13581020000;13518233333;13718233333
2716;13620137000;13518233333;13718233333
2717;13621659000;13559866666;13759866666
2718;13621847000;13559866666;13759866666
2719;13621850000;13559866666;13759866666
2720;13622073000;13559866666;13759866666
2721;13622240000;13559866666;13759866666
2722;13622350000;13559866666;13759866666
2723;13622457000;13559866666;13759866666
2724;13622460000;13559866666;13759866666
2725;13622681000;13559866666;13759866666
2726;13622693000;13559866666;13759866666
2727;13661783000;13559866666;13759866666
2728;13663323000;13601577777;13801577777
2729;13663529000;13601577777;13801577777
2730;13663532000;13601577777;13801577777
2731;13663763000;13601577777;13801577777
2732;13663945000;13601577777;13801577777
2733;13663972000;13601577777;13801577777
2734;13664137000;13601577777;13801577777
2735;13664205000;13601577777;13801577777
2736;13664373000;13601577777;13801577777
2737;13664376000;13601577777;13801577777
2738;13703498000;13601577777;13801577777
2739;13705004000;13643233333;13843233333
2740;13705162000;13643233333;13843233333
2741;13705418000;13643233333;13843233333
2742;13705421000;13643233333;13843233333
2743;13705580000;13643233333;13843233333
2744;13705582000;13643233333;13843233333
2745;13705821000;13643233333;13843233333
2746;13705823000;13643233333;13843233333
2747;13706015000;13643233333;13843233333
2748;13706018000;13643233333;13843233333
2749;13745132000;13643233333;13843233333
2750;13746637000;13684877777;13884877777
2751;13746827000;13684877777;13884877777
2752;13746830000;13684877777;13884877777
2753;13747054000;13684877777;13884877777
2754;13747218000;13684877777;13884877777
2755;13747337000;13684877777;13884877777
2756;13747475000;13684877777;13884877777
2757;13747538000;13684877777;13884877777
2758;13747659000;13684877777;13884877777
2759;13747674000;13684877777;13884877777
2760;13786779000;13684877777;13884877777
2761;13788303000;13726544444;13926544444
2762;13788492000;13726544444;13926544444
2763;13788495000;13726544444;13926544444
2764;13788755000;13726544444;13926544444
2765;13788894000;13726544444;13926544444
2766;13788896000;13726544444;13926544444
2767;13789111000;13726544444;13926544444
2768;13789179000;13726544444;13926544444
2769;13789344000;13726544444;13926544444
2770;13789350000;13726544444;13926544444
2771;13828447000;13726544444;13926544444
2772;13829947000;13768211111;13968211111
2773;13830136000;13768211111;13968211111
2774;13830139000;13768211111;13968211111
2775;13830365000;13768211111;13968211111
2776;13830538000;13768211111;13968211111
2777;13830557000;13768211111;13968211111
2778;13830766000;13768211111;13968211111
2779;13830787000;13768211111;13968211111
2780;13830955000;13768211111;13968211111
2781;13831152000;13768211111;13968211111
2782;13870113000;13768211111;13968211111
2783;13871659000;13809844444;14009844444
2784;13871850000;13809844444;14009844444
2785;13871852000;13809844444;14009844444
2786;13872075000;13809844444;14009844444
2787;13872242000;13809844444;14009844444
2788;13872245000;13809844444;14009844444
2789;13872477000;13809844444;14009844444
2790;13872479000;13809844444;14009844444
2791;13872709000;13809844444;14009844444
2792;13872713000;13809844444;14009844444
2793;13911745000;13809844444;14009844444
2794;13913326000;13851577777;14051577777
2795;13913503000;13851577777;14051577777
2796;13913523000;13851577777;14051577777
2797;13913779000;13851577777;14051577777
2798;13913920000;13851577777;14051577777
2799;13913922000;13851577777;14051577777
2800;13914182000;13851577777;14051577777
2801;13914194000;13851577777;14051577777
2802;13914348000;13851577777;14051577777
2803;13914359000;13851577777;14051577777
2804;13953480000;13851577777;14051577777
2805;13954969000;13893266666;14093266666
2806;13955159000;13893266666;14093266666
2807;13955161000;13893266666;14093266666
2808;13955392000;13893266666;14093266666
2809;13955555000;13893266666;14093266666
2810;13955595000;13893266666;14093266666
2811;13955789000;13893266666;14093266666
2812;13955792000;13893266666;14093266666
2813;13955985000;13893266666;14093266666
2814;13956202000;13893266666;14093266666
2815;13995187000;13893266666;14093266666
2816;13996670000;13934888888;14134888888
2817;13996830000;13934888888;14134888888
2818;13997082000;13934888888;14134888888
2819;13997085000;13934888888;14134888888
2820;13997240000;13934888888;14134888888
2821;13997373000;13934888888;14134888888
2822;13997545000;13934888888;14134888888
2823;13997551000;13934888888;14134888888
2824;13997690000;13934888888;14134888888
2825;13997693000;13934888888;14134888888
2826;14036791000;13934888888;14134888888
2827;14038303000;13976555555;14176555555
2828;14038493000;13976555555;14176555555
2829;14038496000;13976555555;14176555555
2830;14038721000;13976555555;14176555555
2831;14038888000;13976555555;14176555555
2832;14038891000;13976555555;14176555555
2833;14039132000;13976555555;14176555555
2834;14039180000;13976555555;14176555555
2835;14039293000;13976555555;14176555555
2836;14039509000;13976555555;14176555555
2837;14078459000;13976555555;14176555555
2838;14079991000;14018200000;14218200000
2839;14080181000;14018200000;14218200000
2840;14080184000;14018200000;14218200000
2841;14080408000;14018200000;14218200000
2842;14080576000;14018200000;14218200000
2843;14080579000;14018200000;14218200000
2844;14080842000;14018200000;14218200000
2845;14080854000;14018200000;14218200000
2846;14081014000;14018200000;14218200000
2847;14081026000;14018200000;14218200000
2848;14120117000;14018200000;14218200000
2849;14121632000;14059877777;14259877777
2850;14121810000;14059877777;14259877777
2851;14122060000;14059877777;14259877777
2852;14122063000;14059877777;14259877777
2853;14122246000;14059877777;14259877777
2854;14122249000;14059877777;14259877777
2855;14122456000;14059877777;14259877777
2856;14122458000;14059877777;14259877777
2857;14122683000;14059877777;14259877777
2858;14122687000;14059877777;14259877777
2859;14161796000;14059877777;14259877777
2860;14163324000;14101566666;14301566666
2861;14163533000;14101566666;14301566666
2862;14163535000;14101566666;14301566666
2863;14163745000;14101566666;14301566666
2864;14163905000;14101566666;14301566666
2865;14164038000;14101566666;14301566666
2866;14164153000;14101566666;14301566666
2867;14164306000;14101566666;14301566666
2868;14164308000;14101566666;14301566666
2869;14164557000;14101566666;14301566666
2870;14203461000;14101566666;14301566666
2871;14204947000;14143244444;14343244444
2872;14205129000;14143244444;14343244444
2873;14205381000;14143244444;14343244444
2874;14205384000;14143244444;14343244444
2875;14205550000;14143244444;14343244444
2876;14205580000;14143244444;14343244444
2877;14205809000;14143244444;14343244444
2878;14205820000;14143244444;14343244444
2879;14205984000;14143244444;14343244444
2880;14205995000;14143244444;14343244444
2881;14245129000;14143244444;14343244444
2882;14246626000;14184866666;14384866666
2883;14246825000;14184866666;14384866666
2884;14246827000;14184866666;14384866666
2885;14247068000;14184866666;14384866666
2886;14247229000;14184866666;14384866666
2887;14247249000;14184866666;14384866666
2888;14247447000;14184866666;14384866666
2889;14247495000;14184866666;14384866666
2890;14247664000;14184866666;14384866666
2891;14247667000;14184866666;14384866666
2892;14286773000;14184866666;14384866666
2893;14288269000;14226566666;14426566666
2894;14288495000;14226566666;14426566666
2895;14288497000;14226566666;14426566666
2896;14288723000;14226566666;14426566666
2897;14288922000;14226566666;14426566666
2898;14288924000;14226566666;14426566666
2899;14289113000;14226566666;14426566666
2900;14289115000;14226566666;14426566666
2901;14289290000;14226566666;14426566666
2902;14289503000;14226566666;14426566666
2903;14328464000;14226566666;14426566666
2904;14329953000;14268200000;14468200000
2905;14330144000;14268200000;14468200000
2906;14330156000;14268200000;14468200000
2907;14330331000;14268200000;14468200000
2908;14330542000;14268200000;14468200000
2909;14330639000;14268200000;14468200000
2910;14330786000;14268200000;14468200000
2911;14330896000;14268200000;14468200000
2912;14330956000;14268200000;14468200000
2913;14331200000;14268200000;14468200000
2914;14370079000;14268200000;14468200000
2915;14371643000;14309844444;14509844444
2916;14371827000;14309844444;14509844444
2917;14372067000;14309844444;14509844444
2918;14372070000;14309844444;14509844444
2919;14372334000;14309844444;14509844444
2920;14372350000;14309844444;14509844444
2921;14372476000;14309844444;14509844444
2922;14372590000;14309844444;14509844444
2923;14372651000;14309844444;14509844444
2924;14372845000;14309844444;14509844444
2925;14411753000;14309844444;14509844444
2926;14413293000;14351566666;14551566666
2927;14413491000;14351566666;14551566666
2928;14413493000;14351566666;14551566666
2929;14413731000;14351566666;14551566666
2930;14413999000;14351566666;14551566666
2931;14414001000;14351566666;14551566666
2932;14414113000;14351566666;14551566666
2933;14414115000;14351566666;14551566666
2934;14414304000;14351566666;14551566666
2935;14414330000;14351566666;14551566666
2936;14453471000;14351566666;14551566666
2937;14454937000;14393188888;14593188888
2938;14455128000;14393188888;14593188888
2939;14455130000;14393188888;14593188888
2940;14455344000;14393188888;14593188888
2941;14455546000;14393188888;14593188888
2942;14455646000;14393188888;14593188888
2943;14455746000;14393188888;14593188888
2944;14455831000;14393188888;14593188888
2945;14455930000;14393188888;14593188888
2946;14455948000;14393188888;14593188888
2947;14495060000;14393188888;14593188888
2948;14496606000;14434877777;14634877777
2949;14496802000;14434877777;14634877777
2950;14496804000;14434877777;14634877777
2951;14497029000;14434877777;14634877777
2952;14497307000;14434877777;14634877777
2953;14497322000;14434877777;14634877777
2954;14497432000;14434877777;14634877777
2955;14497446000;14434877777;14634877777
2956;14497636000;14434877777;14634877777
2957;14497638000;14434877777;14634877777
2958;14536792000;14434877777;14634877777
2959;14538276000;14476566666;14676566666
2960;14538465000;14476566666;14676566666
2961;14538467000;14476566666;14676566666
2962;14538681000;14476566666;14676566666
2963;14538871000;14476566666;14676566666
2964;14538971000;14476566666;14676566666
2965;14539096000;14476566666;14676566666
2966;14539182000;14476566666;14676566666
2967;14539254000;14476566666;14676566666
2968;14539490000;14476566666;14676566666
2969;14578473000;14476566666;14676566666
2970;14579932000;14518222222;14718222222
2971;14580126000;14518222222;14718222222
2972;14580128000;14518222222;14718222222
2973;14580353000;14518222222;14718222222
2974;14580622000;14518222222;14718222222
2975;14580646000;14518222222;14718222222
2976;14580758000;14518222222;14718222222
2977;14580759000;14518222222;14718222222
2978;14580947000;14518222222;14718222222
2979;14580974000;14518222222;14718222222
2980;14620110000;14518222222;14718222222
2981;14621624000;14559866666;14759866666
2982;14621819000;14559866666;14759866666
2983;14621821000;14559866666;14759866666
2984;14622030000;14559866666;14759866666
2985;14622223000;14559866666;14759866666
2986;14622324000;14559866666;14759866666
2987;14622457000;14559866666;14759866666
2988;14622478000;14559866666;14759866666
2989;14622604000;14559866666;14759866666
2990;14622818000;14559866666;14759866666
2991;14661740000;14559866666;14759866666
2992;14663301000;14601544444;14801544444
2993;14663492000;14601544444;14801544444
2994;14663495000;14601544444;14801544444
2995;14663744000;14601544444;14801544444
2996;14663926000;14601544444;14801544444
2997;14663952000;14601544444;14801544444
2998;14664111000;14601544444;14801544444
2999;14664116000;14601544444;14801544444
3000;14664330000;14601544444;14801544444
3001;14664341000;14601544444;14801544444
3002;14703449000;14601544444;14801544444
3003;14704992000;14643200000;14843200000
3004;14705183000;14643200000;14843200000
3005;14705186000;14643200000;14843200000
3006;14705410000;14643200000;14843200000
3007;14705599000;14643200000;14843200000
3008;14705615000;14643200000;14843200000
3009;14705812000;14643200000;14843200000
3010;14705817000;14643200000;14843200000
3011;14706002000;14643200000;14843200000
3012;14706198000;14643200000;14843200000
3013;14745099000;14643200000;14843200000
3014;14746657000;14684866666;14884866666
3015;14746848000;14684866666;14884866666
3016;14746850000;14684866666;14884866666
3017;14747098000;14684866666;14884866666
3018;14747280000;14684866666;14884866666
3019;14747286000;14684866666;14884866666
3020;14747469000;14684866666;14884866666
3021;14747593000;14684866666;14884866666
3022;14747698000;14684866666;14884866666
3023;14747701000;14684866666;14884866666
3024;14786769000;14684866666;14884866666
3025;14788323000;14726555555;14926555555
3026;14788528000;14726555555;14926555555
3027;14788531000;14726555555;14926555555
3028;14788742000;14726555555;14926555555
3029;14788908000;14726555555;14926555555
3030;14789047000;14726555555;14926555555
3031;14789155000;14726555555;14926555555
3032;14789158000;14726555555;14926555555
3033;14789346000;14726555555;14926555555
3034;14789349000;14726555555;14926555555
3035;14828458000;14726555555;14926555555
3036;14829958000;14768222222;14968222222
3037;14830157000;14768222222;14968222222
3038;14830160000;14768222222;14968222222
3039;14830385000;14768222222;14968222222
3040;14830557000;14768222222;14968222222
3041;14830653000;14768222222;14968222222
3042;14830754000;14768222222;14968222222
3043;14830757000;14768222222;14968222222
3044;14830990000;14768222222;14968222222
3045;14830992000;14768222222;14968222222
3046;14870143000;14768222222;14968222222
3047;14871613000;14809844444;15009844444
3048;14871804000;14809844444;15009844444
3049;14871806000;14809844444;15009844444
3050;14872031000;14809844444;15009844444
3051;14872198000;14809844444;15009844444
3052;14872332000;14809844444;15009844444
3053;14872422000;14809844444;15009844444
3054;14872432000;14809844444;15009844444
3055;14872637000;14809844444;15009844444
3056;14872640000;14809844444;15009844444
3057;14911746000;14809844444;15009844444
3058;14913326000;14851544444;15051544444
3059;14913532000;14851544444;15051544444
3060;14913534000;14851544444;15051544444
3061;14913743000;14851544444;15051544444
3062;14913911000;14851544444;15051544444
3063;14913914000;14851544444;15051544444
3064;14914143000;14851544444;15051544444
3065;14914146000;14851544444;15051544444
3066;14914339000;14851544444;15051544444
3067;14914549000;14851544444;15051544444
3068;14953445000;14851544444;15051544444
3069;14954995000;14893255555;15093255555
3070;14955179000;14893255555;15093255555
3071;14955182000;14893255555;15093255555
3072;14955357000;14893255555;15093255555
3073;14955585000;14893255555;15093255555
3074;14955614000;14893255555;15093255555
3075;14955820000;14893255555;15093255555
3076;14955861000;14893255555;15093255555
3077;14956014000;14893255555;15093255555
3078;14956016000;14893255555;15093255555
3079;14995157000;14893255555;15093255555
3080;14996638000;14934922222;15134922222
3081;14996827000;14934922222;15134922222
3082;14996829000;14934922222;15134922222
3083;14997057000;14934922222;15134922222
3084;14997258000;14934922222;15134922222
3085;14997261000;14934922222;15134922222
3086;14997460000;14934922222;15134922222
3087;14997462000;14934922222;15134922222
3088;14997690000;14934922222;15134922222
3089;14997694000;14934922222;15134922222
3090;15036837000;14934922222;15134922222
3091;15038319000;14976566666;15176566666
3092;15038497000;14976566666;15176566666
3093;15038710000;14976566666;15176566666
3094;15038712000;14976566666;15176566666
3095;15038972000;14976566666;15176566666
3096;15038975000;14976566666;15176566666
3097;15039143000;14976566666;15176566666
3098;15039277000;14976566666;15176566666
3099;15039317000;14976566666;15176566666
3100;15039322000;14976566666;15176566666
3101;15078484000;14976566666;15176566666
3102;15080001000;15018211111;15218211111
3103;15080162000;15018211111;15218211111
3104;15080388000;15018211111;15218211111
3105;15080400000;15018211111;15218211111
3106;15080573000;15018211111;15218211111
3107;15080576000;15018211111;15218211111
3108;15080785000;15018211111;15218211111
3109;15080806000;15018211111;15218211111
3110;15081015000;15018211111;15218211111
3111;15081018000;15018211111;15218211111
3112;15120113000;15018211111;15218211111
3113;15121635000;15059866666;15259866666
3114;15121825000;15059866666;15259866666
3115;15121827000;15059866666;15259866666
3116;15122052000;15059866666;15259866666
3117;15122220000;15059866666;15259866666
3118;15122360000;15059866666;15259866666
3119;15122461000;15059866666;15259866666
3120;15122470000;15059866666;15259866666
3121;15122659000;15059866666;15259866666
3122;15122665000;15059866666;15259866666
3123;15161786000;15059866666;15259866666
3124;15163323000;15101544444;15301544444
3125;15163530000;15101544444;15301544444
3126;15163532000;15101544444;15301544444
3127;15163741000;15101544444;15301544444
3128;15163903000;15101544444;15301544444
3129;15164047000;15101544444;15301544444
3130;15164148000;15101544444;15301544444
3131;15164168000;15101544444;15301544444
3132;15164346000;15101544444;15301544444
3133;15164358000;15101544444;15301544444
3134;15203446000;15101544444;15301544444
3135;15204968000;15143244444;15343244444
3136;15205159000;15143244444;15343244444
3137;15205162000;15143244444;15343244444
3138;15205386000;15143244444;15343244444
3139;15205548000;15143244444;15343244444
3140;15205582000;15143244444;15343244444
3141;15205759000;15143244444;15343244444
3142;15205762000;15143244444;15343244444
3143;15205992000;15143244444;15343244444
3144;15205994000;15143244444;15343244444
3145;15245147000;15143244444;15343244444
3146;15246658000;15184866666;15384866666
3147;15246848000;15184866666;15384866666
3148;15246851000;15184866666;15384866666
3149;15247077000;15184866666;15384866666
3150;15247241000;15184866666;15384866666
3151;15247376000;15184866666;15384866666
3152;15247522000;15184866666;15384866666
3153;15247530000;15184866666;15384866666
3154;15247673000;15184866666;15384866666
3155;15247676000;15184866666;15384866666
3156;15286770000;15184866666;15384866666
3157;15288281000;15226566666;15426566666
3158;15288482000;15226566666;15426566666
3159;15288485000;15226566666;15426566666
3160;15288711000;15226566666;15426566666
3161;15288912000;15226566666;15426566666
3162;15288914000;15226566666;15426566666
3163;15289102000;15226566666;15426566666
3164;15289104000;15226566666;15426566666
3165;15289278000;15226566666;15426566666
3166;15289501000;15226566666;15426566666
3167;15328472000;15226566666;15426566666
3168;15329959000;15268211111;15468211111
3169;15330163000;15268211111;15468211111
3170;15330165000;15268211111;15468211111
3171;15330407000;15268211111;15468211111
3172;15330628000;15268211111;15468211111
3173;15330633000;15268211111;15468211111
3174;15330771000;15268211111;15468211111
3175;15330876000;15268211111;15468211111
3176;15330989000;15268211111;15468211111
3177;15330991000;15268211111;15468211111
3178;15370115000;15268211111;15468211111
3179;15371626000;15309855555;15509855555
3180;15371827000;15309855555;15509855555
3181;15371830000;15309855555;15509855555
3182;15372041000;15309855555;15509855555
3183;15372236000;15309855555;15509855555
3184;15372238000;15309855555;15509855555
3185;15372449000;15309855555;15509855555
3186;15372451000;15309855555;15509855555
3187;15372623000;15309855555;15509855555
3188;15372844000;15309855555;15509855555
3189;15411750000;15309855555;15509855555
3190;15413285000;15351566666;15551566666
3191;15413479000;15351566666;15551566666
3192;15413491000;15351566666;15551566666
3193;15413665000;15351566666;15551566666
3194;15413874000;15351566666;15551566666
3195;15413875000;15351566666;15551566666
3196;15414108000;15351566666;15551566666
3197;15414110000;15351566666;15551566666
3198;15414294000;15351566666;15551566666
3199;15414305000;15351566666;15551566666
3200;15453464000;15351566666;15551566666
3201;15454950000;15393200000;15593200000
3202;15455132000;15393200000;15593200000
3203;15455134000;15393200000;15593200000
3204;15455351000;15393200000;15593200000
3205;15455633000;15393200000;15593200000
3206;15455635000;15393200000;15593200000
3207;15455767000;15393200000;15593200000
3208;15455876000;15393200000;15593200000
3209;15455999000;15393200000;15593200000
3210;15456000000;15393200000;15593200000
3211;15495105000;15393200000;15593200000
3212;15496626000;15434866666;15634866666
3213;15496820000;15434866666;15634866666
3214;15496822000;15434866666;15634866666
3215;15497029000;15434866666;15634866666
3216;15497222000;15434866666;15634866666
3217;15497322000;15434866666;15634866666
3218;15497447000;15434866666;15634866666
3219;15497449000;15434866666;15634866666
3220;15497619000;15434866666;15634866666
3221;15497824000;15434866666;15634866666
3222;15536738000;15434866666;15634866666
3223;15538310000;15476544444;15676544444
3224;15538504000;15476544444;15676544444
3225;15538506000;15476544444;15676544444
3226;15538727000;15476544444;15676544444
3227;15538911000;15476544444;15676544444
3228;15538977000;15476544444;15676544444
3229;15539134000;15476544444;15676544444
3230;15539269000;15476544444;15676544444
3231;15539294000;15476544444;15676544444
3232;15539590000;15476544444;15676544444
3233;15578449000;15476544444;15676544444
3234;15579959000;15518233333;15718233333
3235;15580149000;15518233333;15718233333
3236;15580150000;15518233333;15718233333
3237;15580358000;15518233333;15718233333
3238;15580595000;15518233333;15718233333
3239;15580602000;15518233333;15718233333
3240;15580791000;15518233333;15718233333
3241;15580796000;15518233333;15718233333
3242;15581004000;15518233333;15718233333
3243;15581137000;15518233333;15718233333
3244;15620138000;15518233333;15718233333
3245;15621651000;15559855555;15759855555
3246;15621840000;15559855555;15759855555
3247;15621842000;15559855555;15759855555
3248;15622049000;15559855555;15759855555
3249;15622242000;15559855555;15759855555
3250;15622342000;15559855555;15759855555
3251;15622467000;15559855555;15759855555
3252;15622469000;15559855555;15759855555
3253;15622638000;15559855555;15759855555
3254;15622843000;15559855555;15759855555
3255;15661748000;15559855555;15759855555
3256;15663303000;15601566666;15801566666
3257;15663492000;15601566666;15801566666
3258;15663495000;15601566666;15801566666
3259;15663734000;15601566666;15801566666
3260;15663896000;15601566666;15801566666
3261;15663915000;15601566666;15801566666
3262;15664110000;15601566666;15801566666
3263;15664178000;15601566666;15801566666
3264;15664344000;15601566666;15801566666
3265;15664349000;15601566666;15801566666
3266;15703469000;15601566666;15801566666
3267;15704968000;15643211111;15843211111
3268;15705159000;15643211111;15843211111
3269;15705162000;15643211111;15843211111
3270;15705388000;15643211111;15843211111
3271;15705554000;15643211111;15843211111
3272;15705596000;15643211111;15843211111
3273;15705788000;15643211111;15843211111
3274;15705791000;15643211111;15843211111
3275;15706019000;15643211111;15843211111
3276;15706022000;15643211111;15843211111
3277;15745107000;15643211111;15843211111
3278;15746625000;15684866666;15884866666
3279;15746826000;15684866666;15884866666
3280;15746829000;15684866666;15884866666
3281;15747048000;15684866666;15884866666
3282;15747215000;15684866666;15884866666
3283;15747277000;15684866666;15884866666
3284;15747442000;15684866666;15884866666
3285;15747444000;15684866666;15884866666
3286;15747656000;15684866666;15884866666
3287;15747658000;15684866666;15884866666
3288;15786771000;15684866666;15884866666
3289;15788292000;15726544444;15926544444
3290;15788492000;15726544444;15926544444
3291;15788495000;15726544444;15926544444
3292;15788706000;15726544444;15926544444
3293;15788889000;15726544444;15926544444
3294;15788981000;15726544444;15926544444
3295;15789089000;15726544444;15926544444
3296;15789169000;15726544444;15926544444
3297;15789282000;15726544444;15926544444
3298;15789305000;15726544444;15926544444
3299;15828419000;15726544444;15926544444
3300;15829932000;15768211111;15968211111
3301;15830136000;15768211111;15968211111
3302;15830139000;15768211111;15968211111
3303;15830353000;15768211111;15968211111
3304;15830542000;15768211111;15968211111
3305;15830657000;15768211111;15968211111
3306;15830748000;15768211111;15968211111
3307;15830756000;15768211111;15968211111
3308;15830927000;15768211111;15968211111
3309;15831140000;15768211111;15968211111
3310;15870084000;15768211111;15968211111
3311;15871605000;15809844444;16009844444
3312;15871794000;15809844444;16009844444
3313;15871796000;15809844444;16009844444
3314;15872010000;15809844444;16009844444
3315;15872201000;15809844444;16009844444
3316;15872252000;15809844444;16009844444
3317;15872414000;15809844444;16009844444
3318;15872539000;15809844444;16009844444
3319;15872632000;15809844444;16009844444
3320;15872704000;15809844444;16009844444
3321;15911691000;15809844444;16009844444
3322;15913353000;15851555555;16051555555
3323;15913510000;15851555555;16051555555
3324;15913519000;15851555555;16051555555
3325;15913729000;15851555555;16051555555
3326;15913915000;15851555555;16051555555
3327;15914015000;15851555555;16051555555
3328;15914138000;15851555555;16051555555
3329;15914140000;15851555555;16051555555
3330;15914338000;15851555555;16051555555
3331;15914340000;15851555555;16051555555
3332;15953459000;15851555555;16051555555
3333;15954957000;15893255555;16093255555
3334;15955152000;15893255555;16093255555
3335;15955154000;15893255555;16093255555
3336;15955372000;15893255555;16093255555
3337;15955563000;15893255555;16093255555
3338;15955655000;15893255555;16093255555
3339;15955762000;15893255555;16093255555
3340;15955767000;15893255555;16093255555
3341;15955937000;15893255555;16093255555
3342;15956157000;15893255555;16093255555
3343;15995084000;15893255555;16093255555
3344;15996627000;15934888888;16134888888
3345;15996817000;15934888888;16134888888
3346;15996819000;15934888888;16134888888
3347;15997042000;15934888888;16134888888
3348;15997319000;15934888888;16134888888
3349;15997334000;15934888888;16134888888
3350;15997467000;15934888888;16134888888
3351;15997593000;15934888888;16134888888
3352;15997607000;15934888888;16134888888
3353;15997823000;15934888888;16134888888
3354;16036807000;15934888888;16134888888
3355;16038334000;15976544444;16176544444
3356;16038495000;15976544444;16176544444
3357;16038741000;15976544444;16176544444
3358;16038744000;15976544444;16176544444
3359;16038952000;15976544444;16176544444
3360;16038970000;15976544444;16176544444
3361;16039132000;15976544444;16176544444
3362;16039200000;15976544444;16176544444
3363;16039370000;15976544444;16176544444
3364;16039382000;15976544444;16176544444
3365;16078446000;15976544444;16176544444
3366;16079991000;16018222222;16218222222
3367;16080181000;16018222222;16218222222
3368;16080184000;16018222222;16218222222
3369;16080410000;16018222222;16218222222
3370;16080577000;16018222222;16218222222
3371;16080580000;16018222222;16218222222
3372;16080840000;16018222222;16218222222
3373;16080843000;16018222222;16218222222
3374;16081010000;16018222222;16218222222
3375;16081214000;16018222222;16218222222
3376;16120122000;16018222222;16218222222
3377;16121655000;16059877777;16259877777
3378;16121846000;16059877777;16259877777
3379;16121848000;16059877777;16259877777
3380;16122081000;16059877777;16259877777
3381;16122241000;16059877777;16259877777
3382;16122383000;16059877777;16259877777
3383;16122487000;16059877777;16259877777
3384;16122523000;16059877777;16259877777
3385;16122681000;16059877777;16259877777
3386;16122692000;16059877777;16259877777
3387;16161781000;16059877777;16259877777
3388;16163279000;16101588888;16301588888
3389;16163471000;16101588888;16301588888
3390;16163473000;16101588888;16301588888
3391;16163694000;16101588888;16301588888
3392;16163863000;16101588888;16301588888
3393;16164005000;16101588888;16301588888
3394;16164107000;16101588888;16301588888
3395;16164110000;16101588888;16301588888
3396;16164302000;16101588888;16301588888
3397;16164305000;16101588888;16301588888
3398;16203491000;16101588888;16301588888
3399;16204991000;16143211111;16343211111
3400;16205185000;16143211111;16343211111
3401;16205187000;16143211111;16343211111
3402;16205408000;16143211111;16343211111
3403;16205575000;16143211111;16343211111
3404;16205685000;16143211111;16343211111
3405;16205818000;16143211111;16343211111
3406;16205831000;16143211111;16343211111
3407;16206014000;16143211111;16343211111
3408;16206017000;16143211111;16343211111
3409;16245114000;16143211111;16343211111
3410;16246655000;16184900000;16384900000
3411;16246844000;16184900000;16384900000
3412;16246847000;16184900000;16384900000
3413;16247088000;16184900000;16384900000
3414;16247240000;16184900000;16384900000
3415;16247245000;16184900000;16384900000
3416;16247475000;16184900000;16384900000
3417;16247478000;16184900000;16384900000
3418;16247703000;16184900000;16384900000
3419;16247707000;16184900000;16384900000
3420;16286786000;16184900000;16384900000
3421;16288308000;16226577777;16426577777
3422;16288504000;16226577777;16426577777
3423;16288522000;16226577777;16426577777
3424;16288754000;16226577777;16426577777
3425;16288950000;16226577777;16426577777
3426;16288952000;16226577777;16426577777
3427;16289134000;16226577777;16426577777
3428;16289136000;16226577777;16426577777
3429;16289347000;16226577777;16426577777
3430;16289349000;16226577777;16426577777
3431;16328483000;16226577777;16426577777
3432;16329985000;16268255555;16468255555
3433;16330181000;16268255555;16468255555
3434;16330183000;16268255555;16468255555
3435;16330407000;16268255555;16468255555
3436;16330574000;16268255555;16468255555
3437;16330614000;16268255555;16468255555
3438;16330801000;16268255555;16468255555
3439;16330803000;16268255555;16468255555
3440;16331011000;16268255555;16468255555
3441;16331012000;16268255555;16468255555
3442;16370161000;16268255555;16468255555
3443;16371649000;16309877777;16509877777
3444;16371845000;16309877777;16509877777
3445;16371848000;16309877777;16509877777
3446;16372068000;16309877777;16509877777
3447;16372238000;16309877777;16509877777
3448;16372338000;16309877777;16509877777
3449;16372456000;16309877777;16509877777
3450;16372483000;16309877777;16509877777
3451;16372622000;16309877777;16509877777
3452;16372885000;16309877777;16509877777
3453;16411780000;16309877777;16509877777
3454;16413316000;16351588888;16551588888
3455;16413529000;16351588888;16551588888
3456;16413531000;16351588888;16551588888
3457;16413779000;16351588888;16551588888
3458;16413977000;16351588888;16551588888
3459;16413982000;16351588888;16551588888
3460;16414132000;16351588888;16551588888
3461;16414248000;16351588888;16551588888
3462;16414308000;16351588888;16551588888
3463;16414510000;16351588888;16551588888
3464;16453467000;16351588888;16551588888
3465;16454949000;16393233333;16593233333
3466;16455133000;16393233333;16593233333
3467;16455368000;16393233333;16593233333
3468;16455370000;16393233333;16593233333
3469;16455659000;16393233333;16593233333
3470;16455674000;16393233333;16593233333
3471;16455792000;16393233333;16593233333
3472;16455793000;16393233333;16593233333
3473;16455984000;16393233333;16593233333
3474;16455986000;16393233333;16593233333
3475;16495137000;16393233333;16593233333
3476;16496627000;16434877777;16634877777
3477;16496818000;16434877777;16634877777
3478;16496820000;16434877777;16634877777
3479;16497040000;16434877777;16634877777
3480;16497221000;16434877777;16634877777
3481;16497321000;16434877777;16634877777
3482;16497445000;16434877777;16634877777
3483;16497446000;16434877777;16634877777
3484;16497615000;16434877777;16634877777
3485;16497821000;16434877777;16634877777
3486;16536749000;16434877777;16634877777
3487;16538300000;16476566666;16676566666
3488;16538496000;16476566666;16676566666
3489;16538498000;16476566666;16676566666
3490;16538713000;16476566666;16676566666
3491;16538904000;16476566666;16676566666
3492;16539003000;16476566666;16676566666
3493;16539127000;16476566666;16676566666
3494;16539129000;16476566666;16676566666
3495;16539300000;16476566666;16676566666
3496;16539551000;16476566666;16676566666
3497;16578471000;16476566666;16676566666
3498;16579954000;16518244444;16718244444
3499;16580147000;16518244444;16718244444
3500;16580149000;16518244444;16718244444
3501;16580384000;16518244444;16718244444
3502;16580642000;16518244444;16718244444
3503;16580665000;16518244444;16718244444
3504;16580778000;16518244444;16718244444
3505;16580780000;16518244444;16718244444
3506;16580968000;16518244444;16718244444
3507;16580980000;16518244444;16718244444
3508;16620130000;16518244444;16718244444
3509;16621622000;16559866666;16759866666
3510;16621818000;16559866666;16759866666
3511;16621832000;16559866666;16759866666
3512;16622056000;16559866666;16759866666
3513;16622250000;16559866666;16759866666
3514;16622251000;16559866666;16759866666
3515;16622446000;16559866666;16759866666
3516;16622448000;16559866666;16759866666
3517;16622656000;16559866666;16759866666
3518;16622657000;16559866666;16759866666
3519;16661766000;16559866666;16759866666
3520;16663303000;16601555555;16801555555
3521;16663490000;16601555555;16801555555
3522;16663493000;16601555555;16801555555
3523;16663652000;16601555555;16801555555
3524;16663887000;16601555555;16801555555
3525;16663900000;16601555555;16801555555
3526;16664112000;16601555555;16801555555
3527;16664179000;16601555555;16801555555
3528;16664345000;16601555555;16801555555
3529;16664351000;16601555555;16801555555
3530;16703473000;16601555555;16801555555
3531;16705005000;16643211111;16843211111
3532;16705163000;16643211111;16843211111
3533;16705381000;16643211111;16843211111
3534;16705392000;16643211111;16843211111
3535;16705646000;16643211111;16843211111
3536;16705649000;16643211111;16843211111
3537;16705813000;16643211111;16843211111
3538;16705871000;16643211111;16843211111
3539;16706015000;16643211111;16843211111
3540;16706019000;16643211111;16843211111
3541;16745111000;16643211111;16843211111
3542;16746657000;16684888888;16884888888
3543;16746847000;16684888888;16884888888
3544;16746849000;16684888888;16884888888
3545;16747075000;16684888888;16884888888
3546;16747245000;16684888888;16884888888
3547;16747355000;16684888888;16884888888
3548;16747473000;16684888888;16884888888
3549;16747485000;16684888888;16884888888
3550;16747680000;16684888888;16884888888
3551;16747683000;16684888888;16884888888
3552;16786792000;16684888888;16884888888
3553;16788322000;16726577777;16926577777
3554;16788529000;16726577777;16926577777
3555;16788532000;16726577777;16926577777
3556;16788741000;16726577777;16926577777
3557;16788903000;16726577777;16926577777
3558;16789058000;16726577777;16926577777
3559;16789139000;16726577777;16926577777
3560;16789159000;16726577777;16926577777
3561;16789372000;16726577777;16926577777
3562;16789376000;16726577777;16926577777
3563;16828480000;16726577777;16926577777
3564;16829980000;16768244444;16968244444
3565;16830169000;16768244444;16968244444
3566;16830171000;16768244444;16968244444
3567;16830398000;16768244444;16968244444
3568;16830563000;16768244444;16968244444
3569;16830701000;16768244444;16968244444
3570;16830816000;16768244444;16968244444
3571;16830929000;16768244444;16968244444
3572;16830940000;16768244444;16968244444
3573;16831204000;16768244444;16968244444
3574;16870134000;16768244444;16968244444
3575;16871616000;16809877777;17009877777
3576;16871775000;16809877777;17009877777
3577;16871972000;16809877777;17009877777
3578;16871974000;16809877777;17009877777
3579;16872230000;16809877777;17009877777
3580;16872233000;16809877777;17009877777
3581;16872482000;16809877777;17009877777
3582;16872555000;16809877777;17009877777
3583;16872648000;16809877777;17009877777
3584;16872651000;16809877777;17009877777
3585;16911796000;16809877777;17009877777
3586;16913313000;16851566666;17051566666
3587;16913473000;16851566666;17051566666
3588;16913728000;16851566666;17051566666
3589;16913731000;16851566666;17051566666
3590;16913885000;16851566666;17051566666
3591;16913979000;16851566666;17051566666
3592;16914087000;16851566666;17051566666
3593;16914184000;16851566666;17051566666
3594;16914316000;16851566666;17051566666
3595;16914318000;16851566666;17051566666
3596;16953469000;16851566666;17051566666
3597;16954991000;16893233333;17093233333
3598;16955179000;16893233333;17093233333
3599;16955181000;16893233333;17093233333
3600;16955408000;16893233333;17093233333
3601;16955579000;16893233333;17093233333
3602;16955716000;16893233333;17093233333
3603;16955812000;16893233333;17093233333
3604;16955931000;16893233333;17093233333
3605;16956013000;16893233333;17093233333
3606;16956016000;16893233333;17093233333
3607;16995128000;16893233333;17093233333
3608;16996625000;16934922222;17134922222
3609;16996804000;16934922222;17134922222
3610;16997059000;16934922222;17134922222
3611;16997062000;16934922222;17134922222
3612;16997221000;16934922222;17134922222
3613;16997373000;16934922222;17134922222
3614;16997454000;16934922222;17134922222
3615;16997475000;16934922222;17134922222
3616;16997616000;16934922222;17134922222
3617;16997866000;16934922222;17134922222
3618;17036825000;16934922222;17134922222
3619;17038324000;16976544444;17176544444
3620;17038532000;16976544444;17176544444
3621;17038534000;16976544444;17176544444
3622;17038744000;16976544444;17176544444
3623;17038906000;16976544444;17176544444
3624;17039048000;16976544444;17176544444
3625;17039151000;16976544444;17176544444
3626;17039170000;16976544444;17176544444
3627;17039347000;16976544444;17176544444
3628;17039350000;16976544444;17176544444
3629;17078447000;16976544444;17176544444
3630;17079979000;17018233333;17218233333
3631;17080182000;17018233333;17218233333
3632;17080185000;17018233333;17218233333
3633;17080428000;17018233333;17218233333
3634;17080612000;17018233333;17218233333
3635;17080632000;17018233333;17218233333
3636;17080800000;17018233333;17218233333
3637;17080846000;17018233333;17218233333
3638;17080986000;17018233333;17218233333
3639;17080998000;17018233333;17218233333
3640;17120136000;17018233333;17218233333
3641;17121634000;17059877777;17259877777
3642;17121823000;17059877777;17259877777
3643;17121826000;17059877777;17259877777
3644;17122054000;17059877777;17259877777
3645;17122227000;17059877777;17259877777
3646;17122364000;17059877777;17259877777
3647;17122489000;17059877777;17259877777
3648;17122492000;17059877777;17259877777
3649;17122656000;17059877777;17259877777
3650;17122658000;17059877777;17259877777
3651;17161779000;17059877777;17259877777
3652;17163325000;17101566666;17301566666
3653;17163532000;17101566666;17301566666
3654;17163542000;17101566666;17301566666
3655;17163761000;17101566666;17301566666
3656;17163911000;17101566666;17301566666
3657;17164048000;17101566666;17301566666
3658;17164188000;17101566666;17301566666
3659;17164193000;17101566666;17301566666
3660;17164318000;17101566666;17301566666
3661;17164320000;17101566666;17301566666
3662;17203472000;17101566666;17301566666
3663;17204979000;17143266666;17343266666
3664;17205179000;17143266666;17343266666
3665;17205182000;17143266666;17343266666
3666;17205407000;17143266666;17343266666
3667;17205577000;17143266666;17343266666
3668;17205687000;17143266666;17343266666
3669;17205784000;17143266666;17343266666
3670;17205789000;17143266666;17343266666
3671;17205973000;17143266666;17343266666
3672;17206185000;17143266666;17343266666
3673;17245130000;17143266666;17343266666
3674;17246645000;17184900000;17384900000
3675;17246827000;17184900000;17384900000
3676;17247073000;17184900000;17384900000
3677;17247076000;17184900000;17384900000
3678;17247251000;17184900000;17384900000
3679;17247355000;17184900000;17384900000
3680;17247503000;17184900000;17384900000
3681;17247528000;17184900000;17384900000
3682;17247624000;17184900000;17384900000
3683;17247844000;17184900000;17384900000
3684;17286798000;17184900000;17384900000
3685;17288288000;17226611111;17426611111
3686;17288492000;17226611111;17426611111
3687;17288495000;17226611111;17426611111
3688;17288709000;17226611111;17426611111
3689;17288891000;17226611111;17426611111
3690;17288961000;17226611111;17426611111
3691;17289090000;17226611111;17426611111
3692;17289118000;17226611111;17426611111
3693;17289283000;17226611111;17426611111
3694;17289490000;17226611111;17426611111
3695;17328534000;17226611111;17426611111
3696;17329957000;17268211111;17468211111
3697;17330159000;17268211111;17468211111
3698;17330161000;17268211111;17468211111
3699;17330376000;17268211111;17468211111
3700;17330635000;17268211111;17468211111
3701;17330637000;17268211111;17468211111
3702;17330760000;17268211111;17468211111
3703;17330762000;17268211111;17468211111
3704;17330927000;17268211111;17468211111
3705;17331165000;17268211111;17468211111
3706;17370117000;17268211111;17468211111
3707;17371605000;17309844444;17509844444
3708;17371796000;17309844444;17509844444
3709;17371798000;17309844444;17509844444
3710;17372005000;17309844444;17509844444
3711;17372198000;17309844444;17509844444
3712;17372249000;17309844444;17509844444
3713;17372420000;17309844444;17509844444
3714;17372422000;17309844444;17509844444
3715;17372597000;17309844444;17509844444
3716;17372819000;17309844444;17509844444
3717;17411724000;17309844444;17509844444
3718;17413292000;17351544444;17551544444
3719;17413485000;17351544444;17551544444
3720;17413716000;17351544444;17551544444
3721;17413728000;17351544444;17551544444
3722;17413912000;17351544444;17551544444
3723;17413926000;17351544444;17551544444
3724;17414145000;17351544444;17551544444
3725;17414150000;17351544444;17551544444
3726;17414344000;17351544444;17551544444
3727;17414346000;17351544444;17551544444
3728;17453449000;17351544444;17551544444
3729;17454979000;17393211111;17593211111
3730;17455165000;17393211111;17593211111
3731;17455167000;17393211111;17593211111
3732;17455393000;17393211111;17593211111
3733;17455631000;17393211111;17593211111
3734;17455635000;17393211111;17593211111
3735;17455796000;17393211111;17593211111
3736;17455798000;17393211111;17593211111
3737;17456011000;17393211111;17593211111
3738;17456013000;17393211111;17593211111
3739;17495116000;17393211111;17593211111
3740;17496645000;17434888888;17634888888
3741;17496838000;17434888888;17634888888
3742;17496840000;17434888888;17634888888
3743;17497061000;17434888888;17634888888
3744;17497245000;17434888888;17634888888
3745;17497345000;17434888888;17634888888
3746;17497559000;17434888888;17634888888
3747;17497571000;17434888888;17634888888
3748;17497614000;17434888888;17634888888
3749;17497844000;17434888888;17634888888
3750;17536788000;17434888888;17634888888
3751;17538327000;17476566666;17676566666
3752;17538521000;17476566666;17676566666
3753;17538524000;17476566666;17676566666
3754;17538774000;17476566666;17676566666
3755;17538928000;17476566666;17676566666
3756;17538931000;17476566666;17676566666
3757;17539148000;17476566666;17676566666
3758;17539191000;17476566666;17676566666
3759;17539347000;17476566666;17676566666
3760;17539349000;17476566666;17676566666
3761;17578484000;17476566666;17676566666
3762;17579978000;17518222222;17718222222
3763;17580136000;17518222222;17718222222
3764;17580389000;17518222222;17718222222
3765;17580392000;17518222222;17718222222
3766;17580552000;17518222222;17718222222
3767;17580711000;17518222222;17718222222
3768;17580790000;17518222222;17718222222
3769;17580903000;17518222222;17718222222
3770;17580980000;17518222222;17718222222
3771;17580996000;17518222222;17718222222
3772;17620125000;17518222222;17718222222
3773;17621658000;17559855555;17759855555
3774;17621850000;17559855555;17759855555
3775;17621852000;17559855555;17759855555
3776;17622075000;17559855555;17759855555
3777;17622240000;17559855555;17759855555
3778;17622243000;17559855555;17759855555
3779;17622479000;17559855555;17759855555
3780;17622497000;17559855555;17759855555
3781;17622669000;17559855555;17759855555
3782;17622864000;17559855555;17759855555
3783;17661755000;17559855555;17759855555
3784;17663304000;17601566666;17801566666
3785;17663490000;17601566666;17801566666
3786;17663493000;17601566666;17801566666
3787;17663669000;17601566666;17801566666
3788;17663888000;17601566666;17801566666
3789;17663900000;17601566666;17801566666
3790;17664120000;17601566666;17801566666
3791;17664125000;17601566666;17801566666
3792;17664352000;17601566666;17801566666
3793;17664355000;17601566666;17801566666
3794;17703462000;17601566666;17801566666
3795;17704985000;17643200000;17843200000
3796;17705166000;17643200000;17843200000
3797;17705419000;17643200000;17843200000
3798;17705422000;17643200000;17843200000
3799;17705580000;17643200000;17843200000
3800;17705583000;17643200000;17843200000
3801;17705843000;17643200000;17843200000
3802;17705846000;17643200000;17843200000
3803;17706015000;17643200000;17843200000
3804;17706027000;17643200000;17843200000
3805;17745100000;17643200000;17843200000
3806;17746634000;17684877777;17884877777
3807;17746825000;17684877777;17884877777
3808;17746827000;17684877777;17884877777
3809;17747043000;17684877777;17884877777
3810;17747223000;17684877777;17884877777
3811;17747351000;17684877777;17884877777
3812;17747461000;17684877777;17884877777
3813;17747464000;17684877777;17884877777
3814;17747657000;17684877777;17884877777
3815;17747659000;17684877777;17884877777
3816;17786779000;17684877777;17884877777
3817;17788302000;17726544444;17926544444
3818;17788492000;17726544444;17926544444
3819;17788494000;17726544444;17926544444
3820;17788719000;17726544444;17926544444
3821;17788892000;17726544444;17926544444
3822;17788895000;17726544444;17926544444
3823;17789118000;17726544444;17926544444
3824;17789121000;17726544444;17926544444
3825;17789330000;17726544444;17926544444
3826;17789332000;17726544444;17926544444
3827;17828437000;17726544444;17926544444
3828;17829926000;17768211111;17968211111
3829;17830116000;17768211111;17968211111
3830;17830328000;17768211111;17968211111
3831;17830331000;17768211111;17968211111
3832;17830522000;17768211111;17968211111
3833;17830524000;17768211111;17968211111
3834;17830756000;17768211111;17968211111
3835;17830800000;17768211111;17968211111
3836;17830968000;17768211111;17968211111
3837;17830970000;17768211111;17968211111
3838;17870113000;17768211111;17968211111
3839;17871657000;17809844444;18009844444
3840;17871845000;17809844444;18009844444
3841;17871848000;17809844444;18009844444
3842;17872065000;17809844444;18009844444
3843;17872246000;17809844444;18009844444
3844;17872401000;17809844444;18009844444
3845;17872482000;17809844444;18009844444
3846;17872503000;17809844444;18009844444
3847;17872702000;17809844444;18009844444
3848;17872706000;17809844444;18009844444
3849;17911746000;17809844444;18009844444
3850;17913328000;17851566666;18051566666
3851;17913527000;17851566666;18051566666
3852;17913529000;17851566666;18051566666
3853;17913762000;17851566666;18051566666
3854;17913917000;17851566666;18051566666
3855;17913920000;17851566666;18051566666
3856;17914148000;17851566666;18051566666
3857;17914273000;17851566666;18051566666
3858;17914354000;17851566666;18051566666
3859;17914373000;17851566666;18051566666
3860;17953469000;17851566666;18051566666
3861;17954989000;17893255555;18093255555
3862;17955180000;17893255555;18093255555
3863;17955182000;17893255555;18093255555
3864;17955405000;17893255555;18093255555
3865;17955575000;17893255555;18093255555
3866;17955728000;17893255555;18093255555
3867;17955809000;17893255555;18093255555
3868;17955829000;17893255555;18093255555
3869;17956035000;17893255555;18093255555
3870;17956039000;17893255555;18093255555
3871;17995158000;17893255555;18093255555
3872;17996659000;17934911111;18134911111
3873;17996849000;17934911111;18134911111
3874;17996851000;17934911111;18134911111
3875;17997078000;17934911111;18134911111
3876;17997240000;17934911111;18134911111
3877;17997377000;17934911111;18134911111
3878;17997541000;17934911111;18134911111
3879;17997558000;17934911111;18134911111
3880;17997682000;17934911111;18134911111
3881;17997694000;17934911111;18134911111
3882;18036814000;17934911111;18134911111
3883;18038300000;17976577777;18176577777
3884;18038495000;17976577777;18176577777
3885;18038497000;17976577777;18176577777
3886;18038718000;17976577777;18176577777
3887;18038883000;17976577777;18176577777
3888;18039017000;17976577777;18176577777
3889;18039116000;17976577777;18176577777
3890;18039255000;17976577777;18176577777
3891;18039258000;17976577777;18176577777
3892;18039542000;17976577777;18176577777
3893;18078481000;17976577777;18176577777
3894;18079991000;18018200000;18218200000
3895;18080182000;18018200000;18218200000
3896;18080185000;18018200000;18218200000
3897;18080411000;18018200000;18218200000
3898;18080576000;18018200000;18218200000
3899;18080579000;18018200000;18218200000
3900;18080828000;18018200000;18218200000
3901;18080914000;18018200000;18218200000
3902;18081031000;18018200000;18218200000
3903;18081073000;18018200000;18218200000
3904;18120103000;18018200000;18218200000
3905;18121637000;18059866666;18259866666
3906;18121824000;18059866666;18259866666
3907;18121826000;18059866666;18259866666
3908;18122051000;18059866666;18259866666
3909;18122215000;18059866666;18259866666
3910;18122358000;18059866666;18259866666
3911;18122464000;18059866666;18259866666
3912;18122491000;18059866666;18259866666
3913;18122658000;18059866666;18259866666
3914;18122661000;18059866666;18259866666
3915;18161785000;18059866666;18259866666
3916;18163322000;18101566666;18301566666
3917;18163531000;18101566666;18301566666
3918;18163533000;18101566666;18301566666
3919;18163742000;18101566666;18301566666
3920;18163904000;18101566666;18301566666
3921;18163915000;18101566666;18301566666
3922;18164140000;18101566666;18301566666
3923;18164143000;18101566666;18301566666
3924;18164333000;18101566666;18301566666
3925;18164549000;18101566666;18301566666
3926;18203467000;18101566666;18301566666
3927;18204995000;18143233333;18343233333
3928;18205171000;18143233333;18343233333
3929;18205184000;18143233333;18343233333
3930;18205357000;18143233333;18343233333
3931;18205585000;18143233333;18343233333
3932;18205614000;18143233333;18343233333
3933;18205808000;18143233333;18343233333
3934;18205875000;18143233333;18343233333
3935;18206043000;18143233333;18343233333
3936;18206045000;18143233333;18343233333
3937;18245136000;18143233333;18343233333
3938;18246612000;18184888888;18384888888
3939;18246803000;18184888888;18384888888
3940;18246805000;18184888888;18384888888
3941;18247037000;18184888888;18384888888
3942;18247203000;18184888888;18384888888
3943;18247206000;18184888888;18384888888
3944;18247423000;18184888888;18384888888
3945;18247490000;18184888888;18384888888
3946;18247657000;18184888888;18384888888
3947;18247663000;18184888888;18384888888
3948;18286793000;18184888888;18384888888
3949;18288313000;18226555555;18426555555
3950;18288531000;18226555555;18426555555
3951;18288533000;18226555555;18426555555
3952;18288742000;18226555555;18426555555
3953;18288945000;18226555555;18426555555
3954;18289060000;18226555555;18426555555
3955;18289119000;18226555555;18426555555
3956;18289121000;18226555555;18426555555
3957;18289345000;18226555555;18426555555
3958;18289346000;18226555555;18426555555
3959;18328431000;18226555555;18426555555
3960;18329954000;18268233333;18468233333
3961;18330158000;18268233333;18468233333
3962;18330160000;18268233333;18468233333
3963;18330398000;18268233333;18468233333
3964;18330610000;18268233333;18468233333
3965;18330612000;18268233333;18468233333
3966;18330767000;18268233333;18468233333
3967;18330878000;18268233333;18468233333
3968;18330999000;18268233333;18468233333
3969;18331000000;18268233333;18468233333
3970;18370148000;18268233333;18468233333
3971;18371605000;18309877777;18509877777
3972;18371784000;18309877777;18509877777
3973;18372023000;18309877777;18509877777
3974;18372026000;18309877777;18509877777
3975;18372298000;18309877777;18509877777
3976;18372315000;18309877777;18509877777
3977;18372431000;18309877777;18509877777
3978;18372593000;18309877777;18509877777
3979;18372595000;18309877777;18509877777
3980;18372802000;18309877777;18509877777
3981;18411725000;18309877777;18509877777
3982;18413272000;18351588888;18551588888
3983;18413468000;18351588888;18551588888
3984;18413470000;18351588888;18551588888
3985;18413681000;18351588888;18551588888
3986;18413870000;18351588888;18551588888
3987;18413973000;18351588888;18551588888
3988;18414146000;18351588888;18551588888
3989;18414158000;18351588888;18551588888
3990;18414274000;18351588888;18551588888
3991;18414275000;18351588888;18551588888
3992;18453503000;18351588888;18551588888
3993;18454940000;18393200000;18593200000
3994;18455122000;18393200000;18593200000
3995;18455136000;18393200000;18593200000
3996;18455338000;18393200000;18593200000
3997;18455569000;18393200000;18593200000
3998;18455674000;18393200000;18593200000
3999;18455699000;18393200000;18593200000
4000;18455701000;18393200000;18593200000
4001;18455972000;18393200000;18593200000
4002;18456135000;18393200000;18593200000
4003;18495060000;18393200000;18593200000
4004;18496603000;18434888888;18634888888
4005;18496778000;18434888888;18634888888
4006;18497005000;18434888888;18634888888
4007;18497007000;18434888888;18634888888
4008;18497205000;18434888888;18634888888
4009;18497261000;18434888888;18634888888
4010;18497397000;18434888888;18634888888
4011;18497470000;18434888888;18634888888
4012;18497598000;18434888888;18634888888
4013;18497835000;18434888888;18634888888
4014;18536793000;18434888888;18634888888
4015;18538269000;18476566666;18676566666
4016;18538462000;18476566666;18676566666
4017;18538464000;18476566666;18676566666
4018;18538676000;18476566666;18676566666
4019;18538867000;18476566666;18676566666
4020;18538967000;18476566666;18676566666
4021;18539091000;18476566666;18676566666
4022;18539093000;18476566666;18676566666
4023;18539263000;18476566666;18676566666
4024;18539468000;18476566666;18676566666
4025;18578438000;18476566666;18676566666
4026;18579929000;18518233333;18718233333
4027;18580116000;18518233333;18718233333
4028;18580118000;18518233333;18718233333
4029;18580342000;18518233333;18718233333
4030;18580539000;18518233333;18718233333
4031;18580553000;18518233333;18718233333
4032;18580723000;18518233333;18718233333
4033;18580752000;18518233333;18718233333
4034;18580922000;18518233333;18718233333
4035;18581172000;18518233333;18718233333
4036;18620138000;18518233333;18718233333
4037;18621624000;18559877777;18759877777
4038;18621818000;18559877777;18759877777
4039;18621820000;18559877777;18759877777
4040;18622020000;18559877777;18759877777
4041;18622249000;18559877777;18759877777
4042;18622264000;18559877777;18759877777
4043;18622537000;18559877777;18759877777
4044;18622539000;18559877777;18759877777
4045;18622618000;18559877777;18759877777
4046;18622825000;18559877777;18759877777
4047;18661796000;18559877777;18759877777
4048;18663301000;18601555555;18801555555
4049;18663491000;18601555555;18801555555
4050;18663493000;18601555555;18801555555
4051;18663740000;18601555555;18801555555
4052;18663941000;18601555555;18801555555
4053;18663943000;18601555555;18801555555
4054;18664110000;18601555555;18801555555
4055;18664178000;18601555555;18801555555
4056;18664358000;18601555555;18801555555
4057;18664361000;18601555555;18801555555
4058;18703472000;18601555555;18801555555
4059;18705004000;18643211111;18843211111
4060;18705162000;18643211111;18843211111
4061;18705416000;18643211111;18843211111
4062;18705418000;18643211111;18843211111
4063;18705574000;18643211111;18843211111
4064;18705578000;18643211111;18843211111
4065;18705840000;18643211111;18843211111
4066;18705853000;18643211111;18843211111
4067;18706011000;18643211111;18843211111
4068;18706023000;18643211111;18843211111
4069;18745113000;18643211111;18843211111
4070;18746655000;18684877777;18884877777
4071;18746845000;18684877777;18884877777
4072;18746847000;18684877777;18884877777
4073;18747075000;18684877777;18884877777
4074;18747237000;18684877777;18884877777
4075;18747263000;18684877777;18884877777
4076;18747460000;18684877777;18884877777
4077;18747463000;18684877777;18884877777
4078;18747706000;18684877777;18884877777
4079;18747710000;18684877777;18884877777
4080;18786780000;18684877777;18884877777
4081;18788327000;18726566666;18926566666
4082;18788534000;18726566666;18926566666
4083;18788536000;18726566666;18926566666
4084;18788746000;18726566666;18926566666
4085;18788908000;18726566666;18926566666
4086;18789041000;18726566666;18926566666
4087;18789141000;18726566666;18926566666
4088;18789280000;18726566666;18926566666
4089;18789283000;18726566666;18926566666
4090;18789560000;18726566666;18926566666
4091;18828470000;18726566666;18926566666
4092;18829944000;18768233333;18968233333
4093;18830128000;18768233333;18968233333
4094;18830130000;18768233333;18968233333
4095;18830367000;18768233333;18968233333
4096;18830506000;18768233333;18968233333
4097;18830509000;18768233333;18968233333
4098;18830764000;18768233333;18968233333
4099;18830766000;18768233333;18968233333
4100;18830953000;18768233333;18968233333
4101;18831171000;18768233333;18968233333
4102;18870136000;18768233333;18968233333
4103;18871656000;18809844444;19009844444
4104;18871846000;18809844444;19009844444
4105;18871849000;18809844444;19009844444
4106;18872096000;18809844444;19009844444
4107;18872278000;18809844444;19009844444
4108;18872297000;18809844444;19009844444
4109;18872468000;18809844444;19009844444
4110;18872541000;18809844444;19009844444
4111;18872679000;18809844444;19009844444
4112;18872682000;18809844444;19009844444
4113;18911747000;18809844444;19009844444
4114;18913309000;18851600000;19051600000
4115;18913523000;18851600000;19051600000
4116;18913527000;18851600000;19051600000
4117;18913765000;18851600000;19051600000
4118;18913892000;18851600000;19051600000
4119;18913894000;18851600000;19051600000
4120;18914119000;18851600000;19051600000
4121;18914124000;18851600000;19051600000
4122;18914320000;18851600000;19051600000
4123;18914537000;18851600000;19051600000
4124;18953501000;18851600000;19051600000
4125;18954962000;18893322222;19093322222
4126;18955148000;18893322222;19093322222
4127;18955160000;18893322222;19093322222
4128;18955330000;18893322222;19093322222
4129;18955575000;18893322222;19093322222
4130;18955604000;18893322222;19093322222
4131;18955782000;18893322222;19093322222
4132;18955849000;18893322222;19093322222
4133;18956019000;18893322222;19093322222
4134;18956031000;18893322222;19093322222
4135;18995225000;18893322222;19093322222
4136;18996637000;18934911111;19134911111
4137;18996824000;18934911111;19134911111
4138;18996827000;18934911111;19134911111
4139;18997070000;18934911111;19134911111
4140;18997224000;18934911111;19134911111
4141;18997368000;18934911111;19134911111
4142;18997498000;18934911111;19134911111
4143;18997526000;18934911111;19134911111
4144;18997655000;18934911111;19134911111
4145;18997658000;18934911111;19134911111
4146;19036816000;18934911111;19134911111
4147;19038300000;18976544444;19176544444
4148;19038491000;18976544444;19176544444
4149;19038494000;18976544444;19176544444
4150;19038718000;18976544444;19176544444
4151;19038887000;18976544444;19176544444
4152;19039030000;18976544444;19176544444
4153;19039132000;18976544444;19176544444
4154;19039232000;18976544444;19176544444
4155;19039299000;18976544444;19176544444
4156;19039540000;18976544444;19176544444
4157;19078448000;18976544444;19176544444
4158;19079991000;19018200000;19218200000
4159;19080180000;19018200000;19218200000
4160;19080183000;19018200000;19218200000
4161;19080409000;19018200000;19218200000
4162;19080580000;19018200000;19218200000
4163;19080735000;19018200000;19218200000
4164;19080817000;19018200000;19218200000
4165;19080837000;19018200000;19218200000
4166;19081035000;19018200000;19218200000
4167;19081038000;19018200000;19218200000
4168;19120102000;19018200000;19218200000
4169;19121635000;19059877777;19259877777
4170;19121824000;19059877777;19259877777
4171;19121827000;19059877777;19259877777
4172;19122053000;19059877777;19259877777
4173;19122226000;19059877777;19259877777
4174;19122359000;19059877777;19259877777
4175;19122470000;19059877777;19259877777
4176;19122486000;19059877777;19259877777
4177;19122625000;19059877777;19259877777
4178;19122867000;19059877777;19259877777
4179;19161780000;19059877777;19259877777
4180;19163279000;19101566666;19301566666
4181;19163469000;19101566666;19301566666
4182;19163472000;19101566666;19301566666
4183;19163696000;19101566666;19301566666
4184;19163866000;19101566666;19301566666
4185;19164002000;19101566666;19301566666
4186;19164102000;19101566666;19301566666
4187;19164238000;19101566666;19301566666
4188;19164241000;19101566666;19301566666
4189;19164530000;19101566666;19301566666
4190;19203469000;19101566666;19301566666
4191;19204966000;19143244444;19343244444
4192;19205158000;19143244444;19343244444
4193;19205161000;19143244444;19343244444
4194;19205382000;19143244444;19343244444
4195;19205547000;19143244444;19343244444
4196;19205683000;19143244444;19343244444
4197;19205789000;19143244444;19343244444
4198;19205791000;19143244444;19343244444
4199;19205975000;19143244444;19343244444
4200;19206198000;19143244444;19343244444
4201;19245164000;19143244444;19343244444
4202;19246668000;19184888888;19384888888
4203;19246827000;19184888888;19384888888
4204;19247079000;19184888888;19384888888
4205;19247082000;19184888888;19384888888
4206;19247242000;19184888888;19384888888
4207;19247382000;19184888888;19384888888
4208;19247483000;19184888888;19384888888
4209;19247504000;19184888888;19384888888
4210;19247678000;19184888888;19384888888
4211;19247681000;19184888888;19384888888
4212;19286794000;19184888888;19384888888
4213;19288284000;19226588888;19426588888
4214;19288434000;19226588888;19426588888
4215;19288686000;19226588888;19426588888
4216;19288699000;19226588888;19426588888
4217;19288868000;19226588888;19426588888
4218;19288960000;19226588888;19426588888
4219;19289056000;19226588888;19426588888
4220;19289106000;19226588888;19426588888
4221;19289255000;19226588888;19426588888
4222;19289466000;19226588888;19426588888
4223;19328461000;19226588888;19426588888
4224;19329901000;19268300000;19468300000
4225;19330097000;19268300000;19468300000
4226;19330099000;19268300000;19468300000
4227;19330308000;19268300000;19468300000
4228;19330545000;19268300000;19468300000
4229;19330568000;19268300000;19468300000
4230;19330694000;19268300000;19468300000
4231;19330707000;19268300000;19468300000
4232;19330938000;19268300000;19468300000
4233;19331147000;19268300000;19468300000
4234;19370216000;19268300000;19468300000
4235;19371571000;19309944444;19509944444
4236;19371754000;19309944444;19509944444
4237;19371989000;19309944444;19509944444
4238;19371991000;19309944444;19509944444
4239;19372162000;19309944444;19509944444
4240;19372261000;19309944444;19509944444
4241;19372379000;19309944444;19509944444
4242;19372407000;19309944444;19509944444
4243;19372544000;19309944444;19509944444
4244;19372807000;19309944444;19509944444
4245;19411847000;19309944444;19509944444
4246;19413236000;19351655555;19551655555
4247;19413433000;19351655555;19551655555
4248;19413436000;19351655555;19551655555
4249;19413684000;19351655555;19551655555
4250;19413830000;19351655555;19551655555
4251;19413859000;19351655555;19551655555
4252;19414029000;19351655555;19551655555
4253;19414057000;19351655555;19551655555
4254;19414212000;19351655555;19551655555
4255;19414442000;19351655555;19551655555
4256;19453568000;19351655555;19551655555
4257;19454903000;19393266666;19593266666
4258;19455086000;19393266666;19593266666
4259;19455088000;19393266666;19593266666
4260;19455317000;19393266666;19593266666
4261;19455497000;19393266666;19593266666
4262;19455579000;19393266666;19593266666
4263;19455762000;19393266666;19593266666
4264;19455763000;19393266666;19593266666
4265;19455917000;19393266666;19593266666
4266;19455925000;19393266666;19593266666
4267;19495102000;19393266666;19593266666
4268;19496548000;19434955555;19634955555
4269;19496761000;19434955555;19634955555
4270;19496763000;19434955555;19634955555
4271;19496988000;19434955555;19634955555
4272;19497265000;19434955555;19634955555
4273;19497280000;19434955555;19634955555
4274;19497390000;19434955555;19634955555
4275;19497392000;19434955555;19634955555
4276;19497591000;19434955555;19634955555
4277;19497594000;19434955555;19634955555
4278;19536870000;19434955555;19634955555
4279;19538237000;19476622222;19676622222
4280;19538427000;19476622222;19676622222
4281;19538429000;19476622222;19676622222
4282;19538651000;19476622222;19676622222
4283;19538832000;19476622222;19676622222
4284;19538932000;19476622222;19676622222
4285;19539062000;19476622222;19676622222
4286;19539064000;19476622222;19676622222
4287;19539226000;19476622222;19676622222
4288;19539431000;19476622222;19676622222
4289;19578461000;19476622222;19676622222
4290;19579915000;19518288888;19718288888
4291;19580084000;19518288888;19718288888
4292;19580086000;19518288888;19718288888
4293;19580313000;19518288888;19718288888
4294;19580503000;19518288888;19718288888
4295;19580632000;19518288888;19718288888
4296;19580688000;19518288888;19718288888
4297;19580689000;19518288888;19718288888
4298;19580924000;19518288888;19718288888
4299;19580926000;19518288888;19718288888
4300;19620203000;19518288888;19718288888
4301;19621653000;19559933333;19759933333
4302;19621796000;19559933333;19759933333
4303;19621797000;19559933333;19759933333
4304;19622021000;19559933333;19759933333
4305;19622295000;19559933333;19759933333
4306;19622310000;19559933333;19759933333
4307;19622437000;19559933333;19759933333
4308;19622599000;19559933333;19759933333
4309;19622601000;19559933333;19759933333
4310;19622846000;19559933333;19759933333
4311;19661822000;19559933333;19759933333
4312;19663282000;19601533333;19801533333
4313;19663471000;19601533333;19801533333
4314;19663721000;19601533333;19801533333
4315;19663724000;19601533333;19801533333
4316;19663982000;19601533333;19801533333
4317;19663985000;19601533333;19801533333
4318;19664107000;19601533333;19801533333
4319;19664123000;19601533333;19801533333
4320;19664328000;19601533333;19801533333
4321;19664339000;19601533333;19801533333
4322;19703437000;19601533333;19801533333
4323;19704944000;19643222222;19843222222
4324;19705129000;19643222222;19843222222
4325;19705132000;19643222222;19843222222
4326;19705379000;19643222222;19843222222
4327;19705556000;19643222222;19843222222
4328;19705558000;19643222222;19843222222
4329;19705797000;19643222222;19843222222
4330;19705809000;19643222222;19843222222
4331;19705976000;19643222222;19843222222
4332;19705979000;19643222222;19843222222
4333;19745116000;19643222222;19843222222
4334;19746638000;19684866666;19884866666
4335;19746833000;19684866666;19884866666
4336;19746846000;19684866666;19884866666
4337;19747021000;19684866666;19884866666
4338;19747286000;19684866666;19884866666
4339;19747287000;19684866666;19884866666
4340;19747465000;19684866666;19884866666
4341;19747579000;19684866666;19884866666
4342;19747641000;19684866666;19884866666
4343;19747845000;19684866666;19884866666
4344;19786707000;19684866666;19884866666
4345;19788273000;19726588888;19926588888
4346;19788486000;19726588888;19926588888
4347;19788488000;19726588888;19926588888
4348;19788703000;19726588888;19926588888
4349;19788895000;19726588888;19926588888
4350;19789007000;19726588888;19926588888
4351;19789101000;19726588888;19926588888
4352;19789128000;19726588888;19926588888
4353;19789267000;19726588888;19926588888
4354;19789491000;19726588888;19926588888
4355;19828470000;19726588888;19926588888
4356;19829956000;19768222222;19968222222
4357;19830165000;19768222222;19968222222
4358;19830375000;19768222222;19968222222
4359;19830377000;19768222222;19968222222
4360;19830573000;19768222222;19968222222
4361;19830596000;19768222222;19968222222
4362;19830789000;19768222222;19968222222
4363;19830866000;19768222222;19968222222
4364;19830966000;19768222222;19968222222
4365;19830973000;19768222222;19968222222
4366;19870096000;19768222222;19968222222
4367;19871598000;19809877777;20009877777
4368;19871794000;19809877777;20009877777
4369;19871795000;19809877777;20009877777
4370;19872008000;19809877777;20009877777
4371;19872200000;19809877777;20009877777
4372;19872300000;19809877777;20009877777
4373;19872422000;19809877777;20009877777
4374;19872424000;19809877777;20009877777
4375;19872631000;19809877777;20009877777
4376;19872633000;19809877777;20009877777
4377;19911789000;19809877777;20009877777
4378;19913313000;19851566666;20051566666
4379;19913506000;19851566666;20051566666
4380;19913508000;19851566666;20051566666
4381;19913717000;19851566666;20051566666
4382;19913909000;19851566666;20051566666
4383;19914020000;19851566666;20051566666
4384;19914111000;19851566666;20051566666
4385;19914140000;19851566666;20051566666
4386;19914290000;19851566666;20051566666
4387;19914504000;19851566666;20051566666
4388;19953427000;19851566666;20051566666
4389;19954966000;19893266666;20093266666
4390;19955163000;19893266666;20093266666
4391;19955165000;19893266666;20093266666
4392;19955388000;19893266666;20093266666
4393;19955660000;19893266666;20093266666
4394;19955683000;19893266666;20093266666
4395;19955797000;19893266666;20093266666
4396;19955799000;19893266666;20093266666
4397;19955984000;19893266666;20093266666
4398;19956010000;19893266666;20093266666
4399;19995110000;19893266666;20093266666
4400;19996663000;19934922222;20134922222
4401;19996816000;19934922222;20134922222
4402;19996818000;19934922222;20134922222
4403;19997027000;19934922222;20134922222
4404;19997218000;19934922222;20134922222
4405;19997321000;19934922222;20134922222
4406;19997442000;19934922222;20134922222
4407;19997450000;19934922222;20134922222
4408;19997617000;19934922222;20134922222
4409;19997800000;19934922222;20134922222
4410;20036816000;19934922222;20134922222
4411;20038310000;19976555555;20176555555
4412;20038491000;19976555555;20176555555
4413;20038752000;19976555555;20176555555
4414;20038754000;19976555555;20176555555
4415;20038913000;19976555555;20176555555
4416;20039062000;19976555555;20176555555
4417;20039144000;19976555555;20176555555
4418;20039164000;19976555555;20176555555
4419;20039302000;19976555555;20176555555
4420;20039553000;19976555555;20176555555
4421;20078458000;19976555555;20176555555
4422;20079987000;20018233333;20218233333
4423;20080178000;20018233333;20218233333
4424;20080180000;20018233333;20218233333
4425;20080402000;20018233333;20218233333
4426;20080587000;20018233333;20218233333
4427;20080593000;20018233333;20218233333
4428;20080807000;20018233333;20218233333
4429;20080825000;20018233333;20218233333
4430;20080986000;20018233333;20218233333
4431;20081192000;20018233333;20218233333
4432;20120133000;20018233333;20218233333
4433;20121655000;20059888888;20259888888
4434;20121845000;20059888888;20259888888
4435;20121847000;20059888888;20259888888
4436;20122072000;20059888888;20259888888
4437;20122240000;20059888888;20259888888
4438;20122390000;20059888888;20259888888
4439;20122473000;20059888888;20259888888
4440;20122596000;20059888888;20259888888
4441;20122663000;20059888888;20259888888
4442;20122889000;20059888888;20259888888
4443;20161791000;20059888888;20259888888
4444;20163290000;20101611111;20301611111
4445;20163491000;20101611111;20301611111
4446;20163494000;20101611111;20301611111
4447;20163716000;20101611111;20301611111
4448;20163883000;20101611111;20301611111
4449;20163889000;20101611111;20301611111
4450;20164117000;20101611111;20301611111
4451;20164120000;20101611111;20301611111
4452;20164345000;20101611111;20301611111
4453;20164355000;20101611111;20301611111
4454;20203505000;20101611111;20301611111
4455;20204949000;20143233333;20343233333
4456;20205139000;20143233333;20343233333
4457;20205353000;20143233333;20343233333
4458;20205356000;20143233333;20343233333
4459;20205613000;20143233333;20343233333
4460;20205616000;20143233333;20343233333
4461;20205786000;20143233333;20343233333
4462;20205854000;20143233333;20343233333
4463;20205990000;20143233333;20343233333
4464;20205992000;20143233333;20343233333
4465;20245151000;20143233333;20343233333
4466;20246656000;20184888888;20384888888
4467;20246847000;20184888888;20384888888
4468;20246850000;20184888888;20384888888
4469;20247073000;20184888888;20384888888
4470;20247242000;20184888888;20384888888
4471;20247376000;20184888888;20384888888
4472;20247483000;20184888888;20384888888
4473;20247489000;20184888888;20384888888
4474;20247678000;20184888888;20384888888
4475;20247682000;20184888888;20384888888
4476;20286794000;20184888888;20384888888
4477;20288266000;20226588888;20426588888
4478;20288475000;20226588888;20426588888
4479;20288477000;20226588888;20426588888
4480;20288719000;20226588888;20426588888
4481;20288938000;20226588888;20426588888
4482;20288942000;20226588888;20426588888
4483;20289080000;20226588888;20426588888
4484;20289195000;20226588888;20426588888
4485;20289317000;20226588888;20426588888
4486;20289319000;20226588888;20426588888
4487;20328521000;20226588888;20426588888
4488;20329978000;20268200000;20468200000
4489;20330177000;20268200000;20468200000
4490;20330180000;20268200000;20468200000
4491;20330425000;20268200000;20468200000
4492;20330606000;20268200000;20468200000
4493;20330705000;20268200000;20468200000
4494;20330831000;20268200000;20468200000
4495;20330850000;20268200000;20468200000
4496;20330954000;20268200000;20468200000
4497;20331217000;20268200000;20468200000
4498;20370066000;20268200000;20468200000
4499;20371605000;20309855555;20509855555
4500;20371813000;20309855555;20509855555
4501;20372096000;20309855555;20509855555
4502;20372098000;20309855555;20509855555
4503;20372254000;20309855555;20509855555
4504;20372320000;20309855555;20509855555
4505;20372441000;20309855555;20509855555
4506;20372469000;20309855555;20509855555
4507;20372640000;20309855555;20509855555
4508;20372867000;20309855555;20509855555
4509;20411766000;20309855555;20509855555
4510;20413313000;20351588888;20551588888
4511;20413530000;20351588888;20551588888
4512;20413532000;20351588888;20551588888
4513;20413738000;20351588888;20551588888
4514;20413907000;20351588888;20551588888
4515;20413968000;20351588888;20551588888
4516;20414132000;20351588888;20551588888
4517;20414230000;20351588888;20551588888
4518;20414355000;20351588888;20551588888
4519;20414369000;20351588888;20551588888
4520;20453494000;20351588888;20551588888
4521;20454983000;20393233333;20593233333
4522;20455164000;20393233333;20593233333
4523;20455166000;20393233333;20593233333
4524;20455375000;20393233333;20593233333
4525;20455580000;20393233333;20593233333
4526;20455679000;20393233333;20593233333
4527;20455780000;20393233333;20593233333
4528;20455785000;20393233333;20593233333
4529;20455963000;20393233333;20593233333
4530;20456169000;20393233333;20593233333
4531;20495113000;20393233333;20593233333
4532;20496641000;20434877777;20634877777
4533;20496817000;20434877777;20634877777
4534;20496819000;20434877777;20634877777
4535;20497034000;20434877777;20634877777
4536;20497226000;20434877777;20634877777
4537;20497328000;20434877777;20634877777
4538;20497444000;20434877777;20634877777
4539;20497547000;20434877777;20634877777
4540;20497583000;20434877777;20634877777
4541;20497865000;20434877777;20634877777
4542;20536783000;20434877777;20634877777
4543;20538268000;20476577777;20676577777
4544;20538461000;20476577777;20676577777
4545;20538463000;20476577777;20676577777
4546;20538657000;20476577777;20676577777
4547;20538863000;20476577777;20676577777
4548;20538889000;20476577777;20676577777
4549;20539101000;20476577777;20676577777
4550;20539103000;20476577777;20676577777
4551;20539369000;20476577777;20676577777
4552;20539385000;20476577777;20676577777
4553;20578483000;20476577777;20676577777
4554;20579936000;20518211111;20718211111
4555;20580116000;20518211111;20718211111
4556;20580118000;20518211111;20718211111
4557;20580334000;20518211111;20718211111
4558;20580535000;20518211111;20718211111
4559;20580623000;20518211111;20718211111
4560;20580724000;20518211111;20718211111
4561;20580732000;20518211111;20718211111
4562;20580921000;20518211111;20718211111
4563;20581170000;20518211111;20718211111
4564;20620115000;20518211111;20718211111
4565;20621627000;20559844444;20759844444
4566;20621816000;20559844444;20759844444
4567;20621817000;20559844444;20759844444
4568;20622027000;20559844444;20759844444
4569;20622221000;20559844444;20759844444
4570;20622321000;20559844444;20759844444
4571;20622471000;20559844444;20759844444
4572;20622488000;20559844444;20759844444
4573;20622600000;20559844444;20759844444
4574;20622821000;20559844444;20759844444
4575;20661728000;20559844444;20759844444
4576;20663299000;20601544444;20801544444
4577;20663493000;20601544444;20801544444
4578;20663495000;20601544444;20801544444
4579;20663740000;20601544444;20801544444
4580;20663921000;20601544444;20801544444
4581;20663926000;20601544444;20801544444
4582;20664109000;20601544444;20801544444
4583;20664114000;20601544444;20801544444
4584;20664328000;20601544444;20801544444
4585;20664341000;20601544444;20801544444
4586;20703447000;20601544444;20801544444
4587;20704992000;20643200000;20843200000
4588;20705183000;20643200000;20843200000
4589;20705185000;20643200000;20843200000
4590;20705409000;20643200000;20843200000
4591;20705583000;20643200000;20843200000
4592;20705716000;20643200000;20843200000
4593;20705813000;20643200000;20843200000
4594;20705945000;20643200000;20843200000
4595;20705949000;20643200000;20843200000
4596;20706224000;20643200000;20843200000
4597;20745099000;20643200000;20843200000
4598;20746655000;20684866666;20884866666
4599;20746851000;20684866666;20884866666
4600;20746854000;20684866666;20884866666
4601;20747074000;20684866666;20884866666
4602;20747234000;20684866666;20884866666
4603;20747245000;20684866666;20884866666
4604;20747474000;20684866666;20884866666
4605;20747479000;20684866666;20884866666
4606;20747666000;20684866666;20884866666
4607;20747860000;20684866666;20884866666
4608;20786768000;20684866666;20884866666
4609;20788316000;20726555555;20926555555
4610;20788501000;20726555555;20926555555
4611;20788520000;20726555555;20926555555
4612;20788701000;20726555555;20926555555
4613;20788916000;20726555555;20926555555
4614;20788920000;20726555555;20926555555
4615;20789146000;20726555555;20926555555
4616;20789149000;20726555555;20926555555
4617;20789337000;20726555555;20926555555
4618;20789349000;20726555555;20926555555
4619;20828453000;20726555555;20926555555
4620;20829990000;20768222222;20968222222
4621;20830177000;20768222222;20968222222
4622;20830179000;20768222222;20968222222
4623;20830340000;20768222222;20968222222
4624;20830607000;20768222222;20968222222
4625;20830619000;20768222222;20968222222
4626;20830809000;20768222222;20968222222
4627;20830811000;20768222222;20968222222
4628;20831020000;20768222222;20968222222
4629;20831031000;20768222222;20968222222
4630;20870125000;20768222222;20968222222
4631;20871657000;20809866666;21009866666
4632;20871845000;20809866666;21009866666
4633;20871848000;20809866666;21009866666
4634;20872072000;20809866666;21009866666
4635;20872241000;20809866666;21009866666
4636;20872244000;20809866666;21009866666
4637;20872476000;20809866666;21009866666
4638;20872478000;20809866666;21009866666
4639;20872675000;20809866666;21009866666
4640;20872688000;20809866666;21009866666
4641;20911767000;20809866666;21009866666
4642;20913313000;20851588888;21051588888
4643;20913531000;20851588888;21051588888
4644;20913534000;20851588888;21051588888
4645;20913743000;20851588888;21051588888
4646;20913913000;20851588888;21051588888
4647;20913925000;20851588888;21051588888
4648;20914126000;20851588888;21051588888
4649;20914143000;20851588888;21051588888
4650;20914357000;20851588888;21051588888
4651;20914359000;20851588888;21051588888
4652;20953504000;20851588888;21051588888
4653;20954985000;20893244444;21093244444
4654;20955161000;20893244444;21093244444
4655;20955416000;20893244444;21093244444
4656;20955419000;20893244444;21093244444
4657;20955607000;20893244444;21093244444
4658;20955618000;20893244444;21093244444
4659;20955809000;20893244444;21093244444
4660;20955812000;20893244444;21093244444
4661;20956017000;20893244444;21093244444
4662;20956029000;20893244444;21093244444
4663;20995146000;20893244444;21093244444
4664;20996655000;20934922222;21134922222
4665;20996845000;20934922222;21134922222
4666;20996848000;20934922222;21134922222
4667;20997071000;20934922222;21134922222
4668;20997241000;20934922222;21134922222
4669;20997264000;20934922222;21134922222
4670;20997460000;20934922222;21134922222
4671;20997477000;20934922222;21134922222
4672;20997685000;20934922222;21134922222
4673;20997688000;20934922222;21134922222
4674;21036825000;20934922222;21134922222
4675;21038322000;20976566666;21176566666
4676;21038529000;20976566666;21176566666
4677;21038531000;20976566666;21176566666
4678;21038740000;20976566666;21176566666
4679;21038903000;20976566666;21176566666
4680;21039018000;20976566666;21176566666
4681;21039118000;20976566666;21176566666
4682;21039127000;20976566666;21176566666
4683;21039346000;20976566666;21176566666
4684;21039349000;20976566666;21176566666
4685;21078486000;20976566666;21176566666
4686;21079976000;21018211111;21218211111
4687;21080177000;21018211111;21218211111
4688;21080180000;21018211111;21218211111
4689;21080404000;21018211111;21218211111
4690;21080642000;21018211111;21218211111
4691;21080658000;21018211111;21218211111
4692;21080811000;21018211111;21218211111
4693;21080859000;21018211111;21218211111
4694;21080989000;21018211111;21218211111
4695;21081001000;21018211111;21218211111
4696;21120114000;21018211111;21218211111
4697;21121633000;21059866666;21259866666
4698;21121823000;21059866666;21259866666
4699;21121826000;21059866666;21259866666
4700;21122053000;21059866666;21259866666
4701;21122214000;21059866666;21259866666
4702;21122225000;21059866666;21259866666
4703;21122453000;21059866666;21259866666
4704;21122456000;21059866666;21259866666
4705;21122648000;21059866666;21259866666
4706;21122852000;21059866666;21259866666
4707;21161765000;21059866666;21259866666
4708;21163270000;21101555555;21301555555
4709;21163467000;21101555555;21301555555
4710;21163469000;21101555555;21301555555
4711;21163641000;21101555555;21301555555
4712;21163888000;21101555555;21301555555
4713;21163918000;21101555555;21301555555
4714;21164089000;21101555555;21301555555
4715;21164146000;21101555555;21301555555
4716;21164282000;21101555555;21301555555
4717;21164284000;21101555555;21301555555
4718;21203460000;21101555555;21301555555
4719;21204979000;21143222222;21343222222
4720;21205187000;21143222222;21343222222
4721;21205190000;21143222222;21343222222
4722;21205423000;21143222222;21343222222
4723;21205591000;21143222222;21343222222
4724;21205693000;21143222222;21343222222
4725;21205791000;21143222222;21343222222
4726;21205813000;21143222222;21343222222
4727;21205956000;21143222222;21343222222
4728;21206178000;21143222222;21343222222
4729;21245113000;21143222222;21343222222
4730;21246648000;21184888888;21384888888
4731;21246828000;21184888888;21384888888
4732;21247044000;21184888888;21384888888
4733;21247047000;21184888888;21384888888
4734;21247269000;21184888888;21384888888
4735;21247271000;21184888888;21384888888
4736;21247458000;21184888888;21384888888
4737;21247574000;21184888888;21384888888
4738;21247640000;21184888888;21384888888
4739;21247890000;21184888888;21384888888
4740;21286768000;21184888888;21384888888
4741;21288295000;21226588888;21426588888
4742;21288480000;21226588888;21426588888
4743;21288689000;21226588888;21426588888
4744;21288704000;21226588888;21426588888
4745;21288886000;21226588888;21426588888
4746;21288903000;21226588888;21426588888
4747;21289085000;21226588888;21426588888
4748;21289164000;21226588888;21426588888
4749;21289275000;21226588888;21426588888
4750;21289538000;21226588888;21426588888
4751;21328503000;21226588888;21426588888
4752;21329960000;21268244444;21468244444
4753;21330138000;21268244444;21468244444
4754;21330361000;21268244444;21468244444
4755;21330363000;21268244444;21468244444
4756;21330612000;21268244444;21468244444
4757;21330617000;21268244444;21468244444
4758;21330747000;21268244444;21468244444
4759;21330837000;21268244444;21468244444
4760;21330936000;21268244444;21468244444
4761;21331149000;21268244444;21468244444
4762;21370127000;21268244444;21468244444
4763;21371620000;21309877777;21509877777
4764;21371817000;21309877777;21509877777
4765;21371819000;21309877777;21509877777
4766;21372032000;21309877777;21509877777
4767;21372223000;21309877777;21509877777
4768;21372323000;21309877777;21509877777
4769;21372446000;21309877777;21509877777
4770;21372448000;21309877777;21509877777
4771;21372650000;21309877777;21509877777
4772;21372652000;21309877777;21509877777
4773;21411780000;21309877777;21509877777
4774;21413289000;21351577777;21551577777
4775;21413483000;21351577777;21551577777
4776;21413485000;21351577777;21551577777
4777;21413705000;21351577777;21551577777
4778;21413887000;21351577777;21551577777
4779;21413988000;21351577777;21551577777
4780;21414115000;21351577777;21551577777
4781;21414117000;21351577777;21551577777
4782;21414283000;21351577777;21551577777
4783;21414488000;21351577777;21551577777
4784;21453465000;21351577777;21551577777
4785;21454975000;21393222222;21593222222
4786;21455164000;21393222222;21593222222
4787;21455166000;21393222222;21593222222
4788;21455389000;21393222222;21593222222
4789;21455581000;21393222222;21593222222
4790;21455680000;21393222222;21593222222
4791;21455795000;21393222222;21593222222
4792;21455797000;21393222222;21593222222
4793;21455974000;21393222222;21593222222
4794;21456200000;21393222222;21593222222
4795;21495113000;21393222222;21593222222
4796;21496609000;21434911111;21634911111
4797;21496797000;21434911111;21634911111
4798;21497027000;21434911111;21634911111
4799;21497029000;21434911111;21634911111
4800;21497254000;21434911111;21634911111
4801;21497265000;21434911111;21634911111
4802;21497448000;21434911111;21634911111
4803;21497559000;21434911111;21634911111
4804;21497619000;21434911111;21634911111
4805;21497854000;21434911111;21634911111
4806;21536813000;21434911111;21634911111
4807;21538278000;21476577777;21676577777
4808;21538468000;21476577777;21676577777
4809;21538470000;21476577777;21676577777
4810;21538696000;21476577777;21676577777
4811;21538865000;21476577777;21676577777
4812;21538868000;21476577777;21676577777
4813;21539101000;21476577777;21676577777
4814;21539111000;21476577777;21676577777
4815;21539302000;21476577777;21676577777
4816;21539314000;21476577777;21676577777
4817;21578480000;21476577777;21676577777
4818;21579963000;21518244444;21718244444
4819;21580156000;21518244444;21718244444
4820;21580159000;21518244444;21718244444
4821;21580379000;21518244444;21718244444
4822;21580547000;21518244444;21718244444
4823;21580577000;21518244444;21718244444
4824;21580754000;21518244444;21718244444
4825;21580757000;21518244444;21718244444
4826;21580986000;21518244444;21718244444
4827;21580988000;21518244444;21718244444
4828;21620163000;21518244444;21718244444
4829;21621668000;21559877777;21759877777
4830;21621825000;21559877777;21759877777
4831;21622080000;21559877777;21759877777
4832;21622082000;21559877777;21759877777
4833;21622244000;21559877777;21759877777
4834;21622361000;21559877777;21759877777
4835;21622483000;21559877777;21759877777
4836;21622485000;21559877777;21759877777
4837;21622679000;21559877777;21759877777
4838;21622681000;21559877777;21759877777
4839;21661797000;21559877777;21759877777
4840;21663305000;21601588888;21801588888
4841;21663491000;21601588888;21801588888
4842;21663494000;21601588888;21801588888
4843;21663708000;21601588888;21801588888
4844;21663890000;21601588888;21801588888
4845;21664023000;21601588888;21801588888
4846;21664127000;21601588888;21801588888
4847;21664136000;21601588888;21801588888
4848;21664324000;21601588888;21801588888
4849;21664326000;21601588888;21801588888
4850;21703506000;21601588888;21801588888
4851;21704980000;21643222222;21843222222
4852;21705138000;21643222222;21843222222
4853;21705392000;21643222222;21843222222
4854;21705394000;21643222222;21843222222
4855;21705549000;21643222222;21843222222
4856;21705707000;21643222222;21843222222
4857;21705788000;21643222222;21843222222
4858;21705809000;21643222222;21843222222
4859;21706003000;21643222222;21843222222
4860;21706019000;21643222222;21843222222
4861;21745121000;21643222222;21843222222
4862;21746635000;21684888888;21884888888
4863;21746824000;21684888888;21884888888
4864;21746827000;21684888888;21884888888
4865;21747051000;21684888888;21884888888
4866;21747211000;21684888888;21884888888
4867;21747221000;21684888888;21884888888
4868;21747455000;21684888888;21884888888
4869;21747458000;21684888888;21884888888
4870;21747685000;21684888888;21884888888
4871;21747688000;21684888888;21884888888
4872;21786790000;21684888888;21884888888
4873;21788291000;21726566666;21926566666
4874;21788477000;21726566666;21926566666
4875;21788490000;21726566666;21926566666
4876;21788664000;21726566666;21926566666
4877;21788885000;21726566666;21926566666
4878;21788888000;21726566666;21926566666
4879;21789117000;21726566666;21926566666
4880;21789241000;21726566666;21926566666
4881;21789322000;21726566666;21926566666
4882;21789391000;21726566666;21926566666
4883;21828402000;21726566666;21926566666
4884;21829912000;21768233333;21968233333
4885;21830127000;21768233333;21968233333
4886;21830347000;21768233333;21968233333
4887;21830350000;21768233333;21968233333
4888;21830598000;21768233333;21968233333
4889;21830601000;21768233333;21968233333
4890;21830767000;21768233333;21968233333
4891;21830836000;21768233333;21968233333
4892;21831003000;21768233333;21968233333
4893;21831009000;21768233333;21968233333
4894;21870136000;21768233333;21968233333
4895;21871634000;21809866666;22009866666
4896;21871823000;21809866666;22009866666
4897;21871826000;21809866666;22009866666
4898;21872053000;21809866666;22009866666
4899;21872217000;21809866666;22009866666
4900;21872220000;21809866666;22009866666
4901;21872454000;21809866666;22009866666
4902;21872459000;21809866666;22009866666
4903;21872642000;21809866666;22009866666
4904;21872838000;21809866666;22009866666
4905;21911768000;21809866666;22009866666
4906;21913314000;21851577777;22051577777
4907;21913501000;21851577777;22051577777
4908;21913520000;21851577777;22051577777
4909;21913790000;21851577777;22051577777
4910;21913895000;21851577777;22051577777
4911;21913898000;21851577777;22051577777
4912;21914128000;21851577777;22051577777
4913;21914131000;21851577777;22051577777
4914;21914352000;21851577777;22051577777
4915;21914355000;21851577777;22051577777
4916;21953492000;21851577777;22051577777
4917;21954967000;21893266666;22093266666
4918;21955152000;21893266666;22093266666
4919;21955155000;21893266666;22093266666
4920;21955328000;21893266666;22093266666
4921;21955570000;21893266666;22093266666
4922;21955679000;21893266666;22093266666
4923;21955822000;21893266666;22093266666
4924;21955824000;21893266666;22093266666
4925;21955989000;21893266666;22093266666
4926;21955992000;21893266666;22093266666
4927;21995184000;21893266666;22093266666
4928;21996625000;21934911111;22134911111
4929;21996784000;21934911111;22134911111
4930;21997037000;21934911111;22134911111
4931;21997040000;21934911111;22134911111
4932;21997193000;21934911111;22134911111
4933;21997335000;21934911111;22134911111
4934;21997460000;21934911111;22134911111
4935;21997463000;21934911111;22134911111
4936;21997636000;21934911111;22134911111
4937;21997638000;21934911111;22134911111
4938;22036814000;21934911111;22134911111
4939;22038321000;21976577777;22176577777
4940;22038527000;21976577777;22176577777
4941;22038530000;21976577777;22176577777
4942;22038739000;21976577777;22176577777
4943;22038905000;21976577777;22176577777
4944;22038935000;21976577777;22176577777
4945;22039107000;21976577777;22176577777
4946;22039110000;21976577777;22176577777
4947;22039344000;21976577777;22176577777
4948;22039346000;21976577777;22176577777
4949;22078481000;21976577777;22176577777
4950;22079988000;22018244444;22218244444
4951;22080178000;22018244444;22218244444
4952;22080181000;22018244444;22218244444
4953;22080406000;22018244444;22218244444
4954;22080573000;22018244444;22218244444
4955;22080576000;22018244444;22218244444
4956;22080845000;22018244444;22218244444
4957;22080858000;22018244444;22218244444
4958;22081014000;22018244444;22218244444
4959;22081016000;22018244444;22218244444
4960;22120147000;22018244444;22218244444
4961;22121638000;22059888888;22259888888
4962;22121824000;22059888888;22259888888
4963;22121826000;22059888888;22259888888
4964;22122051000;22059888888;22259888888
4965;22122220000;22059888888;22259888888
4966;22122361000;22059888888;22259888888
4967;22122463000;22059888888;22259888888
4968;22122483000;22059888888;22259888888
4969;22122656000;22059888888;22259888888
4970;22122659000;22059888888;22259888888
4971;22161791000;22059888888;22259888888
4972;22163301000;22101577777;22301577777
4973;22163491000;22101577777;22301577777
4974;22163493000;22101577777;22301577777
4975;22163739000;22101577777;22301577777
4976;22163922000;22101577777;22301577777
4977;22163949000;22101577777;22301577777
4978;22164110000;22101577777;22301577777
4979;22164177000;22101577777;22301577777
4980;22164348000;22101577777;22301577777
4981;22164360000;22101577777;22301577777
4982;22203410000;22101577777;22301577777
4983;22204939000;22143233333;22343233333
4984;22205158000;22143233333;22343233333
4985;22205161000;22143233333;22343233333
4986;22205402000;22143233333;22343233333
4987;22205567000;22143233333;22343233333
4988;22205570000;22143233333;22343233333
4989;22205787000;22143233333;22343233333
4990;22205892000;22143233333;22343233333
4991;22206003000;22143233333;22343233333
4992;22206007000;22143233333;22343233333
4993;22245136000;22143233333;22343233333
4994;22246622000;22184900000;22384900000
4995;22246813000;22184900000;22384900000
4996;22246815000;22184900000;22384900000
4997;22247039000;22184900000;22384900000
4998;22247200000;22184900000;22384900000
4999;22247209000;22184900000;22384900000
5000;22247441000;22184900000;22384900000
5001;22247444000;22184900000;22384900000
5002;22247633000;22184900000;22384900000
5003;22247828000;22184900000;22384900000
5004;22286797000;22184900000;22384900000
5005;22288284000;22226577777;22426577777
5006;22288477000;22226577777;22426577777
5007;22288489000;22226577777;22426577777
5008;22288664000;22226577777;22426577777
5009;22288928000;22226577777;22426577777
5010;22288929000;22226577777;22426577777
5011;22289108000;22226577777;22426577777
5012;22289110000;22226577777;22426577777
5013;22289321000;22226577777;22426577777
5014;22289323000;22226577777;22426577777
5015;22328492000;22226577777;22426577777
5016;22329976000;22268222222;22468222222
5017;22330176000;22268222222;22468222222
5018;22330179000;22268222222;22468222222
5019;22330403000;22268222222;22468222222
5020;22330568000;22268222222;22468222222
5021;22330642000;22268222222;22468222222
5022;22330772000;22268222222;22468222222
5023;22330778000;22268222222;22468222222
5024;22330953000;22268222222;22468222222
5025;22331205000;22268222222;22468222222
5026;22370137000;22268222222;22468222222
5027;22371644000;22309877777;22509877777
5028;22371845000;22309877777;22509877777
5029;22371848000;22309877777;22509877777
5030;22372063000;22309877777;22509877777
5031;22372246000;22309877777;22509877777
5032;22372345000;22309877777;22509877777
5033;22372449000;22309877777;22509877777
5034;22372451000;22309877777;22509877777
5035;22372638000;22309877777;22509877777
5036;22372843000;22309877777;22509877777
5037;22411788000;22309877777;22509877777
5038;22413310000;22351588888;22551588888
5039;22413531000;22351588888;22551588888
5040;22413533000;22351588888;22551588888
5041;22413717000;22351588888;22551588888
5042;22413923000;22351588888;22551588888
5043;22414032000;22351588888;22551588888
5044;22414126000;22351588888;22551588888
5045;22414196000;22351588888;22551588888
5046;22414288000;22351588888;22551588888
5047;22414503000;22351588888;22551588888
5048;22453462000;22351588888;22551588888
5049;22454975000;22393233333;22593233333
5050;22455171000;22393233333;22593233333
5051;22455174000;22393233333;22593233333
5052;22455401000;22393233333;22593233333
5053;22455588000;22393233333;22593233333
5054;22455692000;22393233333;22593233333
5055;22455786000;22393233333;22593233333
5056;22455874000;22393233333;22593233333
5057;22455973000;22393233333;22593233333
5058;22455991000;22393233333;22593233333
5059;22495107000;22393233333;22593233333
5060;22496646000;22434900000;22634900000
5061;22496838000;22434900000;22634900000
5062;22496840000;22434900000;22634900000
5063;22497065000;22434900000;22634900000
5064;22497341000;22434900000;22634900000
5065;22497356000;22434900000;22634900000
5066;22497467000;22434900000;22634900000
5067;22497469000;22434900000;22634900000
5068;22497660000;22434900000;22634900000
5069;22497686000;22434900000;22634900000
5070;22536814000;22434900000;22634900000
5071;22538316000;22476600000;22676600000
5072;22538505000;22476600000;22676600000
5073;22538507000;22476600000;22676600000
5074;22538716000;22476600000;22676600000
5075;22538902000;22476600000;22676600000
5076;22539002000;22476600000;22676600000
5077;22539127000;22476600000;22676600000
5078;22539147000;22476600000;22676600000
5079;22539290000;22476600000;22676600000
5080;22539553000;22476600000;22676600000
5081;22578485000;22476600000;22676600000
5082;22579973000;22518244444;22718244444
5083;22580159000;22518244444;22718244444
5084;22580160000;22518244444;22718244444
5085;22580375000;22518244444;22718244444
5086;22580570000;22518244444;22718244444
5087;22580669000;22518244444;22718244444
5088;22580783000;22518244444;22718244444
5089;22580907000;22518244444;22718244444
5090;22580971000;22518244444;22718244444
5091;22580990000;22518244444;22718244444
5092;22620088000;22518244444;22718244444
5093;22621661000;22559900000;22759900000
5094;22621815000;22559900000;22759900000
5095;22621817000;22559900000;22759900000
5096;22622032000;22559900000;22759900000
5097;22622222000;22559900000;22759900000
5098;22622336000;22559900000;22759900000
5099;22622435000;22559900000;22759900000
5100;22622438000;22559900000;22759900000
5101;22622607000;22559900000;22759900000
5102;22622814000;22559900000;22759900000
5103;22661782000;22559900000;22759900000
5104;22663300000;22601566666;22801566666
5105;22663489000;22601566666;22801566666
5106;22663491000;22601566666;22801566666
5107;22663731000;22601566666;22801566666
5108;22663896000;22601566666;22801566666
5109;22663899000;22601566666;22801566666
5110;22664112000;22601566666;22801566666
5111;22664179000;22601566666;22801566666
5112;22664345000;22601566666;22801566666
5113;22664350000;22601566666;22801566666
5114;22703469000;22601566666;22801566666
5115;22704991000;22643211111;22843211111
5116;22705181000;22643211111;22843211111
5117;22705183000;22643211111;22843211111
5118;22705410000;22643211111;22843211111
5119;22705575000;22643211111;22843211111
5120;22705578000;22643211111;22843211111
5121;22705842000;22643211111;22843211111
5122;22705854000;22643211111;22843211111
5123;22706010000;22643211111;22843211111
5124;22706013000;22643211111;22843211111
5125;22745109000;22643211111;22843211111
5126;22746647000;22684888888;22884888888
5127;22746824000;22684888888;22884888888
5128;22746826000;22684888888;22884888888
5129;22747054000;22684888888;22884888888
5130;22747222000;22684888888;22884888888
5131;22747285000;22684888888;22884888888
5132;22747428000;22684888888;22884888888
5133;22747508000;22684888888;22884888888
5134;22747625000;22684888888;22884888888
5135;22747849000;22684888888;22884888888
5136;22786721000;22684888888;22884888888
5137;22788315000;22726577777;22926577777
5138;22788528000;22726577777;22926577777
5139;22788531000;22726577777;22926577777
5140;22788779000;22726577777;22926577777
5141;22788920000;22726577777;22926577777
5142;22788939000;22726577777;22926577777
5143;22789130000;22726577777;22926577777
5144;22789198000;22726577777;22926577777
5145;22789365000;22726577777;22926577777
5146;22789367000;22726577777;22926577777
5147;22828481000;22726577777;22926577777
5148;22829944000;22768244444;22968244444
5149;22830128000;22768244444;22968244444
5150;22830130000;22768244444;22968244444
5151;22830361000;22768244444;22968244444
5152;22830529000;22768244444;22968244444
5153;22830583000;22768244444;22968244444
5154;22830761000;22768244444;22968244444
5155;22830820000;22768244444;22968244444
5156;22830936000;22768244444;22968244444
5157;22831169000;22768244444;22968244444
5158;22870147000;22768244444;22968244444
5159;22871660000;22809855555;23009855555
5160;22871846000;22809855555;23009855555
5161;22871849000;22809855555;23009855555
5162;22872127000;22809855555;23009855555
5163;22872261000;22809855555;23009855555
5164;22872397000;22809855555;23009855555
5165;22872478000;22809855555;23009855555
5166;22872498000;22809855555;23009855555
5167;22872685000;22809855555;23009855555
5168;22872697000;22809855555;23009855555
5169;22911758000;22809855555;23009855555
5170;22913325000;22851611111;23051611111
5171;22913531000;22851611111;23051611111
5172;22913534000;22851611111;23051611111
5173;22913743000;22851611111;23051611111
5174;22913906000;22851611111;23051611111
5175;22914039000;22851611111;23051611111
5176;22914192000;22851611111;23051611111
5177;22914211000;22851611111;23051611111
5178;22914357000;22851611111;23051611111
5179;22914360000;22851611111;23051611111
5180;22953521000;22851611111;23051611111
5181;22954967000;22893255555;23093255555
5182;22955160000;22893255555;23093255555
5183;22955163000;22893255555;23093255555
5184;22955384000;22893255555;23093255555
5185;22955554000;22893255555;23093255555
5186;22955695000;22893255555;23093255555
5187;22955795000;22893255555;23093255555
5188;22955924000;22893255555;23093255555
5189;22955927000;22893255555;23093255555
5190;22956200000;22893255555;23093255555
5191;22995145000;22893255555;23093255555
5192;22996614000;22934900000;23134900000
5193;22996785000;22934900000;23134900000
5194;22997059000;22934900000;23134900000
5195;22997062000;22934900000;23134900000
5196;22997251000;22934900000;23134900000
5197;22997271000;22934900000;23134900000
5198;22997444000;22934900000;23134900000
5199;22997518000;22934900000;23134900000
5200;22997675000;22934900000;23134900000
5201;22997693000;22934900000;23134900000
5202;23036803000;22934900000;23134900000
5203;23038326000;22976555555;23176555555
5204;23038529000;22976555555;23176555555
5205;23038531000;22976555555;23176555555
5206;23038744000;22976555555;23176555555
5207;23038906000;22976555555;23176555555
5208;23039047000;22976555555;23176555555
5209;23039156000;22976555555;23176555555
5210;23039197000;22976555555;23176555555
5211;23039345000;22976555555;23176555555
5212;23039348000;22976555555;23176555555
5213;23078474000;22976555555;23176555555
5214;23079999000;23018233333;23218233333
5215;23080157000;23018233333;23218233333
5216;23080411000;23018233333;23218233333
5217;23080414000;23018233333;23218233333
5218;23080572000;23018233333;23218233333
5219;23080619000;23018233333;23218233333
5220;23080837000;23018233333;23218233333
5221;23080849000;23018233333;23218233333
5222;23081007000;23018233333;23218233333
5223;23081019000;23018233333;23218233333
5224;23120139000;23018233333;23218233333
5225;23121629000;23059877777;23259877777
5226;23121845000;23059877777;23259877777
5227;23121848000;23059877777;23259877777
5228;23122064000;23059877777;23259877777
5229;23122238000;23059877777;23259877777
5230;23122338000;23059877777;23259877777
5231;23122456000;23059877777;23259877777
5232;23122483000;23059877777;23259877777
5233;23122622000;23059877777;23259877777
5234;23122886000;23059877777;23259877777
5235;23161782000;23059877777;23259877777
5236;23163311000;23101600000;23301600000
5237;23163529000;23101600000;23301600000
5238;23163532000;23101600000;23301600000
5239;23163763000;23101600000;23301600000
5240;23163982000;23101600000;23301600000
5241;23163987000;23101600000;23301600000
5242;23164125000;23101600000;23301600000
5243;23164205000;23101600000;23301600000
5244;23164368000;23101600000;23301600000
5245;23164370000;23101600000;23301600000
5246;23203505000;23101600000;23301600000
5247;23204984000;23143255555;23343255555
5248;23205179000;23143255555;23343255555
5249;23205181000;23143255555;23343255555
5250;23205386000;23143255555;23343255555
5251;23205587000;23143255555;23343255555
5252;23205686000;23143255555;23343255555
5253;23205793000;23143255555;23343255555
5254;23205800000;23143255555;23343255555
5255;23205955000;23143255555;23343255555
5256;23206177000;23143255555;23343255555
5257;23245161000;23143255555;23343255555
5258;23246650000;23184922222;23384922222
5259;23246846000;23184922222;23384922222
5260;23246849000;23184922222;23384922222
5261;23247064000;23184922222;23384922222
5262;23247237000;23184922222;23384922222
5263;23247297000;23184922222;23384922222
5264;23247463000;23184922222;23384922222
5265;23247465000;23184922222;23384922222
5266;23247677000;23184922222;23384922222
5267;23247679000;23184922222;23384922222
5268;23286827000;23184922222;23384922222
5269;23288314000;23226611111;23426611111
5270;23288504000;23226611111;23426611111
5271;23288505000;23226611111;23426611111
5272;23288726000;23226611111;23426611111
5273;23288909000;23226611111;23426611111
5274;23289008000;23226611111;23426611111
5275;23289159000;23226611111;23426611111
5276;23289182000;23226611111;23426611111
5277;23289286000;23226611111;23426611111
5278;23289509000;23226611111;23426611111
5279;23328471000;23226611111;23426611111
5280;23329977000;23268244444;23468244444
5281;23330151000;23268244444;23468244444
5282;23330378000;23268244444;23468244444
5283;23330390000;23268244444;23468244444
5284;23330587000;23268244444;23468244444
5285;23330681000;23268244444;23468244444
5286;23330793000;23268244444;23468244444
5287;23330797000;23268244444;23468244444
5288;23330991000;23268244444;23468244444
5289;23330993000;23268244444;23468244444
5290;23370130000;23268244444;23468244444
5291;23371640000;23309877777;23509877777
5292;23371836000;23309877777;23509877777
5293;23371838000;23309877777;23509877777
5294;23372054000;23309877777;23509877777
5295;23372244000;23309877777;23509877777
5296;23372356000;23309877777;23509877777
5297;23372453000;23309877777;23509877777
5298;23372480000;23309877777;23509877777
5299;23372621000;23309877777;23509877777
5300;23372844000;23309877777;23509877777
5301;23411757000;23309877777;23509877777
5302;23413316000;23351588888;23551588888
5303;23413506000;23351588888;23551588888
5304;23413508000;23351588888;23551588888
5305;23413733000;23351588888;23551588888
5306;23413989000;23351588888;23551588888
5307;23414004000;23351588888;23551588888
5308;23414111000;23351588888;23551588888
5309;23414113000;23351588888;23551588888
5310;23414308000;23351588888;23551588888
5311;23414554000;23351588888;23551588888
5312;23453493000;23351588888;23551588888
5313;23454979000;23393244444;23593244444
5314;23455163000;23393244444;23593244444
5315;23455165000;23393244444;23593244444
5316;23455405000;23393244444;23593244444
5317;23455572000;23393244444;23593244444
5318;23455610000;23393244444;23593244444
5319;23455801000;23393244444;23593244444
5320;23455815000;23393244444;23593244444
5321;23456002000;23393244444;23593244444
5322;23456078000;23393244444;23593244444
5323;23495149000;23393244444;23593244444
5324;23496656000;23434922222;23634922222
5325;23496842000;23434922222;23634922222
5326;23496845000;23434922222;23634922222
5327;23497072000;23434922222;23634922222
5328;23497238000;23434922222;23634922222
5329;23497241000;23434922222;23634922222
5330;23497473000;23434922222;23634922222
5331;23497491000;23434922222;23634922222
5332;23497666000;23434922222;23634922222
5333;23497858000;23434922222;23634922222
5334;23536823000;23434922222;23634922222
5335;23538296000;23476577777;23676577777
5336;23538491000;23476577777;23676577777
5337;23538494000;23476577777;23676577777
5338;23538666000;23476577777;23676577777
5339;23538890000;23476577777;23676577777
5340;23538892000;23476577777;23676577777
5341;23539120000;23476577777;23676577777
5342;23539123000;23476577777;23676577777
5343;23539348000;23476577777;23676577777
5344;23539352000;23476577777;23676577777
5345;23578474000;23476577777;23676577777
5346;23579953000;23518222222;23718222222
5347;23580125000;23518222222;23718222222
5348;23580323000;23518222222;23718222222
5349;23580331000;23518222222;23718222222
5350;23580548000;23518222222;23718222222
5351;23580554000;23518222222;23718222222
5352;23580776000;23518222222;23718222222
5353;23580778000;23518222222;23718222222
5354;23580933000;23518222222;23718222222
5355;23581194000;23518222222;23718222222
5356;23620127000;23518222222;23718222222
5357;23621649000;23559866666;23759866666
5358;23621837000;23559866666;23759866666
5359;23621839000;23559866666;23759866666
5360;23622058000;23559866666;23759866666
5361;23622242000;23559866666;23759866666
5362;23622312000;23559866666;23759866666
5363;23622441000;23559866666;23759866666
5364;23622449000;23559866666;23759866666
5365;23622674000;23559866666;23759866666
5366;23622677000;23559866666;23759866666
5367;23661769000;23559866666;23759866666
5368;23663299000;23601577777;23801577777
5369;23663493000;23601577777;23801577777
5370;23663496000;23601577777;23801577777
5371;23663706000;23601577777;23801577777
5372;23663894000;23601577777;23801577777
5373;23663897000;23601577777;23801577777
5374;23664108000;23601577777;23801577777
5375;23664175000;23601577777;23801577777
5376;23664341000;23601577777;23801577777
5377;23664347000;23601577777;23801577777
5378;23703481000;23601577777;23801577777
5379;23704955000;23643211111;23843211111
5380;23705139000;23643211111;23843211111
5381;23705142000;23643211111;23843211111
5382;23705374000;23643211111;23843211111
5383;23705570000;23643211111;23843211111
5384;23705572000;23643211111;23843211111
5385;23705775000;23643211111;23843211111
5386;23705778000;23643211111;23843211111
5387;23705999000;23643211111;23843211111
5388;23706001000;23643211111;23843211111
5389;23745118000;23643211111;23843211111
5390;23746608000;23684866666;23884866666
5391;23746801000;23684866666;23884866666
5392;23746997000;23684866666;23884866666
5393;23747000000;23684866666;23884866666
5394;23747235000;23684866666;23884866666
5395;23747237000;23684866666;23884866666
5396;23747429000;23684866666;23884866666
5397;23747431000;23684866666;23884866666
5398;23747642000;23684866666;23884866666
5399;23747644000;23684866666;23884866666
5400;23786764000;23684866666;23884866666
5401;23788281000;23726555555;23926555555
5402;23788477000;23726555555;23926555555
5403;23788489000;23726555555;23926555555
5404;23788683000;23726555555;23926555555
5405;23788887000;23726555555;23926555555
5406;23788900000;23726555555;23926555555
5407;23789123000;23726555555;23926555555
5408;23789128000;23726555555;23926555555
5409;23789335000;23726555555;23926555555
5410;23789440000;23726555555;23926555555
5411;23828439000;23726555555;23926555555
5412;23829960000;23768222222;23968222222
5413;23830114000;23768222222;23968222222
5414;23830365000;23768222222;23968222222
5415;23830378000;23768222222;23968222222
5416;23830563000;23768222222;23968222222
5417;23830662000;23768222222;23968222222
5418;23830777000;23768222222;23968222222
5419;23830779000;23768222222;23968222222
5420;23830982000;23768222222;23968222222
5421;23830984000;23768222222;23968222222
5422;23870127000;23768222222;23968222222
5423;23871645000;23809855555;24009855555
5424;23871838000;23809855555;24009855555
5425;23871840000;23809855555;24009855555
5426;23872051000;23809855555;24009855555
5427;23872243000;23809855555;24009855555
5428;23872306000;23809855555;24009855555
5429;23872473000;23809855555;24009855555
5430;23872475000;23809855555;24009855555
5431;23872678000;23809855555;24009855555
5432;23872680000;23809855555;24009855555
5433;23911760000;23809855555;24009855555
5434;23913311000;23851588888;24051588888
5435;23913504000;23851588888;24051588888
5436;23913506000;23851588888;24051588888
5437;23913725000;23851588888;24051588888
5438;23913906000;23851588888;24051588888
5439;23913988000;23851588888;24051588888
5440;23914127000;23851588888;24051588888
5441;23914248000;23851588888;24051588888
5442;23914344000;23851588888;24051588888
5443;23914346000;23851588888;24051588888
5444;23953475000;23851588888;24051588888
5445;23954975000;23893244444;24093244444
5446;23955171000;23893244444;24093244444
5447;23955173000;23893244444;24093244444
5448;23955387000;23893244444;24093244444
5449;23955584000;23893244444;24093244444
5450;23955707000;23893244444;24093244444
5451;23955898000;23893244444;24093244444
5452;23955920000;23893244444;24093244444
5453;23956004000;23893244444;24093244444
5454;23956012000;23893244444;24093244444
5455;23995087000;23893244444;24093244444
5456;23996680000;23934922222;24134922222
5457;23996834000;23934922222;24134922222
5458;23996836000;23934922222;24134922222
5459;23997052000;23934922222;24134922222
5460;23997243000;23934922222;24134922222
5461;23997343000;23934922222;24134922222
5462;23997466000;23934922222;24134922222
5463;23997468000;23934922222;24134922222
5464;23997667000;23934922222;24134922222
5465;23997669000;23934922222;24134922222
5466;24036824000;23934922222;24134922222
5467;24038322000;23976566666;24176566666
5468;24038529000;23976566666;24176566666
5469;24038532000;23976566666;24176566666
5470;24038748000;23976566666;24176566666
5471;24038960000;23976566666;24176566666
5472;24038963000;23976566666;24176566666
5473;24039139000;23976566666;24176566666
5474;24039141000;23976566666;24176566666
5475;24039353000;23976566666;24176566666
5476;24039369000;23976566666;24176566666
5477;24078466000;23976566666;24176566666
5478;24079980000;24018233333;24218233333
5479;24080166000;24018233333;24218233333
5480;24080178000;24018233333;24218233333
5481;24080352000;24018233333;24218233333
5482;24080604000;24018233333;24218233333
5483;24080612000;24018233333;24218233333
5484;24080784000;24018233333;24218233333
5485;24080786000;24018233333;24218233333
5486;24081027000;24018233333;24218233333
5487;24081043000;24018233333;24218233333
5488;24120133000;24018233333;24218233333
5489;24121636000;24059888888;24259888888
5490;24121825000;24059888888;24259888888
5491;24121828000;24059888888;24259888888
5492;24122052000;24059888888;24259888888
5493;24122218000;24059888888;24259888888
5494;24122352000;24059888888;24259888888
5495;24122479000;24059888888;24259888888
5496;24122497000;24059888888;24259888888
5497;24122648000;24059888888;24259888888
5498;24122650000;24059888888;24259888888
5499;24161813000;24059888888;24259888888
